0.00039479 0.36283831 0.35232302 0.39930133 0.34523319 0.50234819  0.48417291 0.45702496 0.47508945 0.39693445 0.45000532 0.44589633  0.47476172 0.42761975 0.50206904 0.41641874
0.00039479 0.36283831 0.35232302 0.39930133 0.34523319 0.50234819  0.48417291 0.45702496 0.47508945 0.39693445 0.45000532 0.44589633  0.47476172 0.42761975 0.50206904 0.41641874
0.00039479 0.36283831 0.35232302 0.39930133 0.34523319 0.50234819  0.48417291 0.45702496 0.47508945 0.39693445 0.45000532 0.44589633  0.47476172 0.42761975 0.50206904 0.41641874
0.00039479 0.36283831 0.35232302 0.39930133 0.34523319 0.50234819  0.48417291 0.45702496 0.47508945 0.39693445 0.45000532 0.44589633  0.47476172 0.42761975 0.50206904 0.41641874
0.00039479 0.36283831 0.35232302 0.39930133 0.34523319 0.50234819  0.48417291 0.45702496 0.47508945 0.39693445 0.45000532 0.44589633  0.47476172 0.42761975 0.50206904 0.41641874
0.00039479 0.36283831 0.35232302 0.39930133 0.34523319 0.50234819  0.48417291 0.45702496 0.47508945 0.39693445 0.45000532 0.44589633  0.47476172 0.42761975 0.50206904 0.41641874
0.00039479 0.36283831 0.35232302 0.39930133 0.34523319 0.50234819  0.48417291 0.45702496 0.47508945 0.39693445 0.45000532 0.44589633  0.47476172 0.42761975 0.50206904 0.41641874
0.00039479 0.36283831 0.35232302 0.39930133 0.34523319 0.50234819  0.48417291 0.45702496 0.47508945 0.39693445 0.45000532 0.44589633  0.47476172 0.42761975 0.50206904 0.41641874
0.00039479 0.36283831 0.35232302 0.39930133 0.34523319 0.50234819  0.48417291 0.45702496 0.47508945 0.39693445 0.45000532 0.44589633  0.47476172 0.42761975 0.50206904 0.41641874
0.00039479 0.36283831 0.35232302 0.39930133 0.34523319 0.50234819  0.48417291 0.45702496 0.47508945 0.39693445 0.45000532 0.44589633  0.47476172 0.42761975 0.50206904 0.41641874
0.00039479 0.36283831 0.35232302 0.39930133 0.34523319 0.50234819  0.48417291 0.45702496 0.47508945 0.39693445 0.45000532 0.44589633  0.47476172 0.42761975 0.50206904 0.41641874
0.00039479 0.36283831 0.35232302 0.39930133 0.34523319 0.50234819  0.48417291 0.45702496 0.47508945 0.39693445 0.45000532 0.44589633  0.47476172 0.42761975 0.50206904 0.41641874
0.00039479 0.36283831 0.35232302 0.39930133 0.34523319 0.50234819  0.48417291 0.45702496 0.47508945 0.39693445 0.45000532 0.44589633  0.47476172 0.42761975 0.50206904 0.41641874
0.00039479 0.36283831 0.35232302 0.39930133 0.34523319 0.50234819  0.48417291 0.45702496 0.47508945 0.39693445 0.45000532 0.44589633  0.47476172 0.42761975 0.50206904 0.41641874
0.00039479 0.36283831 0.35232302 0.39930133 0.34523319 0.50234819  0.48417291 0.45702496 0.47508945 0.39693445 0.45000532 0.44589633  0.47476172 0.42761975 0.50206904 0.41641874
0.00039479 0.36283831 0.35232302 0.39930133 0.34523319 0.50234819  0.48417291 0.45702496 0.47508945 0.39693445 0.45000532 0.44589633  0.47476172 0.42761975 0.50206904 0.41641874
0.00039479 0.36283831 0.35232302 0.39930133 0.34523319 0.50234819  0.48417291 0.45702496 0.47508945 0.39693445 0.45000532 0.44589633  0.47476172 0.42761975 0.50206904 0.41641874
0.00039479 0.36283831 0.35232302 0.39930133 0.34523319 0.50234819  0.48417291 0.45702496 0.47508945 0.39693445 0.45000532 0.44589633  0.47476172 0.42761975 0.50206904 0.41641874
0.00039479 0.36283831 0.35232302 0.39930133 0.34523319 0.50234819  0.48417291 0.45702496 0.47508945 0.39693445 0.45000532 0.44589633  0.47476172 0.42761975 0.50206904 0.41641874
0.00039479 0.36283831 0.35232302 0.39930133 0.34523319 0.50234819  0.48417291 0.45702496 0.47508945 0.39693445 0.45000532 0.44589633  0.47476172 0.42761975 0.50206904 0.41641874
0.00039479 0.36283831 0.35232302 0.39930133 0.34523319 0.50234819  0.48417291 0.45702496 0.47508945 0.39693445 0.45000532 0.44589633  0.47476172 0.42761975 0.50206904 0.41641874
0.00039479 0.36283831 0.35232302 0.39930133 0.34523319 0.50234819  0.48417291 0.45702496 0.47508945 0.39693445 0.45000532 0.44589633  0.47476172 0.42761975 0.50206904 0.41641874
0.00039479 0.36283831 0.35232302 0.39930133 0.34523319 0.50234819  0.48417291 0.45702496 0.47508945 0.39693445 0.45000532 0.44589633  0.47476172 0.42761975 0.50206904 0.41641874
0.00039479 0.36283831 0.35232302 0.39930133 0.34523319 0.50234819  0.48417291 0.45702496 0.47508945 0.39693445 0.45000532 0.44589633  0.47476172 0.42761975 0.50206904 0.41641874
0.00039479 0.36283831 0.35232302 0.39930133 0.34523319 0.50234819  0.48417291 0.45702496 0.47508945 0.39693445 0.45000532 0.44589633  0.47476172 0.42761975 0.50206904 0.41641874
0.00039479 0.36283831 0.35232302 0.39930133 0.34523319 0.50234819  0.48417291 0.45702496 0.47508945 0.39693445 0.45000532 0.44589633  0.47476172 0.42761975 0.50206904 0.41641874
0.00039479 0.36283831 0.35232302 0.39930133 0.34523319 0.50234819  0.48417291 0.45702496 0.47508945 0.39693445 0.45000532 0.44589633  0.47476172 0.42761975 0.50206904 0.41641874
0.00039479 0.36283831 0.35232302 0.39930133 0.34523319 0.50234819  0.48417291 0.45702496 0.47508945 0.39693445 0.45000532 0.44589633  0.47476172 0.42761975 0.50206904 0.41641874
0.00039479 0.36283831 0.35232302 0.39930133 0.34523319 0.50234819  0.48417291 0.45702496 0.47508945 0.39693445 0.45000532 0.44589633  0.47476172 0.42761975 0.50206904 0.41641874
0.00039479 0.36283831 0.35232302 0.39930133 0.34523319 0.50234819  0.48417291 0.45702496 0.47508945 0.39693445 0.45000532 0.44589633  0.47476172 0.42761975 0.50206904 0.41641874
0.00039479 0.36283831 0.35232302 0.39930133 0.34523319 0.50234819  0.48417291 0.45702496 0.47508945 0.39693445 0.45000532 0.44589633  0.47476172 0.42761975 0.50206904 0.41641874
0.00039479 0.36283831 0.35232302 0.39930133 0.34523319 0.50234819  0.48417291 0.45702496 0.47508945 0.39693445 0.45000532 0.44589633  0.47476172 0.42761975 0.50206904 0.41641874
0.00039479 0.36283831 0.35232302 0.39930133 0.34523319 0.50234819  0.48417291 0.45702496 0.47508945 0.39693445 0.45000532 0.44589633  0.47476172 0.42761975 0.50206904 0.41641874
0.00039479 0.36283831 0.35232302 0.39930133 0.34523319 0.50234819  0.48417291 0.45702496 0.47508945 0.39693445 0.45000532 0.44589633  0.47476172 0.42761975 0.50206904 0.41641874
0.00039479 0.36283831 0.35232302 0.39930133 0.34523319 0.50234819  0.48417291 0.45702496 0.47508945 0.39693445 0.45000532 0.44589633  0.47476172 0.42761975 0.50206904 0.41641874
0.00039479 0.36283831 0.35232302 0.39930133 0.34523319 0.50234819  0.48417291 0.45702496 0.47508945 0.39693445 0.45000532 0.44589633  0.47476172 0.42761975 0.50206904 0.41641874
0.00039479 0.36283831 0.35232302 0.39930133 0.34523319 0.50234819  0.48417291 0.45702496 0.47508945 0.39693445 0.45000532 0.44589633  0.47476172 0.42761975 0.50206904 0.41641874
0.00039479 0.36283831 0.35232302 0.39930133 0.34523319 0.50234819  0.48417291 0.45702496 0.47508945 0.39693445 0.45000532 0.44589633  0.47476172 0.42761975 0.50206904 0.41641874
0.00039479 0.36283831 0.35232302 0.39930133 0.34523319 0.50234819  0.48417291 0.45702496 0.47508945 0.39693445 0.45000532 0.44589633  0.47476172 0.42761975 0.50206904 0.41641874
0.09040039 0.49305367 0.28709947 0.51045985 0.38407409 0.41204053  0.37905389 0.51652835 0.55274631 0.39796983 0.46534883 0.44840928  0.48487664 0.53079861 0.69963764 0.40465676
0.23843822 0.63299269 0.23455626 0.53835277 0.31946203 0.64852763  0.30423443 0.42033562 0.75413696 0.50151228 0.58375254 0.47261322  0.3473595  0.54714601 0.85148434 0.45206777
0.25655641 0.65952973 0.22090223 0.5620081  0.32827322 0.62340194  0.28523199 0.43491027 0.75699161 0.49732566 0.5746487  0.47275012  0.36833008 0.55396735 0.8540491  0.45249441
0.42071915 0.79133793 0.16942491 0.57931908 0.27946493 0.70519329  0.25080865 0.48239097 0.68856639 0.46011638 0.47179841 0.45988249  0.59846754 0.39813815 0.43132472 0.50315034
0.61069251 0.89600604 0.57578534 0.36726123 0.50788335 0.77196414  0.36705815 0.46696039 0.48823028 0.32903946 0.36054885 0.24265547  0.62538208 0.50115978 0.15279777 0.28902547
0.64878235 0.90799319 0.73592787 0.42714989 0.51653814 0.70857108  0.44021673 0.42739026 0.52393689 0.32570476 0.38716811 0.25932593  0.73101298 0.38591512 0.2750669  0.27345884
0.70597153 0.84224087 0.79193582 0.41198766 0.47067771 0.63576548  0.48410216 0.51748293 0.42511168 0.43458625 0.47375331 0.31222963  0.72663202 0.45112003 0.42135874 0.17562142
0.75740804 0.81136786 0.76115817 0.31049697 0.50735674 0.56218991  0.65535583 0.49650157 0.31228707 0.45820349 0.40598028 0.35082709  0.74491432 0.47120009 0.53325319 0.24291231
0.78791814 0.75420589 0.76267913 0.25074365 0.57770546 0.52003891  0.60917467 0.43562284 0.38288446 0.43831978 0.39892086 0.4264366  0.78276311 0.58146685 0.55664293 0.26060969
0.80207712 0.72436111 0.75179578 0.22477975 0.56218584 0.5136422  0.57776583 0.48235177 0.36513843 0.35552439 0.42221329 0.4659845  0.75116411 0.55642126 0.65256028 0.27645126
0.83221439 0.67069498 0.77093026 0.2016548  0.53644826 0.48197928  0.5133687  0.58457996 0.33529407 0.38620162 0.38358216 0.48046607  0.54078279 0.4315062  0.74212498 0.25761826
0.83554999 0.61668068 0.68676709 0.21552803 0.40865794 0.48043572  0.46906582 0.5003973  0.27301714 0.25720659 0.33872935 0.5565116  0.49921734 0.54520321 0.83191751 0.29721305
0.81874353 0.5504117  0.54422853 0.29561885 0.15863673 0.44232575  0.50614101 0.49848597 0.27417955 0.22051762 0.36098518 0.5999465  0.53212746 0.54182229 0.83559317 0.37485346
0.83165945 0.43996995 0.43600674 0.31309587 0.13735388 0.39664725  0.4481696  0.39811124 0.35309911 0.28483697 0.40503326 0.64614535  0.63500303 0.46445356 0.72618796 0.29131388
0.8564944  0.3716336  0.41787207 0.32087943 0.17284827 0.36777692  0.38533045 0.2992226  0.39396545 0.2601281  0.42479178 0.62871969  0.63819264 0.36871223 0.64312887 0.23584734
0.85070077 0.35862143 0.38344463 0.31889539 0.17077486 0.36704118  0.39648491 0.32274735 0.40094679 0.3285461  0.42568617 0.62843396  0.66946688 0.3538112  0.64773379 0.17868462
0.84336576 0.3542584  0.35059134 0.30324337 0.18395363 0.37987214  0.38685129 0.34978184 0.41033537 0.41222574 0.42197982 0.62074275  0.6671711  0.39043642 0.57879134 0.13886165
0.86637306 0.22906797 0.29632959 0.47015473 0.28794537 0.49685156  0.35921573 0.3661278  0.23404791 0.49042593 0.49419375 0.41759972  0.67082022 0.43088335 0.60541358 0.31652047
0.85735354 0.22875479 0.26061503 0.44536978 0.3073339  0.51803308  0.33256679 0.3822703  0.22353624 0.49874737 0.48391578 0.40784216  0.6243671  0.4622428  0.55992498 0.3316825 
0.85310723 0.20191226 0.21940771 0.47431653 0.35530949 0.56548886  0.3546688  0.43254693 0.21872504 0.51324643 0.44779292 0.37691519  0.58986897 0.42967115 0.63191387 0.2981857 
0.85880118 0.17843483 0.21317185 0.51930542 0.38503533 0.60517463  0.37201837 0.44416691 0.20197831 0.49754951 0.41894715 0.34157481  0.59650916 0.43442786 0.69691263 0.28285396
0.83587491 0.1974793  0.15011922 0.46426658 0.43581239 0.64540158  0.3586579  0.45436732 0.27207048 0.4235671  0.33953754 0.28660684  0.53021077 0.37079896 0.66191493 0.38663018
0.81145427 0.22013817 0.09011951 0.40819653 0.48905456 0.67078211  0.3709571  0.46369673 0.36931387 0.36941263 0.27013284 0.2402402  0.48310058 0.30982634 0.65224962 0.50190921
0.81145427 0.22013817 0.09011951 0.40819653 0.48905456 0.67078211  0.3709571  0.46369673 0.36931387 0.36941263 0.27013284 0.2402402  0.48310058 0.30982634 0.65224962 0.50190921
0.74805951 0.39226062 0.07520428 0.17346381 0.40632282 0.52116145  0.41891338 0.38207206 0.60009025 0.33116306 0.31734736 0.43440551  0.59648217 0.33422007 0.5520175  0.4454035 
0.69673908 0.51033311 0.07549007 0.17223897 0.37854294 0.54181124  0.514598   0.26893977 0.6249669  0.33967367 0.28531019 0.49777304  0.74681904 0.50244848 0.51691819 0.43831534
0.68366309 0.54567752 0.08277055 0.17491726 0.36002047 0.56729231  0.54976705 0.31560378 0.58664961 0.36170185 0.26258424 0.51163546  0.75220509 0.53956235 0.59103227 0.47358705
0.58800872 0.67429278 0.06563009 0.30575776 0.38930901 0.54592659  0.67655907 0.23064462 0.5234796  0.42319393 0.42544625 0.49890728  0.60170073 0.55643304 0.66796011 0.47078774
0.55878896 0.72847248 0.08096928 0.34535815 0.3632369  0.56769496  0.68223746 0.27404124 0.48391469 0.44259912 0.45004886 0.49634717  0.52043477 0.55917253 0.58817349 0.48516202
0.57617405 0.71259532 0.08342786 0.30406862 0.35776325 0.57297053  0.69376748 0.34015746 0.48680885 0.42027373 0.45762965 0.48360427  0.58714577 0.57490161 0.59688203 0.50315318
0.60767606 0.65920188 0.07480033 0.23907581 0.37440424 0.52379441  0.69283633 0.36461821 0.55701828 0.37460493 0.48103675 0.48392667  0.64499663 0.65559472 0.64612161 0.51599154
0.64101405 0.62368131 0.09027685 0.18951608 0.34841263 0.54636608  0.64270961 0.45044172 0.55978299 0.3628046  0.40964366 0.4952984  0.66888137 0.61935665 0.65333039 0.53368102
0.69938187 0.52035986 0.08962278 0.14857676 0.35412434 0.55325451  0.52734666 0.38823535 0.58347375 0.37865781 0.2490522  0.52128648  0.69713135 0.51737403 0.61175442 0.48566325
0.74029831 0.42236503 0.08253112 0.13001876 0.3795643  0.48711557  0.42582677 0.38781866 0.64367133 0.33700756 0.31734034 0.49028625  0.57951604 0.35658439 0.49608563 0.425364  
0.78277767 0.36796789 0.14576222 0.16114181 0.30900244 0.46866096  0.33973792 0.44535925 0.51899106 0.42864946 0.2987432  0.53144176  0.43919163 0.32541423 0.48278262 0.29986387
0.85035603 0.26335728 0.2811556  0.39447614 0.24416688 0.42964295  0.35985178 0.3920038  0.32126313 0.56448607 0.56823926 0.54910697  0.60728368 0.52345474 0.42627393 0.36677647
0.89029888 0.34387616 0.5235099  0.36150973 0.38745934 0.35439761  0.46336258 0.37911967 0.51760809 0.70369303 0.40369543 0.26190776  0.56402554 0.52678827 0.39259915 0.29255379
0.92238467 0.38518365 0.69994316 0.37488611 0.5051088  0.30997227  0.5288329  0.32158806 0.64301112 0.65914945 0.38836133 0.22415408  0.60480111 0.40533182 0.412238   0.42850273
0.9295382  0.35612038 0.70129162 0.44804499 0.53114399 0.33910906  0.59354143 0.35173771 0.69944283 0.6602722  0.3731144  0.25267882  0.61357762 0.39254468 0.39060194 0.46238393
0.91904893 0.3361397  0.63896371 0.4454472  0.50226145 0.33619212  0.60153576 0.38208423 0.72195088 0.7558818  0.37565022 0.2559615  0.6316035  0.42200522 0.32672593 0.44536062
0.90560634 0.29227727 0.53698122 0.49703339 0.33907359 0.32384376  0.61983965 0.3964891  0.69937866 0.7138957  0.3959498  0.31035977  0.6189228  0.38241631 0.38840287 0.4663306 
0.90560634 0.29227727 0.53698122 0.49703339 0.33907359 0.32384376  0.61983965 0.3964891  0.69937866 0.7138957  0.3959498  0.31035977  0.6189228  0.38241631 0.38840287 0.4663306 
0.87989377 0.27706184 0.418689   0.43786068 0.24946307 0.31552021  0.52558689 0.39290882 0.5744329  0.72449752 0.50493048 0.43216026  0.62444082 0.40165339 0.39542873 0.48196113
0.86973296 0.25658475 0.35765527 0.45678429 0.2284715  0.36224174  0.47421947 0.38281792 0.47760968 0.62601638 0.56619593 0.55490047  0.66435592 0.36158197 0.47022302 0.44439594
0.86058527 0.25109218 0.32038097 0.43901854 0.25182508 0.3729657  0.4741741  0.41059298 0.48727323 0.65389033 0.54964415 0.54055258  0.62790666 0.31692559 0.50070849 0.42682636
0.84748955 0.26130484 0.27455975 0.3869171  0.26825338 0.41361146  0.40127085 0.42357268 0.39577585 0.62141068 0.52795534 0.51198921  0.55871264 0.42217654 0.48408062 0.37075775
0.83303439 0.24918033 0.20903787 0.38437656 0.31234242 0.47336841  0.39119833 0.45597281 0.38896079 0.5778432  0.50042167 0.51152395  0.49033188 0.49636877 0.44900096 0.41712743
0.82165421 0.25417197 0.17454766 0.35760244 0.34269439 0.48881876  0.39104011 0.47040365 0.42415342 0.55747562 0.45935344 0.47725917  0.44400952 0.44164176 0.47398291 0.452376  
0.82165421 0.25417197 0.17454766 0.35760244 0.34269439 0.48881876  0.39104011 0.47040365 0.42415342 0.55747562 0.45935344 0.47725917  0.44400952 0.44164176 0.47398291 0.452376  
0.82165421 0.25417197 0.17454766 0.35760244 0.34269439 0.48881876  0.39104011 0.47040365 0.42415342 0.55747562 0.45935344 0.47725917  0.44400952 0.44164176 0.47398291 0.452376  
0.82165421 0.25417197 0.17454766 0.35760244 0.34269439 0.48881876  0.39104011 0.47040365 0.42415342 0.55747562 0.45935344 0.47725917  0.44400952 0.44164176 0.47398291 0.452376  
0.84272075 0.17073254 0.15487253 0.49063307 0.42435869 0.59221129  0.3946212  0.47622733 0.31489435 0.53045356 0.44464715 0.33204571  0.48048607 0.40180378 0.63384336 0.4842145 
0.84272075 0.17073254 0.15487253 0.49063307 0.42435869 0.59221129  0.3946212  0.47622733 0.31489435 0.53045356 0.44464715 0.33204571  0.48048607 0.40180378 0.63384336 0.4842145 
0.84762212 0.14938258 0.1509395  0.53734556 0.4489807  0.62894312  0.41676858 0.49872891 0.3004196  0.51707868 0.42507608 0.31546663  0.48243719 0.41388851 0.67534679 0.46828729
0.84762212 0.14938258 0.1509395  0.53734556 0.4489807  0.62894312  0.41676858 0.49872891 0.3004196  0.51707868 0.42507608 0.31546663  0.48243719 0.41388851 0.67534679 0.46828729
0.84762212 0.14938258 0.1509395  0.53734556 0.4489807  0.62894312  0.41676858 0.49872891 0.3004196  0.51707868 0.42507608 0.31546663  0.48243719 0.41388851 0.67534679 0.46828729
0.84762212 0.14938258 0.1509395  0.53734556 0.4489807  0.62894312  0.41676858 0.49872891 0.3004196  0.51707868 0.42507608 0.31546663  0.48243719 0.41388851 0.67534679 0.46828729
0.85016673 0.13778282 0.1488617  0.56960083 0.46786221 0.65501256  0.44927167 0.52504626 0.32632382 0.49465782 0.38491132 0.34013168  0.45816843 0.44316581 0.66093356 0.41485238
0.85016673 0.13778282 0.1488617  0.56960083 0.46786221 0.65501256  0.44927167 0.52504626 0.32632382 0.49465782 0.38491132 0.34013168  0.45816843 0.44316581 0.66093356 0.41485238
0.85016673 0.13778282 0.1488617  0.56960083 0.46786221 0.65501256  0.44927167 0.52504626 0.32632382 0.49465782 0.38491132 0.34013168  0.45816843 0.44316581 0.66093356 0.41485238
0.85016673 0.13778282 0.1488617  0.56960083 0.46786221 0.65501256  0.44927167 0.52504626 0.32632382 0.49465782 0.38491132 0.34013168  0.45816843 0.44316581 0.66093356 0.41485238
0.85016673 0.13778282 0.1488617  0.56960083 0.46786221 0.65501256  0.44927167 0.52504626 0.32632382 0.49465782 0.38491132 0.34013168  0.45816843 0.44316581 0.66093356 0.41485238
0.85200443 0.12902218 0.14817588 0.59646131 0.4805775  0.67436317  0.47867493 0.55084612 0.35370761 0.47650084 0.35433    0.37560318  0.43297556 0.46896459 0.62803162 0.36844114
0.85200443 0.12902218 0.14817588 0.59646131 0.4805775  0.67436317  0.47867493 0.55084612 0.35370761 0.47650084 0.35433    0.37560318  0.43297556 0.46896459 0.62803162 0.36844114
0.84206365 0.13249765 0.1201926  0.60393402 0.52350417 0.71584056  0.51777013 0.57123837 0.42579329 0.41025183 0.28557646 0.38384423  0.43428451 0.44781177 0.59724435 0.36822576
0.84206365 0.13249765 0.1201926  0.60393402 0.52350417 0.71584056  0.51777013 0.57123837 0.42579329 0.41025183 0.28557646 0.38384423  0.43428451 0.44781177 0.59724435 0.36822576
0.82214249 0.17190999 0.08452889 0.53852121 0.55515782 0.76530054  0.49105136 0.56307074 0.45547828 0.30222343 0.14877211 0.33174931  0.40155555 0.42229264 0.57605406 0.3544892 
0.81975853 0.18308042 0.0848586  0.50494426 0.54206757 0.74461963  0.45777488 0.53688988 0.43071472 0.31880795 0.17232378 0.29447141  0.41644836 0.40369539 0.60121579 0.3910644 
0.79648034 0.22596727 0.06331685 0.450814   0.54585052 0.71214457  0.50515946 0.53280602 0.52076651 0.2842143  0.17781283 0.33833232  0.42734602 0.38636827 0.68009599 0.37727775
0.79464263 0.23472791 0.06400266 0.42395352 0.53313523 0.69279396  0.47575619 0.50700616 0.49338272 0.30237128 0.20839415 0.30286082  0.45253888 0.36056949 0.71299793 0.42368899
0.74693292 0.29585728 0.03040002 0.46957258 0.58205097 0.67965537  0.57009842 0.36361648 0.54380928 0.25577592 0.32162986 0.27681041  0.58377014 0.45922298 0.70930649 0.42706445
0.69050757 0.42954394 0.02522386 0.33095825 0.52249981 0.53634797  0.59137379 0.23103141 0.65626436 0.260404   0.43928813 0.39009903  0.63812823 0.48160866 0.62730328 0.3574543 
0.67057788 0.45702087 0.02484309 0.33999251 0.50909196 0.50500296  0.54734069 0.13859783 0.62746598 0.30515025 0.4718721  0.37817688  0.59568599 0.43660228 0.63300796 0.39289806
0.63569947 0.55467536 0.04359293 0.31415633 0.45627017 0.52723516  0.61234599 0.1753757  0.5995362  0.36196722 0.40409686 0.45372099  0.59894536 0.47127533 0.69068222 0.40111245
0.51237379 0.662456   0.0577088  0.41811015 0.46731224 0.3582692  0.63805373 0.19564176 0.45364423 0.40918911 0.43920851 0.4808927  0.43166748 0.451266   0.65239542 0.31674728
0.51237379 0.662456   0.0577088  0.41811015 0.46731224 0.3582692  0.63805373 0.19564176 0.45364423 0.40918911 0.43920851 0.4808927  0.43166748 0.451266   0.65239542 0.31674728
0.41169113 0.70101324 0.09724952 0.49242878 0.45992203 0.31710895  0.65196405 0.31888433 0.29697083 0.43628974 0.3859967  0.48142517  0.35850655 0.37045545 0.57249818 0.36494883
0.27038688 0.64240781 0.16503347 0.51875771 0.45392115 0.22720084  0.62030678 0.44896675 0.19349524 0.40024544 0.2810439  0.48217232  0.4602397  0.31890735 0.31997459 0.46510258
0.23263438 0.62076669 0.17997944 0.55185723 0.46424879 0.18369552  0.540845   0.48661039 0.22465944 0.41715526 0.18913658 0.50858449  0.53975143 0.3560962  0.40794908 0.53031746
0.21528176 0.59376156 0.19378039 0.52480588 0.45251154 0.21517936  0.56751399 0.46598144 0.21805241 0.41945118 0.21018195 0.5053015  0.50186244 0.33380019 0.37918523 0.51171703
0.14314375 0.52305458 0.24572587 0.49675749 0.41599797 0.28887819  0.54470423 0.45927879 0.22768569 0.40488858 0.2040904  0.49285113  0.52610552 0.27576346 0.24631854 0.52151974
0.12485752 0.5122259  0.25737166 0.50545974 0.41127644 0.30215847  0.49147241 0.49093309 0.3008517  0.39548879 0.23120856 0.48497567  0.61656173 0.31775764 0.28493221 0.54102034
0.07102051 0.46648761 0.29681783 0.49538875 0.38534053 0.36816237  0.42637893 0.52216562 0.40838993 0.37342912 0.31490181 0.45582256  0.6405316  0.37092096 0.3395245  0.50760399
0.07102051 0.46648761 0.29681783 0.49538875 0.38534053 0.36816237  0.42637893 0.52216562 0.40838993 0.37342912 0.31490181 0.45582256  0.6405316  0.37092096 0.3395245  0.50760399
0.01779563 0.38669558 0.33863985 0.42004769 0.35385851 0.46460162  0.48109267 0.47190843 0.43452283 0.38595027 0.3992976  0.44733029  0.52908455 0.38078184 0.39373238 0.44873962
0.01779563 0.38669558 0.33863985 0.42004769 0.35385851 0.46460162  0.48109267 0.47190843 0.43452283 0.38595027 0.3992976  0.44733029  0.52908455 0.38078184 0.39373238 0.44873962
0.01779563 0.38669558 0.33863985 0.42004769 0.35385851 0.46460162  0.48109267 0.47190843 0.43452283 0.38595027 0.3992976  0.44733029  0.52908455 0.38078184 0.39373238 0.44873962
0.00039479 0.36283831 0.35232302 0.39930133 0.34523319 0.50234819  0.48417291 0.45702496 0.47508945 0.39693445 0.45000532 0.44589633  0.47476172 0.42761975 0.50206904 0.41641874
0.00039479 0.36283831 0.35232302 0.39930133 0.34523319 0.50234819  0.48417291 0.45702496 0.47508945 0.39693445 0.45000532 0.44589633  0.47476172 0.42761975 0.50206904 0.41641874
0.00039479 0.36283831 0.35232302 0.39930133 0.34523319 0.50234819  0.48417291 0.45702496 0.47508945 0.39693445 0.45000532 0.44589633  0.47476172 0.42761975 0.50206904 0.41641874
0.00039479 0.36283831 0.35232302 0.39930133 0.34523319 0.50234819  0.48417291 0.45702496 0.47508945 0.39693445 0.45000532 0.44589633  0.47476172 0.42761975 0.50206904 0.41641874
0.00039479 0.36283831 0.35232302 0.39930133 0.34523319 0.50234819  0.48417291 0.45702496 0.47508945 0.39693445 0.45000532 0.44589633  0.47476172 0.42761975 0.50206904 0.41641874
0.00039479 0.36283831 0.35232302 0.39930133 0.34523319 0.50234819  0.48417291 0.45702496 0.47508945 0.39693445 0.45000532 0.44589633  0.47476172 0.42761975 0.50206904 0.41641874
0.00039479 0.36283831 0.35232302 0.39930133 0.34523319 0.50234819  0.48417291 0.45702496 0.47508945 0.39693445 0.45000532 0.44589633  0.47476172 0.42761975 0.50206904 0.41641874
0.00039479 0.36283831 0.35232302 0.39930133 0.34523319 0.50234819  0.48417291 0.45702496 0.47508945 0.39693445 0.45000532 0.44589633  0.47476172 0.42761975 0.50206904 0.41641874
