0.00039479 0.36283831 0.35232302 0.39930133 0.34523319 0.50234819  0.48417291 0.45702496 0.47508945 0.39693445 0.45000532 0.44589633  0.47476172 0.42761975 0.50206904 0.41641874
0.00039479 0.36283831 0.35232302 0.39930133 0.34523319 0.50234819  0.48417291 0.45702496 0.47508945 0.39693445 0.45000532 0.44589633  0.47476172 0.42761975 0.50206904 0.41641874
0.00039479 0.36283831 0.35232302 0.39930133 0.34523319 0.50234819  0.48417291 0.45702496 0.47508945 0.39693445 0.45000532 0.44589633  0.47476172 0.42761975 0.50206904 0.41641874
0.00039479 0.36283831 0.35232302 0.39930133 0.34523319 0.50234819  0.48417291 0.45702496 0.47508945 0.39693445 0.45000532 0.44589633  0.47476172 0.42761975 0.50206904 0.41641874
0.00039479 0.36283831 0.35232302 0.39930133 0.34523319 0.50234819  0.48417291 0.45702496 0.47508945 0.39693445 0.45000532 0.44589633  0.47476172 0.42761975 0.50206904 0.41641874
0.00039479 0.36283831 0.35232302 0.39930133 0.34523319 0.50234819  0.48417291 0.45702496 0.47508945 0.39693445 0.45000532 0.44589633  0.47476172 0.42761975 0.50206904 0.41641874
0.00039479 0.36283831 0.35232302 0.39930133 0.34523319 0.50234819  0.48417291 0.45702496 0.47508945 0.39693445 0.45000532 0.44589633  0.47476172 0.42761975 0.50206904 0.41641874
0.00039479 0.36283831 0.35232302 0.39930133 0.34523319 0.50234819  0.48417291 0.45702496 0.47508945 0.39693445 0.45000532 0.44589633  0.47476172 0.42761975 0.50206904 0.41641874
0.00039479 0.36283831 0.35232302 0.39930133 0.34523319 0.50234819  0.48417291 0.45702496 0.47508945 0.39693445 0.45000532 0.44589633  0.47476172 0.42761975 0.50206904 0.41641874
0.00039479 0.36283831 0.35232302 0.39930133 0.34523319 0.50234819  0.48417291 0.45702496 0.47508945 0.39693445 0.45000532 0.44589633  0.47476172 0.42761975 0.50206904 0.41641874
0.00039479 0.36283831 0.35232302 0.39930133 0.34523319 0.50234819  0.48417291 0.45702496 0.47508945 0.39693445 0.45000532 0.44589633  0.47476172 0.42761975 0.50206904 0.41641874
0.00039479 0.36283831 0.35232302 0.39930133 0.34523319 0.50234819  0.48417291 0.45702496 0.47508945 0.39693445 0.45000532 0.44589633  0.47476172 0.42761975 0.50206904 0.41641874
0.00039479 0.36283831 0.35232302 0.39930133 0.34523319 0.50234819  0.48417291 0.45702496 0.47508945 0.39693445 0.45000532 0.44589633  0.47476172 0.42761975 0.50206904 0.41641874
0.00039479 0.36283831 0.35232302 0.39930133 0.34523319 0.50234819  0.48417291 0.45702496 0.47508945 0.39693445 0.45000532 0.44589633  0.47476172 0.42761975 0.50206904 0.41641874
0.00039479 0.36283831 0.35232302 0.39930133 0.34523319 0.50234819  0.48417291 0.45702496 0.47508945 0.39693445 0.45000532 0.44589633  0.47476172 0.42761975 0.50206904 0.41641874
0.00039479 0.36283831 0.35232302 0.39930133 0.34523319 0.50234819  0.48417291 0.45702496 0.47508945 0.39693445 0.45000532 0.44589633  0.47476172 0.42761975 0.50206904 0.41641874
0.00039479 0.36283831 0.35232302 0.39930133 0.34523319 0.50234819  0.48417291 0.45702496 0.47508945 0.39693445 0.45000532 0.44589633  0.47476172 0.42761975 0.50206904 0.41641874
0.00039479 0.36283831 0.35232302 0.39930133 0.34523319 0.50234819  0.48417291 0.45702496 0.47508945 0.39693445 0.45000532 0.44589633  0.47476172 0.42761975 0.50206904 0.41641874
0.00039479 0.36283831 0.35232302 0.39930133 0.34523319 0.50234819  0.48417291 0.45702496 0.47508945 0.39693445 0.45000532 0.44589633  0.47476172 0.42761975 0.50206904 0.41641874
0.00039479 0.36283831 0.35232302 0.39930133 0.34523319 0.50234819  0.48417291 0.45702496 0.47508945 0.39693445 0.45000532 0.44589633  0.47476172 0.42761975 0.50206904 0.41641874
0.00039479 0.36283831 0.35232302 0.39930133 0.34523319 0.50234819  0.48417291 0.45702496 0.47508945 0.39693445 0.45000532 0.44589633  0.47476172 0.42761975 0.50206904 0.41641874
0.00039479 0.36283831 0.35232302 0.39930133 0.34523319 0.50234819  0.48417291 0.45702496 0.47508945 0.39693445 0.45000532 0.44589633  0.47476172 0.42761975 0.50206904 0.41641874
0.00039479 0.36283831 0.35232302 0.39930133 0.34523319 0.50234819  0.48417291 0.45702496 0.47508945 0.39693445 0.45000532 0.44589633  0.47476172 0.42761975 0.50206904 0.41641874
0.00039479 0.36283831 0.35232302 0.39930133 0.34523319 0.50234819  0.48417291 0.45702496 0.47508945 0.39693445 0.45000532 0.44589633  0.47476172 0.42761975 0.50206904 0.41641874
0.00039479 0.36283831 0.35232302 0.39930133 0.34523319 0.50234819  0.48417291 0.45702496 0.47508945 0.39693445 0.45000532 0.44589633  0.47476172 0.42761975 0.50206904 0.41641874
0.00039479 0.36283831 0.35232302 0.39930133 0.34523319 0.50234819  0.48417291 0.45702496 0.47508945 0.39693445 0.45000532 0.44589633  0.47476172 0.42761975 0.50206904 0.41641874
0.00039479 0.36283831 0.35232302 0.39930133 0.34523319 0.50234819  0.48417291 0.45702496 0.47508945 0.39693445 0.45000532 0.44589633  0.47476172 0.42761975 0.50206904 0.41641874
0.00039479 0.36283831 0.35232302 0.39930133 0.34523319 0.50234819  0.48417291 0.45702496 0.47508945 0.39693445 0.45000532 0.44589633  0.47476172 0.42761975 0.50206904 0.41641874
0.00039479 0.36283831 0.35232302 0.39930133 0.34523319 0.50234819  0.48417291 0.45702496 0.47508945 0.39693445 0.45000532 0.44589633  0.47476172 0.42761975 0.50206904 0.41641874
0.00039479 0.36283831 0.35232302 0.39930133 0.34523319 0.50234819  0.48417291 0.45702496 0.47508945 0.39693445 0.45000532 0.44589633  0.47476172 0.42761975 0.50206904 0.41641874
0.00039479 0.36283831 0.35232302 0.39930133 0.34523319 0.50234819  0.48417291 0.45702496 0.47508945 0.39693445 0.45000532 0.44589633  0.47476172 0.42761975 0.50206904 0.41641874
0.00039479 0.36283831 0.35232302 0.39930133 0.34523319 0.50234819  0.48417291 0.45702496 0.47508945 0.39693445 0.45000532 0.44589633  0.47476172 0.42761975 0.50206904 0.41641874
0.00039479 0.36283831 0.35232302 0.39930133 0.34523319 0.50234819  0.48417291 0.45702496 0.47508945 0.39693445 0.45000532 0.44589633  0.47476172 0.42761975 0.50206904 0.41641874
0.00039479 0.36283831 0.35232302 0.39930133 0.34523319 0.50234819  0.48417291 0.45702496 0.47508945 0.39693445 0.45000532 0.44589633  0.47476172 0.42761975 0.50206904 0.41641874
0.00039479 0.36283831 0.35232302 0.39930133 0.34523319 0.50234819  0.48417291 0.45702496 0.47508945 0.39693445 0.45000532 0.44589633  0.47476172 0.42761975 0.50206904 0.41641874
0.00039479 0.36283831 0.35232302 0.39930133 0.34523319 0.50234819  0.48417291 0.45702496 0.47508945 0.39693445 0.45000532 0.44589633  0.47476172 0.42761975 0.50206904 0.41641874
0.00039479 0.36283831 0.35232302 0.39930133 0.34523319 0.50234819  0.48417291 0.45702496 0.47508945 0.39693445 0.45000532 0.44589633  0.47476172 0.42761975 0.50206904 0.41641874
0.00039479 0.36283831 0.35232302 0.39930133 0.34523319 0.50234819  0.48417291 0.45702496 0.47508945 0.39693445 0.45000532 0.44589633  0.47476172 0.42761975 0.50206904 0.41641874
0.00039479 0.36283831 0.35232302 0.39930133 0.34523319 0.50234819  0.48417291 0.45702496 0.47508945 0.39693445 0.45000532 0.44589633  0.47476172 0.42761975 0.50206904 0.41641874
0.00039479 0.36283831 0.35232302 0.39930133 0.34523319 0.50234819  0.48417291 0.45702496 0.47508945 0.39693445 0.45000532 0.44589633  0.47476172 0.42761975 0.50206904 0.41641874
0.00039479 0.36283831 0.35232302 0.39930133 0.34523319 0.50234819  0.48417291 0.45702496 0.47508945 0.39693445 0.45000532 0.44589633  0.47476172 0.42761975 0.50206904 0.41641874
0.00039479 0.36283831 0.35232302 0.39930133 0.34523319 0.50234819  0.48417291 0.45702496 0.47508945 0.39693445 0.45000532 0.44589633  0.47476172 0.42761975 0.50206904 0.41641874
0.00039479 0.36283831 0.35232302 0.39930133 0.34523319 0.50234819  0.48417291 0.45702496 0.47508945 0.39693445 0.45000532 0.44589633  0.47476172 0.42761975 0.50206904 0.41641874
0.00039479 0.36283831 0.35232302 0.39930133 0.34523319 0.50234819  0.48417291 0.45702496 0.47508945 0.39693445 0.45000532 0.44589633  0.47476172 0.42761975 0.50206904 0.41641874
0.00039479 0.36283831 0.35232302 0.39930133 0.34523319 0.50234819  0.48417291 0.45702496 0.47508945 0.39693445 0.45000532 0.44589633  0.47476172 0.42761975 0.50206904 0.41641874
0.00039479 0.36283831 0.35232302 0.39930133 0.34523319 0.50234819  0.48417291 0.45702496 0.47508945 0.39693445 0.45000532 0.44589633  0.47476172 0.42761975 0.50206904 0.41641874
0.00039479 0.36283831 0.35232302 0.39930133 0.34523319 0.50234819  0.48417291 0.45702496 0.47508945 0.39693445 0.45000532 0.44589633  0.47476172 0.42761975 0.50206904 0.41641874
0.00039479 0.36283831 0.35232302 0.39930133 0.34523319 0.50234819  0.48417291 0.45702496 0.47508945 0.39693445 0.45000532 0.44589633  0.47476172 0.42761975 0.50206904 0.41641874
0.00039479 0.36283831 0.35232302 0.39930133 0.34523319 0.50234819  0.48417291 0.45702496 0.47508945 0.39693445 0.45000532 0.44589633  0.47476172 0.42761975 0.50206904 0.41641874
0.03525649 0.41685964 0.32437467 0.45347996 0.36854765 0.43569141  0.43485985 0.4975719  0.47652552 0.39120509 0.39620065 0.45304628  0.55757342 0.45566594 0.52722734 0.46096477
0.03525649 0.41685964 0.32437467 0.45347996 0.36854765 0.43569141  0.43485985 0.4975719  0.47652552 0.39120509 0.39620065 0.45304628  0.55757342 0.45566594 0.52722734 0.46096477
0.07199408 0.46750629 0.29903328 0.49138657 0.38027929 0.41293245  0.4035884  0.51021345 0.51278795 0.38975802 0.43502408 0.44711343  0.51975164 0.49561098 0.60671087 0.42131372
0.07199408 0.46750629 0.29903328 0.49138657 0.38027929 0.41293245  0.4035884  0.51021345 0.51278795 0.38975802 0.43502408 0.44711343  0.51975164 0.49561098 0.60671087 0.42131372
0.12672612 0.54137758 0.26278974 0.54401884 0.39417517 0.39074118  0.35574632 0.52783416 0.57259564 0.39322951 0.48704457 0.44219725  0.47978899 0.54359807 0.71115727 0.39215667
0.21784729 0.65275129 0.20806008 0.61155399 0.40107645 0.37019311  0.3168167  0.53826459 0.57532898 0.39950004 0.47125623 0.44645709  0.49295591 0.47145806 0.59791609 0.43118997
0.27276642 0.71213949 0.17091978 0.63648296 0.41765643 0.32120913  0.36166027 0.51560209 0.47932004 0.39856373 0.43424197 0.45190049  0.41107447 0.39952048 0.49331323 0.40231092
0.29145116 0.72088969 0.16136143 0.6169145  0.41885642 0.32499023  0.42036482 0.49596063 0.43404399 0.39023724 0.4696527  0.4397596  0.33789209 0.37409769 0.45131411 0.35760014
0.29145116 0.72088969 0.16136143 0.6169145  0.41885642 0.32499023  0.42036482 0.49596063 0.43404399 0.39023724 0.4696527  0.4397596  0.33789209 0.37409769 0.45131411 0.35760014
0.27292355 0.70071781 0.1687047  0.60697603 0.42812753 0.2910922  0.44108983 0.5116617  0.39637858 0.35700253 0.46405939 0.42337339  0.40252269 0.37040509 0.36371137 0.34212881
0.27111616 0.68251872 0.1611416  0.59137249 0.45219491 0.22232555  0.50368108 0.48585844 0.28403845 0.39416083 0.32213469 0.47004854  0.39888272 0.3538929  0.40376585 0.40987808
0.25376354 0.65551358 0.17494256 0.56432114 0.44045766 0.25380939  0.53035008 0.46522949 0.27743141 0.39645675 0.34318006 0.46676556  0.36099373 0.33159689 0.375002   0.39127765
0.19814804 0.63006463 0.20688116 0.60893099 0.43420059 0.2398099  0.39427963 0.54734829 0.3581051  0.3645632  0.28656177 0.458753  0.57968794 0.36804576 0.34573379 0.45810096
0.17942399 0.60737606 0.2185493  0.59871443 0.43145908 0.2438042  0.38856086 0.55452326 0.36624522 0.3669056  0.26886879 0.46217412  0.61252832 0.38564092 0.37062732 0.48006119
0.12440017 0.54590072 0.25553648 0.56951008 0.41500592 0.27984344  0.36660049 0.573536   0.4031488  0.35895289 0.25716352 0.46023151  0.74080632 0.38769006 0.32975746 0.53921284
0.10628198 0.51936369 0.26919051 0.54585476 0.40619473 0.30496913  0.38560293 0.55896134 0.40029415 0.36313951 0.26626736 0.46009462  0.71983574 0.38086872 0.3271927  0.5387862 
0.05265734 0.44071691 0.3106915  0.47422633 0.37717297 0.39794484  0.43177961 0.51245536 0.4359589  0.38022092 0.34549293 0.45448025  0.61189625 0.40882803 0.41889068 0.49328565
0.03514825 0.41370071 0.3248389  0.44709904 0.36559576 0.43311778  0.45442367 0.49253738 0.44112986 0.38365436 0.37825223 0.45061328  0.56697354 0.40307785 0.42249623 0.46734004
0.03514825 0.41370071 0.3248389  0.44709904 0.36559576 0.43311778  0.45442367 0.49253738 0.44112986 0.38365436 0.37825223 0.45061328  0.56697354 0.40307785 0.42249623 0.46734004
0.01779563 0.38669558 0.33863985 0.42004769 0.35385851 0.46460162  0.48109267 0.47190843 0.43452283 0.38595027 0.3992976  0.44733029  0.52908455 0.38078184 0.39373238 0.44873962
0.01779563 0.38669558 0.33863985 0.42004769 0.35385851 0.46460162  0.48109267 0.47190843 0.43452283 0.38595027 0.3992976  0.44733029  0.52908455 0.38078184 0.39373238 0.44873962
0.01779563 0.38669558 0.33863985 0.42004769 0.35385851 0.46460162  0.48109267 0.47190843 0.43452283 0.38595027 0.3992976  0.44733029  0.52908455 0.38078184 0.39373238 0.44873962
0.01779563 0.38669558 0.33863985 0.42004769 0.35385851 0.46460162  0.48109267 0.47190843 0.43452283 0.38595027 0.3992976  0.44733029  0.52908455 0.38078184 0.39373238 0.44873962
0.03514825 0.41370071 0.3248389  0.44709904 0.36559576 0.43311778  0.45442367 0.49253738 0.44112986 0.38365436 0.37825223 0.45061328  0.56697354 0.40307785 0.42249623 0.46734004
0.05265734 0.44071691 0.3106915  0.47422633 0.37717297 0.39794484  0.43177961 0.51245536 0.4359589  0.38022092 0.34549293 0.45448025  0.61189625 0.40882803 0.41889068 0.49328565
0.08862922 0.49201751 0.2832045  0.51879267 0.39501572 0.33619514  0.41066018 0.53971658 0.39639115 0.36519637 0.2882062  0.45686207  0.68472019 0.36737147 0.31138058 0.52163636
0.14271564 0.57169118 0.24242553 0.58975416 0.42249455 0.26290726  0.35246839 0.58040757 0.41152947 0.35788686 0.26516661 0.45903735  0.72786281 0.39924714 0.35487387 0.52638528
0.27206149 0.7233345  0.16116831 0.66467956 0.44402897 0.23411613  0.3482491  0.55788121 0.44792144 0.35935034 0.40852476 0.4390451  0.48856389 0.44094993 0.48686699 0.35394452
0.34391966 0.74259745 0.11720176 0.59649984 0.46605604 0.21469693  0.53777597 0.46058264 0.30386251 0.42963433 0.36341965 0.48645295  0.31100395 0.40821756 0.57554391 0.37795929
0.43772047 0.80351089 0.10233382 0.55240782 0.38700716 0.47944938  0.54447524 0.34396035 0.42961322 0.49957073 0.47430398 0.49343977  0.25133493 0.36514924 0.53174956 0.43441539
0.49279506 0.79883281 0.08948759 0.4538334  0.37477935 0.53766039  0.67361769 0.34105092 0.40775879 0.46182159 0.56147453 0.45894149  0.33910793 0.39120822 0.51804061 0.41814157
0.51122529 0.79950986 0.09455724 0.43195576 0.3493868  0.5994669  0.66683861 0.34610602 0.416032   0.46732754 0.53386627 0.462384  0.40329739 0.37544479 0.47961754 0.45658068
0.57793076 0.72173749 0.0851481  0.2854829  0.35641678 0.57989631  0.7241566  0.42813667 0.47142505 0.403882   0.52061474 0.45679705  0.62536507 0.5269152  0.62728787 0.50764902
0.57793076 0.72173749 0.0851481  0.2854829  0.35641678 0.57989631  0.7241566  0.42813667 0.47142505 0.403882   0.52061474 0.45679705  0.62536507 0.5269152  0.62728787 0.50764902
0.61025297 0.68195596 0.09402809 0.24465134 0.33797643 0.59825391  0.6770527  0.41042673 0.48998134 0.40491751 0.39775817 0.48837005  0.68721666 0.59267758 0.61157765 0.52259923
0.67123403 0.57864334 0.09439701 0.17157668 0.34052921 0.57258342  0.57515178 0.39997508 0.57070839 0.3593485  0.30552297 0.50451028  0.72896839 0.57338408 0.5800668  0.50199801
0.68366309 0.54567752 0.08277055 0.17491726 0.36002047 0.56729231  0.54976705 0.31560378 0.58664961 0.36170185 0.26258424 0.51163546  0.75220509 0.53956235 0.59103227 0.47358705
0.66631418 0.55601501 0.06896598 0.19202803 0.38624068 0.5273678  0.58463687 0.2893166  0.60699434 0.35985901 0.34466086 0.50439921  0.70626543 0.55566617 0.63479899 0.47391812
0.64902595 0.56544049 0.05465303 0.20850435 0.41260835 0.48560715  0.62105799 0.26002202 0.62744553 0.35345668 0.42286845 0.49506836  0.6642238  0.56897244 0.68892453 0.46850874
0.63297619 0.59153558 0.05348946 0.24158776 0.41223229 0.50479612  0.63476359 0.20349309 0.60422963 0.37165934 0.41605394 0.49302748  0.68238069 0.59190425 0.62759022 0.45622864
0.53884113 0.69745367 0.07086817 0.33003374 0.41702187 0.41878047  0.72569654 0.34858746 0.47251409 0.37459635 0.5318684  0.46591896  0.5140369  0.60904117 0.67077463 0.41151218
0.48917706 0.76033278 0.08120483 0.44087268 0.40457274 0.4501514  0.68289425 0.31003608 0.41101993 0.43109728 0.52982786 0.46584003  0.35612153 0.46850856 0.55367667 0.37585654
0.36293116 0.75797532 0.1108132  0.58854315 0.45606611 0.25316339  0.54866645 0.44616157 0.33150734 0.4248718  0.4315472  0.47136296  0.28209928 0.40150984 0.54688633 0.35300482
0.21519266 0.6276046  0.19309272 0.58684673 0.44822806 0.21049364  0.46277938 0.5083421  0.27641245 0.40417525 0.20144857 0.49700712  0.54695375 0.34387846 0.37627268 0.51985804
0.07102051 0.46648761 0.29681783 0.49538875 0.38534053 0.36816237  0.42637893 0.52216562 0.40838993 0.37342912 0.31490181 0.45582256  0.6405316  0.37092096 0.3395245  0.50760399
0.00039479 0.36283831 0.35232302 0.39930133 0.34523319 0.50234819  0.48417291 0.45702496 0.47508945 0.39693445 0.45000532 0.44589633  0.47476172 0.42761975 0.50206904 0.41641874
0.00039479 0.36283831 0.35232302 0.39930133 0.34523319 0.50234819  0.48417291 0.45702496 0.47508945 0.39693445 0.45000532 0.44589633  0.47476172 0.42761975 0.50206904 0.41641874
0.00039479 0.36283831 0.35232302 0.39930133 0.34523319 0.50234819  0.48417291 0.45702496 0.47508945 0.39693445 0.45000532 0.44589633  0.47476172 0.42761975 0.50206904 0.41641874
0.00039479 0.36283831 0.35232302 0.39930133 0.34523319 0.50234819  0.48417291 0.45702496 0.47508945 0.39693445 0.45000532 0.44589633  0.47476172 0.42761975 0.50206904 0.41641874
0.00039479 0.36283831 0.35232302 0.39930133 0.34523319 0.50234819  0.48417291 0.45702496 0.47508945 0.39693445 0.45000532 0.44589633  0.47476172 0.42761975 0.50206904 0.41641874
0.00039479 0.36283831 0.35232302 0.39930133 0.34523319 0.50234819  0.48417291 0.45702496 0.47508945 0.39693445 0.45000532 0.44589633  0.47476172 0.42761975 0.50206904 0.41641874
0.00039479 0.36283831 0.35232302 0.39930133 0.34523319 0.50234819  0.48417291 0.45702496 0.47508945 0.39693445 0.45000532 0.44589633  0.47476172 0.42761975 0.50206904 0.41641874
0.00039479 0.36283831 0.35232302 0.39930133 0.34523319 0.50234819  0.48417291 0.45702496 0.47508945 0.39693445 0.45000532 0.44589633  0.47476172 0.42761975 0.50206904 0.41641874
0.00039479 0.36283831 0.35232302 0.39930133 0.34523319 0.50234819  0.48417291 0.45702496 0.47508945 0.39693445 0.45000532 0.44589633  0.47476172 0.42761975 0.50206904 0.41641874
0.00039479 0.36283831 0.35232302 0.39930133 0.34523319 0.50234819  0.48417291 0.45702496 0.47508945 0.39693445 0.45000532 0.44589633  0.47476172 0.42761975 0.50206904 0.41641874
0.00039479 0.36283831 0.35232302 0.39930133 0.34523319 0.50234819  0.48417291 0.45702496 0.47508945 0.39693445 0.45000532 0.44589633  0.47476172 0.42761975 0.50206904 0.41641874
0.00039479 0.36283831 0.35232302 0.39930133 0.34523319 0.50234819  0.48417291 0.45702496 0.47508945 0.39693445 0.45000532 0.44589633  0.47476172 0.42761975 0.50206904 0.41641874
0.00039479 0.36283831 0.35232302 0.39930133 0.34523319 0.50234819  0.48417291 0.45702496 0.47508945 0.39693445 0.45000532 0.44589633  0.47476172 0.42761975 0.50206904 0.41641874
0.00039479 0.36283831 0.35232302 0.39930133 0.34523319 0.50234819  0.48417291 0.45702496 0.47508945 0.39693445 0.45000532 0.44589633  0.47476172 0.42761975 0.50206904 0.41641874
0.00039479 0.36283831 0.35232302 0.39930133 0.34523319 0.50234819  0.48417291 0.45702496 0.47508945 0.39693445 0.45000532 0.44589633  0.47476172 0.42761975 0.50206904 0.41641874
0.05290925 0.44420582 0.31036068 0.48054205 0.37972666 0.40446539  0.40980259 0.51681666 0.48042852 0.38914823 0.37426181 0.45627883  0.59268897 0.4691632  0.54303946 0.47811462
0.23495862 0.69119809 0.18297643 0.66695012 0.44078358 0.23352283  0.29568078 0.59814769 0.49606716 0.35125743 0.38118787 0.44124864  0.62903047 0.47589483 0.51035549 0.41189082
0.3096006  0.75888425 0.14743648 0.66666134 0.42476793 0.30648061  0.33841456 0.52775907 0.51323169 0.38782252 0.48224562 0.44034132  0.39502861 0.4379348  0.54581215 0.34446138
0.43772047 0.80351089 0.10233382 0.55240782 0.38700716 0.47944938  0.54447524 0.34396035 0.42961322 0.49957073 0.47430398 0.49343977  0.25133493 0.36514924 0.53174956 0.43441539
0.47421706 0.79827016 0.09471298 0.4876619  0.37754206 0.52183392  0.61641484 0.34223156 0.43242632 0.4833034  0.51637168 0.47951887  0.33576943 0.38752998 0.54629836 0.44331854
0.49279506 0.79883281 0.08948759 0.4538334  0.37477935 0.53766039  0.67361769 0.34105092 0.40775879 0.46182159 0.56147453 0.45894149  0.33910793 0.39120822 0.51804061 0.41814157
0.54585538 0.76698681 0.08965354 0.34547207 0.35390861 0.59149901  0.72032369 0.43166193 0.43851868 0.41619343 0.58055577 0.44022078  0.54140279 0.43690875 0.55830019 0.48269548
0.57793076 0.72173749 0.0851481  0.2854829  0.35641678 0.57989631  0.7241566  0.42813667 0.47142505 0.403882   0.52061474 0.45679705  0.62536507 0.5269152  0.62728787 0.50764902
0.61025297 0.68195596 0.09402809 0.24465134 0.33797643 0.59825391  0.6770527  0.41042673 0.48998134 0.40491751 0.39775817 0.48837005  0.68721666 0.59267758 0.61157765 0.52259923
0.65673283 0.59836366 0.09712909 0.16317558 0.34251649 0.53232829  0.62028921 0.52307328 0.55660713 0.37976056 0.39611162 0.50494942  0.61380763 0.59716832 0.67405253 0.54575723
0.66960389 0.56366318 0.08744468 0.16234696 0.36085328 0.51862111  0.58760121 0.44631947 0.58787726 0.37446161 0.37406755 0.50692506  0.62795499 0.56729958 0.64455566 0.51440529
0.66960389 0.56366318 0.08744468 0.16234696 0.36085328 0.51862111  0.58760121 0.44631947 0.58787726 0.37446161 0.37406755 0.50692506  0.62795499 0.56729958 0.64455566 0.51440529
0.66960389 0.56366318 0.08744468 0.16234696 0.36085328 0.51862111  0.58760121 0.44631947 0.58787726 0.37446161 0.37406755 0.50692506  0.62795499 0.56729958 0.64455566 0.51440529
0.65673283 0.59836366 0.09712909 0.16317558 0.34251649 0.53232829  0.62028921 0.52307328 0.55660713 0.37976056 0.39611162 0.50494942  0.61380763 0.59716832 0.67405253 0.54575723
0.64101405 0.62368131 0.09027685 0.18951608 0.34841263 0.54636608  0.64270961 0.45044172 0.55978299 0.3628046  0.40964366 0.4952984  0.66888137 0.61935665 0.65333039 0.53368102
0.62496429 0.64977641 0.08911328 0.22259949 0.34803657 0.56555505  0.65641521 0.39391279 0.53656709 0.38100726 0.40282916 0.49325752  0.68703825 0.64228845 0.59199608 0.52140092
0.59296473 0.69138144 0.07971514 0.26112765 0.3643441  0.55649327  0.71347382 0.38113214 0.51043254 0.39851518 0.47596577 0.4790392  0.64517503 0.60598385 0.66570318 0.51718986
0.56114007 0.74295137 0.08886082 0.32842386 0.34983593 0.59637357  0.70445027 0.38716199 0.44780136 0.42564055 0.50227862 0.46136212  0.56733581 0.49583296 0.55846673 0.49361234
0.49279506 0.79883281 0.08948759 0.4538334  0.37477935 0.53766039  0.67361769 0.34105092 0.40775879 0.46182159 0.56147453 0.45894149  0.33910793 0.39120822 0.51804061 0.41814157
0.38476636 0.80404214 0.12808002 0.61669648 0.37872055 0.46591697  0.40990156 0.44454303 0.53931046 0.41345667 0.59628828 0.4278566  0.29084421 0.37917439 0.46403317 0.33191377
0.25542411 0.66848171 0.18884183 0.56984451 0.40092828 0.38182531  0.45347426 0.4652192  0.44589215 0.40241754 0.50634562 0.43863363  0.27550636 0.37962461 0.48984499 0.34459172
0.09025671 0.49272368 0.28696605 0.51052506 0.3844723  0.4080936  0.38146708 0.51720157 0.54367235 0.39659325 0.45452837 0.4490437  0.49468381 0.52305154 0.68021998 0.41345252
0.00988161 0.41654435 0.46462192 0.30215694 0.69747956 0.59508871  0.386293   0.47131551 0.39067182 0.45375378 0.59607671 0.65183343  0.53366191 0.37543834 0.49978706 0.41679843
0.01354666 0.43327153 0.5003966  0.27470189 0.78783927 0.61396047  0.36285165 0.47426517 0.36803295 0.45422317 0.62196153 0.69409938  0.53009914 0.35490942 0.51624082 0.41344987
0.01740642 0.44608014 0.52979702 0.26725324 0.8220965  0.62414269  0.34906916 0.46553254 0.35184136 0.39919366 0.62931296 0.7140462  0.49301033 0.32764434 0.54674833 0.44823768
0.02373941 0.46235919 0.5722926  0.25906792 0.86649985 0.63738573  0.32005579 0.44709183 0.32573122 0.32739345 0.67826917 0.80411679  0.44504814 0.29767104 0.56068325 0.5878425 
0.02373941 0.46235919 0.5722926  0.25906792 0.86649985 0.63738573  0.32005579 0.44709183 0.32573122 0.32739345 0.67826917 0.80411679  0.44504814 0.29767104 0.56068325 0.5878425 
0.02373941 0.46235919 0.5722926  0.25906792 0.86649985 0.63738573  0.32005579 0.44709183 0.32573122 0.32739345 0.67826917 0.80411679  0.44504814 0.29767104 0.56068325 0.5878425 
0.02373941 0.46235919 0.5722926  0.25906792 0.86649985 0.63738573  0.32005579 0.44709183 0.32573122 0.32739345 0.67826917 0.80411679  0.44504814 0.29767104 0.56068325 0.5878425 
0.0193403  0.4462837  0.53482404 0.27668593 0.78991268 0.61469621  0.3516972  0.45074042 0.36105162 0.38580517 0.62106714 0.69438511  0.4988249  0.36981046 0.51163589 0.4706126 
0.0193403  0.4462837  0.53482404 0.27668593 0.78991268 0.61469621  0.3516972  0.45074042 0.36105162 0.38580517 0.62106714 0.69438511  0.4988249  0.36981046 0.51163589 0.4706126 
0.00519017 0.38707796 0.40035625 0.36817681 0.44953132 0.53059839  0.45485022 0.45580258 0.45628119 0.41054923 0.45798525 0.45106005  0.47395751 0.43820836 0.48540153 0.37622897
0.00039479 0.36283831 0.35232302 0.39930133 0.34523319 0.50234819  0.48417291 0.45702496 0.47508945 0.39693445 0.45000532 0.44589633  0.47476172 0.42761975 0.50206904 0.41641874
0.00039479 0.36283831 0.35232302 0.39930133 0.34523319 0.50234819  0.48417291 0.45702496 0.47508945 0.39693445 0.45000532 0.44589633  0.47476172 0.42761975 0.50206904 0.41641874
0.10815312 0.48633266 0.2844072  0.46810168 0.37105253 0.42413504  0.47735344 0.48191652 0.39938431 0.38575871 0.37035052 0.45064461  0.5283639  0.36302527 0.35696443 0.47434052
0.36342419 0.72394198 0.12281342 0.51215328 0.44216468 0.29263829  0.64979735 0.44810324 0.2651481  0.370831   0.47830249 0.43111079  0.38439497 0.35497219 0.33205354 0.35825999
0.59346228 0.70316984 0.09774082 0.2875923  0.33139558 0.61473117  0.65734636 0.36945205 0.46635765 0.42667605 0.37942206 0.49293512  0.6291874  0.56159534 0.5427565  0.50856255
0.72790978 0.47165044 0.10548237 0.15371954 0.34857331 0.54469958  0.44740818 0.35185978 0.5712324  0.37536997 0.22947522 0.51247417  0.68582181 0.47249883 0.48161695 0.38211228
0.78277767 0.36796789 0.14576222 0.16114181 0.30900244 0.46866096  0.33973792 0.44535925 0.51899106 0.42864946 0.2987432  0.53144176  0.43919163 0.32541423 0.48278262 0.29986387
0.80343997 0.28622165 0.12941686 0.29668239 0.38912565 0.56804399  0.35246124 0.45323802 0.42489092 0.42207932 0.28395943 0.38875949  0.45705163 0.3346336  0.60029872 0.37227994
0.83117466 0.18478537 0.12631012 0.46236835 0.44478377 0.61698789  0.38141895 0.47199691 0.34979389 0.47683873 0.40630577 0.31134251  0.46051004 0.3929019  0.57386372 0.55274215
0.84762212 0.14938258 0.1509395  0.53734556 0.4489807  0.62894312  0.41676858 0.49872891 0.3004196  0.51707868 0.42507608 0.31546663  0.48243719 0.41388851 0.67534679 0.46828729
0.84762212 0.14938258 0.1509395  0.53734556 0.4489807  0.62894312  0.41676858 0.49872891 0.3004196  0.51707868 0.42507608 0.31546663  0.48243719 0.41388851 0.67534679 0.46828729
0.84762212 0.14938258 0.1509395  0.53734556 0.4489807  0.62894312  0.41676858 0.49872891 0.3004196  0.51707868 0.42507608 0.31546663  0.48243719 0.41388851 0.67534679 0.46828729
0.8237513  0.17808131 0.09472352 0.4829766  0.4992422  0.6745162  0.40938504 0.48870988 0.38264125 0.41379936 0.34153283 0.26572659  0.47866293 0.36523656 0.60974161 0.57317477
0.82613525 0.16691089 0.09439381 0.51655355 0.51233246 0.69519711  0.44266152 0.51489074 0.40740481 0.39721484 0.31798117 0.30300449  0.46377011 0.3838338  0.58457987 0.53659957
0.82867986 0.15531112 0.09231601 0.54880882 0.53121396 0.72126656  0.47516461 0.54120809 0.43330904 0.37479398 0.2778164  0.32766954  0.43950135 0.4131111  0.57016665 0.48316466
0.8024689  0.20520608 0.06240434 0.47026271 0.55342578 0.70834289  0.47314104 0.50080158 0.45388958 0.31822459 0.24520803 0.2539498  0.44756472 0.38565794 0.69014112 0.5057549 
0.7877662  0.23159231 0.04996688 0.47306497 0.57007772 0.72292714  0.50864176 0.45933805 0.48068909 0.29498752 0.26670411 0.24688126  0.56576387 0.44881684 0.65304629 0.52661594
0.78522159 0.24319207 0.05204468 0.4408097  0.55119621 0.6968577  0.47613867 0.43302069 0.45478486 0.31740838 0.30686887 0.22221621  0.59003263 0.41953954 0.66745951 0.58005085
0.6377613  0.43051859 0.0159574  0.40524105 0.57771229 0.40098319  0.59600486 0.19324531 0.60055453 0.24887919 0.50829254 0.3464084  0.51406826 0.49418167 0.64306928 0.29421289
0.52951117 0.66231043 0.05446101 0.41902939 0.45032811 0.40775007  0.61413873 0.10190644 0.49723877 0.42278487 0.42019609 0.497183  0.41331556 0.48388673 0.57356058 0.32563448
0.32539205 0.72242557 0.12454503 0.58656137 0.47532714 0.18079891  0.55850099 0.47628372 0.26619709 0.39639963 0.35782634 0.47006674  0.37563455 0.40452496 0.48794117 0.36248795
0.10557724 0.49067152 0.26906522 0.49887986 0.41115523 0.30637833  0.47319166 0.50257024 0.33030166 0.40352897 0.22005928 0.49069071  0.64587596 0.36999705 0.37968525 0.56899921
0.01779563 0.38669558 0.33863985 0.42004769 0.35385851 0.46460162  0.48109267 0.47190843 0.43452283 0.38595027 0.3992976  0.44733029  0.52908455 0.38078184 0.39373238 0.44873962
0.00039479 0.36283831 0.35232302 0.39930133 0.34523319 0.50234819  0.48417291 0.45702496 0.47508945 0.39693445 0.45000532 0.44589633  0.47476172 0.42761975 0.50206904 0.41641874
0.00039479 0.36283831 0.35232302 0.39930133 0.34523319 0.50234819  0.48417291 0.45702496 0.47508945 0.39693445 0.45000532 0.44589633  0.47476172 0.42761975 0.50206904 0.41641874
0.00039479 0.36283831 0.35232302 0.39930133 0.34523319 0.50234819  0.48417291 0.45702496 0.47508945 0.39693445 0.45000532 0.44589633  0.47476172 0.42761975 0.50206904 0.41641874
0.00039479 0.36283831 0.35232302 0.39930133 0.34523319 0.50234819  0.48417291 0.45702496 0.47508945 0.39693445 0.45000532 0.44589633  0.47476172 0.42761975 0.50206904 0.41641874
0.00039479 0.36283831 0.35232302 0.39930133 0.34523319 0.50234819  0.48417291 0.45702496 0.47508945 0.39693445 0.45000532 0.44589633  0.47476172 0.42761975 0.50206904 0.41641874
0.00039479 0.36283831 0.35232302 0.39930133 0.34523319 0.50234819  0.48417291 0.45702496 0.47508945 0.39693445 0.45000532 0.44589633  0.47476172 0.42761975 0.50206904 0.41641874
0.00039479 0.36283831 0.35232302 0.39930133 0.34523319 0.50234819  0.48417291 0.45702496 0.47508945 0.39693445 0.45000532 0.44589633  0.47476172 0.42761975 0.50206904 0.41641874
0.00039479 0.36283831 0.35232302 0.39930133 0.34523319 0.50234819  0.48417291 0.45702496 0.47508945 0.39693445 0.45000532 0.44589633  0.47476172 0.42761975 0.50206904 0.41641874
0.00039479 0.36283831 0.35232302 0.39930133 0.34523319 0.50234819  0.48417291 0.45702496 0.47508945 0.39693445 0.45000532 0.44589633  0.47476172 0.42761975 0.50206904 0.41641874
0.00039479 0.36283831 0.35232302 0.39930133 0.34523319 0.50234819  0.48417291 0.45702496 0.47508945 0.39693445 0.45000532 0.44589633  0.47476172 0.42761975 0.50206904 0.41641874
0.00039479 0.36283831 0.35232302 0.39930133 0.34523319 0.50234819  0.48417291 0.45702496 0.47508945 0.39693445 0.45000532 0.44589633  0.47476172 0.42761975 0.50206904 0.41641874
0.00039479 0.36283831 0.35232302 0.39930133 0.34523319 0.50234819  0.48417291 0.45702496 0.47508945 0.39693445 0.45000532 0.44589633  0.47476172 0.42761975 0.50206904 0.41641874
0.20068998 0.63003724 0.21926386 0.58989585 0.40010793 0.38935344  0.32438866 0.54014473 0.63700677 0.37353915 0.59407193 0.41568499  0.45580904 0.58212601 0.73756338 0.3097793 
0.29185453 0.74077459 0.16103792 0.65189407 0.41778988 0.3255871  0.32666498 0.55711226 0.56284413 0.3366047  0.56026706 0.40180838  0.54378608 0.46447032 0.45084772 0.32798655
0.4187664  0.72860072 0.14393598 0.46100908 0.3667113  0.4846052  0.44764935 0.67697568 0.64567439 0.2671886  0.73469988 0.34476063  0.74469374 0.51730798 0.50373918 0.3896992 
0.45241574 0.69076968 0.1380393  0.38473499 0.37738456 0.45222151  0.49286604 0.74094669 0.6554626  0.23763214 0.75808838 0.34031415  0.77345537 0.53311745 0.625038   0.39695316
0.48953071 0.70019693 0.13355062 0.3432889  0.35319201 0.51780911  0.54479151 0.72636033 0.61845976 0.23481159 0.76589085 0.33161576  0.76446245 0.49193124 0.54461581 0.3906815 
0.52068406 0.64759938 0.14709986 0.29662571 0.33821024 0.48669265  0.49347469 0.85975655 0.61223907 0.25920771 0.73522375 0.34867981  0.61720654 0.40798675 0.61780782 0.40478574
0.53920322 0.66211955 0.14421693 0.29742685 0.3208211  0.54621702  0.47902579 0.81994027 0.64127129 0.30454763 0.71338643 0.37312418  0.57266649 0.40178087 0.67243233 0.44406997
0.59691815 0.59061084 0.19187321 0.2981856  0.24035272 0.58863455  0.38575065 0.92092277 0.5788904  0.39044345 0.63006912 0.42815155  0.55520156 0.32582912 0.57284556 0.51055145
0.63240849 0.59861831 0.16627576 0.26592311 0.25915171 0.54505407  0.51246419 0.84904414 0.4210291  0.43223901 0.5291538  0.46761216  0.43220071 0.26061503 0.54562879 0.53384565
0.6681585  0.60090828 0.15448121 0.22519469 0.25336087 0.58888667  0.57355615 0.7886858  0.39602716 0.48595731 0.48096665 0.50161017  0.42523607 0.26980979 0.60194828 0.59355247
0.68048324 0.58626238 0.18213478 0.25129893 0.22352445 0.56809019  0.56773743 0.79447441 0.34870505 0.53562179 0.52616852 0.53064702  0.4090343  0.30955986 0.60757382 0.55719264
0.71020751 0.52653418 0.16973781 0.20824405 0.23943358 0.52780888  0.54935755 0.6778284  0.41772474 0.54026894 0.41399773 0.58220834  0.44609555 0.46290587 0.70626827 0.57369586
0.76567088 0.41332331 0.1666522  0.19652522 0.26324828 0.49303787  0.42587789 0.5104778  0.46096319 0.53215344 0.31178297 0.60124674  0.47737771 0.44106495 0.61213192 0.44445538
0.78987597 0.33311716 0.15409177 0.27858555 0.3268258  0.52162565  0.41790743 0.48689513 0.47362098 0.51506969 0.32150094 0.53001783  0.44905474 0.46957103 0.53088465 0.46589332
0.83117466 0.18478537 0.12631012 0.46236835 0.44478377 0.61698789  0.38141895 0.47199691 0.34979389 0.47683873 0.40630577 0.31134251  0.46051004 0.3929019  0.57386372 0.55274215
0.86421627 0.12022953 0.18406469 0.63857907 0.45320247 0.66334371  0.49935267 0.54535086 0.34183442 0.48319902 0.38479325 0.43576296  0.46095467 0.54641182 0.56799063 0.33412555
0.86475109 0.11779438 0.18369411 0.64612705 0.45788734 0.66975765  0.50905911 0.5535751  0.35333237 0.47485864 0.36975955 0.44718114  0.44376022 0.5660322  0.55015965 0.31745186
0.86897275 0.09786331 0.18267858 0.70656448 0.48369288 0.70978917  0.57173886 0.60555582 0.40547972 0.44011714 0.31562656 0.51993054  0.40367454 0.61042822 0.49209598 0.23446542
0.86897275 0.09786331 0.18267858 0.70656448 0.48369288 0.70978917  0.57173886 0.60555582 0.40547972 0.44011714 0.31562656 0.51993054  0.40367454 0.61042822 0.49209598 0.23446542
0.86897275 0.09786331 0.18267858 0.70656448 0.48369288 0.70978917  0.57173886 0.60555582 0.40547972 0.44011714 0.31562656 0.51993054  0.40367454 0.61042822 0.49209598 0.23446542
0.86897275 0.09786331 0.18267858 0.70656448 0.48369288 0.70978917  0.57173886 0.60555582 0.40547972 0.44011714 0.31562656 0.51993054  0.40367454 0.61042822 0.49209598 0.23446542
0.87067127 0.08979109 0.18280207 0.7351096  0.49563224 0.7270663  0.60951867 0.63192144 0.44961159 0.41446156 0.27875336 0.57346066  0.36962007 0.63970025 0.43662763 0.18725178
0.87067127 0.08979109 0.18280207 0.7351096  0.49563224 0.7270663  0.60951867 0.63192144 0.44961159 0.41446156 0.27875336 0.57346066  0.36962007 0.63970025 0.43662763 0.18725178
0.87067127 0.08979109 0.18280207 0.7351096  0.49563224 0.7270663  0.60951867 0.63192144 0.44961159 0.41446156 0.27875336 0.57346066  0.36962007 0.63970025 0.43662763 0.18725178
0.87067127 0.08979109 0.18280207 0.7351096  0.49563224 0.7270663  0.60951867 0.63192144 0.44961159 0.41446156 0.27875336 0.57346066  0.36962007 0.63970025 0.43662763 0.18725178
0.87067127 0.08979109 0.18280207 0.7351096  0.49563224 0.7270663  0.60951867 0.63192144 0.44961159 0.41446156 0.27875336 0.57346066  0.36962007 0.63970025 0.43662763 0.18725178
0.87067127 0.08979109 0.18280207 0.7351096  0.49563224 0.7270663  0.60951867 0.63192144 0.44961159 0.41446156 0.27875336 0.57346066  0.36962007 0.63970025 0.43662763 0.18725178
0.87067127 0.08979109 0.18280207 0.7351096  0.49563224 0.7270663  0.60951867 0.63192144 0.44961159 0.41446156 0.27875336 0.57346066  0.36962007 0.63970025 0.43662763 0.18725178
0.87390285 0.07742517 0.18664782 0.77063651 0.50025122 0.72778562  0.64931576 0.64099514 0.49793047 0.42561115 0.29056942 0.60789075  0.39558718 0.58812013 0.41871024 0.23213164
0.87390285 0.07742517 0.18664782 0.77063651 0.50025122 0.72778562  0.64931576 0.64099514 0.49793047 0.42561115 0.29056942 0.60789075  0.39558718 0.58812013 0.41871024 0.23213164
0.87390285 0.07742517 0.18664782 0.77063651 0.50025122 0.72778562  0.64931576 0.64099514 0.49793047 0.42561115 0.29056942 0.60789075  0.39558718 0.58812013 0.41871024 0.23213164
0.87390285 0.07742517 0.18664782 0.77063651 0.50025122 0.72778562  0.64931576 0.64099514 0.49793047 0.42561115 0.29056942 0.60789075  0.39558718 0.58812013 0.41871024 0.23213164
0.87390285 0.07742517 0.18664782 0.77063651 0.50025122 0.72778562  0.64931576 0.64099514 0.49793047 0.42561115 0.29056942 0.60789075  0.39558718 0.58812013 0.41871024 0.23213164
0.87390285 0.07742517 0.18664782 0.77063651 0.50025122 0.72778562  0.64931576 0.64099514 0.49793047 0.42561115 0.29056942 0.60789075  0.39558718 0.58812013 0.41871024 0.23213164
0.86252267 0.0824168  0.15215761 0.74386239 0.5306032  0.74323597  0.64915755 0.65542598 0.5331231  0.40524356 0.24950119 0.57362597  0.34926481 0.53339312 0.44369219 0.26738021
0.85929109 0.09478273 0.14831186 0.70833548 0.52598421 0.74251664  0.60936046 0.64635227 0.48480422 0.39409397 0.23768513 0.53919589  0.32329771 0.58497323 0.46160958 0.22250035
0.847745   0.10883556 0.11974945 0.68007076 0.5464093  0.76729324  0.5961582  0.64212185 0.51970376 0.34047914 0.19934375 0.51849269  0.30332168 0.57607135 0.40162994 0.291028  
0.83542026 0.12348146 0.09209588 0.65396652 0.57624572 0.78808972  0.60197692 0.63633324 0.56702587 0.29081466 0.15414189 0.48945584  0.31952344 0.53632128 0.3960044  0.32738783
0.83542026 0.12348146 0.09209588 0.65396652 0.57624572 0.78808972  0.60197692 0.63633324 0.56702587 0.29081466 0.15414189 0.48945584  0.31952344 0.53632128 0.3960044  0.32738783
0.81066869 0.16663583 0.06123138 0.59238698 0.60642335 0.78788458  0.61092613 0.60842741 0.5860354  0.23165388 0.11398752 0.42003064  0.32612481 0.51980328 0.5212453  0.33209466
0.80921181 0.17343531 0.06056031 0.56920197 0.59875967 0.77617838  0.58373087 0.59130502 0.55925193 0.24874916 0.13297522 0.38693243  0.34594788 0.49683526 0.55563879 0.35073587
0.74415319 0.24490217 0.0131531  0.63193181 0.67389562 0.72311528  0.71294292 0.42162817 0.63002323 0.20031095 0.32828755 0.35364577  0.43123948 0.61159257 0.59571407 0.3544424 
0.69886568 0.31795946 0.00327276 0.57522689 0.66696443 0.63008229  0.69522955 0.31821908 0.61560467 0.20282717 0.38196724 0.32615507  0.50281222 0.61987549 0.66325331 0.29532159
0.69833086 0.3203946  0.00364333 0.5676789  0.66227957 0.62366835  0.68552311 0.30999485 0.60410672 0.21116754 0.39700094 0.31473689  0.52000667 0.60025511 0.68108429 0.31199528
0.47949638 0.50889764 0.04470456 0.65254518 0.63648536 0.36729214  0.71981928 0.24811901 0.34530408 0.28455575 0.25133616 0.38526238  0.44920096 0.58067364 0.66948022 0.16791356
0.46291186 0.57704935 0.0584617  0.52475566 0.56368862 0.26809697  0.67967386 0.2102881  0.39524709 0.31380197 0.2979632  0.46362754  0.44747429 0.55216025 0.57576359 0.17479993
0.31485469 0.5767507  0.13460803 0.48017071 0.50174292 0.16598611  0.6247265  0.31178605 0.23692942 0.40853542 0.1851158  0.51632158  0.50396518 0.41691961 0.51228427 0.42068625
0.2094585  0.51892571 0.19834225 0.46942086 0.46281889 0.24385943  0.62939558 0.34486807 0.17628837 0.41652719 0.1987972  0.50051253  0.45248785 0.27493803 0.34193721 0.45204849
0.1062998  0.44031098 0.27212109 0.40107468 0.40898124 0.32900978  0.65621535 0.40931053 0.19487262 0.43026155 0.22361334 0.503628  0.47521288 0.30442735 0.32817201 0.52420776
0.07057186 0.4363202  0.29688016 0.44476643 0.38823898 0.36908819  0.52491791 0.46269653 0.31979163 0.40788175 0.2630435  0.48417518  0.57287142 0.33420379 0.33510928 0.53324894
0.03530472 0.41371177 0.32449245 0.44717499 0.36543573 0.42942868  0.4584486  0.49182641 0.42935187 0.38251683 0.3665383  0.45119726  0.57400726 0.38653202 0.39012683 0.47468522
0.01790387 0.3898545  0.33817562 0.42642862 0.35681041 0.46717525  0.46152885 0.47694295 0.46991849 0.39350101 0.41724602 0.4497633  0.51968443 0.43336993 0.49846349 0.44236435
0.00039479 0.36283831 0.35232302 0.39930133 0.34523319 0.50234819  0.48417291 0.45702496 0.47508945 0.39693445 0.45000532 0.44589633  0.47476172 0.42761975 0.50206904 0.41641874
0.00039479 0.36283831 0.35232302 0.39930133 0.34523319 0.50234819  0.48417291 0.45702496 0.47508945 0.39693445 0.45000532 0.44589633  0.47476172 0.42761975 0.50206904 0.41641874
0.00039479 0.36283831 0.35232302 0.39930133 0.34523319 0.50234819  0.48417291 0.45702496 0.47508945 0.39693445 0.45000532 0.44589633  0.47476172 0.42761975 0.50206904 0.41641874
0.00039479 0.36283831 0.35232302 0.39930133 0.34523319 0.50234819  0.48417291 0.45702496 0.47508945 0.39693445 0.45000532 0.44589633  0.47476172 0.42761975 0.50206904 0.41641874
0.00039479 0.36283831 0.35232302 0.39930133 0.34523319 0.50234819  0.48417291 0.45702496 0.47508945 0.39693445 0.45000532 0.44589633  0.47476172 0.42761975 0.50206904 0.41641874
0.00039479 0.36283831 0.35232302 0.39930133 0.34523319 0.50234819  0.48417291 0.45702496 0.47508945 0.39693445 0.45000532 0.44589633  0.47476172 0.42761975 0.50206904 0.41641874
0.00039479 0.36283831 0.35232302 0.39930133 0.34523319 0.50234819  0.48417291 0.45702496 0.47508945 0.39693445 0.45000532 0.44589633  0.47476172 0.42761975 0.50206904 0.41641874
0.00039479 0.36283831 0.35232302 0.39930133 0.34523319 0.50234819  0.48417291 0.45702496 0.47508945 0.39693445 0.45000532 0.44589633  0.47476172 0.42761975 0.50206904 0.41641874
0.00039479 0.36283831 0.35232302 0.39930133 0.34523319 0.50234819  0.48417291 0.45702496 0.47508945 0.39693445 0.45000532 0.44589633  0.47476172 0.42761975 0.50206904 0.41641874
0.00039479 0.36283831 0.35232302 0.39930133 0.34523319 0.50234819  0.48417291 0.45702496 0.47508945 0.39693445 0.45000532 0.44589633  0.47476172 0.42761975 0.50206904 0.41641874
0.00039479 0.36283831 0.35232302 0.39930133 0.34523319 0.50234819  0.48417291 0.45702496 0.47508945 0.39693445 0.45000532 0.44589633  0.47476172 0.42761975 0.50206904 0.41641874
0.00039479 0.36283831 0.35232302 0.39930133 0.34523319 0.50234819  0.48417291 0.45702496 0.47508945 0.39693445 0.45000532 0.44589633  0.47476172 0.42761975 0.50206904 0.41641874
0.00039479 0.36283831 0.35232302 0.39930133 0.34523319 0.50234819  0.48417291 0.45702496 0.47508945 0.39693445 0.45000532 0.44589633  0.47476172 0.42761975 0.50206904 0.41641874
0.00039479 0.36283831 0.35232302 0.39930133 0.34523319 0.50234819  0.48417291 0.45702496 0.47508945 0.39693445 0.45000532 0.44589633  0.47476172 0.42761975 0.50206904 0.41641874
0.00039479 0.36283831 0.35232302 0.39930133 0.34523319 0.50234819  0.48417291 0.45702496 0.47508945 0.39693445 0.45000532 0.44589633  0.47476172 0.42761975 0.50206904 0.41641874
0.00039479 0.36283831 0.35232302 0.39930133 0.34523319 0.50234819  0.48417291 0.45702496 0.47508945 0.39693445 0.45000532 0.44589633  0.47476172 0.42761975 0.50206904 0.41641874
