0.00039479 0.36283831 0.35232302 0.39930133 0.34523319 0.50234819  0.48417291 0.45702496 0.47508945 0.39693445 0.45000532 0.44589633  0.47476172 0.42761975 0.50206904 0.41641874
0.00039479 0.36283831 0.35232302 0.39930133 0.34523319 0.50234819  0.48417291 0.45702496 0.47508945 0.39693445 0.45000532 0.44589633  0.47476172 0.42761975 0.50206904 0.41641874
0.00039479 0.36283831 0.35232302 0.39930133 0.34523319 0.50234819  0.48417291 0.45702496 0.47508945 0.39693445 0.45000532 0.44589633  0.47476172 0.42761975 0.50206904 0.41641874
0.00039479 0.36283831 0.35232302 0.39930133 0.34523319 0.50234819  0.48417291 0.45702496 0.47508945 0.39693445 0.45000532 0.44589633  0.47476172 0.42761975 0.50206904 0.41641874
0.00039479 0.36283831 0.35232302 0.39930133 0.34523319 0.50234819  0.48417291 0.45702496 0.47508945 0.39693445 0.45000532 0.44589633  0.47476172 0.42761975 0.50206904 0.41641874
0.00039479 0.36283831 0.35232302 0.39930133 0.34523319 0.50234819  0.48417291 0.45702496 0.47508945 0.39693445 0.45000532 0.44589633  0.47476172 0.42761975 0.50206904 0.41641874
0.00039479 0.36283831 0.35232302 0.39930133 0.34523319 0.50234819  0.48417291 0.45702496 0.47508945 0.39693445 0.45000532 0.44589633  0.47476172 0.42761975 0.50206904 0.41641874
0.00039479 0.36283831 0.35232302 0.39930133 0.34523319 0.50234819  0.48417291 0.45702496 0.47508945 0.39693445 0.45000532 0.44589633  0.47476172 0.42761975 0.50206904 0.41641874
0.00039479 0.36283831 0.35232302 0.39930133 0.34523319 0.50234819  0.48417291 0.45702496 0.47508945 0.39693445 0.45000532 0.44589633  0.47476172 0.42761975 0.50206904 0.41641874
0.00039479 0.36283831 0.35232302 0.39930133 0.34523319 0.50234819  0.48417291 0.45702496 0.47508945 0.39693445 0.45000532 0.44589633  0.47476172 0.42761975 0.50206904 0.41641874
0.00039479 0.36283831 0.35232302 0.39930133 0.34523319 0.50234819  0.48417291 0.45702496 0.47508945 0.39693445 0.45000532 0.44589633  0.47476172 0.42761975 0.50206904 0.41641874
0.00039479 0.36283831 0.35232302 0.39930133 0.34523319 0.50234819  0.48417291 0.45702496 0.47508945 0.39693445 0.45000532 0.44589633  0.47476172 0.42761975 0.50206904 0.41641874
0.00039479 0.36283831 0.35232302 0.39930133 0.34523319 0.50234819  0.48417291 0.45702496 0.47508945 0.39693445 0.45000532 0.44589633  0.47476172 0.42761975 0.50206904 0.41641874
0.00039479 0.36283831 0.35232302 0.39930133 0.34523319 0.50234819  0.48417291 0.45702496 0.47508945 0.39693445 0.45000532 0.44589633  0.47476172 0.42761975 0.50206904 0.41641874
0.00039479 0.36283831 0.35232302 0.39930133 0.34523319 0.50234819  0.48417291 0.45702496 0.47508945 0.39693445 0.45000532 0.44589633  0.47476172 0.42761975 0.50206904 0.41641874
0.00039479 0.36283831 0.35232302 0.39930133 0.34523319 0.50234819  0.48417291 0.45702496 0.47508945 0.39693445 0.45000532 0.44589633  0.47476172 0.42761975 0.50206904 0.41641874
0.00039479 0.36283831 0.35232302 0.39930133 0.34523319 0.50234819  0.48417291 0.45702496 0.47508945 0.39693445 0.45000532 0.44589633  0.47476172 0.42761975 0.50206904 0.41641874
0.00039479 0.36283831 0.35232302 0.39930133 0.34523319 0.50234819  0.48417291 0.45702496 0.47508945 0.39693445 0.45000532 0.44589633  0.47476172 0.42761975 0.50206904 0.41641874
0.00039479 0.36283831 0.35232302 0.39930133 0.34523319 0.50234819  0.48417291 0.45702496 0.47508945 0.39693445 0.45000532 0.44589633  0.47476172 0.42761975 0.50206904 0.41641874
0.00039479 0.36283831 0.35232302 0.39930133 0.34523319 0.50234819  0.48417291 0.45702496 0.47508945 0.39693445 0.45000532 0.44589633  0.47476172 0.42761975 0.50206904 0.41641874
0.00039479 0.36283831 0.35232302 0.39930133 0.34523319 0.50234819  0.48417291 0.45702496 0.47508945 0.39693445 0.45000532 0.44589633  0.47476172 0.42761975 0.50206904 0.41641874
0.00039479 0.36283831 0.35232302 0.39930133 0.34523319 0.50234819  0.48417291 0.45702496 0.47508945 0.39693445 0.45000532 0.44589633  0.47476172 0.42761975 0.50206904 0.41641874
0.00039479 0.36283831 0.35232302 0.39930133 0.34523319 0.50234819  0.48417291 0.45702496 0.47508945 0.39693445 0.45000532 0.44589633  0.47476172 0.42761975 0.50206904 0.41641874
0.00039479 0.36283831 0.35232302 0.39930133 0.34523319 0.50234819  0.48417291 0.45702496 0.47508945 0.39693445 0.45000532 0.44589633  0.47476172 0.42761975 0.50206904 0.41641874
0.00039479 0.36283831 0.35232302 0.39930133 0.34523319 0.50234819  0.48417291 0.45702496 0.47508945 0.39693445 0.45000532 0.44589633  0.47476172 0.42761975 0.50206904 0.41641874
0.00039479 0.36283831 0.35232302 0.39930133 0.34523319 0.50234819  0.48417291 0.45702496 0.47508945 0.39693445 0.45000532 0.44589633  0.47476172 0.42761975 0.50206904 0.41641874
0.00039479 0.36283831 0.35232302 0.39930133 0.34523319 0.50234819  0.48417291 0.45702496 0.47508945 0.39693445 0.45000532 0.44589633  0.47476172 0.42761975 0.50206904 0.41641874
0.00039479 0.36283831 0.35232302 0.39930133 0.34523319 0.50234819  0.48417291 0.45702496 0.47508945 0.39693445 0.45000532 0.44589633  0.47476172 0.42761975 0.50206904 0.41641874
0.00039479 0.36283831 0.35232302 0.39930133 0.34523319 0.50234819  0.48417291 0.45702496 0.47508945 0.39693445 0.45000532 0.44589633  0.47476172 0.42761975 0.50206904 0.41641874
0.00039479 0.36283831 0.35232302 0.39930133 0.34523319 0.50234819  0.48417291 0.45702496 0.47508945 0.39693445 0.45000532 0.44589633  0.47476172 0.42761975 0.50206904 0.41641874
0.00039479 0.36283831 0.35232302 0.39930133 0.34523319 0.50234819  0.48417291 0.45702496 0.47508945 0.39693445 0.45000532 0.44589633  0.47476172 0.42761975 0.50206904 0.41641874
0.00039479 0.36283831 0.35232302 0.39930133 0.34523319 0.50234819  0.48417291 0.45702496 0.47508945 0.39693445 0.45000532 0.44589633  0.47476172 0.42761975 0.50206904 0.41641874
0.00039479 0.36283831 0.35232302 0.39930133 0.34523319 0.50234819  0.48417291 0.45702496 0.47508945 0.39693445 0.45000532 0.44589633  0.47476172 0.42761975 0.50206904 0.41641874
0.00039479 0.36283831 0.35232302 0.39930133 0.34523319 0.50234819  0.48417291 0.45702496 0.47508945 0.39693445 0.45000532 0.44589633  0.47476172 0.42761975 0.50206904 0.41641874
0.00039479 0.36283831 0.35232302 0.39930133 0.34523319 0.50234819  0.48417291 0.45702496 0.47508945 0.39693445 0.45000532 0.44589633  0.47476172 0.42761975 0.50206904 0.41641874
0.00039479 0.36283831 0.35232302 0.39930133 0.34523319 0.50234819  0.48417291 0.45702496 0.47508945 0.39693445 0.45000532 0.44589633  0.47476172 0.42761975 0.50206904 0.41641874
0.00039479 0.36283831 0.35232302 0.39930133 0.34523319 0.50234819  0.48417291 0.45702496 0.47508945 0.39693445 0.45000532 0.44589633  0.47476172 0.42761975 0.50206904 0.41641874
0.00039479 0.36283831 0.35232302 0.39930133 0.34523319 0.50234819  0.48417291 0.45702496 0.47508945 0.39693445 0.45000532 0.44589633  0.47476172 0.42761975 0.50206904 0.41641874
0.00039479 0.36283831 0.35232302 0.39930133 0.34523319 0.50234819  0.48417291 0.45702496 0.47508945 0.39693445 0.45000532 0.44589633  0.47476172 0.42761975 0.50206904 0.41641874
0.00039479 0.36283831 0.35232302 0.39930133 0.34523319 0.50234819  0.48417291 0.45702496 0.47508945 0.39693445 0.45000532 0.44589633  0.47476172 0.42761975 0.50206904 0.41641874
0.00039479 0.36283831 0.35232302 0.39930133 0.34523319 0.50234819  0.48417291 0.45702496 0.47508945 0.39693445 0.45000532 0.44589633  0.47476172 0.42761975 0.50206904 0.41641874
0.00039479 0.36283831 0.35232302 0.39930133 0.34523319 0.50234819  0.48417291 0.45702496 0.47508945 0.39693445 0.45000532 0.44589633  0.47476172 0.42761975 0.50206904 0.41641874
0.00039479 0.36283831 0.35232302 0.39930133 0.34523319 0.50234819  0.48417291 0.45702496 0.47508945 0.39693445 0.45000532 0.44589633  0.47476172 0.42761975 0.50206904 0.41641874
0.01790387 0.3898545  0.33817562 0.42642862 0.35681041 0.46717525  0.46152885 0.47694295 0.46991849 0.39350101 0.41724602 0.4497633  0.51968443 0.43336993 0.49846349 0.44236435
0.19808115 0.62904498 0.20855018 0.60662209 0.42993296 0.25866173  0.38291539 0.54712922 0.39426816 0.372815   0.31200779 0.45876408  0.5623284  0.39174281 0.40489449 0.46057777
0.45773255 0.79466301 0.12614067 0.49517953 0.32098965 0.64059953  0.54657963 0.35357301 0.44897566 0.46917297 0.49287735 0.46452233  0.3780404  0.29332817 0.3374333  0.48366784
0.61149599 0.69787075 0.12383057 0.26849627 0.29135193 0.66402092  0.61073893 0.51537532 0.40382958 0.45084168 0.32846237 0.48758023  0.60024335 0.44423455 0.48129662 0.51076684
0.70421901 0.53436003 0.13006812 0.12293986 0.29055871 0.54058988  0.52102226 0.65158865 0.50641804 0.41228063 0.27540387 0.52666723  0.44936597 0.45614944 0.71985051 0.52659316
0.71967093 0.52099502 0.1532082  0.13076093 0.26648521 0.55751601  0.47625283 0.66187709 0.4558594  0.43102097 0.23310094 0.53171735  0.44344248 0.44838812 0.66382713 0.45831389
0.79115275 0.34260838 0.15286352 0.19828991 0.29777387 0.44397759  0.35325443 0.44929646 0.5242056  0.48306303 0.39720617 0.56283348  0.45194457 0.34203147 0.44399327 0.38212809
0.81052511 0.29903371 0.17982761 0.27286382 0.29763934 0.43474991  0.36384153 0.4473223  0.44981292 0.55253118 0.47236143 0.53462565  0.46694644 0.37602181 0.4811161  0.39566635
0.81052511 0.29903371 0.17982761 0.27286382 0.29763934 0.43474991  0.36384153 0.4473223  0.44981292 0.55253118 0.47236143 0.53462565  0.46694644 0.37602181 0.4811161  0.39566635
0.82534365 0.24101173 0.17093251 0.36456715 0.34645811 0.49006217  0.35927359 0.44927802 0.36710933 0.56202182 0.50054889 0.42917218  0.47407033 0.3806184  0.5166314  0.4905054 
0.83310485 0.21090732 0.16360568 0.4080122  0.37321663 0.52410805  0.3523602  0.44353142 0.32352824 0.55617732 0.50055591 0.37329143  0.49103646 0.35825409 0.57256327 0.5105449 
0.83310485 0.21090732 0.16360568 0.4080122  0.37321663 0.52410805  0.3523602  0.44353142 0.32352824 0.55617732 0.50055591 0.37329143  0.49103646 0.35825409 0.57256327 0.5105449 
0.83310485 0.21090732 0.16360568 0.4080122  0.37321663 0.52410805  0.3523602  0.44353142 0.32352824 0.55617732 0.50055591 0.37329143  0.49103646 0.35825409 0.57256327 0.5105449 
0.83310485 0.21090732 0.16360568 0.4080122  0.37321663 0.52410805  0.3523602  0.44353142 0.32352824 0.55617732 0.50055591 0.37329143  0.49103646 0.35825409 0.57256327 0.5105449 
0.83310485 0.21090732 0.16360568 0.4080122  0.37321663 0.52410805  0.3523602  0.44353142 0.32352824 0.55617732 0.50055591 0.37329143  0.49103646 0.35825409 0.57256327 0.5105449 
0.83310485 0.21090732 0.16360568 0.4080122  0.37321663 0.52410805  0.3523602  0.44353142 0.32352824 0.55617732 0.50055591 0.37329143  0.49103646 0.35825409 0.57256327 0.5105449 
0.83310485 0.21090732 0.16360568 0.4080122  0.37321663 0.52410805  0.3523602  0.44353142 0.32352824 0.55617732 0.50055591 0.37329143  0.49103646 0.35825409 0.57256327 0.5105449 
0.84448503 0.20591568 0.19809589 0.43478632 0.34286466 0.5086577  0.35251841 0.42910058 0.28833561 0.5765449  0.54162413 0.4075562  0.53735883 0.4129811  0.54758132 0.47529633
0.84448503 0.20591568 0.19809589 0.43478632 0.34286466 0.5086577  0.35251841 0.42910058 0.28833561 0.5765449  0.54162413 0.4075562  0.53735883 0.4129811  0.54758132 0.47529633
0.84448503 0.20591568 0.19809589 0.43478632 0.34286466 0.5086577  0.35251841 0.42910058 0.28833561 0.5765449  0.54162413 0.4075562  0.53735883 0.4129811  0.54758132 0.47529633
0.84549689 0.20739118 0.19809761 0.43191152 0.34226723 0.5087854  0.35142761 0.43067269 0.28760368 0.57572305 0.53524194 0.42596985  0.50444079 0.43501695 0.5223496  0.53257812
0.84549689 0.20739118 0.19809761 0.43191152 0.34226723 0.5087854  0.35142761 0.43067269 0.28760368 0.57572305 0.53524194 0.42596985  0.50444079 0.43501695 0.5223496  0.53257812
0.83828973 0.23555556 0.20088028 0.38480488 0.31862839 0.48313402  0.34914047 0.42866729 0.32137601 0.56075177 0.52118695 0.47743099  0.51018712 0.40818998 0.52576412 0.4648698 
0.84743742 0.24104814 0.23815457 0.40257063 0.29527481 0.47241007  0.34918583 0.40089223 0.31171246 0.53287782 0.53773874 0.49177889  0.54663638 0.45284636 0.49527865 0.48243938
0.84743742 0.24104814 0.23815457 0.40257063 0.29527481 0.47241007  0.34918583 0.40089223 0.31171246 0.53287782 0.53773874 0.49177889  0.54663638 0.45284636 0.49527865 0.48243938
0.84743742 0.24104814 0.23815457 0.40257063 0.29527481 0.47241007  0.34918583 0.40089223 0.31171246 0.53287782 0.53773874 0.49177889  0.54663638 0.45284636 0.49527865 0.48243938
0.84743742 0.24104814 0.23815457 0.40257063 0.29527481 0.47241007  0.34918583 0.40089223 0.31171246 0.53287782 0.53773874 0.49177889  0.54663638 0.45284636 0.49527865 0.48243938
0.84743742 0.24104814 0.23815457 0.40257063 0.29527481 0.47241007  0.34918583 0.40089223 0.31171246 0.53287782 0.53773874 0.49177889  0.54663638 0.45284636 0.49527865 0.48243938
0.84549689 0.20739118 0.19809761 0.43191152 0.34226723 0.5087854  0.35142761 0.43067269 0.28760368 0.57572305 0.53524194 0.42596985  0.50444079 0.43501695 0.5223496  0.53257812
0.84448503 0.20591568 0.19809589 0.43478632 0.34286466 0.5086577  0.35251841 0.42910058 0.28833561 0.5765449  0.54162413 0.4075562  0.53735883 0.4129811  0.54758132 0.47529633
0.84448503 0.20591568 0.19809589 0.43478632 0.34286466 0.5086577  0.35251841 0.42910058 0.28833561 0.5765449  0.54162413 0.4075562  0.53735883 0.4129811  0.54758132 0.47529633
0.84448503 0.20591568 0.19809589 0.43478632 0.34286466 0.5086577  0.35251841 0.42910058 0.28833561 0.5765449  0.54162413 0.4075562  0.53735883 0.4129811  0.54758132 0.47529633
0.85658094 0.1979027  0.23044204 0.46475213 0.31945891 0.50407366  0.34603793 0.41398257 0.23841434 0.58103488 0.56582696 0.42488599  0.60067078 0.43420366 0.5516211  0.39637713
0.85658094 0.1979027  0.23044204 0.46475213 0.31945891 0.50407366  0.34603793 0.41398257 0.23841434 0.58103488 0.56582696 0.42488599  0.60067078 0.43420366 0.5516211  0.39637713
0.86148231 0.17655275 0.22650901 0.51146462 0.34408092 0.54080549  0.36818531 0.43648414 0.22393958 0.56766    0.54625589 0.40830692  0.60262191 0.44628839 0.59312452 0.38044992
0.86717626 0.15307531 0.22027315 0.55645352 0.37380676 0.58049126  0.38553488 0.44810412 0.20719286 0.55196308 0.51741012 0.37296653  0.6092621  0.4510451  0.65812328 0.36511818
0.86717626 0.15307531 0.22027315 0.55645352 0.37380676 0.58049126  0.38553488 0.44810412 0.20719286 0.55196308 0.51741012 0.37296653  0.6092621  0.4510451  0.65812328 0.36511818
0.86717626 0.15307531 0.22027315 0.55645352 0.37380676 0.58049126  0.38553488 0.44810412 0.20719286 0.55196308 0.51741012 0.37296653  0.6092621  0.4510451  0.65812328 0.36511818
0.86717626 0.15307531 0.22027315 0.55645352 0.37380676 0.58049126  0.38553488 0.44810412 0.20719286 0.55196308 0.51741012 0.37296653  0.6092621  0.4510451  0.65812328 0.36511818
0.86717626 0.15307531 0.22027315 0.55645352 0.37380676 0.58049126  0.38553488 0.44810412 0.20719286 0.55196308 0.51741012 0.37296653  0.6092621  0.4510451  0.65812328 0.36511818
0.86717626 0.15307531 0.22027315 0.55645352 0.37380676 0.58049126  0.38553488 0.44810412 0.20719286 0.55196308 0.51741012 0.37296653  0.6092621  0.4510451  0.65812328 0.36511818
0.85579608 0.15806695 0.18578294 0.52967939 0.40415874 0.59594161  0.38537667 0.46253495 0.24238549 0.5315955  0.47634189 0.33870176  0.56293974 0.39631809 0.68310523 0.40036675
0.85818003 0.14689653 0.18545323 0.56325634 0.41724899 0.61662252  0.41865314 0.48871581 0.26714905 0.51501098 0.45279022 0.37597966  0.54804692 0.41491534 0.65794349 0.36379154
0.85818003 0.14689653 0.18545323 0.56325634 0.41724899 0.61662252  0.41865314 0.48871581 0.26714905 0.51501098 0.45279022 0.37597966  0.54804692 0.41491534 0.65794349 0.36379154
0.85818003 0.14689653 0.18545323 0.56325634 0.41724899 0.61662252  0.41865314 0.48871581 0.26714905 0.51501098 0.45279022 0.37597966  0.54804692 0.41491534 0.65794349 0.36379154
0.85818003 0.14689653 0.18545323 0.56325634 0.41724899 0.61662252  0.41865314 0.48871581 0.26714905 0.51501098 0.45279022 0.37597966  0.54804692 0.41491534 0.65794349 0.36379154
0.84608412 0.15490951 0.15310708 0.53329053 0.44065474 0.62120657  0.42513363 0.50383383 0.31707033 0.510521   0.42858739 0.35864987  0.48473496 0.39369278 0.65390372 0.44271074
0.84608412 0.15490951 0.15310708 0.53329053 0.44065474 0.62120657  0.42513363 0.50383383 0.31707033 0.510521   0.42858739 0.35864987  0.48473496 0.39369278 0.65390372 0.44271074
0.84608412 0.15490951 0.15310708 0.53329053 0.44065474 0.62120657  0.42513363 0.50383383 0.31707033 0.510521   0.42858739 0.35864987  0.48473496 0.39369278 0.65390372 0.44271074
0.84608412 0.15490951 0.15310708 0.53329053 0.44065474 0.62120657  0.42513363 0.50383383 0.31707033 0.510521   0.42858739 0.35864987  0.48473496 0.39369278 0.65390372 0.44271074
0.82538431 0.19491492 0.11835221 0.47003819 0.48171973 0.66668642  0.41743583 0.49410801 0.35917789 0.40644294 0.28492256 0.2982213  0.48818379 0.33732547 0.68706753 0.39680635
0.82538431 0.19491492 0.11835221 0.47003819 0.48171973 0.66668642  0.41743583 0.49410801 0.35917789 0.40644294 0.28492256 0.2982213  0.48818379 0.33732547 0.68706753 0.39680635
0.82538431 0.19491492 0.11835221 0.47003819 0.48171973 0.66668642  0.41743583 0.49410801 0.35917789 0.40644294 0.28492256 0.2982213  0.48818379 0.33732547 0.68706753 0.39680635
0.82538431 0.19491492 0.11835221 0.47003819 0.48171973 0.66668642  0.41743583 0.49410801 0.35917789 0.40644294 0.28492256 0.2982213  0.48818379 0.33732547 0.68706753 0.39680635
0.81145427 0.22013817 0.09011951 0.40819653 0.48905456 0.67078211  0.3709571  0.46369673 0.36931387 0.36941263 0.27013284 0.2402402  0.48310058 0.30982634 0.65224962 0.50190921
0.81145427 0.22013817 0.09011951 0.40819653 0.48905456 0.67078211  0.3709571  0.46369673 0.36931387 0.36941263 0.27013284 0.2402402  0.48310058 0.30982634 0.65224962 0.50190921
0.79600235 0.23350319 0.06697943 0.40037547 0.51312806 0.65385598  0.41572653 0.45340828 0.41987252 0.35067229 0.31243578 0.23519009  0.48902407 0.31758766 0.70827301 0.57018847
0.70047573 0.38993617 0.0172562  0.39001217 0.55342025 0.57667123  0.57416299 0.22716594 0.56695412 0.26396934 0.47401428 0.29486257  0.67721833 0.44218572 0.72214975 0.42209274
0.70047573 0.38993617 0.0172562  0.39001217 0.55342025 0.57667123  0.57416299 0.22716594 0.56695412 0.26396934 0.47401428 0.29486257  0.67721833 0.44218572 0.72214975 0.42209274
0.68796296 0.4411437  0.02730166 0.29870298 0.5036183  0.51027852  0.5588707  0.20471405 0.63036014 0.28282486 0.47945289 0.36543398  0.66239699 0.45233136 0.6417165  0.41088921
0.51237379 0.662456   0.0577088  0.41811015 0.46731224 0.3582692  0.63805373 0.19564176 0.45364423 0.40918911 0.43920851 0.4808927  0.43166748 0.451266   0.65239542 0.31674728
0.26974123 0.65437309 0.15819066 0.54995129 0.46969178 0.18165384  0.5824102  0.47273892 0.20726515 0.40844773 0.25536764 0.49170491  0.44169077 0.35906136 0.42031708 0.45878319
0.10557724 0.49067152 0.26906522 0.49887986 0.41115523 0.30637833  0.47319166 0.50257024 0.33030166 0.40352897 0.22005928 0.49069071  0.64587596 0.36999705 0.37968525 0.56899921
0.01779563 0.38669558 0.33863985 0.42004769 0.35385851 0.46460162  0.48109267 0.47190843 0.43452283 0.38595027 0.3992976  0.44733029  0.52908455 0.38078184 0.39373238 0.44873962
0.00039479 0.36283831 0.35232302 0.39930133 0.34523319 0.50234819  0.48417291 0.45702496 0.47508945 0.39693445 0.45000532 0.44589633  0.47476172 0.42761975 0.50206904 0.41641874
0.00039479 0.36283831 0.35232302 0.39930133 0.34523319 0.50234819  0.48417291 0.45702496 0.47508945 0.39693445 0.45000532 0.44589633  0.47476172 0.42761975 0.50206904 0.41641874
0.00039479 0.36283831 0.35232302 0.39930133 0.34523319 0.50234819  0.48417291 0.45702496 0.47508945 0.39693445 0.45000532 0.44589633  0.47476172 0.42761975 0.50206904 0.41641874
0.00039479 0.36283831 0.35232302 0.39930133 0.34523319 0.50234819  0.48417291 0.45702496 0.47508945 0.39693445 0.45000532 0.44589633  0.47476172 0.42761975 0.50206904 0.41641874
0.00039479 0.36283831 0.35232302 0.39930133 0.34523319 0.50234819  0.48417291 0.45702496 0.47508945 0.39693445 0.45000532 0.44589633  0.47476172 0.42761975 0.50206904 0.41641874
0.00039479 0.36283831 0.35232302 0.39930133 0.34523319 0.50234819  0.48417291 0.45702496 0.47508945 0.39693445 0.45000532 0.44589633  0.47476172 0.42761975 0.50206904 0.41641874
0.00039479 0.36283831 0.35232302 0.39930133 0.34523319 0.50234819  0.48417291 0.45702496 0.47508945 0.39693445 0.45000532 0.44589633  0.47476172 0.42761975 0.50206904 0.41641874
0.00039479 0.36283831 0.35232302 0.39930133 0.34523319 0.50234819  0.48417291 0.45702496 0.47508945 0.39693445 0.45000532 0.44589633  0.47476172 0.42761975 0.50206904 0.41641874
0.00039479 0.36283831 0.35232302 0.39930133 0.34523319 0.50234819  0.48417291 0.45702496 0.47508945 0.39693445 0.45000532 0.44589633  0.47476172 0.42761975 0.50206904 0.41641874
0.00039479 0.36283831 0.35232302 0.39930133 0.34523319 0.50234819  0.48417291 0.45702496 0.47508945 0.39693445 0.45000532 0.44589633  0.47476172 0.42761975 0.50206904 0.41641874
0.01804755 0.39018449 0.33830903 0.42636341 0.35641219 0.47112218  0.45911565 0.47626972 0.47899245 0.39487759 0.42806648 0.44912887  0.50987727 0.441117   0.51788115 0.43356859
0.29286679 0.72820656 0.17320578 0.62748762 0.39012107 0.41434449  0.31114705 0.53177792 0.62967212 0.38067256 0.57393425 0.42441708  0.49125331 0.50534801 0.63002896 0.35002077
0.4535009  0.71125583 0.13554121 0.40835721 0.36828735 0.46919732  0.4926483  0.71386315 0.62361424 0.24065944 0.77692512 0.33466062  0.65335447 0.46895339 0.52307436 0.35726853
0.47110048 0.69951988 0.12848096 0.36516653 0.37858455 0.4560026  0.55157059 0.72130522 0.61018655 0.22930565 0.79349911 0.32817326  0.70027299 0.50769467 0.58303888 0.35224239
0.50424204 0.66801738 0.12863581 0.32123705 0.36325215 0.48511025  0.52415402 0.70984639 0.66504551 0.21090134 0.77096183 0.33650323  0.76428404 0.54154212 0.52503424 0.38948318
0.54780127 0.5800493  0.13567686 0.27901684 0.36427351 0.43041457  0.43538279 0.82872529 0.68374993 0.20823523 0.80299198 0.32901645  0.59698104 0.39567803 0.50420169 0.37653184
0.56632043 0.59456948 0.13279392 0.27981798 0.34688438 0.48993894  0.42093388 0.78890901 0.71278216 0.25357516 0.78115466 0.35346082  0.55244099 0.38947214 0.5588262  0.41581607
0.54468142 0.62210976 0.17081595 0.37496337 0.28264339 0.52014411  0.3981193  0.85789893 0.63311402 0.39355207 0.77377933 0.41807181  0.42030176 0.31649793 0.61077329 0.5104993 
0.55365526 0.63713178 0.1775192  0.3207045  0.26765175 0.584752  0.34973297 0.8802489  0.60755474 0.34098134 0.59323975 0.39391633  0.45348848 0.28377687 0.60579592 0.42790401
0.53686457 0.65834566 0.18123193 0.36364547 0.26107091 0.60122926  0.33002663 0.83927422 0.58393105 0.36273988 0.57490363 0.3984814  0.39545922 0.25269463 0.53697477 0.41386733
0.4719928  0.72935668 0.17049222 0.43942229 0.28523244 0.64830005  0.34942481 0.70015857 0.63583555 0.35859182 0.57130953 0.39409985  0.6971798  0.42596429 0.42807489 0.465131  
0.40250771 0.77575836 0.1562518  0.56024479 0.32217052 0.59807749  0.31573344 0.55783924 0.68516068 0.39065039 0.59346194 0.41538811  0.62289924 0.43019647 0.46951571 0.46648471
0.27259032 0.72536699 0.17075042 0.66514703 0.4173049  0.3237552  0.27946398 0.56658834 0.59453782 0.38076513 0.4916708  0.43588699  0.51832521 0.49752413 0.60931936 0.38592222
0.21623457 0.66850952 0.19464458 0.65673355 0.43804207 0.23751713  0.28996202 0.60532266 0.50420728 0.35359983 0.36349489 0.44466976  0.66187085 0.49348998 0.53524902 0.43385105
0.16159344 0.59207202 0.23348338 0.5961993  0.41763462 0.28933245  0.33322785 0.58036852 0.48980715 0.35486149 0.36568515 0.4425409  0.66847339 0.48360065 0.50303796 0.4387709 
0.08955802 0.48943275 0.2852851  0.50939099 0.38855618 0.36269398  0.41479744 0.52861314 0.43095632 0.36420449 0.35283604 0.44740841  0.62777262 0.40480766 0.38592095 0.45501936
0.0177474  0.38984345 0.33852207 0.42635267 0.35697043 0.47086435  0.45750391 0.47765391 0.48169648 0.39463854 0.42895995 0.44917931  0.51265071 0.44991576 0.53083289 0.43501917
0.00039479 0.36283831 0.35232302 0.39930133 0.34523319 0.50234819  0.48417291 0.45702496 0.47508945 0.39693445 0.45000532 0.44589633  0.47476172 0.42761975 0.50206904 0.41641874
0.00039479 0.36283831 0.35232302 0.39930133 0.34523319 0.50234819  0.48417291 0.45702496 0.47508945 0.39693445 0.45000532 0.44589633  0.47476172 0.42761975 0.50206904 0.41641874
0.00039479 0.36283831 0.35232302 0.39930133 0.34523319 0.50234819  0.48417291 0.45702496 0.47508945 0.39693445 0.45000532 0.44589633  0.47476172 0.42761975 0.50206904 0.41641874
0.00039479 0.36283831 0.35232302 0.39930133 0.34523319 0.50234819  0.48417291 0.45702496 0.47508945 0.39693445 0.45000532 0.44589633  0.47476172 0.42761975 0.50206904 0.41641874
0.00039479 0.36283831 0.35232302 0.39930133 0.34523319 0.50234819  0.48417291 0.45702496 0.47508945 0.39693445 0.45000532 0.44589633  0.47476172 0.42761975 0.50206904 0.41641874
0.00039479 0.36283831 0.35232302 0.39930133 0.34523319 0.50234819  0.48417291 0.45702496 0.47508945 0.39693445 0.45000532 0.44589633  0.47476172 0.42761975 0.50206904 0.41641874
0.00039479 0.36283831 0.35232302 0.39930133 0.34523319 0.50234819  0.48417291 0.45702496 0.47508945 0.39693445 0.45000532 0.44589633  0.47476172 0.42761975 0.50206904 0.41641874
0.00039479 0.36283831 0.35232302 0.39930133 0.34523319 0.50234819  0.48417291 0.45702496 0.47508945 0.39693445 0.45000532 0.44589633  0.47476172 0.42761975 0.50206904 0.41641874
0.00039479 0.36283831 0.35232302 0.39930133 0.34523319 0.50234819  0.48417291 0.45702496 0.47508945 0.39693445 0.45000532 0.44589633  0.47476172 0.42761975 0.50206904 0.41641874
0.00039479 0.36283831 0.35232302 0.39930133 0.34523319 0.50234819  0.48417291 0.45702496 0.47508945 0.39693445 0.45000532 0.44589633  0.47476172 0.42761975 0.50206904 0.41641874
0.00039479 0.36283831 0.35232302 0.39930133 0.34523319 0.50234819  0.48417291 0.45702496 0.47508945 0.39693445 0.45000532 0.44589633  0.47476172 0.42761975 0.50206904 0.41641874
0.00039479 0.36283831 0.35232302 0.39930133 0.34523319 0.50234819  0.48417291 0.45702496 0.47508945 0.39693445 0.45000532 0.44589633  0.47476172 0.42761975 0.50206904 0.41641874
0.03525649 0.41685964 0.32437467 0.45347996 0.36854765 0.43569141  0.43485985 0.4975719  0.47652552 0.39120509 0.39620065 0.45304628  0.55757342 0.45566594 0.52722734 0.46096477
0.23522731 0.67658974 0.1846516  0.63450118 0.43691746 0.24884464  0.3714948  0.54572423 0.41400979 0.37009156 0.36052111 0.45060427  0.50460974 0.4025356  0.43436807 0.41179406
0.49283048 0.79033472 0.12122376 0.45913219 0.31829889 0.6374182  0.51795661 0.47227375 0.50763738 0.43548215 0.52043559 0.44753032  0.50702983 0.36691834 0.43480441 0.50639366
0.54644978 0.77232352 0.09582484 0.34712351 0.34185412 0.61325183  0.71214736 0.45680348 0.41778916 0.41562658 0.56980044 0.43204295  0.55008453 0.4215556  0.49818758 0.48664996
0.62597174 0.65663831 0.10088032 0.21831084 0.33208029 0.58421612  0.6546323  0.4830583  0.48680549 0.42187347 0.38422613 0.49802107  0.63214292 0.57048926 0.63229979 0.53467544
0.67408174 0.58802617 0.11093365 0.14606481 0.31629629 0.5722528  0.58541939 0.54936046 0.5362624  0.3816034  0.31403501 0.51218567  0.65974729 0.5810645  0.63028581 0.54542615
0.71245785 0.48501546 0.0823423  0.14589847 0.37264681 0.52777345  0.49217761 0.34157134 0.62179105 0.35662963 0.27177815 0.50742406  0.6917453  0.48026016 0.53764033 0.45039154
0.66210193 0.53009608 0.04737255 0.20582606 0.43113082 0.46012609  0.58588894 0.21335801 0.66576282 0.3314285  0.4455944  0.48120594  0.65883775 0.53185857 0.61481044 0.43323704
0.66210193 0.53009608 0.04737255 0.20582606 0.43113082 0.46012609  0.58588894 0.21335801 0.66576282 0.3314285  0.4455944  0.48120594  0.65883775 0.53185857 0.61481044 0.43323704
0.63297619 0.59153558 0.05348946 0.24158776 0.41223229 0.50479612  0.63476359 0.20349309 0.60422963 0.37165934 0.41605394 0.49302748  0.68238069 0.59190425 0.62759022 0.45622864
0.50421104 0.72997673 0.07577188 0.41651744 0.41250006 0.42674836  0.67221146 0.26303155 0.45002741 0.42573046 0.4851789  0.48808218  0.3759315  0.54757721 0.59209198 0.38539738
0.32539205 0.72242557 0.12454503 0.58656137 0.47532714 0.18079891  0.55850099 0.47628372 0.26619709 0.39639963 0.35782634 0.47006674  0.37563455 0.40452496 0.48794117 0.36248795
0.12395997 0.51399557 0.25699182 0.51410182 0.41618752 0.29278961  0.46667487 0.50790458 0.33197628 0.39625941 0.23133601 0.48635987  0.64428931 0.37725377 0.38164086 0.54367011
0.01779563 0.38669558 0.33863985 0.42004769 0.35385851 0.46460162  0.48109267 0.47190843 0.43452283 0.38595027 0.3992976  0.44733029  0.52908455 0.38078184 0.39373238 0.44873962
0.00039479 0.36283831 0.35232302 0.39930133 0.34523319 0.50234819  0.48417291 0.45702496 0.47508945 0.39693445 0.45000532 0.44589633  0.47476172 0.42761975 0.50206904 0.41641874
0.00039479 0.36283831 0.35232302 0.39930133 0.34523319 0.50234819  0.48417291 0.45702496 0.47508945 0.39693445 0.45000532 0.44589633  0.47476172 0.42761975 0.50206904 0.41641874
0.00039479 0.36283831 0.35232302 0.39930133 0.34523319 0.50234819  0.48417291 0.45702496 0.47508945 0.39693445 0.45000532 0.44589633  0.47476172 0.42761975 0.50206904 0.41641874
0.00039479 0.36283831 0.35232302 0.39930133 0.34523319 0.50234819  0.48417291 0.45702496 0.47508945 0.39693445 0.45000532 0.44589633  0.47476172 0.42761975 0.50206904 0.41641874
0.00039479 0.36283831 0.35232302 0.39930133 0.34523319 0.50234819  0.48417291 0.45702496 0.47508945 0.39693445 0.45000532 0.44589633  0.47476172 0.42761975 0.50206904 0.41641874
0.00039479 0.36283831 0.35232302 0.39930133 0.34523319 0.50234819  0.48417291 0.45702496 0.47508945 0.39693445 0.45000532 0.44589633  0.47476172 0.42761975 0.50206904 0.41641874
0.00039479 0.36283831 0.35232302 0.39930133 0.34523319 0.50234819  0.48417291 0.45702496 0.47508945 0.39693445 0.45000532 0.44589633  0.47476172 0.42761975 0.50206904 0.41641874
0.00039479 0.36283831 0.35232302 0.39930133 0.34523319 0.50234819  0.48417291 0.45702496 0.47508945 0.39693445 0.45000532 0.44589633  0.47476172 0.42761975 0.50206904 0.41641874
0.00039479 0.36283831 0.35232302 0.39930133 0.34523319 0.50234819  0.48417291 0.45702496 0.47508945 0.39693445 0.45000532 0.44589633  0.47476172 0.42761975 0.50206904 0.41641874
0.00039479 0.36283831 0.35232302 0.39930133 0.34523319 0.50234819  0.48417291 0.45702496 0.47508945 0.39693445 0.45000532 0.44589633  0.47476172 0.42761975 0.50206904 0.41641874
0.00039479 0.36283831 0.35232302 0.39930133 0.34523319 0.50234819  0.48417291 0.45702496 0.47508945 0.39693445 0.45000532 0.44589633  0.47476172 0.42761975 0.50206904 0.41641874
0.00039479 0.36283831 0.35232302 0.39930133 0.34523319 0.50234819  0.48417291 0.45702496 0.47508945 0.39693445 0.45000532 0.44589633  0.47476172 0.42761975 0.50206904 0.41641874
0.00039479 0.36283831 0.35232302 0.39930133 0.34523319 0.50234819  0.48417291 0.45702496 0.47508945 0.39693445 0.45000532 0.44589633  0.47476172 0.42761975 0.50206904 0.41641874
0.00039479 0.36283831 0.35232302 0.39930133 0.34523319 0.50234819  0.48417291 0.45702496 0.47508945 0.39693445 0.45000532 0.44589633  0.47476172 0.42761975 0.50206904 0.41641874
0.00039479 0.36283831 0.35232302 0.39930133 0.34523319 0.50234819  0.48417291 0.45702496 0.47508945 0.39693445 0.45000532 0.44589633  0.47476172 0.42761975 0.50206904 0.41641874
0.07056619 0.46658785 0.29686513 0.497641   0.38628993 0.36623544  0.4176726  0.52862213 0.42125609 0.37222723 0.31790385 0.45546932  0.6533114  0.39647978 0.37779503 0.50586743
0.17942973 0.62032927 0.21894842 0.62384907 0.42876678 0.25692863  0.31361816 0.59421834 0.47465091 0.36125043 0.32139782 0.45373928  0.68833577 0.45784531 0.4789263  0.48600364
0.30910826 0.75802656 0.1509421  0.67541917 0.41736873 0.32753852  0.31307518 0.50236386 0.51461908 0.43792497 0.39228075 0.47987568  0.37939323 0.43843664 0.62909424 0.40870008
0.3468045  0.78215462 0.1349952  0.64789402 0.40857879 0.36978608  0.38267021 0.46830133 0.49698787 0.42483595 0.49581903 0.45264481  0.27730618 0.40630613 0.55843754 0.33903484
0.42027876 0.8103488  0.1154471  0.58739732 0.37098644 0.5062475  0.46640962 0.36569205 0.48136623 0.48659072 0.48661598 0.4818624  0.25853725 0.3529315  0.50007316 0.42395598
0.45775376 0.81740666 0.10966112 0.53201358 0.34846142 0.57765323  0.53662979 0.35534054 0.47293948 0.46019537 0.55721253 0.45385149  0.29939173 0.3402492  0.42639969 0.4127083 
0.64673308 0.91141396 0.68474801 0.4213843  0.57864325 0.57211238  0.62815009 0.31819014 0.48664419 0.56728262 0.34163726 0.25731068  0.61780278 0.39275069 0.27456473 0.30259027
0.70274131 0.88474588 0.70597779 0.32625321 0.52850083 0.59791799  0.69307234 0.38417714 0.45791317 0.46382122 0.2622187  0.18487036  0.73606555 0.44789363 0.32339201 0.31646683
0.70450863 0.8455927  0.67256757 0.35716702 0.48580146 0.5678883  0.72519889 0.42161606 0.4388124  0.64103558 0.31120523 0.21239899  0.82377013 0.4581835  0.3606526  0.17426594
0.75748103 0.72166131 0.64664316 0.3450004  0.36167991 0.46452251  0.70790258 0.38461261 0.47614238 0.69868839 0.22272434 0.29748446  0.79036008 0.61850265 0.50236223 0.20667531
0.75269172 0.65993744 0.51200917 0.32118136 0.23879951 0.45588136  0.72000842 0.47593701 0.4883809  0.74511019 0.25460704 0.32328506  0.79282154 0.69646612 0.49744021 0.23729666
0.7053608  0.58830854 0.2377793  0.24293485 0.24828694 0.53257337  0.60786274 0.50807158 0.48578421 0.58222187 0.3109776  0.51821963  0.70342161 0.63620404 0.48630989 0.41124778
0.7053608  0.58830854 0.2377793  0.24293485 0.24828694 0.53257337  0.60786274 0.50807158 0.48578421 0.58222187 0.3109776  0.51821963  0.70342161 0.63620404 0.48630989 0.41124778
0.67046105 0.58115544 0.09814361 0.18248879 0.3354115  0.58615065  0.57374026 0.40846023 0.52898772 0.40215942 0.26428177 0.51726997  0.70114087 0.57017458 0.57991698 0.50473509
0.67046105 0.58115544 0.09814361 0.18248879 0.3354115  0.58615065  0.57374026 0.40846023 0.52898772 0.40215942 0.26428177 0.51726997  0.70114087 0.57017458 0.57991698 0.50473509
0.74259513 0.43134932 0.10147678 0.12277353 0.34690923 0.49611053  0.42778048 0.44379952 0.59194669 0.38730686 0.23314702 0.52190563  0.48136398 0.35534509 0.62720503 0.43155854
0.74259513 0.43134932 0.10147678 0.12277353 0.34690923 0.49611053  0.42778048 0.44379952 0.59194669 0.38730686 0.23314702 0.52190563  0.48136398 0.35534509 0.62720503 0.43155854
0.76613011 0.35111706 0.08968862 0.21195512 0.40796742 0.52660016  0.41752464 0.45236354 0.59121232 0.36518908 0.28283628 0.43998831  0.43837997 0.35904544 0.52604727 0.46121262
0.79973627 0.25336748 0.10218118 0.3728025  0.45490591 0.59508425  0.41952695 0.45782094 0.44406926 0.40916546 0.33601327 0.32889301  0.44081037 0.40627635 0.62974663 0.51162646
0.83983312 0.14607347 0.12034099 0.56035522 0.49631586 0.69186446  0.45879695 0.53842889 0.38514313 0.42631188 0.32437134 0.34769678  0.41447935 0.4598149  0.56738643 0.45654298
0.83983312 0.14607347 0.12034099 0.56035522 0.49631586 0.69186446  0.45879695 0.53842889 0.38514313 0.42631188 0.32437134 0.34769678  0.41447935 0.4598149  0.56738643 0.45654298
0.83983312 0.14607347 0.12034099 0.56035522 0.49631586 0.69186446  0.45879695 0.53842889 0.38514313 0.42631188 0.32437134 0.34769678  0.41447935 0.4598149  0.56738643 0.45654298
0.84182482 0.13683885 0.12064149 0.59108821 0.5086644  0.7099846  0.49569864 0.56377551 0.42342454 0.40087622 0.29034994 0.39221318  0.37746183 0.5024033  0.51516196 0.42122808
0.84366253 0.1280782  0.11995567 0.61794869 0.52137969 0.72933521  0.52510191 0.58957537 0.45080833 0.38271924 0.25976862 0.42768467  0.35226896 0.52820208 0.48226002 0.37481684
0.84366253 0.1280782  0.11995567 0.61794869 0.52137969 0.72933521  0.52510191 0.58957537 0.45080833 0.38271924 0.25976862 0.42768467  0.35226896 0.52820208 0.48226002 0.37481684
0.84366253 0.1280782  0.11995567 0.61794869 0.52137969 0.72933521  0.52510191 0.58957537 0.45080833 0.38271924 0.25976862 0.42768467  0.35226896 0.52820208 0.48226002 0.37481684
0.84604649 0.11690778 0.11962596 0.65152564 0.53446994 0.75001612  0.55837839 0.61575623 0.4755719  0.36613472 0.23621695 0.46496257  0.33737615 0.54679932 0.45709829 0.33824164
0.84604649 0.11690778 0.11962596 0.65152564 0.53446994 0.75001612  0.55837839 0.61575623 0.4755719  0.36613472 0.23621695 0.46496257  0.33737615 0.54679932 0.45709829 0.33824164
0.84604649 0.11690778 0.11962596 0.65152564 0.53446994 0.75001612  0.55837839 0.61575623 0.4755719  0.36613472 0.23621695 0.46496257  0.33737615 0.54679932 0.45709829 0.33824164
0.84604649 0.11690778 0.11962596 0.65152564 0.53446994 0.75001612  0.55837839 0.61575623 0.4755719  0.36613472 0.23621695 0.46496257  0.33737615 0.54679932 0.45709829 0.33824164
0.84604649 0.11690778 0.11962596 0.65152564 0.53446994 0.75001612  0.55837839 0.61575623 0.4755719  0.36613472 0.23621695 0.46496257  0.33737615 0.54679932 0.45709829 0.33824164
0.84604649 0.11690778 0.11962596 0.65152564 0.53446994 0.75001612  0.55837839 0.61575623 0.4755719  0.36613472 0.23621695 0.46496257  0.33737615 0.54679932 0.45709829 0.33824164
0.84682043 0.11326541 0.11912633 0.66346038 0.54128486 0.75933085  0.5738545  0.62844168 0.49336919 0.35447227 0.21534942 0.48550933  0.31675249 0.56840926 0.4320581  0.30971979
0.83449569 0.12791131 0.09147276 0.63735614 0.57112128 0.78012733  0.57967322 0.62265307 0.5406913  0.30480779 0.17014755 0.45647248  0.33295425 0.5286592  0.42643256 0.34607962
0.81066869 0.16663583 0.06123138 0.59238698 0.60642335 0.78788458  0.61092613 0.60842741 0.5860354  0.23165388 0.11398752 0.42003064  0.32612481 0.51980328 0.5212453  0.33209466
0.80921181 0.17343531 0.06056031 0.56920197 0.59875967 0.77617838  0.58373087 0.59130502 0.55925193 0.24874916 0.13297522 0.38693243  0.34594788 0.49683526 0.55563879 0.35073587
0.80921181 0.17343531 0.06056031 0.56920197 0.59875967 0.77617838  0.58373087 0.59130502 0.55925193 0.24874916 0.13297522 0.38693243  0.34594788 0.49683526 0.55563879 0.35073587
0.80682786 0.18460574 0.06089002 0.53562502 0.58566942 0.75549747  0.5504544  0.56512416 0.53448837 0.26533368 0.15652689 0.34965453  0.3608407  0.47823801 0.58080052 0.38731107
0.78830102 0.22915716 0.04959631 0.48061295 0.57476258 0.72934109  0.51834819 0.46756228 0.49218704 0.28664714 0.25167041 0.25829944  0.54856942 0.46843722 0.6352153  0.50994226
0.71414944 0.33347467 0.00989844 0.50700605 0.61735681 0.65680952  0.63386466 0.27656464 0.56719885 0.24649292 0.42084153 0.26216114  0.63001265 0.53708296 0.70060334 0.42536749
0.62790003 0.45428935 0.0203878  0.43305334 0.58059067 0.45063186  0.66596236 0.23407999 0.60153363 0.25352054 0.40543053 0.39562428  0.50984659 0.58537857 0.72268063 0.26783355
0.5698352  0.60630993 0.04332144 0.37753459 0.48457576 0.43946796  0.68497337 0.19908232 0.50297873 0.35595384 0.43803982 0.43967939  0.55806115 0.55010741 0.71724199 0.33641754
0.30696993 0.69756938 0.13677547 0.56889884 0.47108414 0.18662169  0.57564034 0.47051373 0.23831533 0.39678067 0.327006   0.47480542  0.40051283 0.37613702 0.43357405 0.38931144
0.30696993 0.69756938 0.13677547 0.56889884 0.47108414 0.18662169  0.57564034 0.47051373 0.23831533 0.39678067 0.327006   0.47480542  0.40051283 0.37613702 0.43357405 0.38931144
0.16145923 0.54884504 0.23261492 0.51700157 0.42348661 0.27194201  0.53057213 0.46615036 0.23606636 0.40382254 0.21209349 0.49165696  0.51316201 0.28732055 0.27143495 0.50869217
0.07102051 0.46648761 0.29681783 0.49538875 0.38534053 0.36816237  0.42637893 0.52216562 0.40838993 0.37342912 0.31490181 0.45582256  0.6405316  0.37092096 0.3395245  0.50760399
0.03530472 0.41371177 0.32449245 0.44717499 0.36543573 0.42942868  0.4584486  0.49182641 0.42935187 0.38251683 0.3665383  0.45119726  0.57400726 0.38653202 0.39012683 0.47468522
0.01779563 0.38669558 0.33863985 0.42004769 0.35385851 0.46460162  0.48109267 0.47190843 0.43452283 0.38595027 0.3992976  0.44733029  0.52908455 0.38078184 0.39373238 0.44873962
0.00039479 0.36283831 0.35232302 0.39930133 0.34523319 0.50234819  0.48417291 0.45702496 0.47508945 0.39693445 0.45000532 0.44589633  0.47476172 0.42761975 0.50206904 0.41641874
0.00039479 0.36283831 0.35232302 0.39930133 0.34523319 0.50234819  0.48417291 0.45702496 0.47508945 0.39693445 0.45000532 0.44589633  0.47476172 0.42761975 0.50206904 0.41641874
0.00039479 0.36283831 0.35232302 0.39930133 0.34523319 0.50234819  0.48417291 0.45702496 0.47508945 0.39693445 0.45000532 0.44589633  0.47476172 0.42761975 0.50206904 0.41641874
0.00039479 0.36283831 0.35232302 0.39930133 0.34523319 0.50234819  0.48417291 0.45702496 0.47508945 0.39693445 0.45000532 0.44589633  0.47476172 0.42761975 0.50206904 0.41641874
0.00039479 0.36283831 0.35232302 0.39930133 0.34523319 0.50234819  0.48417291 0.45702496 0.47508945 0.39693445 0.45000532 0.44589633  0.47476172 0.42761975 0.50206904 0.41641874
0.00039479 0.36283831 0.35232302 0.39930133 0.34523319 0.50234819  0.48417291 0.45702496 0.47508945 0.39693445 0.45000532 0.44589633  0.47476172 0.42761975 0.50206904 0.41641874
0.00039479 0.36283831 0.35232302 0.39930133 0.34523319 0.50234819  0.48417291 0.45702496 0.47508945 0.39693445 0.45000532 0.44589633  0.47476172 0.42761975 0.50206904 0.41641874
0.00039479 0.36283831 0.35232302 0.39930133 0.34523319 0.50234819  0.48417291 0.45702496 0.47508945 0.39693445 0.45000532 0.44589633  0.47476172 0.42761975 0.50206904 0.41641874
0.00039479 0.36283831 0.35232302 0.39930133 0.34523319 0.50234819  0.48417291 0.45702496 0.47508945 0.39693445 0.45000532 0.44589633  0.47476172 0.42761975 0.50206904 0.41641874
0.00039479 0.36283831 0.35232302 0.39930133 0.34523319 0.50234819  0.48417291 0.45702496 0.47508945 0.39693445 0.45000532 0.44589633  0.47476172 0.42761975 0.50206904 0.41641874
0.00039479 0.36283831 0.35232302 0.39930133 0.34523319 0.50234819  0.48417291 0.45702496 0.47508945 0.39693445 0.45000532 0.44589633  0.47476172 0.42761975 0.50206904 0.41641874
0.00039479 0.36283831 0.35232302 0.39930133 0.34523319 0.50234819  0.48417291 0.45702496 0.47508945 0.39693445 0.45000532 0.44589633  0.47476172 0.42761975 0.50206904 0.41641874
0.00039479 0.36283831 0.35232302 0.39930133 0.34523319 0.50234819  0.48417291 0.45702496 0.47508945 0.39693445 0.45000532 0.44589633  0.47476172 0.42761975 0.50206904 0.41641874
0.00039479 0.36283831 0.35232302 0.39930133 0.34523319 0.50234819  0.48417291 0.45702496 0.47508945 0.39693445 0.45000532 0.44589633  0.47476172 0.42761975 0.50206904 0.41641874
0.00039479 0.36283831 0.35232302 0.39930133 0.34523319 0.50234819  0.48417291 0.45702496 0.47508945 0.39693445 0.45000532 0.44589633  0.47476172 0.42761975 0.50206904 0.41641874
0.00039479 0.36283831 0.35232302 0.39930133 0.34523319 0.50234819  0.48417291 0.45702496 0.47508945 0.39693445 0.45000532 0.44589633  0.47476172 0.42761975 0.50206904 0.41641874
0.00039479 0.36283831 0.35232302 0.39930133 0.34523319 0.50234819  0.48417291 0.45702496 0.47508945 0.39693445 0.45000532 0.44589633  0.47476172 0.42761975 0.50206904 0.41641874
0.00039479 0.36283831 0.35232302 0.39930133 0.34523319 0.50234819  0.48417291 0.45702496 0.47508945 0.39693445 0.45000532 0.44589633  0.47476172 0.42761975 0.50206904 0.41641874
