0.00039479 0.36283831 0.35232302 0.39930133 0.34523319 0.50234819  0.48417291 0.45702496 0.47508945 0.39693445 0.45000532 0.44589633  0.47476172 0.42761975 0.50206904 0.41641874
0.00039479 0.36283831 0.35232302 0.39930133 0.34523319 0.50234819  0.48417291 0.45702496 0.47508945 0.39693445 0.45000532 0.44589633  0.47476172 0.42761975 0.50206904 0.41641874
0.00039479 0.36283831 0.35232302 0.39930133 0.34523319 0.50234819  0.48417291 0.45702496 0.47508945 0.39693445 0.45000532 0.44589633  0.47476172 0.42761975 0.50206904 0.41641874
0.00039479 0.36283831 0.35232302 0.39930133 0.34523319 0.50234819  0.48417291 0.45702496 0.47508945 0.39693445 0.45000532 0.44589633  0.47476172 0.42761975 0.50206904 0.41641874
0.00039479 0.36283831 0.35232302 0.39930133 0.34523319 0.50234819  0.48417291 0.45702496 0.47508945 0.39693445 0.45000532 0.44589633  0.47476172 0.42761975 0.50206904 0.41641874
0.00039479 0.36283831 0.35232302 0.39930133 0.34523319 0.50234819  0.48417291 0.45702496 0.47508945 0.39693445 0.45000532 0.44589633  0.47476172 0.42761975 0.50206904 0.41641874
0.00039479 0.36283831 0.35232302 0.39930133 0.34523319 0.50234819  0.48417291 0.45702496 0.47508945 0.39693445 0.45000532 0.44589633  0.47476172 0.42761975 0.50206904 0.41641874
0.00039479 0.36283831 0.35232302 0.39930133 0.34523319 0.50234819  0.48417291 0.45702496 0.47508945 0.39693445 0.45000532 0.44589633  0.47476172 0.42761975 0.50206904 0.41641874
0.00039479 0.36283831 0.35232302 0.39930133 0.34523319 0.50234819  0.48417291 0.45702496 0.47508945 0.39693445 0.45000532 0.44589633  0.47476172 0.42761975 0.50206904 0.41641874
0.00039479 0.36283831 0.35232302 0.39930133 0.34523319 0.50234819  0.48417291 0.45702496 0.47508945 0.39693445 0.45000532 0.44589633  0.47476172 0.42761975 0.50206904 0.41641874
0.00039479 0.36283831 0.35232302 0.39930133 0.34523319 0.50234819  0.48417291 0.45702496 0.47508945 0.39693445 0.45000532 0.44589633  0.47476172 0.42761975 0.50206904 0.41641874
0.00039479 0.36283831 0.35232302 0.39930133 0.34523319 0.50234819  0.48417291 0.45702496 0.47508945 0.39693445 0.45000532 0.44589633  0.47476172 0.42761975 0.50206904 0.41641874
0.00039479 0.36283831 0.35232302 0.39930133 0.34523319 0.50234819  0.48417291 0.45702496 0.47508945 0.39693445 0.45000532 0.44589633  0.47476172 0.42761975 0.50206904 0.41641874
0.00039479 0.36283831 0.35232302 0.39930133 0.34523319 0.50234819  0.48417291 0.45702496 0.47508945 0.39693445 0.45000532 0.44589633  0.47476172 0.42761975 0.50206904 0.41641874
0.00039479 0.36283831 0.35232302 0.39930133 0.34523319 0.50234819  0.48417291 0.45702496 0.47508945 0.39693445 0.45000532 0.44589633  0.47476172 0.42761975 0.50206904 0.41641874
0.00039479 0.36283831 0.35232302 0.39930133 0.34523319 0.50234819  0.48417291 0.45702496 0.47508945 0.39693445 0.45000532 0.44589633  0.47476172 0.42761975 0.50206904 0.41641874
0.00039479 0.36283831 0.35232302 0.39930133 0.34523319 0.50234819  0.48417291 0.45702496 0.47508945 0.39693445 0.45000532 0.44589633  0.47476172 0.42761975 0.50206904 0.41641874
0.00039479 0.36283831 0.35232302 0.39930133 0.34523319 0.50234819  0.48417291 0.45702496 0.47508945 0.39693445 0.45000532 0.44589633  0.47476172 0.42761975 0.50206904 0.41641874
0.00039479 0.36283831 0.35232302 0.39930133 0.34523319 0.50234819  0.48417291 0.45702496 0.47508945 0.39693445 0.45000532 0.44589633  0.47476172 0.42761975 0.50206904 0.41641874
0.00039479 0.36283831 0.35232302 0.39930133 0.34523319 0.50234819  0.48417291 0.45702496 0.47508945 0.39693445 0.45000532 0.44589633  0.47476172 0.42761975 0.50206904 0.41641874
0.00039479 0.36283831 0.35232302 0.39930133 0.34523319 0.50234819  0.48417291 0.45702496 0.47508945 0.39693445 0.45000532 0.44589633  0.47476172 0.42761975 0.50206904 0.41641874
0.00039479 0.36283831 0.35232302 0.39930133 0.34523319 0.50234819  0.48417291 0.45702496 0.47508945 0.39693445 0.45000532 0.44589633  0.47476172 0.42761975 0.50206904 0.41641874
0.00039479 0.36283831 0.35232302 0.39930133 0.34523319 0.50234819  0.48417291 0.45702496 0.47508945 0.39693445 0.45000532 0.44589633  0.47476172 0.42761975 0.50206904 0.41641874
0.00039479 0.36283831 0.35232302 0.39930133 0.34523319 0.50234819  0.48417291 0.45702496 0.47508945 0.39693445 0.45000532 0.44589633  0.47476172 0.42761975 0.50206904 0.41641874
0.00039479 0.36283831 0.35232302 0.39930133 0.34523319 0.50234819  0.48417291 0.45702496 0.47508945 0.39693445 0.45000532 0.44589633  0.47476172 0.42761975 0.50206904 0.41641874
0.00039479 0.36283831 0.35232302 0.39930133 0.34523319 0.50234819  0.48417291 0.45702496 0.47508945 0.39693445 0.45000532 0.44589633  0.47476172 0.42761975 0.50206904 0.41641874
0.00039479 0.36283831 0.35232302 0.39930133 0.34523319 0.50234819  0.48417291 0.45702496 0.47508945 0.39693445 0.45000532 0.44589633  0.47476172 0.42761975 0.50206904 0.41641874
0.00039479 0.36283831 0.35232302 0.39930133 0.34523319 0.50234819  0.48417291 0.45702496 0.47508945 0.39693445 0.45000532 0.44589633  0.47476172 0.42761975 0.50206904 0.41641874
0.00039479 0.36283831 0.35232302 0.39930133 0.34523319 0.50234819  0.48417291 0.45702496 0.47508945 0.39693445 0.45000532 0.44589633  0.47476172 0.42761975 0.50206904 0.41641874
0.00039479 0.36283831 0.35232302 0.39930133 0.34523319 0.50234819  0.48417291 0.45702496 0.47508945 0.39693445 0.45000532 0.44589633  0.47476172 0.42761975 0.50206904 0.41641874
0.00039479 0.36283831 0.35232302 0.39930133 0.34523319 0.50234819  0.48417291 0.45702496 0.47508945 0.39693445 0.45000532 0.44589633  0.47476172 0.42761975 0.50206904 0.41641874
0.00039479 0.36283831 0.35232302 0.39930133 0.34523319 0.50234819  0.48417291 0.45702496 0.47508945 0.39693445 0.45000532 0.44589633  0.47476172 0.42761975 0.50206904 0.41641874
0.01865742 0.3880557  0.34025579 0.41843982 0.3494262  0.49750935  0.46205159 0.46401308 0.50597385 0.40376969 0.46950961 0.4478266  0.44969389 0.45506031 0.57557814 0.40855754
0.12653413 0.52990572 0.2749563  0.53066423 0.36474807 0.47611277  0.33837526 0.475159   0.58639124 0.47349206 0.38552518 0.49784552  0.44550698 0.50564756 0.78389222 0.51218142
0.21865082 0.63515526 0.22881834 0.58763127 0.35659376 0.52852882  0.26786739 0.45508746 0.70113604 0.50488415 0.46254849 0.49835703  0.37736738 0.57604075 0.93113568 0.46406585
0.43262049 0.8892557  0.47984742 0.48804281 0.72770267 0.76737423  0.1520752  0.38847431 0.55097296 0.39442833 0.72446534 0.68793623  0.60278527 0.45387209 0.45059374 0.5483153 
0.5454605  0.95684337 0.62511989 0.39415638 0.81519461 0.81780411  0.21493163 0.38954618 0.4831976  0.38603875 0.54650886 0.61654429  0.58477809 0.35335152 0.28616599 0.54334677
0.62903184 0.94172238 0.81269735 0.48061517 0.71646054 0.7322086  0.31246659 0.34181881 0.39934829 0.44608006 0.58185927 0.60526646  0.57339058 0.27498075 0.3158131  0.37921109
0.71462093 0.87955926 0.79375224 0.31089269 0.73312991 0.67485742  0.48690228 0.46319179 0.26148128 0.45671084 0.51815226 0.62773896  0.62535702 0.28790105 0.3981786  0.47461078
0.74886376 0.84683342 0.7841302  0.22273859 0.7601249  0.64893422  0.56147164 0.51186349 0.26601011 0.42367316 0.56550504 0.63630954  0.73009211 0.35010284 0.52892958 0.4957132 
0.76506096 0.82051434 0.78414283 0.19167763 0.75038401 0.62599648  0.55182531 0.56813747 0.29489318 0.40539585 0.55987687 0.6187274  0.71214791 0.33479276 0.58829857 0.49590142
0.80675294 0.74700205 0.81448745 0.1775678  0.73093343 0.55144235  0.51549365 0.61661861 0.30353454 0.44254058 0.58615418 0.65173109  0.63976336 0.33154936 0.68116651 0.42820349
0.83648962 0.69025976 0.82149195 0.15041031 0.72220881 0.51345506  0.46931015 0.61107761 0.31574251 0.46041084 0.52000913 0.68104179  0.54137419 0.3474591  0.75667665 0.4168833 
0.85135577 0.65869203 0.81067339 0.13830177 0.69956532 0.4837668  0.47599173 0.53739669 0.36293273 0.47105252 0.41326493 0.64168024  0.56768262 0.45035689 0.8057034  0.36571639
0.84533911 0.64277201 0.76928717 0.15000065 0.66466214 0.4838539  0.47454792 0.54451031 0.36411071 0.4894143  0.40771006 0.63311199  0.59331609 0.44838829 0.81792986 0.32463679
0.84410575 0.6368599  0.75440954 0.16598422 0.60112717 0.46866886  0.49578808 0.5398172  0.38175657 0.4845673  0.35668747 0.55228314  0.5886145  0.48476092 0.80554417 0.27636277
0.86472778 0.54507916 0.68439237 0.20969237 0.48504894 0.4109857  0.45297447 0.39379717 0.45859108 0.39349709 0.28295475 0.44725037  0.59366672 0.45167778 0.69964033 0.14469483
0.86492582 0.48422284 0.58887686 0.25032988 0.3588925  0.4224779  0.38781781 0.29543477 0.37293611 0.24069007 0.2809815  0.53344419  0.55678648 0.43543902 0.75627626 0.17566125
0.86343005 0.39625721 0.47126126 0.30055124 0.24004784 0.38121889  0.36664266 0.28799528 0.3767106  0.20002267 0.41025774 0.61614456  0.58891445 0.3518537  0.67648189 0.23194367
0.8564944  0.3716336  0.41787207 0.32087943 0.17284827 0.36777692  0.38533045 0.2992226  0.39396545 0.2601281  0.42479178 0.62871969  0.63819264 0.36871223 0.64312887 0.23584734
0.8564944  0.3716336  0.41787207 0.32087943 0.17284827 0.36777692  0.38533045 0.2992226  0.39396545 0.2601281  0.42479178 0.62871969  0.63819264 0.36871223 0.64312887 0.23584734
0.86840005 0.32632524 0.41201362 0.38621375 0.23204611 0.41638375  0.37386566 0.30111863 0.32279309 0.27473912 0.4380094  0.47858938  0.54368075 0.47149754 0.55490564 0.42398865
0.82610016 0.28067819 0.20581891 0.34254257 0.3259848  0.51773285  0.33270011 0.39320758 0.35728832 0.4461232  0.4072391  0.42380151  0.52820889 0.45434873 0.45697574 0.4519986 
0.83819607 0.27266521 0.23816506 0.37250838 0.30257906 0.5131488  0.32621962 0.37808956 0.30736704 0.45061317 0.43144193 0.4411313  0.59152085 0.47557129 0.46101551 0.37307941
0.83665978 0.23731505 0.19477832 0.39933932 0.35111256 0.55353363  0.31931917 0.40581494 0.26809933 0.47300648 0.42902261 0.37279107  0.56794182 0.40868453 0.53043081 0.38264057
0.80085895 0.26496556 0.10028839 0.31649515 0.4347067  0.59436451  0.33146015 0.42957517 0.40053535 0.39848443 0.31854969 0.29215966  0.47450926 0.29298489 0.54574744 0.53316816
0.80085895 0.26496556 0.10028839 0.31649515 0.4347067  0.59436451  0.33146015 0.42957517 0.40053535 0.39848443 0.31854969 0.29215966  0.47450926 0.29298489 0.54574744 0.53316816
0.76276221 0.36587439 0.08764175 0.17066156 0.38967088 0.50657719  0.38341267 0.42353559 0.57329073 0.35440014 0.29585128 0.44147405  0.47828302 0.27106117 0.58911234 0.42454246
0.74029831 0.42236503 0.08253112 0.13001876 0.3795643  0.48711557  0.42582677 0.38781866 0.64367133 0.33700756 0.31734034 0.49028625  0.57951604 0.35658439 0.49608563 0.425364  
0.67939017 0.5206706  0.06168551 0.18934975 0.40476315 0.50188673  0.54946782 0.2426526  0.64531163 0.33783083 0.36738681 0.49053679  0.70087938 0.5185523  0.56068491 0.43864641
0.65026442 0.58211011 0.06780241 0.22511144 0.38586462 0.54655677  0.59834247 0.23278768 0.58377844 0.37806167 0.33784635 0.50235834  0.72442231 0.57859798 0.57346469 0.46163801
0.59296473 0.69138144 0.07971514 0.26112765 0.3643441  0.55649327  0.71347382 0.38113214 0.51043254 0.39851518 0.47596577 0.4790392  0.64517503 0.60598385 0.66570318 0.51718986
0.59296473 0.69138144 0.07971514 0.26112765 0.3643441  0.55649327  0.71347382 0.38113214 0.51043254 0.39851518 0.47596577 0.4790392  0.64517503 0.60598385 0.66570318 0.51718986
0.6423132  0.63943891 0.10291784 0.20548871 0.32181637 0.60547956  0.62154539 0.42019997 0.51622236 0.38285011 0.32075254 0.50049377  0.73297791 0.62618464 0.54822936 0.52106984
0.66761333 0.57177261 0.08160697 0.20800067 0.35964442 0.58648128  0.56347265 0.25907486 0.56343371 0.37990452 0.25576974 0.50959458  0.77036197 0.56249416 0.52969797 0.46130694
0.71245785 0.48501546 0.0823423  0.14589847 0.37264681 0.52777345  0.49217761 0.34157134 0.62179105 0.35662963 0.27177815 0.50742406  0.6917453  0.48026016 0.53764033 0.45039154
0.72789242 0.45773556 0.08903931 0.12557578 0.36356117 0.51069479  0.46328119 0.40233599 0.6187462  0.36406978 0.2546431  0.51483709  0.59956313 0.418504   0.5901102  0.45241958
0.77945515 0.38936248 0.16781497 0.19071819 0.29530241 0.46779487  0.37539684 0.38946489 0.51059794 0.42577998 0.36130751 0.55863799  0.60371314 0.44330015 0.42070584 0.28547634
0.81568938 0.40097807 0.29736487 0.18405561 0.27612031 0.40821916  0.3719763  0.40233072 0.54133762 0.4622934  0.27838068 0.4378847  0.44299826 0.48715459 0.37277963 0.29553139
0.90633385 0.43366646 0.6839388  0.27918558 0.59309793 0.39676276  0.42226065 0.32412845 0.51073128 0.55338492 0.29573043 0.21279881  0.5366325  0.48425242 0.46125158 0.23786677
0.92204394 0.41266998 0.72389339 0.3319857  0.5686906  0.35924843  0.44541078 0.30103117 0.50655724 0.52411885 0.39789975 0.25188175  0.55168122 0.46424444 0.49140468 0.35995395
0.92393472 0.41641967 0.73594032 0.32486619 0.58458627 0.34645617  0.46311402 0.31083116 0.54751917 0.58871158 0.38142182 0.21437472  0.56512333 0.46635822 0.45682164 0.35639249
0.90417064 0.44502245 0.7147135  0.3058736  0.57827377 0.36457824  0.47886513 0.42223695 0.54096653 0.67003787 0.4206542  0.19955833  0.53959085 0.53680517 0.37691372 0.34498049
0.8855436  0.4394645  0.63696491 0.27948635 0.47012381 0.32117147  0.50719702 0.4513504  0.59622643 0.75312137 0.40302227 0.2417073  0.5935483  0.50794227 0.36921026 0.22098906
0.86636531 0.41835611 0.53283394 0.3089627  0.27817662 0.31849432  0.51845789 0.44160535 0.57457779 0.60023367 0.33020665 0.27597345  0.55716208 0.45947246 0.47013806 0.2396572 
0.85628784 0.4397336  0.51677788 0.27751952 0.21829978 0.30508944  0.51442684 0.44241593 0.59187302 0.5333585  0.31131643 0.36256404  0.53526562 0.41828531 0.52053649 0.19098826
0.84296755 0.43845272 0.48189897 0.30279792 0.1832963  0.3288499  0.53415545 0.4774119  0.52069087 0.6089423  0.37076565 0.46311585  0.5391568  0.52783458 0.56838662 0.28458388
0.8464643  0.37449004 0.41254288 0.32090728 0.1671865  0.31186751  0.48734208 0.46851652 0.50980951 0.58592576 0.50206742 0.54410847  0.57574159 0.45533742 0.47417837 0.2929287 
0.84057256 0.361799   0.37830578 0.32420385 0.17130659 0.3256425  0.47182993 0.47856381 0.49720473 0.61046077 0.5294407  0.58410906  0.61307987 0.43582698 0.49064166 0.26972363
0.83819426 0.35776264 0.36355607 0.33271138 0.16209062 0.34579679  0.4536779  0.46822561 0.45394822 0.55203735 0.54685495 0.62934166  0.62909881 0.41737978 0.51438961 0.25180205
0.83519444 0.3158641  0.28397686 0.3080795  0.20420253 0.37798507  0.38678336 0.40783553 0.41470383 0.55321399 0.51109658 0.6448888  0.62800804 0.39552348 0.52851933 0.18427065
0.83338207 0.28738654 0.24547963 0.33040119 0.24722991 0.42481797  0.36242156 0.42598343 0.37041982 0.57650671 0.51487359 0.5836701  0.57580859 0.4537099  0.47961621 0.26714098
0.83338207 0.28738654 0.24547963 0.33040119 0.24722991 0.42481797  0.36242156 0.42598343 0.37041982 0.57650671 0.51487359 0.5836701  0.57580859 0.4537099  0.47961621 0.26714098
0.83338207 0.28738654 0.24547963 0.33040119 0.24722991 0.42481797  0.36242156 0.42598343 0.37041982 0.57650671 0.51487359 0.5836701  0.57580859 0.4537099  0.47961621 0.26714098
0.82911244 0.26587768 0.21153516 0.34674458 0.29092621 0.44495094  0.36628689 0.43489687 0.38084796 0.58787004 0.52748465 0.51742929  0.50752247 0.45757579 0.45271962 0.42812609
0.82911244 0.26587768 0.21153516 0.34674458 0.29092621 0.44495094  0.36628689 0.43489687 0.38084796 0.58787004 0.52748465 0.51742929  0.50752247 0.45757579 0.45271962 0.42812609
0.82911244 0.26587768 0.21153516 0.34674458 0.29092621 0.44495094  0.36628689 0.43489687 0.38084796 0.58787004 0.52748465 0.51742929  0.50752247 0.45757579 0.45271962 0.42812609
0.81773226 0.27086932 0.17704495 0.31997046 0.32127818 0.46040129  0.36612868 0.4493277  0.41604059 0.56750245 0.48641642 0.48316451  0.46120011 0.40284878 0.47770157 0.46337466
0.81773226 0.27086932 0.17704495 0.31997046 0.32127818 0.46040129  0.36612868 0.4493277  0.41604059 0.56750245 0.48641642 0.48316451  0.46120011 0.40284878 0.47770157 0.46337466
0.83310485 0.21090732 0.16360568 0.4080122  0.37321663 0.52410805  0.3523602  0.44353142 0.32352824 0.55617732 0.50055591 0.37329143  0.49103646 0.35825409 0.57256327 0.5105449 
0.83310485 0.21090732 0.16360568 0.4080122  0.37321663 0.52410805  0.3523602  0.44353142 0.32352824 0.55617732 0.50055591 0.37329143  0.49103646 0.35825409 0.57256327 0.5105449 
0.8370268  0.19420997 0.16110839 0.44564418 0.39463284 0.55252552  0.37727163 0.46460736 0.33164108 0.54615048 0.47349293 0.36738609  0.47384587 0.39704707 0.5688446  0.49954624
0.84272075 0.17073254 0.15487253 0.49063307 0.42435869 0.59221129  0.3946212  0.47622733 0.31489435 0.53045356 0.44464715 0.33204571  0.48048607 0.40180378 0.63384336 0.4842145 
0.84762212 0.14938258 0.1509395  0.53734556 0.4489807  0.62894312  0.41676858 0.49872891 0.3004196  0.51707868 0.42507608 0.31546663  0.48243719 0.41388851 0.67534679 0.46828729
0.84762212 0.14938258 0.1509395  0.53734556 0.4489807  0.62894312  0.41676858 0.49872891 0.3004196  0.51707868 0.42507608 0.31546663  0.48243719 0.41388851 0.67534679 0.46828729
0.84762212 0.14938258 0.1509395  0.53734556 0.4489807  0.62894312  0.41676858 0.49872891 0.3004196  0.51707868 0.42507608 0.31546663  0.48243719 0.41388851 0.67534679 0.46828729
0.84762212 0.14938258 0.1509395  0.53734556 0.4489807  0.62894312  0.41676858 0.49872891 0.3004196  0.51707868 0.42507608 0.31546663  0.48243719 0.41388851 0.67534679 0.46828729
0.85016673 0.13778282 0.1488617  0.56960083 0.46786221 0.65501256  0.44927167 0.52504626 0.32632382 0.49465782 0.38491132 0.34013168  0.45816843 0.44316581 0.66093356 0.41485238
0.85016673 0.13778282 0.1488617  0.56960083 0.46786221 0.65501256  0.44927167 0.52504626 0.32632382 0.49465782 0.38491132 0.34013168  0.45816843 0.44316581 0.66093356 0.41485238
0.85016673 0.13778282 0.1488617  0.56960083 0.46786221 0.65501256  0.44927167 0.52504626 0.32632382 0.49465782 0.38491132 0.34013168  0.45816843 0.44316581 0.66093356 0.41485238
0.85016673 0.13778282 0.1488617  0.56960083 0.46786221 0.65501256  0.44927167 0.52504626 0.32632382 0.49465782 0.38491132 0.34013168  0.45816843 0.44316581 0.66093356 0.41485238
0.8262959  0.16648155 0.09264572 0.51523187 0.51812371 0.70058564  0.44188813 0.51502723 0.40854547 0.3913785  0.30136807 0.29039164  0.45439417 0.39451386 0.59532838 0.51973986
0.81792082 0.19184106 0.08554442 0.47808378 0.52935228 0.72526902  0.42837162 0.51109002 0.40333093 0.33696493 0.2029051  0.25899991  0.44164123 0.37789661 0.63411773 0.43747564
0.81792082 0.19184106 0.08554442 0.47808378 0.52935228 0.72526902  0.42837162 0.51109002 0.40333093 0.33696493 0.2029051  0.25899991  0.44164123 0.37789661 0.63411773 0.43747564
0.81792082 0.19184106 0.08554442 0.47808378 0.52935228 0.72526902  0.42837162 0.51109002 0.40333093 0.33696493 0.2029051  0.25899991  0.44164123 0.37789661 0.63411773 0.43747564
0.8024689  0.20520608 0.06240434 0.47026271 0.55342578 0.70834289  0.47314104 0.50080158 0.45388958 0.31822459 0.24520803 0.2539498  0.44756472 0.38565794 0.69014112 0.5057549 
0.8024689  0.20520608 0.06240434 0.47026271 0.55342578 0.70834289  0.47314104 0.50080158 0.45388958 0.31822459 0.24520803 0.2539498  0.44756472 0.38565794 0.69014112 0.5057549 
0.77993993 0.26111415 0.0515652  0.42675577 0.54978717 0.70737822  0.5112569  0.46554263 0.52018223 0.2791342  0.22989023 0.29579228  0.57073802 0.42372839 0.6759031  0.44455003
0.70653804 0.36333225 0.01601088 0.46240936 0.59217688 0.62714864  0.64071975 0.27661433 0.61613011 0.25197355 0.40670906 0.31615348  0.61714243 0.55931334 0.66167351 0.39823675
0.69442952 0.41284659 0.02272658 0.36859023 0.54391602 0.56476544  0.61628522 0.25210735 0.6643772  0.25037716 0.41222515 0.38419369  0.62093764 0.52040164 0.62358461 0.34645565
0.64082759 0.52029379 0.03293945 0.39507514 0.50625197 0.56821218  0.66282861 0.14972614 0.6569231  0.32381193 0.33512559 0.47532729  0.57546449 0.61188829 0.59163446 0.32320046
0.58291118 0.57096552 0.03604096 0.3748563  0.50309823 0.4139869  0.64980432 0.15241831 0.54129602 0.33392566 0.46076577 0.42581697  0.55267511 0.51299354 0.6431279  0.30114583
0.52740777 0.63209994 0.05227584 0.3937549  0.47523956 0.33486615  0.62737095 0.14863723 0.49265171 0.40382229 0.39455954 0.50313485  0.45147745 0.53033465 0.69081072 0.32628812
0.43971548 0.63923378 0.07627494 0.4668488  0.49580363 0.26078261  0.6365079  0.19683158 0.3525105  0.39399292 0.3804891  0.47567527  0.3951215  0.41159258 0.52382217 0.28201751
0.38925492 0.65799375 0.09757329 0.50946261 0.49021948 0.22019686  0.60110257 0.28918711 0.31826306 0.4255362  0.28930277 0.509367  0.4065403  0.44449081 0.61023436 0.36350089
0.25201757 0.62428758 0.17391279 0.51506514 0.45516145 0.22647589  0.61788848 0.44378209 0.20154903 0.4117085  0.28810619 0.4862277  0.39558811 0.33090135 0.37851036 0.44673434
0.23320092 0.60297986 0.18407512 0.50863345 0.45663759 0.2126023  0.61855198 0.45239427 0.17652874 0.41301538 0.23365114 0.4963067  0.44559847 0.32385208 0.36338519 0.48518004
0.1783447  0.54314133 0.21952706 0.48564875 0.44212764 0.24536944  0.59607576 0.44888084 0.2056232  0.42250034 0.2063252  0.50552824  0.50243353 0.33418255 0.37297085 0.52517023
0.12452618 0.49994449 0.25832247 0.4833596  0.41218639 0.30738788  0.53734864 0.45854275 0.26161332 0.41391958 0.22288306 0.49413945  0.50736069 0.32606271 0.35037587 0.5195212 
0.07165398 0.44997012 0.29918603 0.45962441 0.37888305 0.3861081  0.50466801 0.47126657 0.33132092 0.38488577 0.30972249 0.46046547  0.51495984 0.31542953 0.28509871 0.47095354
0.05336775 0.43914143 0.31083182 0.46832666 0.37416152 0.39938838  0.45143619 0.50292086 0.40448693 0.37548598 0.33684065 0.45259001  0.60541605 0.3574237  0.32371238 0.49045415
0.05336775 0.43914143 0.31083182 0.46832666 0.37416152 0.39938838  0.45143619 0.50292086 0.40448693 0.37548598 0.33684065 0.45259001  0.60541605 0.3574237  0.32371238 0.49045415
0.03530472 0.41371177 0.32449245 0.44717499 0.36543573 0.42942868  0.4584486  0.49182641 0.42935187 0.38251683 0.3665383  0.45119726  0.57400726 0.38653202 0.39012683 0.47468522
0.03530472 0.41371177 0.32449245 0.44717499 0.36543573 0.42942868  0.4584486  0.49182641 0.42935187 0.38251683 0.3665383  0.45119726  0.57400726 0.38653202 0.39012683 0.47468522
0.03530472 0.41371177 0.32449245 0.44717499 0.36543573 0.42942868  0.4584486  0.49182641 0.42935187 0.38251683 0.3665383  0.45119726  0.57400726 0.38653202 0.39012683 0.47468522
0.01779563 0.38669558 0.33863985 0.42004769 0.35385851 0.46460162  0.48109267 0.47190843 0.43452283 0.38595027 0.3992976  0.44733029  0.52908455 0.38078184 0.39373238 0.44873962
0.01779563 0.38669558 0.33863985 0.42004769 0.35385851 0.46460162  0.48109267 0.47190843 0.43452283 0.38595027 0.3992976  0.44733029  0.52908455 0.38078184 0.39373238 0.44873962
0.01779563 0.38669558 0.33863985 0.42004769 0.35385851 0.46460162  0.48109267 0.47190843 0.43452283 0.38595027 0.3992976  0.44733029  0.52908455 0.38078184 0.39373238 0.44873962
0.01779563 0.38669558 0.33863985 0.42004769 0.35385851 0.46460162  0.48109267 0.47190843 0.43452283 0.38595027 0.3992976  0.44733029  0.52908455 0.38078184 0.39373238 0.44873962
