0.00039479 0.36283831 0.35232302 0.39930133 0.34523319 0.50234819  0.48417291 0.45702496 0.47508945 0.39693445 0.45000532 0.44589633  0.47476172 0.42761975 0.50206904 0.41641874
0.00039479 0.36283831 0.35232302 0.39930133 0.34523319 0.50234819  0.48417291 0.45702496 0.47508945 0.39693445 0.45000532 0.44589633  0.47476172 0.42761975 0.50206904 0.41641874
0.00039479 0.36283831 0.35232302 0.39930133 0.34523319 0.50234819  0.48417291 0.45702496 0.47508945 0.39693445 0.45000532 0.44589633  0.47476172 0.42761975 0.50206904 0.41641874
0.00039479 0.36283831 0.35232302 0.39930133 0.34523319 0.50234819  0.48417291 0.45702496 0.47508945 0.39693445 0.45000532 0.44589633  0.47476172 0.42761975 0.50206904 0.41641874
0.00039479 0.36283831 0.35232302 0.39930133 0.34523319 0.50234819  0.48417291 0.45702496 0.47508945 0.39693445 0.45000532 0.44589633  0.47476172 0.42761975 0.50206904 0.41641874
0.00039479 0.36283831 0.35232302 0.39930133 0.34523319 0.50234819  0.48417291 0.45702496 0.47508945 0.39693445 0.45000532 0.44589633  0.47476172 0.42761975 0.50206904 0.41641874
0.00039479 0.36283831 0.35232302 0.39930133 0.34523319 0.50234819  0.48417291 0.45702496 0.47508945 0.39693445 0.45000532 0.44589633  0.47476172 0.42761975 0.50206904 0.41641874
0.00039479 0.36283831 0.35232302 0.39930133 0.34523319 0.50234819  0.48417291 0.45702496 0.47508945 0.39693445 0.45000532 0.44589633  0.47476172 0.42761975 0.50206904 0.41641874
0.00039479 0.36283831 0.35232302 0.39930133 0.34523319 0.50234819  0.48417291 0.45702496 0.47508945 0.39693445 0.45000532 0.44589633  0.47476172 0.42761975 0.50206904 0.41641874
0.00039479 0.36283831 0.35232302 0.39930133 0.34523319 0.50234819  0.48417291 0.45702496 0.47508945 0.39693445 0.45000532 0.44589633  0.47476172 0.42761975 0.50206904 0.41641874
0.00039479 0.36283831 0.35232302 0.39930133 0.34523319 0.50234819  0.48417291 0.45702496 0.47508945 0.39693445 0.45000532 0.44589633  0.47476172 0.42761975 0.50206904 0.41641874
0.00039479 0.36283831 0.35232302 0.39930133 0.34523319 0.50234819  0.48417291 0.45702496 0.47508945 0.39693445 0.45000532 0.44589633  0.47476172 0.42761975 0.50206904 0.41641874
0.00039479 0.36283831 0.35232302 0.39930133 0.34523319 0.50234819  0.48417291 0.45702496 0.47508945 0.39693445 0.45000532 0.44589633  0.47476172 0.42761975 0.50206904 0.41641874
0.00039479 0.36283831 0.35232302 0.39930133 0.34523319 0.50234819  0.48417291 0.45702496 0.47508945 0.39693445 0.45000532 0.44589633  0.47476172 0.42761975 0.50206904 0.41641874
0.00039479 0.36283831 0.35232302 0.39930133 0.34523319 0.50234819  0.48417291 0.45702496 0.47508945 0.39693445 0.45000532 0.44589633  0.47476172 0.42761975 0.50206904 0.41641874
0.00039479 0.36283831 0.35232302 0.39930133 0.34523319 0.50234819  0.48417291 0.45702496 0.47508945 0.39693445 0.45000532 0.44589633  0.47476172 0.42761975 0.50206904 0.41641874
0.00039479 0.36283831 0.35232302 0.39930133 0.34523319 0.50234819  0.48417291 0.45702496 0.47508945 0.39693445 0.45000532 0.44589633  0.47476172 0.42761975 0.50206904 0.41641874
0.00039479 0.36283831 0.35232302 0.39930133 0.34523319 0.50234819  0.48417291 0.45702496 0.47508945 0.39693445 0.45000532 0.44589633  0.47476172 0.42761975 0.50206904 0.41641874
0.00039479 0.36283831 0.35232302 0.39930133 0.34523319 0.50234819  0.48417291 0.45702496 0.47508945 0.39693445 0.45000532 0.44589633  0.47476172 0.42761975 0.50206904 0.41641874
0.00039479 0.36283831 0.35232302 0.39930133 0.34523319 0.50234819  0.48417291 0.45702496 0.47508945 0.39693445 0.45000532 0.44589633  0.47476172 0.42761975 0.50206904 0.41641874
0.00039479 0.36283831 0.35232302 0.39930133 0.34523319 0.50234819  0.48417291 0.45702496 0.47508945 0.39693445 0.45000532 0.44589633  0.47476172 0.42761975 0.50206904 0.41641874
0.00039479 0.36283831 0.35232302 0.39930133 0.34523319 0.50234819  0.48417291 0.45702496 0.47508945 0.39693445 0.45000532 0.44589633  0.47476172 0.42761975 0.50206904 0.41641874
0.00039479 0.36283831 0.35232302 0.39930133 0.34523319 0.50234819  0.48417291 0.45702496 0.47508945 0.39693445 0.45000532 0.44589633  0.47476172 0.42761975 0.50206904 0.41641874
0.00039479 0.36283831 0.35232302 0.39930133 0.34523319 0.50234819  0.48417291 0.45702496 0.47508945 0.39693445 0.45000532 0.44589633  0.47476172 0.42761975 0.50206904 0.41641874
0.00039479 0.36283831 0.35232302 0.39930133 0.34523319 0.50234819  0.48417291 0.45702496 0.47508945 0.39693445 0.45000532 0.44589633  0.47476172 0.42761975 0.50206904 0.41641874
0.00039479 0.36283831 0.35232302 0.39930133 0.34523319 0.50234819  0.48417291 0.45702496 0.47508945 0.39693445 0.45000532 0.44589633  0.47476172 0.42761975 0.50206904 0.41641874
0.00039479 0.36283831 0.35232302 0.39930133 0.34523319 0.50234819  0.48417291 0.45702496 0.47508945 0.39693445 0.45000532 0.44589633  0.47476172 0.42761975 0.50206904 0.41641874
0.00039479 0.36283831 0.35232302 0.39930133 0.34523319 0.50234819  0.48417291 0.45702496 0.47508945 0.39693445 0.45000532 0.44589633  0.47476172 0.42761975 0.50206904 0.41641874
0.00039479 0.36283831 0.35232302 0.39930133 0.34523319 0.50234819  0.48417291 0.45702496 0.47508945 0.39693445 0.45000532 0.44589633  0.47476172 0.42761975 0.50206904 0.41641874
0.00039479 0.36283831 0.35232302 0.39930133 0.34523319 0.50234819  0.48417291 0.45702496 0.47508945 0.39693445 0.45000532 0.44589633  0.47476172 0.42761975 0.50206904 0.41641874
0.00039479 0.36283831 0.35232302 0.39930133 0.34523319 0.50234819  0.48417291 0.45702496 0.47508945 0.39693445 0.45000532 0.44589633  0.47476172 0.42761975 0.50206904 0.41641874
0.00039479 0.36283831 0.35232302 0.39930133 0.34523319 0.50234819  0.48417291 0.45702496 0.47508945 0.39693445 0.45000532 0.44589633  0.47476172 0.42761975 0.50206904 0.41641874
0.00039479 0.36283831 0.35232302 0.39930133 0.34523319 0.50234819  0.48417291 0.45702496 0.47508945 0.39693445 0.45000532 0.44589633  0.47476172 0.42761975 0.50206904 0.41641874
0.00039479 0.36283831 0.35232302 0.39930133 0.34523319 0.50234819  0.48417291 0.45702496 0.47508945 0.39693445 0.45000532 0.44589633  0.47476172 0.42761975 0.50206904 0.41641874
0.00039479 0.36283831 0.35232302 0.39930133 0.34523319 0.50234819  0.48417291 0.45702496 0.47508945 0.39693445 0.45000532 0.44589633  0.47476172 0.42761975 0.50206904 0.41641874
0.00039479 0.36283831 0.35232302 0.39930133 0.34523319 0.50234819  0.48417291 0.45702496 0.47508945 0.39693445 0.45000532 0.44589633  0.47476172 0.42761975 0.50206904 0.41641874
0.00039479 0.36283831 0.35232302 0.39930133 0.34523319 0.50234819  0.48417291 0.45702496 0.47508945 0.39693445 0.45000532 0.44589633  0.47476172 0.42761975 0.50206904 0.41641874
0.00039479 0.36283831 0.35232302 0.39930133 0.34523319 0.50234819  0.48417291 0.45702496 0.47508945 0.39693445 0.45000532 0.44589633  0.47476172 0.42761975 0.50206904 0.41641874
0.0177474  0.38984345 0.33852207 0.42635267 0.35697043 0.47086435  0.45750391 0.47765391 0.48169648 0.39463854 0.42895995 0.44917931  0.51265071 0.44991576 0.53083289 0.43501917
0.0536628  0.44240702 0.31244086 0.47255325 0.37234245 0.4347995  0.41032534 0.5038868  0.51648388 0.39941691 0.4265254  0.45434213  0.52269843 0.49085358 0.62015411 0.44430781
0.19983418 0.61384753 0.23898068 0.58119957 0.35806991 0.51465523  0.2685309  0.46369964 0.67611575 0.50619103 0.40809344 0.50843603  0.42737774 0.56899148 0.9160105  0.50251155
0.34870283 0.76973387 0.16428606 0.6184819  0.34236214 0.58379345  0.28407177 0.44232868 0.72507021 0.46410583 0.60282828 0.45310871  0.40039765 0.49040629 0.6776257  0.41305168
0.36610368 0.79359113 0.15060289 0.63922827 0.35098746 0.54604688  0.28099153 0.45721214 0.68450359 0.45312166 0.55212056 0.45454268  0.45472048 0.44356838 0.56928905 0.44537256
0.42211565 0.8095136  0.14555362 0.57622693 0.30703259 0.66721375  0.34593432 0.43345492 0.66374153 0.44538756 0.58541673 0.43841075  0.48324354 0.38602163 0.44345113 0.45303018
0.61007557 0.92377062 0.65622293 0.4299411  0.54270062 0.73350278  0.40783034 0.39362655 0.53939065 0.36262708 0.36815607 0.28455486  0.58525212 0.38347492 0.22795919 0.29812538
0.71194392 0.87851362 0.74014665 0.33583523 0.62086495 0.65381625  0.61551795 0.37289878 0.26921549 0.36566634 0.44070569 0.45498093  0.77568985 0.38526519 0.48110343 0.28385137
0.72944913 0.8614915  0.74636462 0.28113427 0.67080682 0.64728613  0.62270089 0.41836668 0.27863773 0.3493011  0.48970991 0.49814577  0.84298021 0.39638802 0.56034928 0.31495367
0.77665223 0.78279885 0.76107744 0.20138767 0.65620111 0.5969807  0.55767847 0.60829183 0.29563293 0.35549455 0.46585732 0.5172507  0.67756741 0.28951172 0.6948756  0.34133802
0.83531575 0.6829808  0.80286762 0.17116306 0.64359589 0.4927058  0.50274201 0.6018255  0.34806646 0.46371177 0.4335072  0.54297868  0.57624018 0.39689619 0.72184666 0.28889821
0.8476192  0.64551458 0.77389693 0.17119518 0.58779111 0.47504815  0.4931482  0.5194317  0.35110483 0.40160888 0.34672844 0.55751516  0.56729516 0.48582415 0.81282884 0.28164626
0.87280146 0.57009605 0.74506332 0.18103449 0.5722891  0.42190901  0.44015204 0.39337416 0.43568809 0.36488839 0.31489176 0.49714849  0.55783925 0.4372543  0.70466188 0.20566775
0.89545448 0.48943386 0.7004948  0.21417935 0.51642324 0.36834038  0.40564747 0.28486124 0.5120622  0.34425322 0.27533999 0.38982413  0.55951806 0.37544688 0.60011794 0.11243336
0.86443744 0.40817198 0.49197558 0.27307236 0.32258182 0.40097815  0.34877428 0.29622315 0.37087219 0.27285506 0.42203402 0.62154798  0.6298256  0.37923088 0.63474403 0.16749556
0.86432068 0.34211177 0.41627375 0.36718863 0.19313882 0.38332584  0.38271531 0.29301802 0.35447231 0.27598142 0.46160566 0.57980867  0.63321848 0.39380068 0.62027205 0.31791325
0.86677426 0.27121266 0.35331166 0.43380731 0.21665445 0.39638907  0.4000398  0.34951987 0.34228444 0.4974639  0.57131166 0.55176232  0.66920354 0.45896908 0.51373066 0.37090009
0.87474814 0.20370846 0.3034309  0.50730282 0.2767168  0.47216819  0.37273224 0.37006501 0.23926245 0.5448395  0.59265672 0.44899145  0.68357316 0.44750059 0.56662423 0.39878469
0.85658094 0.1979027  0.23044204 0.46475213 0.31945891 0.50407366  0.34603793 0.41398257 0.23841434 0.58103488 0.56582696 0.42488599  0.60067078 0.43420366 0.5516211  0.39637713
0.84520076 0.20289434 0.19595182 0.43797801 0.34981088 0.51952401  0.34587972 0.4284134  0.27360697 0.5606673  0.52475873 0.39062122  0.55434842 0.37947664 0.57660305 0.4316257 
0.8252796  0.24230668 0.16028811 0.3725652  0.38146454 0.56898398  0.31916095 0.42024577 0.30329196 0.4526389  0.38795439 0.33852629  0.52161945 0.35395752 0.55541275 0.41788914
0.83587491 0.1974793  0.15011922 0.46426658 0.43581239 0.64540158  0.3586579  0.45436732 0.27207048 0.4235671  0.33953754 0.28660684  0.53021077 0.37079896 0.66191493 0.38663018
0.81145427 0.22013817 0.09011951 0.40819653 0.48905456 0.67078211  0.3709571  0.46369673 0.36931387 0.36941263 0.27013284 0.2402402  0.48310058 0.30982634 0.65224962 0.50190921
0.81145427 0.22013817 0.09011951 0.40819653 0.48905456 0.67078211  0.3709571  0.46369673 0.36931387 0.36941263 0.27013284 0.2402402  0.48310058 0.30982634 0.65224962 0.50190921
0.80655289 0.24148812 0.09405253 0.36148404 0.46443255 0.63405028  0.34880972 0.44119515 0.38378863 0.38278751 0.28970392 0.25681928  0.48114946 0.29774161 0.6107462  0.51783642
0.79872662 0.27100996 0.09565085 0.31517484 0.444142   0.61850136  0.35142487 0.44739973 0.42328177 0.3669342  0.25289004 0.3057303  0.48612362 0.27265316 0.63360301 0.43577051
0.768572   0.31076121 0.06007332 0.31015603 0.48486744 0.61615948  0.43169501 0.39564776 0.50063993 0.32495679 0.31668905 0.29361165  0.61024625 0.34357338 0.65253156 0.52491081
0.73803468 0.39410083 0.06211619 0.2447932  0.4419448  0.57488501  0.45868335 0.32106047 0.58651938 0.29851019 0.30203363 0.3894141  0.6581961  0.36116511 0.59629411 0.41799555
0.66210193 0.53009608 0.04737255 0.20582606 0.43113082 0.46012609  0.58588894 0.21335801 0.66576282 0.3314285  0.4455944  0.48120594  0.65883775 0.53185857 0.61481044 0.43323704
0.58244955 0.63891525 0.05087603 0.32680677 0.43303835 0.47041291  0.65065014 0.1488357  0.54647652 0.41238904 0.43101044 0.49744041  0.55165864 0.54232772 0.67688632 0.40099669
0.46419287 0.70385018 0.07398886 0.4610786  0.45978375 0.32892926  0.66548431 0.27123717 0.36971818 0.39090666 0.46475379 0.45903776  0.40403091 0.45625839 0.55844664 0.29477832
0.34391966 0.74259745 0.11720176 0.59649984 0.46605604 0.21469693  0.53777597 0.46058264 0.30386251 0.42963433 0.36341965 0.48645295  0.31100395 0.40821756 0.57554391 0.37795929
0.28789067 0.69236764 0.14426571 0.59969813 0.47560329 0.16314422  0.50045994 0.50453736 0.28645284 0.40603301 0.26796056 0.49228663  0.49882729 0.42289847 0.51481512 0.44564443
0.14186882 0.53986652 0.24316545 0.53751649 0.42530447 0.26108021  0.45256786 0.52407135 0.31727347 0.38826572 0.20374694 0.48734895  0.68570446 0.36490552 0.34054521 0.55625189
0.07041539 0.43630915 0.29722661 0.44469049 0.38839901 0.37277729  0.52089298 0.46340749 0.33156962 0.40901927 0.27475743 0.48359119  0.5658377  0.35074962 0.36747868 0.52590376
0.05321128 0.43913037 0.31117827 0.46825072 0.37432155 0.40307748  0.44741125 0.50363182 0.41626492 0.3766235  0.34855458 0.45200603  0.59838234 0.37396954 0.35608178 0.48310896
0.03514825 0.41370071 0.3248389  0.44709904 0.36559576 0.43311778  0.45442367 0.49253738 0.44112986 0.38365436 0.37825223 0.45061328  0.56697354 0.40307785 0.42249623 0.46734004
0.03514825 0.41370071 0.3248389  0.44709904 0.36559576 0.43311778  0.45442367 0.49253738 0.44112986 0.38365436 0.37825223 0.45061328  0.56697354 0.40307785 0.42249623 0.46734004
0.07072036 0.46614656 0.29703087 0.49537801 0.38589877 0.36790454  0.42476719 0.52354981 0.41109396 0.37319006 0.31579528 0.455873  0.64330505 0.37971972 0.35247623 0.50905457
0.12440017 0.54590072 0.25553648 0.56951008 0.41500592 0.27984344  0.36660049 0.573536   0.4031488  0.35895289 0.25716352 0.46023151  0.74080632 0.38769006 0.32975746 0.53921284
0.27178608 0.71484614 0.18141223 0.66201233 0.40158287 0.36367792  0.26425821 0.51970477 0.55185045 0.43733564 0.32347539 0.48811365  0.58472809 0.46666597 0.58962308 0.50042246
0.40547322 0.85405333 0.28390921 0.57770267 0.61034597 0.50864561  0.31263853 0.35252518 0.40583893 0.4031984  0.53183229 0.68713558  0.30929705 0.40373689 0.56832157 0.58371417
0.60902373 0.94012286 0.80720224 0.52101222 0.71430479 0.7388496  0.23463713 0.33560193 0.37269701 0.39307049 0.55782788 0.69086708  0.56243632 0.24100693 0.37822001 0.42400184
0.67831074 0.91606886 0.83831329 0.41961877 0.75266353 0.66070885  0.47382615 0.34475522 0.32650051 0.54992053 0.6240846  0.63296629  0.62267754 0.31748533 0.44521714 0.36218249
0.729254   0.86356486 0.84643312 0.30844601 0.73923472 0.66045599  0.4967145  0.52808424 0.32508181 0.51517553 0.64648674 0.61227626  0.71439094 0.34140781 0.48450933 0.40432797
0.7675978  0.8280595  0.83586923 0.27409928 0.73867995 0.58480067  0.64622877 0.5307913  0.35803723 0.56638718 0.57289169 0.61142116  0.76346364 0.29397643 0.53071779 0.50202091
0.81390682 0.74788112 0.85486144 0.22007457 0.70255169 0.52976987  0.57263183 0.68902525 0.35730619 0.5789109  0.52773743 0.60628045  0.53564296 0.1546065  0.67882928 0.48044502
0.81390682 0.74788112 0.85486144 0.22007457 0.70255169 0.52976987  0.57263183 0.68902525 0.35730619 0.5789109  0.52773743 0.60628045  0.53564296 0.1546065  0.67882928 0.48044502
0.84220133 0.67795382 0.81974424 0.20299749 0.61010037 0.45764941  0.59342069 0.5621873  0.46166095 0.5732684  0.32283333 0.50848451  0.56400296 0.37103439 0.75561987 0.4059707 
0.86726994 0.45377344 0.57161022 0.30110544 0.2261424  0.32865229  0.47755646 0.36854228 0.49332368 0.24682317 0.35354115 0.46542642  0.52488805 0.35141051 0.65731169 0.28450751
0.86726994 0.45377344 0.57161022 0.30110544 0.2261424  0.32865229  0.47755646 0.36854228 0.49332368 0.24682317 0.35354115 0.46542642  0.52488805 0.35141051 0.65731169 0.28450751
0.86766904 0.38756292 0.48035674 0.32196112 0.18377309 0.32025214  0.46444983 0.31198548 0.50286577 0.32175419 0.33917123 0.5170566  0.58898269 0.30287806 0.67309973 0.21582028
0.85956711 0.29937705 0.35609433 0.38670067 0.19301561 0.37073769  0.39775265 0.34751447 0.37605677 0.48249263 0.55725667 0.60322346  0.67494987 0.43214211 0.51714518 0.30319178
0.85956711 0.29937705 0.35609433 0.38670067 0.19301561 0.37073769  0.39775265 0.34751447 0.37605677 0.48249263 0.55725667 0.60322346  0.67494987 0.43214211 0.51714518 0.30319178
0.84896955 0.22776029 0.23655448 0.42015544 0.29427898 0.47441278  0.35289302 0.41403225 0.2873456  0.58651552 0.55169449 0.47887833  0.58780056 0.45643403 0.51269127 0.36924639
0.85658094 0.1979027  0.23044204 0.46475213 0.31945891 0.50407366  0.34603793 0.41398257 0.23841434 0.58103488 0.56582696 0.42488599  0.60067078 0.43420366 0.5516211  0.39637713
0.8252796  0.24230668 0.16028811 0.3725652  0.38146454 0.56898398  0.31916095 0.42024577 0.30329196 0.4526389  0.38795439 0.33852629  0.52161945 0.35395752 0.55541275 0.41788914
0.80085895 0.26496556 0.10028839 0.31649515 0.4347067  0.59436451  0.33146015 0.42957517 0.40053535 0.39848443 0.31854969 0.29215966  0.47450926 0.29298489 0.54574744 0.53316816
0.80085895 0.26496556 0.10028839 0.31649515 0.4347067  0.59436451  0.33146015 0.42957517 0.40053535 0.39848443 0.31854969 0.29215966  0.47450926 0.29298489 0.54574744 0.53316816
0.80085895 0.26496556 0.10028839 0.31649515 0.4347067  0.59436451  0.33146015 0.42957517 0.40053535 0.39848443 0.31854969 0.29215966  0.47450926 0.29298489 0.54574744 0.53316816
0.78582552 0.32265179 0.10466938 0.22307931 0.39077731 0.5531642  0.33178815 0.43377435 0.47380082 0.36765984 0.26768082 0.39253183  0.48522975 0.24106947 0.57201878 0.38339394
0.74029831 0.42236503 0.08253112 0.13001876 0.3795643  0.48711557  0.42582677 0.38781866 0.64367133 0.33700756 0.31734034 0.49028625  0.57951604 0.35658439 0.49608563 0.425364  
0.72486374 0.44964493 0.0758341  0.15034145 0.38864994 0.50419423  0.45472319 0.32705401 0.64671617 0.32956741 0.3344754  0.48287323  0.67169821 0.41834055 0.44361576 0.42333596
0.71245785 0.48501546 0.0823423  0.14589847 0.37264681 0.52777345  0.49217761 0.34157134 0.62179105 0.35662963 0.27177815 0.50742406  0.6917453  0.48026016 0.53764033 0.45039154
0.69673908 0.51033311 0.07549007 0.17223897 0.37854294 0.54181124  0.514598   0.26893977 0.6249669  0.33967367 0.28531019 0.49777304  0.74681904 0.50244848 0.51691819 0.43831534
0.67079203 0.580378   0.09245495 0.17574588 0.34168368 0.58099948  0.58245506 0.39235759 0.55537948 0.3670008  0.28462831 0.50965982  0.73805772 0.5694311  0.62052914 0.50493899
0.6423132  0.63943891 0.10291784 0.20548871 0.32181637 0.60547956  0.62154539 0.42019997 0.51622236 0.38285011 0.32075254 0.50049377  0.73297791 0.62618464 0.54822936 0.52106984
0.62502497 0.64886439 0.08860489 0.22196503 0.34818404 0.56371892  0.65796651 0.39090538 0.53667355 0.37644778 0.39896013 0.49116292  0.69093629 0.63949091 0.60235489 0.51566047
0.57557965 0.7072586  0.07725656 0.30241718 0.36981775 0.5512177  0.7019438  0.31501592 0.50753837 0.42084057 0.46838498 0.4917821  0.57846404 0.59025477 0.65699464 0.4991987 
0.57557965 0.7072586  0.07725656 0.30241718 0.36981775 0.5512177  0.7019438  0.31501592 0.50753837 0.42084057 0.46838498 0.4917821  0.57846404 0.59025477 0.65699464 0.4991987 
0.54035873 0.72779543 0.07589963 0.36723578 0.38862945 0.50588845  0.68901654 0.26898614 0.47564147 0.43709317 0.47765712 0.49290466  0.45624531 0.57493596 0.62659657 0.44672291
0.48531695 0.72098013 0.07729943 0.43418392 0.43083067 0.3703417  0.66573734 0.26878767 0.42181667 0.42852642 0.44120623 0.49859911  0.35606412 0.56294288 0.64052097 0.37201435
0.4328668  0.73032079 0.08617592 0.47929326 0.46005479 0.27864111  0.67785172 0.36477934 0.33753617 0.39346686 0.48219882 0.45934612  0.34327823 0.50644066 0.59289688 0.30925998
0.34008234 0.69305342 0.11758102 0.56786172 0.48330896 0.16392065  0.55080389 0.40664224 0.29620929 0.4064136  0.29030452 0.49938591  0.39288583 0.47880233 0.54822032 0.36945033
0.25174314 0.62594272 0.17183851 0.52237944 0.46171986 0.19802964  0.61701716 0.45651047 0.17520071 0.39852955 0.25624392 0.48530691  0.44420138 0.33205618 0.34619881 0.44088865
0.10621071 0.47415403 0.27143342 0.46311552 0.40469776 0.32432406  0.55148074 0.45167118 0.25323265 0.41498562 0.21487997 0.49533362  0.52030419 0.31450562 0.32525947 0.53234877
0.08792448 0.46332534 0.28307921 0.47181778 0.39997623 0.33760435  0.49824891 0.48332548 0.32639866 0.40558583 0.24199813 0.48745816  0.61076041 0.3564998  0.36387313 0.55184937
0.01779563 0.38669558 0.33863985 0.42004769 0.35385851 0.46460162  0.48109267 0.47190843 0.43452283 0.38595027 0.3992976  0.44733029  0.52908455 0.38078184 0.39373238 0.44873962
0.00039479 0.36283831 0.35232302 0.39930133 0.34523319 0.50234819  0.48417291 0.45702496 0.47508945 0.39693445 0.45000532 0.44589633  0.47476172 0.42761975 0.50206904 0.41641874
0.00039479 0.36283831 0.35232302 0.39930133 0.34523319 0.50234819  0.48417291 0.45702496 0.47508945 0.39693445 0.45000532 0.44589633  0.47476172 0.42761975 0.50206904 0.41641874
0.00039479 0.36283831 0.35232302 0.39930133 0.34523319 0.50234819  0.48417291 0.45702496 0.47508945 0.39693445 0.45000532 0.44589633  0.47476172 0.42761975 0.50206904 0.41641874
0.00039479 0.36283831 0.35232302 0.39930133 0.34523319 0.50234819  0.48417291 0.45702496 0.47508945 0.39693445 0.45000532 0.44589633  0.47476172 0.42761975 0.50206904 0.41641874
0.00039479 0.36283831 0.35232302 0.39930133 0.34523319 0.50234819  0.48417291 0.45702496 0.47508945 0.39693445 0.45000532 0.44589633  0.47476172 0.42761975 0.50206904 0.41641874
0.00039479 0.36283831 0.35232302 0.39930133 0.34523319 0.50234819  0.48417291 0.45702496 0.47508945 0.39693445 0.45000532 0.44589633  0.47476172 0.42761975 0.50206904 0.41641874
0.00039479 0.36283831 0.35232302 0.39930133 0.34523319 0.50234819  0.48417291 0.45702496 0.47508945 0.39693445 0.45000532 0.44589633  0.47476172 0.42761975 0.50206904 0.41641874
0.00039479 0.36283831 0.35232302 0.39930133 0.34523319 0.50234819  0.48417291 0.45702496 0.47508945 0.39693445 0.45000532 0.44589633  0.47476172 0.42761975 0.50206904 0.41641874
0.00039479 0.36283831 0.35232302 0.39930133 0.34523319 0.50234819  0.48417291 0.45702496 0.47508945 0.39693445 0.45000532 0.44589633  0.47476172 0.42761975 0.50206904 0.41641874
0.00039479 0.36283831 0.35232302 0.39930133 0.34523319 0.50234819  0.48417291 0.45702496 0.47508945 0.39693445 0.45000532 0.44589633  0.47476172 0.42761975 0.50206904 0.41641874
0.00039479 0.36283831 0.35232302 0.39930133 0.34523319 0.50234819  0.48417291 0.45702496 0.47508945 0.39693445 0.45000532 0.44589633  0.47476172 0.42761975 0.50206904 0.41641874
0.00039479 0.36283831 0.35232302 0.39930133 0.34523319 0.50234819  0.48417291 0.45702496 0.47508945 0.39693445 0.45000532 0.44589633  0.47476172 0.42761975 0.50206904 0.41641874
0.00039479 0.36283831 0.35232302 0.39930133 0.34523319 0.50234819  0.48417291 0.45702496 0.47508945 0.39693445 0.45000532 0.44589633  0.47476172 0.42761975 0.50206904 0.41641874
0.00039479 0.36283831 0.35232302 0.39930133 0.34523319 0.50234819  0.48417291 0.45702496 0.47508945 0.39693445 0.45000532 0.44589633  0.47476172 0.42761975 0.50206904 0.41641874
0.00039479 0.36283831 0.35232302 0.39930133 0.34523319 0.50234819  0.48417291 0.45702496 0.47508945 0.39693445 0.45000532 0.44589633  0.47476172 0.42761975 0.50206904 0.41641874
0.00039479 0.36283831 0.35232302 0.39930133 0.34523319 0.50234819  0.48417291 0.45702496 0.47508945 0.39693445 0.45000532 0.44589633  0.47476172 0.42761975 0.50206904 0.41641874
0.00039479 0.36283831 0.35232302 0.39930133 0.34523319 0.50234819  0.48417291 0.45702496 0.47508945 0.39693445 0.45000532 0.44589633  0.47476172 0.42761975 0.50206904 0.41641874
0.14403423 0.56680154 0.24560207 0.57181379 0.41020319 0.30249414  0.37686693 0.5527202  0.41928605 0.36574164 0.31540617 0.45545768  0.64500911 0.37523946 0.34960918 0.49079098
0.32647795 0.74943536 0.13031504 0.63148933 0.45003531 0.24149506  0.45971036 0.48231435 0.35561551 0.41665432 0.37573165 0.47487558  0.31820627 0.39599982 0.54386751 0.36749987
0.49279506 0.79883281 0.08948759 0.4538334  0.37477935 0.53766039  0.67361769 0.34105092 0.40775879 0.46182159 0.56147453 0.45894149  0.33910793 0.39120822 0.51804061 0.41814157
0.56324047 0.75110964 0.09211211 0.30418254 0.34843496 0.59677457  0.7318537  0.49777815 0.44141285 0.39386804 0.58813656 0.42747788  0.60811379 0.45263783 0.56700873 0.50068664
0.72526433 0.45272109 0.08796407 0.154374   0.37163698 0.51051861  0.43650956 0.43482319 0.60466385 0.34237438 0.36198931 0.4680441  0.55970607 0.27751574 0.45767033 0.41582316
0.75500101 0.3959788  0.09496858 0.12721651 0.36291236 0.47253131  0.39032606 0.42928219 0.61687182 0.36024464 0.29584427 0.49735479  0.46131689 0.29342549 0.53318046 0.40450296
0.7703736  0.3360168  0.08152931 0.21525825 0.41485081 0.53623807  0.37655758 0.42348591 0.52435947 0.3489195  0.30998375 0.38748171  0.49115325 0.2488308  0.62804216 0.45167321
0.77527498 0.31466685 0.07759628 0.26197074 0.43947282 0.5729699  0.39870496 0.44598748 0.50988471 0.33554462 0.29041268 0.37090264  0.49310437 0.26091552 0.66954559 0.43574599
0.81145427 0.22013817 0.09011951 0.40819653 0.48905456 0.67078211  0.3709571  0.46369673 0.36931387 0.36941263 0.27013284 0.2402402  0.48310058 0.30982634 0.65224962 0.50190921
0.81145427 0.22013817 0.09011951 0.40819653 0.48905456 0.67078211  0.3709571  0.46369673 0.36931387 0.36941263 0.27013284 0.2402402  0.48310058 0.30982634 0.65224962 0.50190921
0.80437742 0.20814368 0.07408074 0.43752356 0.50189949 0.6291726  0.42924304 0.45734549 0.42508707 0.40508586 0.41089875 0.26658182  0.50177701 0.3342049  0.66948366 0.65245269
0.80437742 0.20814368 0.07408074 0.43752356 0.50189949 0.6291726  0.42924304 0.45734549 0.42508707 0.40508586 0.41089875 0.26658182  0.50177701 0.3342049  0.66948366 0.65245269
0.79600235 0.23350319 0.06697943 0.40037547 0.51312806 0.65385598  0.41572653 0.45340828 0.41987252 0.35067229 0.31243578 0.23519009  0.48902407 0.31758766 0.70827301 0.57018847
0.79600235 0.23350319 0.06697943 0.40037547 0.51312806 0.65385598  0.41572653 0.45340828 0.41987252 0.35067229 0.31243578 0.23519009  0.48902407 0.31758766 0.70827301 0.57018847
0.79600235 0.23350319 0.06697943 0.40037547 0.51312806 0.65385598  0.41572653 0.45340828 0.41987252 0.35067229 0.31243578 0.23519009  0.48902407 0.31758766 0.70827301 0.57018847
0.76626622 0.31757564 0.05892296 0.30976188 0.48585061 0.62723993  0.45155524 0.41614393 0.5199375  0.29661063 0.28306298 0.32849372  0.61794371 0.32883114 0.69744951 0.44127528
0.68988041 0.43476356 0.02742509 0.29831078 0.49907239 0.50025363  0.53466604 0.19304439 0.5981756  0.29304114 0.52243113 0.34678203  0.66862702 0.42534427 0.61564757 0.4533517 
0.61216612 0.58946198 0.05101977 0.31271017 0.42860335 0.47904002  0.56121768 0.11917449 0.61741993 0.40703971 0.40458925 0.50665952  0.51222902 0.43613689 0.61582195 0.40436608
0.3872941  0.62158432 0.10913734 0.47021205 0.47765575 0.29066798  0.63666847 0.24392005 0.27098364 0.43576933 0.27277066 0.50070815  0.43712348 0.30237983 0.47733282 0.40456302
0.3872941  0.62158432 0.10913734 0.47021205 0.47765575 0.29066798  0.63666847 0.24392005 0.27098364 0.43576933 0.27277066 0.50070815  0.43712348 0.30237983 0.47733282 0.40456302
0.31877757 0.6236479  0.14567888 0.50921567 0.45584939 0.29835631  0.55996586 0.33616163 0.30798247 0.47814614 0.20302442 0.53578161  0.49440664 0.3467364  0.57513095 0.53113182
0.16000563 0.53173957 0.23221658 0.49324542 0.43411048 0.27074707  0.53485472 0.48065169 0.30129294 0.42100182 0.24494456 0.50077723  0.58076542 0.3920602  0.45997722 0.5496372 
0.08943958 0.45933876 0.28534544 0.45491779 0.39058228 0.36904081  0.52822348 0.45484833 0.32072547 0.40691592 0.29155694 0.48011963  0.53022387 0.32435571 0.32963341 0.50249295
0.03585866 0.41212524 0.32497922 0.44119937 0.36258431 0.43456132  0.47408025 0.48300288 0.40965789 0.37891942 0.36959995 0.44872305  0.56049334 0.35167352 0.32731793 0.46450854
0.03585866 0.41212524 0.32497922 0.44119937 0.36258431 0.43456132  0.47408025 0.48300288 0.40965789 0.37891942 0.36959995 0.44872305  0.56049334 0.35167352 0.32731793 0.46450854
0.01779563 0.38669558 0.33863985 0.42004769 0.35385851 0.46460162  0.48109267 0.47190843 0.43452283 0.38595027 0.3992976  0.44733029  0.52908455 0.38078184 0.39373238 0.44873962
0.00039479 0.36283831 0.35232302 0.39930133 0.34523319 0.50234819  0.48417291 0.45702496 0.47508945 0.39693445 0.45000532 0.44589633  0.47476172 0.42761975 0.50206904 0.41641874
0.00039479 0.36283831 0.35232302 0.39930133 0.34523319 0.50234819  0.48417291 0.45702496 0.47508945 0.39693445 0.45000532 0.44589633  0.47476172 0.42761975 0.50206904 0.41641874
0.00039479 0.36283831 0.35232302 0.39930133 0.34523319 0.50234819  0.48417291 0.45702496 0.47508945 0.39693445 0.45000532 0.44589633  0.47476172 0.42761975 0.50206904 0.41641874
0.00039479 0.36283831 0.35232302 0.39930133 0.34523319 0.50234819  0.48417291 0.45702496 0.47508945 0.39693445 0.45000532 0.44589633  0.47476172 0.42761975 0.50206904 0.41641874
0.00039479 0.36283831 0.35232302 0.39930133 0.34523319 0.50234819  0.48417291 0.45702496 0.47508945 0.39693445 0.45000532 0.44589633  0.47476172 0.42761975 0.50206904 0.41641874
0.00039479 0.36283831 0.35232302 0.39930133 0.34523319 0.50234819  0.48417291 0.45702496 0.47508945 0.39693445 0.45000532 0.44589633  0.47476172 0.42761975 0.50206904 0.41641874
0.00039479 0.36283831 0.35232302 0.39930133 0.34523319 0.50234819  0.48417291 0.45702496 0.47508945 0.39693445 0.45000532 0.44589633  0.47476172 0.42761975 0.50206904 0.41641874
0.00039479 0.36283831 0.35232302 0.39930133 0.34523319 0.50234819  0.48417291 0.45702496 0.47508945 0.39693445 0.45000532 0.44589633  0.47476172 0.42761975 0.50206904 0.41641874
0.00039479 0.36283831 0.35232302 0.39930133 0.34523319 0.50234819  0.48417291 0.45702496 0.47508945 0.39693445 0.45000532 0.44589633  0.47476172 0.42761975 0.50206904 0.41641874
0.00039479 0.36283831 0.35232302 0.39930133 0.34523319 0.50234819  0.48417291 0.45702496 0.47508945 0.39693445 0.45000532 0.44589633  0.47476172 0.42761975 0.50206904 0.41641874
0.00039479 0.36283831 0.35232302 0.39930133 0.34523319 0.50234819  0.48417291 0.45702496 0.47508945 0.39693445 0.45000532 0.44589633  0.47476172 0.42761975 0.50206904 0.41641874
0.00039479 0.36283831 0.35232302 0.39930133 0.34523319 0.50234819  0.48417291 0.45702496 0.47508945 0.39693445 0.45000532 0.44589633  0.47476172 0.42761975 0.50206904 0.41641874
0.00039479 0.36283831 0.35232302 0.39930133 0.34523319 0.50234819  0.48417291 0.45702496 0.47508945 0.39693445 0.45000532 0.44589633  0.47476172 0.42761975 0.50206904 0.41641874
0.00039479 0.36283831 0.35232302 0.39930133 0.34523319 0.50234819  0.48417291 0.45702496 0.47508945 0.39693445 0.45000532 0.44589633  0.47476172 0.42761975 0.50206904 0.41641874
0.00039479 0.36283831 0.35232302 0.39930133 0.34523319 0.50234819  0.48417291 0.45702496 0.47508945 0.39693445 0.45000532 0.44589633  0.47476172 0.42761975 0.50206904 0.41641874
0.00039479 0.36283831 0.35232302 0.39930133 0.34523319 0.50234819  0.48417291 0.45702496 0.47508945 0.39693445 0.45000532 0.44589633  0.47476172 0.42761975 0.50206904 0.41641874
0.00039479 0.36283831 0.35232302 0.39930133 0.34523319 0.50234819  0.48417291 0.45702496 0.47508945 0.39693445 0.45000532 0.44589633  0.47476172 0.42761975 0.50206904 0.41641874
0.00039479 0.36283831 0.35232302 0.39930133 0.34523319 0.50234819  0.48417291 0.45702496 0.47508945 0.39693445 0.45000532 0.44589633  0.47476172 0.42761975 0.50206904 0.41641874
0.00039479 0.36283831 0.35232302 0.39930133 0.34523319 0.50234819  0.48417291 0.45702496 0.47508945 0.39693445 0.45000532 0.44589633  0.47476172 0.42761975 0.50206904 0.41641874
0.00039479 0.36283831 0.35232302 0.39930133 0.34523319 0.50234819  0.48417291 0.45702496 0.47508945 0.39693445 0.45000532 0.44589633  0.47476172 0.42761975 0.50206904 0.41641874
0.00039479 0.36283831 0.35232302 0.39930133 0.34523319 0.50234819  0.48417291 0.45702496 0.47508945 0.39693445 0.45000532 0.44589633  0.47476172 0.42761975 0.50206904 0.41641874
