0.00039479 0.36283831 0.35232302 0.39930133 0.34523319 0.50234819  0.48417291 0.45702496 0.47508945 0.39693445 0.45000532 0.44589633  0.47476172 0.42761975 0.50206904 0.41641874
0.00039479 0.36283831 0.35232302 0.39930133 0.34523319 0.50234819  0.48417291 0.45702496 0.47508945 0.39693445 0.45000532 0.44589633  0.47476172 0.42761975 0.50206904 0.41641874
0.00039479 0.36283831 0.35232302 0.39930133 0.34523319 0.50234819  0.48417291 0.45702496 0.47508945 0.39693445 0.45000532 0.44589633  0.47476172 0.42761975 0.50206904 0.41641874
0.00039479 0.36283831 0.35232302 0.39930133 0.34523319 0.50234819  0.48417291 0.45702496 0.47508945 0.39693445 0.45000532 0.44589633  0.47476172 0.42761975 0.50206904 0.41641874
0.00039479 0.36283831 0.35232302 0.39930133 0.34523319 0.50234819  0.48417291 0.45702496 0.47508945 0.39693445 0.45000532 0.44589633  0.47476172 0.42761975 0.50206904 0.41641874
0.00039479 0.36283831 0.35232302 0.39930133 0.34523319 0.50234819  0.48417291 0.45702496 0.47508945 0.39693445 0.45000532 0.44589633  0.47476172 0.42761975 0.50206904 0.41641874
0.00039479 0.36283831 0.35232302 0.39930133 0.34523319 0.50234819  0.48417291 0.45702496 0.47508945 0.39693445 0.45000532 0.44589633  0.47476172 0.42761975 0.50206904 0.41641874
0.00039479 0.36283831 0.35232302 0.39930133 0.34523319 0.50234819  0.48417291 0.45702496 0.47508945 0.39693445 0.45000532 0.44589633  0.47476172 0.42761975 0.50206904 0.41641874
0.00039479 0.36283831 0.35232302 0.39930133 0.34523319 0.50234819  0.48417291 0.45702496 0.47508945 0.39693445 0.45000532 0.44589633  0.47476172 0.42761975 0.50206904 0.41641874
0.00039479 0.36283831 0.35232302 0.39930133 0.34523319 0.50234819  0.48417291 0.45702496 0.47508945 0.39693445 0.45000532 0.44589633  0.47476172 0.42761975 0.50206904 0.41641874
0.00039479 0.36283831 0.35232302 0.39930133 0.34523319 0.50234819  0.48417291 0.45702496 0.47508945 0.39693445 0.45000532 0.44589633  0.47476172 0.42761975 0.50206904 0.41641874
0.00039479 0.36283831 0.35232302 0.39930133 0.34523319 0.50234819  0.48417291 0.45702496 0.47508945 0.39693445 0.45000532 0.44589633  0.47476172 0.42761975 0.50206904 0.41641874
0.00039479 0.36283831 0.35232302 0.39930133 0.34523319 0.50234819  0.48417291 0.45702496 0.47508945 0.39693445 0.45000532 0.44589633  0.47476172 0.42761975 0.50206904 0.41641874
0.00039479 0.36283831 0.35232302 0.39930133 0.34523319 0.50234819  0.48417291 0.45702496 0.47508945 0.39693445 0.45000532 0.44589633  0.47476172 0.42761975 0.50206904 0.41641874
0.00039479 0.36283831 0.35232302 0.39930133 0.34523319 0.50234819  0.48417291 0.45702496 0.47508945 0.39693445 0.45000532 0.44589633  0.47476172 0.42761975 0.50206904 0.41641874
0.00039479 0.36283831 0.35232302 0.39930133 0.34523319 0.50234819  0.48417291 0.45702496 0.47508945 0.39693445 0.45000532 0.44589633  0.47476172 0.42761975 0.50206904 0.41641874
0.00039479 0.36283831 0.35232302 0.39930133 0.34523319 0.50234819  0.48417291 0.45702496 0.47508945 0.39693445 0.45000532 0.44589633  0.47476172 0.42761975 0.50206904 0.41641874
0.00039479 0.36283831 0.35232302 0.39930133 0.34523319 0.50234819  0.48417291 0.45702496 0.47508945 0.39693445 0.45000532 0.44589633  0.47476172 0.42761975 0.50206904 0.41641874
0.00039479 0.36283831 0.35232302 0.39930133 0.34523319 0.50234819  0.48417291 0.45702496 0.47508945 0.39693445 0.45000532 0.44589633  0.47476172 0.42761975 0.50206904 0.41641874
0.00039479 0.36283831 0.35232302 0.39930133 0.34523319 0.50234819  0.48417291 0.45702496 0.47508945 0.39693445 0.45000532 0.44589633  0.47476172 0.42761975 0.50206904 0.41641874
0.00039479 0.36283831 0.35232302 0.39930133 0.34523319 0.50234819  0.48417291 0.45702496 0.47508945 0.39693445 0.45000532 0.44589633  0.47476172 0.42761975 0.50206904 0.41641874
0.00039479 0.36283831 0.35232302 0.39930133 0.34523319 0.50234819  0.48417291 0.45702496 0.47508945 0.39693445 0.45000532 0.44589633  0.47476172 0.42761975 0.50206904 0.41641874
0.00039479 0.36283831 0.35232302 0.39930133 0.34523319 0.50234819  0.48417291 0.45702496 0.47508945 0.39693445 0.45000532 0.44589633  0.47476172 0.42761975 0.50206904 0.41641874
0.00039479 0.36283831 0.35232302 0.39930133 0.34523319 0.50234819  0.48417291 0.45702496 0.47508945 0.39693445 0.45000532 0.44589633  0.47476172 0.42761975 0.50206904 0.41641874
0.00039479 0.36283831 0.35232302 0.39930133 0.34523319 0.50234819  0.48417291 0.45702496 0.47508945 0.39693445 0.45000532 0.44589633  0.47476172 0.42761975 0.50206904 0.41641874
0.00039479 0.36283831 0.35232302 0.39930133 0.34523319 0.50234819  0.48417291 0.45702496 0.47508945 0.39693445 0.45000532 0.44589633  0.47476172 0.42761975 0.50206904 0.41641874
0.00039479 0.36283831 0.35232302 0.39930133 0.34523319 0.50234819  0.48417291 0.45702496 0.47508945 0.39693445 0.45000532 0.44589633  0.47476172 0.42761975 0.50206904 0.41641874
0.00039479 0.36283831 0.35232302 0.39930133 0.34523319 0.50234819  0.48417291 0.45702496 0.47508945 0.39693445 0.45000532 0.44589633  0.47476172 0.42761975 0.50206904 0.41641874
0.00039479 0.36283831 0.35232302 0.39930133 0.34523319 0.50234819  0.48417291 0.45702496 0.47508945 0.39693445 0.45000532 0.44589633  0.47476172 0.42761975 0.50206904 0.41641874
0.00039479 0.36283831 0.35232302 0.39930133 0.34523319 0.50234819  0.48417291 0.45702496 0.47508945 0.39693445 0.45000532 0.44589633  0.47476172 0.42761975 0.50206904 0.41641874
0.00039479 0.36283831 0.35232302 0.39930133 0.34523319 0.50234819  0.48417291 0.45702496 0.47508945 0.39693445 0.45000532 0.44589633  0.47476172 0.42761975 0.50206904 0.41641874
0.00039479 0.36283831 0.35232302 0.39930133 0.34523319 0.50234819  0.48417291 0.45702496 0.47508945 0.39693445 0.45000532 0.44589633  0.47476172 0.42761975 0.50206904 0.41641874
0.00039479 0.36283831 0.35232302 0.39930133 0.34523319 0.50234819  0.48417291 0.45702496 0.47508945 0.39693445 0.45000532 0.44589633  0.47476172 0.42761975 0.50206904 0.41641874
0.00039479 0.36283831 0.35232302 0.39930133 0.34523319 0.50234819  0.48417291 0.45702496 0.47508945 0.39693445 0.45000532 0.44589633  0.47476172 0.42761975 0.50206904 0.41641874
0.00039479 0.36283831 0.35232302 0.39930133 0.34523319 0.50234819  0.48417291 0.45702496 0.47508945 0.39693445 0.45000532 0.44589633  0.47476172 0.42761975 0.50206904 0.41641874
0.00039479 0.36283831 0.35232302 0.39930133 0.34523319 0.50234819  0.48417291 0.45702496 0.47508945 0.39693445 0.45000532 0.44589633  0.47476172 0.42761975 0.50206904 0.41641874
0.00039479 0.36283831 0.35232302 0.39930133 0.34523319 0.50234819  0.48417291 0.45702496 0.47508945 0.39693445 0.45000532 0.44589633  0.47476172 0.42761975 0.50206904 0.41641874
0.00039479 0.36283831 0.35232302 0.39930133 0.34523319 0.50234819  0.48417291 0.45702496 0.47508945 0.39693445 0.45000532 0.44589633  0.47476172 0.42761975 0.50206904 0.41641874
0.00039479 0.36283831 0.35232302 0.39930133 0.34523319 0.50234819  0.48417291 0.45702496 0.47508945 0.39693445 0.45000532 0.44589633  0.47476172 0.42761975 0.50206904 0.41641874
0.00039479 0.36283831 0.35232302 0.39930133 0.34523319 0.50234819  0.48417291 0.45702496 0.47508945 0.39693445 0.45000532 0.44589633  0.47476172 0.42761975 0.50206904 0.41641874
0.00039479 0.36283831 0.35232302 0.39930133 0.34523319 0.50234819  0.48417291 0.45702496 0.47508945 0.39693445 0.45000532 0.44589633  0.47476172 0.42761975 0.50206904 0.41641874
0.00039479 0.36283831 0.35232302 0.39930133 0.34523319 0.50234819  0.48417291 0.45702496 0.47508945 0.39693445 0.45000532 0.44589633  0.47476172 0.42761975 0.50206904 0.41641874
0.00039479 0.36283831 0.35232302 0.39930133 0.34523319 0.50234819  0.48417291 0.45702496 0.47508945 0.39693445 0.45000532 0.44589633  0.47476172 0.42761975 0.50206904 0.41641874
0.05458382 0.44412559 0.31126544 0.47084924 0.37543887 0.41888292  0.41963695 0.50601557 0.48417426 0.3893172  0.39782155 0.47026577  0.51171188 0.48925887 0.52711202 0.50541899
0.22099862 0.61104748 0.24596787 0.52052155 0.3167854  0.64979511  0.31987255 0.41508508 0.72116799 0.50416208 0.54064343 0.49825521  0.32890068 0.53802426 0.7757093  0.54186999
0.29432439 0.7136175  0.19802459 0.59276055 0.35578896 0.55816767  0.29016139 0.45396852 0.63848222 0.46281949 0.48126698 0.53754792  0.37142265 0.43028843 0.59431196 0.63079056
0.4946509  0.76747373 0.17605634 0.43719186 0.25539992 0.77571647  0.39569924 0.52406157 0.51363093 0.40887449 0.44547886 0.49202773  0.48814688 0.32778803 0.2758912  0.57639733
0.54831475 0.7726507  0.14967867 0.3738816  0.2743939  0.743839  0.5010268  0.55224543 0.46241554 0.38520938 0.47279697 0.48167612  0.55943405 0.37764421 0.31938472 0.57360576
0.63027946 0.71856959 0.27005527 0.39807472 0.1906038  0.67106976  0.49626994 0.56026462 0.22814967 0.49278245 0.46127446 0.63415105  0.52440945 0.44399986 0.25414418 0.53665691
0.73134069 0.58949856 0.30704377 0.23901911 0.19217555 0.57440337  0.47794428 0.67427226 0.25474809 0.41374065 0.39595172 0.66922596  0.38679606 0.45515491 0.58950307 0.60323965
0.76108599 0.52696295 0.296696   0.19261202 0.21016301 0.51830147  0.446624   0.61075379 0.34034132 0.38446358 0.35637374 0.69635559  0.40642763 0.58383443 0.60833681 0.61158217
0.76697774 0.53965399 0.3309331  0.18931544 0.20604292 0.50452648  0.46213615 0.6007065  0.3529461  0.35992858 0.32900046 0.656355  0.36908935 0.60334487 0.59187352 0.63478724
0.807814   0.39618802 0.28032423 0.23069618 0.25179683 0.43085064  0.35482904 0.47675586 0.44006842 0.3844878  0.51821583 0.6913097  0.40789479 0.47154945 0.37191194 0.60016716
0.82613481 0.37591324 0.30293486 0.23074018 0.267168   0.41178453  0.34495646 0.38233726 0.46861442 0.36230615 0.44790382 0.65843429  0.39379321 0.45723816 0.36641412 0.59496127
0.8184861  0.35759698 0.2590572  0.24193901 0.24554431 0.41866672  0.34121275 0.38513793 0.47163615 0.40631681 0.44754959 0.63014554  0.47052391 0.47835175 0.3586892  0.47889361
0.8184861  0.35759698 0.2590572  0.24193901 0.24554431 0.41866672  0.34121275 0.38513793 0.47163615 0.40631681 0.44754959 0.63014554  0.47052391 0.47835175 0.3586892  0.47889361
0.84067312 0.26663765 0.24401789 0.37916475 0.31837073 0.49779471  0.32591992 0.37156495 0.3403626  0.41166685 0.50488515 0.45294778  0.52830415 0.43680966 0.45592582 0.55084797
0.83487948 0.25362548 0.20959044 0.37718072 0.31629732 0.49705897  0.33707438 0.3950897  0.34734393 0.48008485 0.50577955 0.45266205  0.55957839 0.42190863 0.46053074 0.49368525
0.85418254 0.21744811 0.23915392 0.45425316 0.31653042 0.5181263  0.33288104 0.38197709 0.26365033 0.49954611 0.54403737 0.41853069  0.61714401 0.46995816 0.46115599 0.48247437
0.85268195 0.1806337  0.19663889 0.51598874 0.39428402 0.59912795  0.37885847 0.43121666 0.28235013 0.46598433 0.47141769 0.34928145  0.56242337 0.46557704 0.5636184  0.5301346 
0.85268195 0.1806337  0.19663889 0.51598874 0.39428402 0.59912795  0.37885847 0.43121666 0.28235013 0.46598433 0.47141769 0.34928145  0.56242337 0.46557704 0.5636184  0.5301346 
0.85268195 0.1806337  0.19663889 0.51598874 0.39428402 0.59912795  0.37885847 0.43121666 0.28235013 0.46598433 0.47141769 0.34928145  0.56242337 0.46557704 0.5636184  0.5301346 
0.84353426 0.17514113 0.15936459 0.49822299 0.4176376  0.6098519  0.37881311 0.45899171 0.29201368 0.49385827 0.45486591 0.33493355  0.52597412 0.42092066 0.59410386 0.51256502
0.84745622 0.15844378 0.15686731 0.53585497 0.43905381 0.63826937  0.40372454 0.48006765 0.30012651 0.48383144 0.42780293 0.32902821  0.50878352 0.45971364 0.5903852  0.50156637
0.84745622 0.15844378 0.15686731 0.53585497 0.43905381 0.63826937  0.40372454 0.48006765 0.30012651 0.48383144 0.42780293 0.32902821  0.50878352 0.45971364 0.5903852  0.50156637
0.84745622 0.15844378 0.15686731 0.53585497 0.43905381 0.63826937  0.40372454 0.48006765 0.30012651 0.48383144 0.42780293 0.32902821  0.50878352 0.45971364 0.5903852  0.50156637
0.85000082 0.14684402 0.15478951 0.56811024 0.45793532 0.66433881  0.43622762 0.50638501 0.32603073 0.46141057 0.38763816 0.35369326  0.48451477 0.48899094 0.57597197 0.44813146
0.85000082 0.14684402 0.15478951 0.56811024 0.45793532 0.66433881  0.43622762 0.50638501 0.32603073 0.46141057 0.38763816 0.35369326  0.48451477 0.48899094 0.57597197 0.44813146
0.85238478 0.13567359 0.1544598  0.60168719 0.47102557 0.68501973  0.4695041  0.53256587 0.3507943  0.44482605 0.3640865  0.39097116  0.46962195 0.50758818 0.55081024 0.41155626
0.85238478 0.13567359 0.1544598  0.60168719 0.47102557 0.68501973  0.4695041  0.53256587 0.3507943  0.44482605 0.3640865  0.39097116  0.46962195 0.50758818 0.55081024 0.41155626
0.85422248 0.12691295 0.15377398 0.62854767 0.48374086 0.70437033  0.49890737 0.55836573 0.37817809 0.42666908 0.33350518 0.42644265  0.44442908 0.53338696 0.5179083  0.36514502
0.85422248 0.12691295 0.15377398 0.62854767 0.48374086 0.70437033  0.49890737 0.55836573 0.37817809 0.42666908 0.33350518 0.42644265  0.44442908 0.53338696 0.5179083  0.36514502
0.85422248 0.12691295 0.15377398 0.62854767 0.48374086 0.70437033  0.49890737 0.55836573 0.37817809 0.42666908 0.33350518 0.42644265  0.44442908 0.53338696 0.5179083  0.36514502
0.85422248 0.12691295 0.15377398 0.62854767 0.48374086 0.70437033  0.49890737 0.55836573 0.37817809 0.42666908 0.33350518 0.42644265  0.44442908 0.53338696 0.5179083  0.36514502
0.85422248 0.12691295 0.15377398 0.62854767 0.48374086 0.70437033  0.49890737 0.55836573 0.37817809 0.42666908 0.33350518 0.42644265  0.44442908 0.53338696 0.5179083  0.36514502
0.85422248 0.12691295 0.15377398 0.62854767 0.48374086 0.70437033  0.49890737 0.55836573 0.37817809 0.42666908 0.33350518 0.42644265  0.44442908 0.53338696 0.5179083  0.36514502
0.85238478 0.13567359 0.1544598  0.60168719 0.47102557 0.68501973  0.4695041  0.53256587 0.3507943  0.44482605 0.3640865  0.39097116  0.46962195 0.50758818 0.55081024 0.41155626
0.85238478 0.13567359 0.1544598  0.60168719 0.47102557 0.68501973  0.4695041  0.53256587 0.3507943  0.44482605 0.3640865  0.39097116  0.46962195 0.50758818 0.55081024 0.41155626
0.85238478 0.13567359 0.1544598  0.60168719 0.47102557 0.68501973  0.4695041  0.53256587 0.3507943  0.44482605 0.3640865  0.39097116  0.46962195 0.50758818 0.55081024 0.41155626
0.85238478 0.13567359 0.1544598  0.60168719 0.47102557 0.68501973  0.4695041  0.53256587 0.3507943  0.44482605 0.3640865  0.39097116  0.46962195 0.50758818 0.55081024 0.41155626
0.8410046  0.14066523 0.11996958 0.57491306 0.50137755 0.70047008  0.46934589 0.5469967  0.38598693 0.42445847 0.32301827 0.35670639  0.42329958 0.45286117 0.57579219 0.44680483
0.8410046  0.14066523 0.11996958 0.57491306 0.50137755 0.70047008  0.46934589 0.5469967  0.38598693 0.42445847 0.32301827 0.35670639  0.42329958 0.45286117 0.57579219 0.44680483
0.8410046  0.14066523 0.11996958 0.57491306 0.50137755 0.70047008  0.46934589 0.5469967  0.38598693 0.42445847 0.32301827 0.35670639  0.42329958 0.45286117 0.57579219 0.44680483
0.8410046  0.14066523 0.11996958 0.57491306 0.50137755 0.70047008  0.46934589 0.5469967  0.38598693 0.42445847 0.32301827 0.35670639  0.42329958 0.45286117 0.57579219 0.44680483
0.8410046  0.14066523 0.11996958 0.57491306 0.50137755 0.70047008  0.46934589 0.5469967  0.38598693 0.42445847 0.32301827 0.35670639  0.42329958 0.45286117 0.57579219 0.44680483
0.83262952 0.16602474 0.11286828 0.53776497 0.51260611 0.72515345  0.45582938 0.54305949 0.38077238 0.3700449  0.2245553  0.32531466  0.41054665 0.43624393 0.61458154 0.36454061
0.83262952 0.16602474 0.11286828 0.53776497 0.51260611 0.72515345  0.45582938 0.54305949 0.38077238 0.3700449  0.2245553  0.32531466  0.41054665 0.43624393 0.61458154 0.36454061
0.82030478 0.18067064 0.08521471 0.51166072 0.54244253 0.74594993  0.4616481  0.53727088 0.42809449 0.32038041 0.17935343 0.29627781  0.42674841 0.39649386 0.608956   0.40090044
0.81792082 0.19184106 0.08554442 0.47808378 0.52935228 0.72526902  0.42837162 0.51109002 0.40333093 0.33696493 0.2029051  0.25899991  0.44164123 0.37789661 0.63411773 0.43747564
0.81792082 0.19184106 0.08554442 0.47808378 0.52935228 0.72526902  0.42837162 0.51109002 0.40333093 0.33696493 0.2029051  0.25899991  0.44164123 0.37789661 0.63411773 0.43747564
0.8024689  0.20520608 0.06240434 0.47026271 0.55342578 0.70834289  0.47314104 0.50080158 0.45388958 0.31822459 0.24520803 0.2539498  0.44756472 0.38565794 0.69014112 0.5057549 
0.79464263 0.23472791 0.06400266 0.42395352 0.53313523 0.69279396  0.47575619 0.50700616 0.49338272 0.30237128 0.20839415 0.30286082  0.45253888 0.36056949 0.71299793 0.42368899
0.73765748 0.35857344 0.04329591 0.38868034 0.51971388 0.68442583  0.53537514 0.30906506 0.55206242 0.24979365 0.27356531 0.33609472  0.74093086 0.44205293 0.60984428 0.37373613
0.7302115  0.39152315 0.04930674 0.30971258 0.47621036 0.62162456  0.48072467 0.26024613 0.54063296 0.2855894  0.33330115 0.32800874  0.7632485  0.4006909  0.58275407 0.44309826
0.64346067 0.52457095 0.03626609 0.35760138 0.48302868 0.56128104  0.60543259 0.16962909 0.55595511 0.35612272 0.40410388 0.39784024  0.61591149 0.44891101 0.74661409 0.42115195
0.54957617 0.68058048 0.05749998 0.39470474 0.42717006 0.48530658  0.62755419 0.151259   0.50860604 0.44713143 0.44730602 0.49279641  0.45177253 0.43287735 0.62860951 0.37937772
0.3182581  0.62831106 0.1323177  0.51759909 0.49099843 0.18930009  0.6058453  0.37967297 0.22123696 0.42579347 0.21505261 0.50913679  0.47050702 0.34654228 0.52643829 0.4423118 
0.21528176 0.59376156 0.19378039 0.52480588 0.45251154 0.21517936  0.56751399 0.46598144 0.21805241 0.41945118 0.21018195 0.5053015  0.50186244 0.33380019 0.37918523 0.51171703
0.17972186 0.57406243 0.2205477  0.53614006 0.42767962 0.26710317  0.50845081 0.47313849 0.26695076 0.41065778 0.23159778 0.49358724  0.48809418 0.31476111 0.34494406 0.50083097
0.08822462 0.46366638 0.28286618 0.47182852 0.39941799 0.33786217  0.49986066 0.48194129 0.32369463 0.40582488 0.24110466 0.48740772  0.60798696 0.34770104 0.3509214  0.55039879
0.01779563 0.38669558 0.33863985 0.42004769 0.35385851 0.46460162  0.48109267 0.47190843 0.43452283 0.38595027 0.3992976  0.44733029  0.52908455 0.38078184 0.39373238 0.44873962
0.00039479 0.36283831 0.35232302 0.39930133 0.34523319 0.50234819  0.48417291 0.45702496 0.47508945 0.39693445 0.45000532 0.44589633  0.47476172 0.42761975 0.50206904 0.41641874
0.00039479 0.36283831 0.35232302 0.39930133 0.34523319 0.50234819  0.48417291 0.45702496 0.47508945 0.39693445 0.45000532 0.44589633  0.47476172 0.42761975 0.50206904 0.41641874
0.00039479 0.36283831 0.35232302 0.39930133 0.34523319 0.50234819  0.48417291 0.45702496 0.47508945 0.39693445 0.45000532 0.44589633  0.47476172 0.42761975 0.50206904 0.41641874
0.00039479 0.36283831 0.35232302 0.39930133 0.34523319 0.50234819  0.48417291 0.45702496 0.47508945 0.39693445 0.45000532 0.44589633  0.47476172 0.42761975 0.50206904 0.41641874
0.00039479 0.36283831 0.35232302 0.39930133 0.34523319 0.50234819  0.48417291 0.45702496 0.47508945 0.39693445 0.45000532 0.44589633  0.47476172 0.42761975 0.50206904 0.41641874
0.00039479 0.36283831 0.35232302 0.39930133 0.34523319 0.50234819  0.48417291 0.45702496 0.47508945 0.39693445 0.45000532 0.44589633  0.47476172 0.42761975 0.50206904 0.41641874
0.00039479 0.36283831 0.35232302 0.39930133 0.34523319 0.50234819  0.48417291 0.45702496 0.47508945 0.39693445 0.45000532 0.44589633  0.47476172 0.42761975 0.50206904 0.41641874
0.00039479 0.36283831 0.35232302 0.39930133 0.34523319 0.50234819  0.48417291 0.45702496 0.47508945 0.39693445 0.45000532 0.44589633  0.47476172 0.42761975 0.50206904 0.41641874
0.00039479 0.36283831 0.35232302 0.39930133 0.34523319 0.50234819  0.48417291 0.45702496 0.47508945 0.39693445 0.45000532 0.44589633  0.47476172 0.42761975 0.50206904 0.41641874
0.00039479 0.36283831 0.35232302 0.39930133 0.34523319 0.50234819  0.48417291 0.45702496 0.47508945 0.39693445 0.45000532 0.44589633  0.47476172 0.42761975 0.50206904 0.41641874
0.00039479 0.36283831 0.35232302 0.39930133 0.34523319 0.50234819  0.48417291 0.45702496 0.47508945 0.39693445 0.45000532 0.44589633  0.47476172 0.42761975 0.50206904 0.41641874
0.00039479 0.36283831 0.35232302 0.39930133 0.34523319 0.50234819  0.48417291 0.45702496 0.47508945 0.39693445 0.45000532 0.44589633  0.47476172 0.42761975 0.50206904 0.41641874
0.00039479 0.36283831 0.35232302 0.39930133 0.34523319 0.50234819  0.48417291 0.45702496 0.47508945 0.39693445 0.45000532 0.44589633  0.47476172 0.42761975 0.50206904 0.41641874
0.00039479 0.36283831 0.35232302 0.39930133 0.34523319 0.50234819  0.48417291 0.45702496 0.47508945 0.39693445 0.45000532 0.44589633  0.47476172 0.42761975 0.50206904 0.41641874
0.00039479 0.36283831 0.35232302 0.39930133 0.34523319 0.50234819  0.48417291 0.45702496 0.47508945 0.39693445 0.45000532 0.44589633  0.47476172 0.42761975 0.50206904 0.41641874
0.00039479 0.36283831 0.35232302 0.39930133 0.34523319 0.50234819  0.48417291 0.45702496 0.47508945 0.39693445 0.45000532 0.44589633  0.47476172 0.42761975 0.50206904 0.41641874
0.00039479 0.36283831 0.35232302 0.39930133 0.34523319 0.50234819  0.48417291 0.45702496 0.47508945 0.39693445 0.45000532 0.44589633  0.47476172 0.42761975 0.50206904 0.41641874
0.00039479 0.36283831 0.35232302 0.39930133 0.34523319 0.50234819  0.48417291 0.45702496 0.47508945 0.39693445 0.45000532 0.44589633  0.47476172 0.42761975 0.50206904 0.41641874
0.00039479 0.36283831 0.35232302 0.39930133 0.34523319 0.50234819  0.48417291 0.45702496 0.47508945 0.39693445 0.45000532 0.44589633  0.47476172 0.42761975 0.50206904 0.41641874
