0.00039479 0.36283831 0.35232302 0.39930133 0.34523319 0.50234819  0.48417291 0.45702496 0.47508945 0.39693445 0.45000532 0.44589633  0.47476172 0.42761975 0.50206904 0.41641874
0.00039479 0.36283831 0.35232302 0.39930133 0.34523319 0.50234819  0.48417291 0.45702496 0.47508945 0.39693445 0.45000532 0.44589633  0.47476172 0.42761975 0.50206904 0.41641874
0.00039479 0.36283831 0.35232302 0.39930133 0.34523319 0.50234819  0.48417291 0.45702496 0.47508945 0.39693445 0.45000532 0.44589633  0.47476172 0.42761975 0.50206904 0.41641874
0.00039479 0.36283831 0.35232302 0.39930133 0.34523319 0.50234819  0.48417291 0.45702496 0.47508945 0.39693445 0.45000532 0.44589633  0.47476172 0.42761975 0.50206904 0.41641874
0.00039479 0.36283831 0.35232302 0.39930133 0.34523319 0.50234819  0.48417291 0.45702496 0.47508945 0.39693445 0.45000532 0.44589633  0.47476172 0.42761975 0.50206904 0.41641874
0.00039479 0.36283831 0.35232302 0.39930133 0.34523319 0.50234819  0.48417291 0.45702496 0.47508945 0.39693445 0.45000532 0.44589633  0.47476172 0.42761975 0.50206904 0.41641874
0.00039479 0.36283831 0.35232302 0.39930133 0.34523319 0.50234819  0.48417291 0.45702496 0.47508945 0.39693445 0.45000532 0.44589633  0.47476172 0.42761975 0.50206904 0.41641874
0.00039479 0.36283831 0.35232302 0.39930133 0.34523319 0.50234819  0.48417291 0.45702496 0.47508945 0.39693445 0.45000532 0.44589633  0.47476172 0.42761975 0.50206904 0.41641874
0.00039479 0.36283831 0.35232302 0.39930133 0.34523319 0.50234819  0.48417291 0.45702496 0.47508945 0.39693445 0.45000532 0.44589633  0.47476172 0.42761975 0.50206904 0.41641874
0.00039479 0.36283831 0.35232302 0.39930133 0.34523319 0.50234819  0.48417291 0.45702496 0.47508945 0.39693445 0.45000532 0.44589633  0.47476172 0.42761975 0.50206904 0.41641874
0.00039479 0.36283831 0.35232302 0.39930133 0.34523319 0.50234819  0.48417291 0.45702496 0.47508945 0.39693445 0.45000532 0.44589633  0.47476172 0.42761975 0.50206904 0.41641874
0.00039479 0.36283831 0.35232302 0.39930133 0.34523319 0.50234819  0.48417291 0.45702496 0.47508945 0.39693445 0.45000532 0.44589633  0.47476172 0.42761975 0.50206904 0.41641874
0.00039479 0.36283831 0.35232302 0.39930133 0.34523319 0.50234819  0.48417291 0.45702496 0.47508945 0.39693445 0.45000532 0.44589633  0.47476172 0.42761975 0.50206904 0.41641874
0.00039479 0.36283831 0.35232302 0.39930133 0.34523319 0.50234819  0.48417291 0.45702496 0.47508945 0.39693445 0.45000532 0.44589633  0.47476172 0.42761975 0.50206904 0.41641874
0.00039479 0.36283831 0.35232302 0.39930133 0.34523319 0.50234819  0.48417291 0.45702496 0.47508945 0.39693445 0.45000532 0.44589633  0.47476172 0.42761975 0.50206904 0.41641874
0.00039479 0.36283831 0.35232302 0.39930133 0.34523319 0.50234819  0.48417291 0.45702496 0.47508945 0.39693445 0.45000532 0.44589633  0.47476172 0.42761975 0.50206904 0.41641874
0.00039479 0.36283831 0.35232302 0.39930133 0.34523319 0.50234819  0.48417291 0.45702496 0.47508945 0.39693445 0.45000532 0.44589633  0.47476172 0.42761975 0.50206904 0.41641874
0.00039479 0.36283831 0.35232302 0.39930133 0.34523319 0.50234819  0.48417291 0.45702496 0.47508945 0.39693445 0.45000532 0.44589633  0.47476172 0.42761975 0.50206904 0.41641874
0.00039479 0.36283831 0.35232302 0.39930133 0.34523319 0.50234819  0.48417291 0.45702496 0.47508945 0.39693445 0.45000532 0.44589633  0.47476172 0.42761975 0.50206904 0.41641874
0.00039479 0.36283831 0.35232302 0.39930133 0.34523319 0.50234819  0.48417291 0.45702496 0.47508945 0.39693445 0.45000532 0.44589633  0.47476172 0.42761975 0.50206904 0.41641874
0.00039479 0.36283831 0.35232302 0.39930133 0.34523319 0.50234819  0.48417291 0.45702496 0.47508945 0.39693445 0.45000532 0.44589633  0.47476172 0.42761975 0.50206904 0.41641874
0.00039479 0.36283831 0.35232302 0.39930133 0.34523319 0.50234819  0.48417291 0.45702496 0.47508945 0.39693445 0.45000532 0.44589633  0.47476172 0.42761975 0.50206904 0.41641874
0.00039479 0.36283831 0.35232302 0.39930133 0.34523319 0.50234819  0.48417291 0.45702496 0.47508945 0.39693445 0.45000532 0.44589633  0.47476172 0.42761975 0.50206904 0.41641874
0.00039479 0.36283831 0.35232302 0.39930133 0.34523319 0.50234819  0.48417291 0.45702496 0.47508945 0.39693445 0.45000532 0.44589633  0.47476172 0.42761975 0.50206904 0.41641874
0.00039479 0.36283831 0.35232302 0.39930133 0.34523319 0.50234819  0.48417291 0.45702496 0.47508945 0.39693445 0.45000532 0.44589633  0.47476172 0.42761975 0.50206904 0.41641874
0.00039479 0.36283831 0.35232302 0.39930133 0.34523319 0.50234819  0.48417291 0.45702496 0.47508945 0.39693445 0.45000532 0.44589633  0.47476172 0.42761975 0.50206904 0.41641874
0.00039479 0.36283831 0.35232302 0.39930133 0.34523319 0.50234819  0.48417291 0.45702496 0.47508945 0.39693445 0.45000532 0.44589633  0.47476172 0.42761975 0.50206904 0.41641874
0.00039479 0.36283831 0.35232302 0.39930133 0.34523319 0.50234819  0.48417291 0.45702496 0.47508945 0.39693445 0.45000532 0.44589633  0.47476172 0.42761975 0.50206904 0.41641874
0.00039479 0.36283831 0.35232302 0.39930133 0.34523319 0.50234819  0.48417291 0.45702496 0.47508945 0.39693445 0.45000532 0.44589633  0.47476172 0.42761975 0.50206904 0.41641874
0.00039479 0.36283831 0.35232302 0.39930133 0.34523319 0.50234819  0.48417291 0.45702496 0.47508945 0.39693445 0.45000532 0.44589633  0.47476172 0.42761975 0.50206904 0.41641874
0.00039479 0.36283831 0.35232302 0.39930133 0.34523319 0.50234819  0.48417291 0.45702496 0.47508945 0.39693445 0.45000532 0.44589633  0.47476172 0.42761975 0.50206904 0.41641874
0.00039479 0.36283831 0.35232302 0.39930133 0.34523319 0.50234819  0.48417291 0.45702496 0.47508945 0.39693445 0.45000532 0.44589633  0.47476172 0.42761975 0.50206904 0.41641874
0.00039479 0.36283831 0.35232302 0.39930133 0.34523319 0.50234819  0.48417291 0.45702496 0.47508945 0.39693445 0.45000532 0.44589633  0.47476172 0.42761975 0.50206904 0.41641874
0.00039479 0.36283831 0.35232302 0.39930133 0.34523319 0.50234819  0.48417291 0.45702496 0.47508945 0.39693445 0.45000532 0.44589633  0.47476172 0.42761975 0.50206904 0.41641874
0.00039479 0.36283831 0.35232302 0.39930133 0.34523319 0.50234819  0.48417291 0.45702496 0.47508945 0.39693445 0.45000532 0.44589633  0.47476172 0.42761975 0.50206904 0.41641874
0.00039479 0.36283831 0.35232302 0.39930133 0.34523319 0.50234819  0.48417291 0.45702496 0.47508945 0.39693445 0.45000532 0.44589633  0.47476172 0.42761975 0.50206904 0.41641874
0.00039479 0.36283831 0.35232302 0.39930133 0.34523319 0.50234819  0.48417291 0.45702496 0.47508945 0.39693445 0.45000532 0.44589633  0.47476172 0.42761975 0.50206904 0.41641874
0.00039479 0.36283831 0.35232302 0.39930133 0.34523319 0.50234819  0.48417291 0.45702496 0.47508945 0.39693445 0.45000532 0.44589633  0.47476172 0.42761975 0.50206904 0.41641874
0.00039479 0.36283831 0.35232302 0.39930133 0.34523319 0.50234819  0.48417291 0.45702496 0.47508945 0.39693445 0.45000532 0.44589633  0.47476172 0.42761975 0.50206904 0.41641874
0.00039479 0.36283831 0.35232302 0.39930133 0.34523319 0.50234819  0.48417291 0.45702496 0.47508945 0.39693445 0.45000532 0.44589633  0.47476172 0.42761975 0.50206904 0.41641874
0.00039479 0.36283831 0.35232302 0.39930133 0.34523319 0.50234819  0.48417291 0.45702496 0.47508945 0.39693445 0.45000532 0.44589633  0.47476172 0.42761975 0.50206904 0.41641874
0.00039479 0.36283831 0.35232302 0.39930133 0.34523319 0.50234819  0.48417291 0.45702496 0.47508945 0.39693445 0.45000532 0.44589633  0.47476172 0.42761975 0.50206904 0.41641874
0.00039479 0.36283831 0.35232302 0.39930133 0.34523319 0.50234819  0.48417291 0.45702496 0.47508945 0.39693445 0.45000532 0.44589633  0.47476172 0.42761975 0.50206904 0.41641874
0.01870308 0.37196619 0.35364175 0.3935624  0.32342162 0.57297891  0.46719925 0.41839832 0.50184052 0.43767273 0.41413017 0.46831696  0.4749994  0.42459677 0.52671212 0.46566615
0.07401249 0.43187564 0.33134832 0.42344051 0.30095439 0.66156247  0.40990401 0.36986909 0.59942256 0.5230826  0.41739045 0.51107782  0.34076091 0.44952405 0.74244847 0.51256051
0.15112945 0.54431939 0.33780862 0.44642546 0.41408117 0.6776867  0.31818984 0.40853429 0.64721684 0.5291676  0.45717916 0.50750146  0.40795033 0.5089282  0.77629506 0.49468056
0.31026701 0.78764866 0.57262775 0.46282571 0.7712916  0.69716294  0.17042839 0.36933452 0.65952599 0.46361263 0.68077537 0.5747102  0.39866824 0.62930562 0.79138251 0.42291262
0.45761807 0.90051177 0.54661951 0.44481481 0.77127536 0.83231285  0.12054925 0.4073761  0.61009179 0.44293284 0.67640308 0.63519652  0.58310949 0.48937885 0.49060304 0.47659059
0.54204649 0.87804377 0.7801083  0.51557584 0.700529   0.78565421  0.13055571 0.41218758 0.58737252 0.58909509 0.5787682  0.61248599  0.73016807 0.43144782 0.46675414 0.31792331
0.60364726 0.90759523 0.80629278 0.4485349  0.71610817 0.74567624  0.25167245 0.47022433 0.57456807 0.56731127 0.55766551 0.49823681  0.84400938 0.44029409 0.28897491 0.35678894
0.64717408 0.90441415 0.83074046 0.40551256 0.687889   0.73772303  0.33604642 0.48914145 0.52869502 0.4530289  0.59102575 0.45938107  0.84055131 0.40245212 0.32183925 0.35486929
0.69890403 0.87746881 0.81703142 0.33009466 0.68295525 0.69154537  0.43179277 0.53660967 0.4462996  0.46787884 0.54984736 0.4433622  0.74257436 0.38798696 0.36072871 0.32414145
0.76073227 0.8092691  0.8299314  0.2473455  0.68550779 0.60430442  0.52906138 0.61661199 0.40648664 0.49451248 0.60102737 0.47311857  0.79522044 0.41725701 0.5825402  0.29239   
0.76073227 0.8092691  0.8299314  0.2473455  0.68550779 0.60430442  0.52906138 0.61661199 0.40648664 0.49451248 0.60102737 0.47311857  0.79522044 0.41725701 0.5825402  0.29239   
0.8055619  0.7414587  0.80595843 0.22779438 0.5710378  0.52787403  0.55031761 0.66292985 0.27875591 0.4792954  0.436414   0.45583376  0.51439338 0.30131447 0.709968   0.28426294
0.80023688 0.71972285 0.75290613 0.27500943 0.41810031 0.50937911  0.57536105 0.64032764 0.286003   0.41555232 0.3619994  0.36268777  0.5106843  0.33521395 0.70767511 0.21921865
0.79817939 0.71203883 0.73590854 0.28957677 0.37500865 0.50976523  0.57200503 0.63761403 0.2657651  0.3660092  0.37553118 0.3974446  0.48483362 0.31569772 0.7415241  0.2493598 
0.81114465 0.58394613 0.58632236 0.32531392 0.14757234 0.42167261  0.57406073 0.57709664 0.34229899 0.28342826 0.37911609 0.50636171  0.5081846  0.41339037 0.78981928 0.36531117
0.79691386 0.55207803 0.49417273 0.33200585 0.08839272 0.43893875  0.53923591 0.58112324 0.26610425 0.27761513 0.44449992 0.58871238  0.57165216 0.47666925 0.75305648 0.37418022
0.78957885 0.54771499 0.46131945 0.31635383 0.10157148 0.45176972  0.52960229 0.60815773 0.27549283 0.36129477 0.44079358 0.58102117  0.56935638 0.51329447 0.68411403 0.33435726
0.83233245 0.40925623 0.41324062 0.33458294 0.13077692 0.36041206  0.47395269 0.50479687 0.38094334 0.4450499  0.55805232 0.60303308  0.6052017  0.49025457 0.5420701  0.30409384
0.83931177 0.36186471 0.36931912 0.3370509  0.1532338  0.36047987  0.42575253 0.43809035 0.39960869 0.46428596 0.56338152 0.6450093  0.65668734 0.44087539 0.52903652 0.24953683
0.84434213 0.32135668 0.32125115 0.32584525 0.18084895 0.36726112  0.38682873 0.38006047 0.40504027 0.52534005 0.52764836 0.6592367  0.6644573  0.44017986 0.49803387 0.20184023
0.84434213 0.32135668 0.32125115 0.32584525 0.18084895 0.36726112  0.38682873 0.38006047 0.40504027 0.52534005 0.52764836 0.6592367  0.6644573  0.44017986 0.49803387 0.20184023
0.84302072 0.28634227 0.28237854 0.3543887  0.22449308 0.393534  0.38416821 0.40163095 0.37521069 0.56906731 0.54791046 0.59597778  0.62303388 0.42061193 0.50566252 0.26633656
0.85063211 0.25648468 0.2762661  0.39898539 0.24967301 0.42319488  0.37731312 0.40158127 0.32627942 0.56358667 0.56204293 0.54198544  0.63590411 0.39838155 0.54459235 0.2934673 
0.86560046 0.19821588 0.2661566  0.48953708 0.30007037 0.48289214  0.37268688 0.39784007 0.24892601 0.57271345 0.57610493 0.43464355  0.64712391 0.4028442  0.5971097  0.38121511
0.86560046 0.19821588 0.2661566  0.48953708 0.30007037 0.48289214  0.37268688 0.39784007 0.24892601 0.57271345 0.57610493 0.43464355  0.64712391 0.4028442  0.5971097  0.38121511
0.85658094 0.1979027  0.23044204 0.46475213 0.31945891 0.50407366  0.34603793 0.41398257 0.23841434 0.58103488 0.56582696 0.42488599  0.60067078 0.43420366 0.5516211  0.39637713
0.85658094 0.1979027  0.23044204 0.46475213 0.31945891 0.50407366  0.34603793 0.41398257 0.23841434 0.58103488 0.56582696 0.42488599  0.60067078 0.43420366 0.5516211  0.39637713
0.8387988  0.18742988 0.15736982 0.45300109 0.40294248 0.56379382  0.36970977 0.45515139 0.30678152 0.5404804  0.47171013 0.33795105  0.49767666 0.3630108  0.63756203 0.49521316
0.81047484 0.22479077 0.09155524 0.39911602 0.48584876 0.66246775  0.37372115 0.46227109 0.39190146 0.37276068 0.26264094 0.25091394  0.46395887 0.33653459 0.60702753 0.50683777
0.81047484 0.22479077 0.09155524 0.39911602 0.48584876 0.66246775  0.37372115 0.46227109 0.39190146 0.37276068 0.26264094 0.25091394  0.46395887 0.33653459 0.60702753 0.50683777
0.77821413 0.35250937 0.11078182 0.17848262 0.36559738 0.52350332  0.33864324 0.43382403 0.52273208 0.37314048 0.25354835 0.44652416  0.47235953 0.26329985 0.53308895 0.3562632 
0.52369307 0.61796942 0.04870808 0.43401759 0.48718119 0.32586235  0.57249556 0.06099855 0.50734531 0.40355265 0.39894938 0.4938375  0.38806214 0.46213854 0.54787549 0.27697973
0.43707352 0.76618815 0.09257935 0.47643766 0.43231067 0.35109863  0.69856614 0.42524996 0.32376475 0.37853934 0.57521434 0.42259341  0.36354293 0.41580276 0.48720202 0.3162269 
0.25115308 0.64172099 0.16960709 0.56179153 0.46387166 0.18590319  0.53173139 0.4918958  0.25019042 0.40748008 0.22913713 0.49821948  0.53664908 0.38295344 0.4353316  0.48529548
0.05376752 0.43799618 0.31115285 0.46461404 0.37170126 0.40285192  0.45997324 0.49916965 0.39495508 0.37092573 0.34201088 0.44971212  0.60190849 0.33932527 0.28622227 0.47709032
0.01779563 0.38669558 0.33863985 0.42004769 0.35385851 0.46460162  0.48109267 0.47190843 0.43452283 0.38595027 0.3992976  0.44733029  0.52908455 0.38078184 0.39373238 0.44873962
0.00039479 0.36283831 0.35232302 0.39930133 0.34523319 0.50234819  0.48417291 0.45702496 0.47508945 0.39693445 0.45000532 0.44589633  0.47476172 0.42761975 0.50206904 0.41641874
0.00039479 0.36283831 0.35232302 0.39930133 0.34523319 0.50234819  0.48417291 0.45702496 0.47508945 0.39693445 0.45000532 0.44589633  0.47476172 0.42761975 0.50206904 0.41641874
0.00039479 0.36283831 0.35232302 0.39930133 0.34523319 0.50234819  0.48417291 0.45702496 0.47508945 0.39693445 0.45000532 0.44589633  0.47476172 0.42761975 0.50206904 0.41641874
0.00039479 0.36283831 0.35232302 0.39930133 0.34523319 0.50234819  0.48417291 0.45702496 0.47508945 0.39693445 0.45000532 0.44589633  0.47476172 0.42761975 0.50206904 0.41641874
0.00039479 0.36283831 0.35232302 0.39930133 0.34523319 0.50234819  0.48417291 0.45702496 0.47508945 0.39693445 0.45000532 0.44589633  0.47476172 0.42761975 0.50206904 0.41641874
0.00039479 0.36283831 0.35232302 0.39930133 0.34523319 0.50234819  0.48417291 0.45702496 0.47508945 0.39693445 0.45000532 0.44589633  0.47476172 0.42761975 0.50206904 0.41641874
0.00039479 0.36283831 0.35232302 0.39930133 0.34523319 0.50234819  0.48417291 0.45702496 0.47508945 0.39693445 0.45000532 0.44589633  0.47476172 0.42761975 0.50206904 0.41641874
0.00039479 0.36283831 0.35232302 0.39930133 0.34523319 0.50234819  0.48417291 0.45702496 0.47508945 0.39693445 0.45000532 0.44589633  0.47476172 0.42761975 0.50206904 0.41641874
0.00039479 0.36283831 0.35232302 0.39930133 0.34523319 0.50234819  0.48417291 0.45702496 0.47508945 0.39693445 0.45000532 0.44589633  0.47476172 0.42761975 0.50206904 0.41641874
0.00039479 0.36283831 0.35232302 0.39930133 0.34523319 0.50234819  0.48417291 0.45702496 0.47508945 0.39693445 0.45000532 0.44589633  0.47476172 0.42761975 0.50206904 0.41641874
0.00039479 0.36283831 0.35232302 0.39930133 0.34523319 0.50234819  0.48417291 0.45702496 0.47508945 0.39693445 0.45000532 0.44589633  0.47476172 0.42761975 0.50206904 0.41641874
0.00039479 0.36283831 0.35232302 0.39930133 0.34523319 0.50234819  0.48417291 0.45702496 0.47508945 0.39693445 0.45000532 0.44589633  0.47476172 0.42761975 0.50206904 0.41641874
0.00039479 0.36283831 0.35232302 0.39930133 0.34523319 0.50234819  0.48417291 0.45702496 0.47508945 0.39693445 0.45000532 0.44589633  0.47476172 0.42761975 0.50206904 0.41641874
0.00039479 0.36283831 0.35232302 0.39930133 0.34523319 0.50234819  0.48417291 0.45702496 0.47508945 0.39693445 0.45000532 0.44589633  0.47476172 0.42761975 0.50206904 0.41641874
0.00039479 0.36283831 0.35232302 0.39930133 0.34523319 0.50234819  0.48417291 0.45702496 0.47508945 0.39693445 0.45000532 0.44589633  0.47476172 0.42761975 0.50206904 0.41641874
0.00039479 0.36283831 0.35232302 0.39930133 0.34523319 0.50234819  0.48417291 0.45702496 0.47508945 0.39693445 0.45000532 0.44589633  0.47476172 0.42761975 0.50206904 0.41641874
0.00039479 0.36283831 0.35232302 0.39930133 0.34523319 0.50234819  0.48417291 0.45702496 0.47508945 0.39693445 0.45000532 0.44589633  0.47476172 0.42761975 0.50206904 0.41641874
0.00039479 0.36283831 0.35232302 0.39930133 0.34523319 0.50234819  0.48417291 0.45702496 0.47508945 0.39693445 0.45000532 0.44589633  0.47476172 0.42761975 0.50206904 0.41641874
0.00039479 0.36283831 0.35232302 0.39930133 0.34523319 0.50234819  0.48417291 0.45702496 0.47508945 0.39693445 0.45000532 0.44589633  0.47476172 0.42761975 0.50206904 0.41641874
0.00039479 0.36283831 0.35232302 0.39930133 0.34523319 0.50234819  0.48417291 0.45702496 0.47508945 0.39693445 0.45000532 0.44589633  0.47476172 0.42761975 0.50206904 0.41641874
0.00039479 0.36283831 0.35232302 0.39930133 0.34523319 0.50234819  0.48417291 0.45702496 0.47508945 0.39693445 0.45000532 0.44589633  0.47476172 0.42761975 0.50206904 0.41641874
0.00039479 0.36283831 0.35232302 0.39930133 0.34523319 0.50234819  0.48417291 0.45702496 0.47508945 0.39693445 0.45000532 0.44589633  0.47476172 0.42761975 0.50206904 0.41641874
0.00039479 0.36283831 0.35232302 0.39930133 0.34523319 0.50234819  0.48417291 0.45702496 0.47508945 0.39693445 0.45000532 0.44589633  0.47476172 0.42761975 0.50206904 0.41641874
0.00039479 0.36283831 0.35232302 0.39930133 0.34523319 0.50234819  0.48417291 0.45702496 0.47508945 0.39693445 0.45000532 0.44589633  0.47476172 0.42761975 0.50206904 0.41641874
0.00039479 0.36283831 0.35232302 0.39930133 0.34523319 0.50234819  0.48417291 0.45702496 0.47508945 0.39693445 0.45000532 0.44589633  0.47476172 0.42761975 0.50206904 0.41641874
0.00039479 0.36283831 0.35232302 0.39930133 0.34523319 0.50234819  0.48417291 0.45702496 0.47508945 0.39693445 0.45000532 0.44589633  0.47476172 0.42761975 0.50206904 0.41641874
0.00039479 0.36283831 0.35232302 0.39930133 0.34523319 0.50234819  0.48417291 0.45702496 0.47508945 0.39693445 0.45000532 0.44589633  0.47476172 0.42761975 0.50206904 0.41641874
0.00039479 0.36283831 0.35232302 0.39930133 0.34523319 0.50234819  0.48417291 0.45702496 0.47508945 0.39693445 0.45000532 0.44589633  0.47476172 0.42761975 0.50206904 0.41641874
0.16187996 0.59388486 0.23420499 0.59694525 0.41516703 0.31285555  0.31759823 0.5727271  0.54210041 0.37589394 0.40950488 0.44661877  0.59063354 0.52768983 0.64080352 0.43082945
0.29131437 0.74805556 0.15908228 0.6753636  0.42004641 0.3197609  0.28518274 0.55941337 0.5863977  0.37842273 0.50936378 0.43246587  0.48548483 0.47992898 0.58442582 0.36396198
0.40220479 0.79726513 0.13609064 0.5941128  0.34530261 0.57132595  0.36749057 0.40781695 0.61604907 0.48060388 0.50381711 0.4786943  0.45969182 0.40398792 0.53527023 0.50209665
0.51122529 0.79950986 0.09455724 0.43195576 0.3493868  0.5994669  0.66683861 0.34610602 0.416032   0.46732754 0.53386627 0.462384  0.40329739 0.37544479 0.47961754 0.45658068
0.52906469 0.78820068 0.09336626 0.38841304 0.34732777 0.60797626  0.70061735 0.39068725 0.41489499 0.43795197 0.56221965 0.44478585  0.48337353 0.40582652 0.48947905 0.4686588 
0.56324047 0.75110964 0.09211211 0.30418254 0.34843496 0.59677457  0.7318537  0.49777815 0.44141285 0.39386804 0.58813656 0.42747788  0.60811379 0.45263783 0.56700873 0.50068664
0.61392737 0.70525158 0.1213932  0.23751204 0.29622314 0.65927076  0.64685717 0.60988884 0.42383282 0.38391055 0.43466685 0.44608585  0.67793819 0.40029594 0.53045078 0.51804505
0.61392737 0.70525158 0.1213932  0.23751204 0.29622314 0.65927076  0.64685717 0.60988884 0.42383282 0.38391055 0.43466685 0.44608585  0.67793819 0.40029594 0.53045078 0.51804505
0.61392737 0.70525158 0.1213932  0.23751204 0.29622314 0.65927076  0.64685717 0.60988884 0.42383282 0.38391055 0.43466685 0.44608585  0.67793819 0.40029594 0.53045078 0.51804505
0.61392737 0.70525158 0.1213932  0.23751204 0.29622314 0.65927076  0.64685717 0.60988884 0.42383282 0.38391055 0.43466685 0.44608585  0.67793819 0.40029594 0.53045078 0.51804505
0.61392737 0.70525158 0.1213932  0.23751204 0.29622314 0.65927076  0.64685717 0.60988884 0.42383282 0.38391055 0.43466685 0.44608585  0.67793819 0.40029594 0.53045078 0.51804505
0.61392737 0.70525158 0.1213932  0.23751204 0.29622314 0.65927076  0.64685717 0.60988884 0.42383282 0.38391055 0.43466685 0.44608585  0.67793819 0.40029594 0.53045078 0.51804505
0.54585538 0.76698681 0.08965354 0.34547207 0.35390861 0.59149901  0.72032369 0.43166193 0.43851868 0.41619343 0.58055577 0.44022078  0.54140279 0.43690875 0.55830019 0.48269548
0.51122529 0.79950986 0.09455724 0.43195576 0.3493868  0.5994669  0.66683861 0.34610602 0.416032   0.46732754 0.53386627 0.462384  0.40329739 0.37544479 0.47961754 0.45658068
0.51122529 0.79950986 0.09455724 0.43195576 0.3493868  0.5994669  0.66683861 0.34610602 0.416032   0.46732754 0.53386627 0.462384  0.40329739 0.37544479 0.47961754 0.45658068
0.43892126 0.80877087 0.12951451 0.56353291 0.32463159 0.61985217  0.41394331 0.38121775 0.55115627 0.49550961 0.44909069 0.49001226  0.43342507 0.34623032 0.45823349 0.52103516
0.3661066  0.79108975 0.15156986 0.63533951 0.34955576 0.54521948  0.28753473 0.4537974  0.67253362 0.45100407 0.5336416  0.45762606  0.47236909 0.44257352 0.57230233 0.44591881
0.29107316 0.73878106 0.1673626  0.66415867 0.40259571 0.36666945  0.28126409 0.52462815 0.57687665 0.42124874 0.42144045 0.46780795  0.51353046 0.46161548 0.60660736 0.44614229
0.23628908 0.67624242 0.19954434 0.63669928 0.39800938 0.38162797  0.27771921 0.5208753  0.59495076 0.44188228 0.40764849 0.48183943  0.47848049 0.50866236 0.73580298 0.44715308
0.08999378 0.49313415 0.28638405 0.51363044 0.38570241 0.39726732  0.37907898 0.52582355 0.52966283 0.39104218 0.42975666 0.45059252  0.5392353  0.50689328 0.63342558 0.43006611
0.02824889 0.44808228 0.46053863 0.31745904 0.75201959 0.57380984  0.34871235 0.49505349 0.38037336 0.45709022 0.60480597 0.70279589  0.57803855 0.36897619 0.52602389 0.4510139 
0.03644557 0.47442642 0.52418416 0.29873811 0.82647302 0.59305614  0.31450977 0.47284365 0.35438709 0.38361211 0.63046157 0.74638923  0.53536189 0.37265346 0.5463708  0.52251331
0.03629813 0.47465041 0.5253351  0.29671566 0.83658996 0.5968049  0.3104505  0.4730986  0.34871992 0.38368676 0.64290425 0.76601225  0.53514919 0.36503173 0.54833612 0.53460519
0.03629813 0.47465041 0.5253351  0.29671566 0.83658996 0.5968049  0.3104505  0.4730986  0.34871992 0.38368676 0.64290425 0.76601225  0.53514919 0.36503173 0.54833612 0.53460519
0.01894551 0.44764527 0.53913605 0.26966431 0.82485271 0.62828875  0.3371195  0.45246965 0.34211288 0.38598267 0.66394962 0.76272926  0.4972602  0.34273572 0.51957227 0.51600477
0.01894551 0.44764527 0.53913605 0.26966431 0.82485271 0.62828875  0.3371195  0.45246965 0.34211288 0.38598267 0.66394962 0.76272926  0.4972602  0.34273572 0.51957227 0.51600477
0.01894551 0.44764527 0.53913605 0.26966431 0.82485271 0.62828875  0.3371195  0.45246965 0.34211288 0.38598267 0.66394962 0.76272926  0.4972602  0.34273572 0.51957227 0.51600477
0.01894551 0.44764527 0.53913605 0.26966431 0.82485271 0.62828875  0.3371195  0.45246965 0.34211288 0.38598267 0.66394962 0.76272926  0.4972602  0.34273572 0.51957227 0.51600477
0.01844945 0.44330089 0.52917629 0.28127656 0.77696179 0.6147171  0.35292604 0.44951733 0.35610097 0.37845855 0.62821476 0.71043954  0.48450602 0.35950009 0.51569226 0.49822897
0.02704444 0.47551529 0.59753257 0.25520921 0.86078113 0.63246788  0.32772028 0.44167234 0.34463689 0.33806303 0.62100386 0.69868156  0.4351981  0.35084601 0.53257192 0.50473514
0.0229344  0.46019814 0.56283826 0.26824465 0.80155698 0.61426264  0.34955848 0.44842243 0.36723709 0.38707133 0.59782646 0.65722388  0.45994762 0.38467687 0.50101112 0.4703501 
0.02243834 0.45585376 0.55287851 0.27985689 0.75366606 0.60069099  0.36536501 0.44547011 0.38122518 0.37954721 0.56209161 0.60493415  0.44719344 0.40144125 0.4971311  0.45257431
0.02256325 0.45908273 0.56002762 0.27145459 0.79268933 0.61437888  0.35129666 0.44840378 0.36744242 0.38572043 0.59501976 0.653503  0.45889825 0.38389941 0.50136793 0.47044883
0.02256325 0.45908273 0.56002762 0.27145459 0.79268933 0.61437888  0.35129666 0.44840378 0.36744242 0.38572043 0.59501976 0.653503  0.45889825 0.38389941 0.50136793 0.47044883
0.01844945 0.44330089 0.52917629 0.28127656 0.77696179 0.6147171  0.35292604 0.44951733 0.35610097 0.37845855 0.62821476 0.71043954  0.48450602 0.35950009 0.51569226 0.49822897
0.01354666 0.43327153 0.5003966  0.27470189 0.78783927 0.61396047  0.36285165 0.47426517 0.36803295 0.45422317 0.62196153 0.69409938  0.53009914 0.35490942 0.51624082 0.41344987
0.01354666 0.43327153 0.5003966  0.27470189 0.78783927 0.61396047  0.36285165 0.47426517 0.36803295 0.45422317 0.62196153 0.69409938  0.53009914 0.35490942 0.51624082 0.41344987
0.00841419 0.40841025 0.44811876 0.31575825 0.64948033 0.58033754  0.40210419 0.46618445 0.41197813 0.46322077 0.56743453 0.60966464  0.5414122  0.38941285 0.48872693 0.3960962 
0.00039479 0.36283831 0.35232302 0.39930133 0.34523319 0.50234819  0.48417291 0.45702496 0.47508945 0.39693445 0.45000532 0.44589633  0.47476172 0.42761975 0.50206904 0.41641874
0.00039479 0.36283831 0.35232302 0.39930133 0.34523319 0.50234819  0.48417291 0.45702496 0.47508945 0.39693445 0.45000532 0.44589633  0.47476172 0.42761975 0.50206904 0.41641874
0.00039479 0.36283831 0.35232302 0.39930133 0.34523319 0.50234819  0.48417291 0.45702496 0.47508945 0.39693445 0.45000532 0.44589633  0.47476172 0.42761975 0.50206904 0.41641874
0.00039479 0.36283831 0.35232302 0.39930133 0.34523319 0.50234819  0.48417291 0.45702496 0.47508945 0.39693445 0.45000532 0.44589633  0.47476172 0.42761975 0.50206904 0.41641874
0.00039479 0.36283831 0.35232302 0.39930133 0.34523319 0.50234819  0.48417291 0.45702496 0.47508945 0.39693445 0.45000532 0.44589633  0.47476172 0.42761975 0.50206904 0.41641874
0.00039479 0.36283831 0.35232302 0.39930133 0.34523319 0.50234819  0.48417291 0.45702496 0.47508945 0.39693445 0.45000532 0.44589633  0.47476172 0.42761975 0.50206904 0.41641874
0.00039479 0.36283831 0.35232302 0.39930133 0.34523319 0.50234819  0.48417291 0.45702496 0.47508945 0.39693445 0.45000532 0.44589633  0.47476172 0.42761975 0.50206904 0.41641874
0.00039479 0.36283831 0.35232302 0.39930133 0.34523319 0.50234819  0.48417291 0.45702496 0.47508945 0.39693445 0.45000532 0.44589633  0.47476172 0.42761975 0.50206904 0.41641874
0.00039479 0.36283831 0.35232302 0.39930133 0.34523319 0.50234819  0.48417291 0.45702496 0.47508945 0.39693445 0.45000532 0.44589633  0.47476172 0.42761975 0.50206904 0.41641874
0.00039479 0.36283831 0.35232302 0.39930133 0.34523319 0.50234819  0.48417291 0.45702496 0.47508945 0.39693445 0.45000532 0.44589633  0.47476172 0.42761975 0.50206904 0.41641874
0.00039479 0.36283831 0.35232302 0.39930133 0.34523319 0.50234819  0.48417291 0.45702496 0.47508945 0.39693445 0.45000532 0.44589633  0.47476172 0.42761975 0.50206904 0.41641874
0.00039479 0.36283831 0.35232302 0.39930133 0.34523319 0.50234819  0.48417291 0.45702496 0.47508945 0.39693445 0.45000532 0.44589633  0.47476172 0.42761975 0.50206904 0.41641874
0.00039479 0.36283831 0.35232302 0.39930133 0.34523319 0.50234819  0.48417291 0.45702496 0.47508945 0.39693445 0.45000532 0.44589633  0.47476172 0.42761975 0.50206904 0.41641874
0.00039479 0.36283831 0.35232302 0.39930133 0.34523319 0.50234819  0.48417291 0.45702496 0.47508945 0.39693445 0.45000532 0.44589633  0.47476172 0.42761975 0.50206904 0.41641874
0.00039479 0.36283831 0.35232302 0.39930133 0.34523319 0.50234819  0.48417291 0.45702496 0.47508945 0.39693445 0.45000532 0.44589633  0.47476172 0.42761975 0.50206904 0.41641874
0.00039479 0.36283831 0.35232302 0.39930133 0.34523319 0.50234819  0.48417291 0.45702496 0.47508945 0.39693445 0.45000532 0.44589633  0.47476172 0.42761975 0.50206904 0.41641874
0.00039479 0.36283831 0.35232302 0.39930133 0.34523319 0.50234819  0.48417291 0.45702496 0.47508945 0.39693445 0.45000532 0.44589633  0.47476172 0.42761975 0.50206904 0.41641874
0.00039479 0.36283831 0.35232302 0.39930133 0.34523319 0.50234819  0.48417291 0.45702496 0.47508945 0.39693445 0.45000532 0.44589633  0.47476172 0.42761975 0.50206904 0.41641874
0.00039479 0.36283831 0.35232302 0.39930133 0.34523319 0.50234819  0.48417291 0.45702496 0.47508945 0.39693445 0.45000532 0.44589633  0.47476172 0.42761975 0.50206904 0.41641874
0.00039479 0.36283831 0.35232302 0.39930133 0.34523319 0.50234819  0.48417291 0.45702496 0.47508945 0.39693445 0.45000532 0.44589633  0.47476172 0.42761975 0.50206904 0.41641874
0.00039479 0.36283831 0.35232302 0.39930133 0.34523319 0.50234819  0.48417291 0.45702496 0.47508945 0.39693445 0.45000532 0.44589633  0.47476172 0.42761975 0.50206904 0.41641874
0.00039479 0.36283831 0.35232302 0.39930133 0.34523319 0.50234819  0.48417291 0.45702496 0.47508945 0.39693445 0.45000532 0.44589633  0.47476172 0.42761975 0.50206904 0.41641874
0.00039479 0.36283831 0.35232302 0.39930133 0.34523319 0.50234819  0.48417291 0.45702496 0.47508945 0.39693445 0.45000532 0.44589633  0.47476172 0.42761975 0.50206904 0.41641874
0.00039479 0.36283831 0.35232302 0.39930133 0.34523319 0.50234819  0.48417291 0.45702496 0.47508945 0.39693445 0.45000532 0.44589633  0.47476172 0.42761975 0.50206904 0.41641874
0.00039479 0.36283831 0.35232302 0.39930133 0.34523319 0.50234819  0.48417291 0.45702496 0.47508945 0.39693445 0.45000532 0.44589633  0.47476172 0.42761975 0.50206904 0.41641874
0.00039479 0.36283831 0.35232302 0.39930133 0.34523319 0.50234819  0.48417291 0.45702496 0.47508945 0.39693445 0.45000532 0.44589633  0.47476172 0.42761975 0.50206904 0.41641874
0.00039479 0.36283831 0.35232302 0.39930133 0.34523319 0.50234819  0.48417291 0.45702496 0.47508945 0.39693445 0.45000532 0.44589633  0.47476172 0.42761975 0.50206904 0.41641874
0.00039479 0.36283831 0.35232302 0.39930133 0.34523319 0.50234819  0.48417291 0.45702496 0.47508945 0.39693445 0.45000532 0.44589633  0.47476172 0.42761975 0.50206904 0.41641874
0.00039479 0.36283831 0.35232302 0.39930133 0.34523319 0.50234819  0.48417291 0.45702496 0.47508945 0.39693445 0.45000532 0.44589633  0.47476172 0.42761975 0.50206904 0.41641874
0.00039479 0.36283831 0.35232302 0.39930133 0.34523319 0.50234819  0.48417291 0.45702496 0.47508945 0.39693445 0.45000532 0.44589633  0.47476172 0.42761975 0.50206904 0.41641874
