0.00039479 0.36283831 0.35232302 0.39930133 0.34523319 0.50234819  0.48417291 0.45702496 0.47508945 0.39693445 0.45000532 0.44589633  0.47476172 0.42761975 0.50206904 0.41641874
0.00039479 0.36283831 0.35232302 0.39930133 0.34523319 0.50234819  0.48417291 0.45702496 0.47508945 0.39693445 0.45000532 0.44589633  0.47476172 0.42761975 0.50206904 0.41641874
0.00039479 0.36283831 0.35232302 0.39930133 0.34523319 0.50234819  0.48417291 0.45702496 0.47508945 0.39693445 0.45000532 0.44589633  0.47476172 0.42761975 0.50206904 0.41641874
0.00039479 0.36283831 0.35232302 0.39930133 0.34523319 0.50234819  0.48417291 0.45702496 0.47508945 0.39693445 0.45000532 0.44589633  0.47476172 0.42761975 0.50206904 0.41641874
0.00039479 0.36283831 0.35232302 0.39930133 0.34523319 0.50234819  0.48417291 0.45702496 0.47508945 0.39693445 0.45000532 0.44589633  0.47476172 0.42761975 0.50206904 0.41641874
0.00039479 0.36283831 0.35232302 0.39930133 0.34523319 0.50234819  0.48417291 0.45702496 0.47508945 0.39693445 0.45000532 0.44589633  0.47476172 0.42761975 0.50206904 0.41641874
0.00039479 0.36283831 0.35232302 0.39930133 0.34523319 0.50234819  0.48417291 0.45702496 0.47508945 0.39693445 0.45000532 0.44589633  0.47476172 0.42761975 0.50206904 0.41641874
0.00039479 0.36283831 0.35232302 0.39930133 0.34523319 0.50234819  0.48417291 0.45702496 0.47508945 0.39693445 0.45000532 0.44589633  0.47476172 0.42761975 0.50206904 0.41641874
0.00039479 0.36283831 0.35232302 0.39930133 0.34523319 0.50234819  0.48417291 0.45702496 0.47508945 0.39693445 0.45000532 0.44589633  0.47476172 0.42761975 0.50206904 0.41641874
0.00039479 0.36283831 0.35232302 0.39930133 0.34523319 0.50234819  0.48417291 0.45702496 0.47508945 0.39693445 0.45000532 0.44589633  0.47476172 0.42761975 0.50206904 0.41641874
0.00039479 0.36283831 0.35232302 0.39930133 0.34523319 0.50234819  0.48417291 0.45702496 0.47508945 0.39693445 0.45000532 0.44589633  0.47476172 0.42761975 0.50206904 0.41641874
0.00039479 0.36283831 0.35232302 0.39930133 0.34523319 0.50234819  0.48417291 0.45702496 0.47508945 0.39693445 0.45000532 0.44589633  0.47476172 0.42761975 0.50206904 0.41641874
0.00039479 0.36283831 0.35232302 0.39930133 0.34523319 0.50234819  0.48417291 0.45702496 0.47508945 0.39693445 0.45000532 0.44589633  0.47476172 0.42761975 0.50206904 0.41641874
0.00039479 0.36283831 0.35232302 0.39930133 0.34523319 0.50234819  0.48417291 0.45702496 0.47508945 0.39693445 0.45000532 0.44589633  0.47476172 0.42761975 0.50206904 0.41641874
0.00039479 0.36283831 0.35232302 0.39930133 0.34523319 0.50234819  0.48417291 0.45702496 0.47508945 0.39693445 0.45000532 0.44589633  0.47476172 0.42761975 0.50206904 0.41641874
0.00039479 0.36283831 0.35232302 0.39930133 0.34523319 0.50234819  0.48417291 0.45702496 0.47508945 0.39693445 0.45000532 0.44589633  0.47476172 0.42761975 0.50206904 0.41641874
0.00039479 0.36283831 0.35232302 0.39930133 0.34523319 0.50234819  0.48417291 0.45702496 0.47508945 0.39693445 0.45000532 0.44589633  0.47476172 0.42761975 0.50206904 0.41641874
0.00039479 0.36283831 0.35232302 0.39930133 0.34523319 0.50234819  0.48417291 0.45702496 0.47508945 0.39693445 0.45000532 0.44589633  0.47476172 0.42761975 0.50206904 0.41641874
0.00039479 0.36283831 0.35232302 0.39930133 0.34523319 0.50234819  0.48417291 0.45702496 0.47508945 0.39693445 0.45000532 0.44589633  0.47476172 0.42761975 0.50206904 0.41641874
0.00039479 0.36283831 0.35232302 0.39930133 0.34523319 0.50234819  0.48417291 0.45702496 0.47508945 0.39693445 0.45000532 0.44589633  0.47476172 0.42761975 0.50206904 0.41641874
0.00039479 0.36283831 0.35232302 0.39930133 0.34523319 0.50234819  0.48417291 0.45702496 0.47508945 0.39693445 0.45000532 0.44589633  0.47476172 0.42761975 0.50206904 0.41641874
0.00039479 0.36283831 0.35232302 0.39930133 0.34523319 0.50234819  0.48417291 0.45702496 0.47508945 0.39693445 0.45000532 0.44589633  0.47476172 0.42761975 0.50206904 0.41641874
0.00039479 0.36283831 0.35232302 0.39930133 0.34523319 0.50234819  0.48417291 0.45702496 0.47508945 0.39693445 0.45000532 0.44589633  0.47476172 0.42761975 0.50206904 0.41641874
0.00039479 0.36283831 0.35232302 0.39930133 0.34523319 0.50234819  0.48417291 0.45702496 0.47508945 0.39693445 0.45000532 0.44589633  0.47476172 0.42761975 0.50206904 0.41641874
0.00039479 0.36283831 0.35232302 0.39930133 0.34523319 0.50234819  0.48417291 0.45702496 0.47508945 0.39693445 0.45000532 0.44589633  0.47476172 0.42761975 0.50206904 0.41641874
0.00039479 0.36283831 0.35232302 0.39930133 0.34523319 0.50234819  0.48417291 0.45702496 0.47508945 0.39693445 0.45000532 0.44589633  0.47476172 0.42761975 0.50206904 0.41641874
0.00039479 0.36283831 0.35232302 0.39930133 0.34523319 0.50234819  0.48417291 0.45702496 0.47508945 0.39693445 0.45000532 0.44589633  0.47476172 0.42761975 0.50206904 0.41641874
0.00039479 0.36283831 0.35232302 0.39930133 0.34523319 0.50234819  0.48417291 0.45702496 0.47508945 0.39693445 0.45000532 0.44589633  0.47476172 0.42761975 0.50206904 0.41641874
0.00039479 0.36283831 0.35232302 0.39930133 0.34523319 0.50234819  0.48417291 0.45702496 0.47508945 0.39693445 0.45000532 0.44589633  0.47476172 0.42761975 0.50206904 0.41641874
0.00039479 0.36283831 0.35232302 0.39930133 0.34523319 0.50234819  0.48417291 0.45702496 0.47508945 0.39693445 0.45000532 0.44589633  0.47476172 0.42761975 0.50206904 0.41641874
0.00039479 0.36283831 0.35232302 0.39930133 0.34523319 0.50234819  0.48417291 0.45702496 0.47508945 0.39693445 0.45000532 0.44589633  0.47476172 0.42761975 0.50206904 0.41641874
0.00039479 0.36283831 0.35232302 0.39930133 0.34523319 0.50234819  0.48417291 0.45702496 0.47508945 0.39693445 0.45000532 0.44589633  0.47476172 0.42761975 0.50206904 0.41641874
0.00039479 0.36283831 0.35232302 0.39930133 0.34523319 0.50234819  0.48417291 0.45702496 0.47508945 0.39693445 0.45000532 0.44589633  0.47476172 0.42761975 0.50206904 0.41641874
0.00039479 0.36283831 0.35232302 0.39930133 0.34523319 0.50234819  0.48417291 0.45702496 0.47508945 0.39693445 0.45000532 0.44589633  0.47476172 0.42761975 0.50206904 0.41641874
0.00039479 0.36283831 0.35232302 0.39930133 0.34523319 0.50234819  0.48417291 0.45702496 0.47508945 0.39693445 0.45000532 0.44589633  0.47476172 0.42761975 0.50206904 0.41641874
0.00039479 0.36283831 0.35232302 0.39930133 0.34523319 0.50234819  0.48417291 0.45702496 0.47508945 0.39693445 0.45000532 0.44589633  0.47476172 0.42761975 0.50206904 0.41641874
0.00039479 0.36283831 0.35232302 0.39930133 0.34523319 0.50234819  0.48417291 0.45702496 0.47508945 0.39693445 0.45000532 0.44589633  0.47476172 0.42761975 0.50206904 0.41641874
0.00039479 0.36283831 0.35232302 0.39930133 0.34523319 0.50234819  0.48417291 0.45702496 0.47508945 0.39693445 0.45000532 0.44589633  0.47476172 0.42761975 0.50206904 0.41641874
0.00039479 0.36283831 0.35232302 0.39930133 0.34523319 0.50234819  0.48417291 0.45702496 0.47508945 0.39693445 0.45000532 0.44589633  0.47476172 0.42761975 0.50206904 0.41641874
0.00039479 0.36283831 0.35232302 0.39930133 0.34523319 0.50234819  0.48417291 0.45702496 0.47508945 0.39693445 0.45000532 0.44589633  0.47476172 0.42761975 0.50206904 0.41641874
0.00039479 0.36283831 0.35232302 0.39930133 0.34523319 0.50234819  0.48417291 0.45702496 0.47508945 0.39693445 0.45000532 0.44589633  0.47476172 0.42761975 0.50206904 0.41641874
0.02665659 0.42986493 0.41740663 0.38540618 0.4769961  0.49877633  0.42655185 0.47531798 0.47422967 0.4155152  0.40374488 0.3974065  0.48623873 0.48490368 0.49984106 0.36704925
0.20489404 0.68073455 0.6514876  0.43545862 0.84360102 0.50894823  0.27749127 0.44521445 0.65135267 0.6346431  0.46005138 0.50219789  0.56038986 0.59043638 0.68348391 0.43382122
0.41692737 0.81459102 0.7898935  0.53518133 0.77609653 0.59019262  0.28086553 0.36007197 0.65370083 0.71260715 0.68797322 0.52762526  0.48657024 0.47616192 0.65246768 0.27927414
0.52420145 0.85172853 0.79501054 0.5023224  0.69609607 0.71980758  0.19862558 0.44258821 0.58214947 0.70246685 0.44727765 0.54262436  0.77199495 0.35544171 0.32130432 0.38162351
0.58561211 0.91991453 0.796206   0.50963574 0.70028747 0.69508517  0.24959657 0.42505644 0.58338985 0.65886414 0.50331875 0.47892371  0.64542844 0.38794369 0.31534083 0.30226827
0.63457225 0.92329288 0.81168097 0.49707079 0.67884054 0.69304731  0.35355076 0.37710348 0.43563503 0.6512721  0.54550627 0.48355158  0.62162268 0.37085031 0.25250919 0.1786715 
0.66979674 0.89610654 0.81294856 0.41223853 0.67130785 0.70683225  0.39885951 0.48780093 0.43739219 0.59957114 0.58144044 0.45321053  0.76840982 0.41696111 0.27107924 0.20874078
0.71029224 0.86831401 0.8395408  0.36656056 0.66825369 0.65316537  0.46413835 0.51166631 0.37307475 0.54582748 0.55930276 0.48213013  0.70842955 0.3703653  0.39242023 0.27109936
0.79251417 0.77683266 0.82126809 0.22938532 0.64391004 0.54573208  0.58111074 0.61491751 0.30877459 0.5439721  0.47280598 0.46320343  0.63277185 0.34842003 0.6267951  0.29644923
0.80359508 0.73160663 0.78145622 0.25428861 0.48199521 0.51133802  0.5772531  0.65525868 0.30565862 0.47067806 0.37416365 0.36734953  0.51637612 0.32335321 0.6841522  0.23635942
0.79419427 0.69995065 0.70836335 0.2942099  0.35480777 0.50524787  0.57977487 0.64729779 0.27458254 0.42119072 0.38528194 0.40455576  0.52128794 0.33198674 0.71420012 0.23284928
0.78119562 0.64339952 0.5930395  0.36908018 0.13452225 0.47095122  0.612091   0.64238357 0.26138781 0.31971137 0.42015297 0.484742  0.49605083 0.27697665 0.78208102 0.35935412
0.78816109 0.58587422 0.53028414 0.3665678  0.08119832 0.43558635  0.59138314 0.6319216  0.29194594 0.31203261 0.46541675 0.54370036  0.53972041 0.34097879 0.7419624  0.38619024
0.77789347 0.52201178 0.39265491 0.31766637 0.10361816 0.46480897  0.52524459 0.64172977 0.26986939 0.45424777 0.46906125 0.62073602  0.6379689  0.478883   0.70518225 0.25398946
0.80884769 0.40905416 0.33274034 0.30405622 0.16460444 0.41411387  0.40639405 0.53013605 0.3538723  0.45855916 0.53964594 0.59140062  0.61121639 0.38310699 0.46557859 0.14102459
0.82353798 0.37968201 0.32577632 0.28535658 0.17258626 0.39723561  0.39869695 0.46049457 0.3838845  0.46857313 0.47212412 0.62071979  0.62846766 0.45738435 0.52585774 0.14798697
0.81779984 0.34091044 0.24116099 0.24614646 0.23481963 0.42384997  0.3466179  0.42004082 0.39897761 0.50712186 0.40235564 0.60373951  0.56880198 0.41026569 0.52182008 0.11716846
0.81779984 0.34091044 0.24116099 0.24614646 0.23481963 0.42384997  0.3466179  0.42004082 0.39897761 0.50712186 0.40235564 0.60373951  0.56880198 0.41026569 0.52182008 0.11716846
0.80263478 0.32985049 0.17078154 0.23455267 0.31235521 0.4981228  0.32634404 0.42449463 0.4254887  0.42729494 0.32295305 0.4928908  0.51946972 0.32427247 0.54275426 0.24098418
0.79053887 0.33786347 0.13843539 0.20458686 0.33576096 0.50270684  0.33282452 0.43961264 0.47540997 0.42280496 0.29875022 0.47556101  0.45615777 0.30304991 0.53871449 0.31990337
0.77821413 0.35250937 0.11078182 0.17848262 0.36559738 0.52350332  0.33864324 0.43382403 0.52273208 0.37314048 0.25354835 0.44652416  0.47235953 0.26329985 0.53308895 0.3562632 
0.77821413 0.35250937 0.11078182 0.17848262 0.36559738 0.52350332  0.33864324 0.43382403 0.52273208 0.37314048 0.25354835 0.44652416  0.47235953 0.26329985 0.53308895 0.3562632 
0.77045293 0.38261378 0.11810865 0.13503757 0.33883886 0.48945744  0.34555663 0.43957064 0.56631317 0.37898498 0.25354133 0.50240491  0.4553934  0.28566417 0.47715708 0.3362237 
0.67450782 0.49472555 0.04086436 0.21026904 0.44713394 0.43654687  0.54843452 0.19884068 0.69068795 0.30436628 0.50829165 0.45665511  0.63879066 0.46993896 0.52078587 0.40618146
0.56414126 0.62978737 0.0495573  0.33254569 0.45484992 0.39978219  0.6676238  0.18746235 0.51972545 0.37165076 0.46688559 0.47501977  0.55142096 0.54535069 0.65224323 0.35174928
0.47448677 0.78970493 0.08816885 0.45957232 0.39659092 0.46702966  0.69059135 0.37967756 0.38100772 0.42108331 0.59734968 0.43652086  0.33887025 0.39423119 0.49339753 0.36889416
0.23361478 0.65246079 0.18086228 0.60450925 0.45247106 0.20467086  0.44564003 0.51411208 0.3042942  0.40379421 0.23226891 0.49226843  0.52207547 0.37226641 0.4306398  0.49303455
0.0703101  0.46806309 0.29667752 0.50128842 0.38835198 0.36671883  0.40672235 0.53170012 0.4398619  0.37816405 0.32355409 0.45771279  0.6470118  0.42232529 0.4347028  0.51043549
0.00039479 0.36283831 0.35232302 0.39930133 0.34523319 0.50234819  0.48417291 0.45702496 0.47508945 0.39693445 0.45000532 0.44589633  0.47476172 0.42761975 0.50206904 0.41641874
0.00039479 0.36283831 0.35232302 0.39930133 0.34523319 0.50234819  0.48417291 0.45702496 0.47508945 0.39693445 0.45000532 0.44589633  0.47476172 0.42761975 0.50206904 0.41641874
0.00039479 0.36283831 0.35232302 0.39930133 0.34523319 0.50234819  0.48417291 0.45702496 0.47508945 0.39693445 0.45000532 0.44589633  0.47476172 0.42761975 0.50206904 0.41641874
0.00039479 0.36283831 0.35232302 0.39930133 0.34523319 0.50234819  0.48417291 0.45702496 0.47508945 0.39693445 0.45000532 0.44589633  0.47476172 0.42761975 0.50206904 0.41641874
0.00039479 0.36283831 0.35232302 0.39930133 0.34523319 0.50234819  0.48417291 0.45702496 0.47508945 0.39693445 0.45000532 0.44589633  0.47476172 0.42761975 0.50206904 0.41641874
0.00039479 0.36283831 0.35232302 0.39930133 0.34523319 0.50234819  0.48417291 0.45702496 0.47508945 0.39693445 0.45000532 0.44589633  0.47476172 0.42761975 0.50206904 0.41641874
0.00039479 0.36283831 0.35232302 0.39930133 0.34523319 0.50234819  0.48417291 0.45702496 0.47508945 0.39693445 0.45000532 0.44589633  0.47476172 0.42761975 0.50206904 0.41641874
0.03631018 0.41540188 0.32624181 0.4455019  0.36060521 0.46628334  0.43699433 0.48325785 0.50987685 0.40171282 0.44757077 0.45105915  0.48480944 0.46855757 0.59139026 0.42570739
0.3444827  0.60346106 0.20356852 0.38121951 0.33834971 0.56267475  0.40745736 0.68720623 0.77201758 0.30374602 0.79312925 0.36789393  0.59763822 0.57173569 0.80722238 0.3918138 
0.43584555 0.67932541 0.16385238 0.38530167 0.33306949 0.5649693  0.43024492 0.72367624 0.71773012 0.26547606 0.76461385 0.34881005  0.73640348 0.52545065 0.63498707 0.40809755
0.48953071 0.70019693 0.13355062 0.3432889  0.35319201 0.51780911  0.54479151 0.72636033 0.61845976 0.23481159 0.76589085 0.33161576  0.76446245 0.49193124 0.54461581 0.3906815 
0.50496528 0.67291703 0.14024763 0.3229662  0.34410637 0.50073045  0.51589509 0.78712499 0.61541492 0.24225175 0.74875579 0.33902879  0.67228028 0.43017508 0.59708567 0.39270953
0.52068406 0.64759938 0.14709986 0.29662571 0.33821024 0.48669265  0.49347469 0.85975655 0.61223907 0.25920771 0.73522375 0.34867981  0.61720654 0.40798675 0.61780782 0.40478574
0.52068406 0.64759938 0.14709986 0.29662571 0.33821024 0.48669265  0.49347469 0.85975655 0.61223907 0.25920771 0.73522375 0.34867981  0.61720654 0.40798675 0.61780782 0.40478574
0.52068406 0.64759938 0.14709986 0.29662571 0.33821024 0.48669265  0.49347469 0.85975655 0.61223907 0.25920771 0.73522375 0.34867981  0.61720654 0.40798675 0.61780782 0.40478574
0.46896517 0.67786503 0.15702145 0.37970755 0.33579868 0.51318494  0.40474428 0.81119128 0.67398764 0.27144784 0.70037409 0.35989504  0.73565257 0.45642442 0.54737255 0.45249463
0.43359648 0.69851626 0.16595956 0.45647702 0.33198054 0.51383573  0.32783509 0.77139724 0.67503149 0.31468818 0.63693511 0.38503748  0.67428481 0.42166395 0.50680916 0.46363491
0.31026764 0.75206383 0.15952262 0.64823399 0.39874639 0.37659792  0.30806681 0.54666139 0.5891055  0.36968839 0.52322653 0.42585104  0.54557613 0.4585101  0.52169231 0.38234165
0.18071194 0.61353524 0.22246522 0.60191622 0.41747472 0.29145473  0.34959629 0.56558815 0.46497569 0.35613795 0.37512374 0.44331453  0.62192954 0.43019961 0.43447751 0.42559626
0.18071194 0.61353524 0.22246522 0.60191622 0.41747472 0.29145473  0.34959629 0.56558815 0.46497569 0.35613795 0.37512374 0.44331453  0.62192954 0.43019961 0.43447751 0.42559626
0.12527381 0.54220859 0.25761048 0.55760475 0.40846099 0.30142766  0.38272777 0.55895235 0.40999438 0.35511677 0.30119955 0.45203371  0.69429696 0.3891966  0.33531862 0.48793813
0.00039479 0.36283831 0.35232302 0.39930133 0.34523319 0.50234819  0.48417291 0.45702496 0.47508945 0.39693445 0.45000532 0.44589633  0.47476172 0.42761975 0.50206904 0.41641874
0.00039479 0.36283831 0.35232302 0.39930133 0.34523319 0.50234819  0.48417291 0.45702496 0.47508945 0.39693445 0.45000532 0.44589633  0.47476172 0.42761975 0.50206904 0.41641874
0.00039479 0.36283831 0.35232302 0.39930133 0.34523319 0.50234819  0.48417291 0.45702496 0.47508945 0.39693445 0.45000532 0.44589633  0.47476172 0.42761975 0.50206904 0.41641874
0.00039479 0.36283831 0.35232302 0.39930133 0.34523319 0.50234819  0.48417291 0.45702496 0.47508945 0.39693445 0.45000532 0.44589633  0.47476172 0.42761975 0.50206904 0.41641874
0.00039479 0.36283831 0.35232302 0.39930133 0.34523319 0.50234819  0.48417291 0.45702496 0.47508945 0.39693445 0.45000532 0.44589633  0.47476172 0.42761975 0.50206904 0.41641874
0.00039479 0.36283831 0.35232302 0.39930133 0.34523319 0.50234819  0.48417291 0.45702496 0.47508945 0.39693445 0.45000532 0.44589633  0.47476172 0.42761975 0.50206904 0.41641874
0.00039479 0.36283831 0.35232302 0.39930133 0.34523319 0.50234819  0.48417291 0.45702496 0.47508945 0.39693445 0.45000532 0.44589633  0.47476172 0.42761975 0.50206904 0.41641874
0.00039479 0.36283831 0.35232302 0.39930133 0.34523319 0.50234819  0.48417291 0.45702496 0.47508945 0.39693445 0.45000532 0.44589633  0.47476172 0.42761975 0.50206904 0.41641874
0.00039479 0.36283831 0.35232302 0.39930133 0.34523319 0.50234819  0.48417291 0.45702496 0.47508945 0.39693445 0.45000532 0.44589633  0.47476172 0.42761975 0.50206904 0.41641874
0.00039479 0.36283831 0.35232302 0.39930133 0.34523319 0.50234819  0.48417291 0.45702496 0.47508945 0.39693445 0.45000532 0.44589633  0.47476172 0.42761975 0.50206904 0.41641874
0.01779563 0.38669558 0.33863985 0.42004769 0.35385851 0.46460162  0.48109267 0.47190843 0.43452283 0.38595027 0.3992976  0.44733029  0.52908455 0.38078184 0.39373238 0.44873962
0.12395152 0.51573332 0.25559881 0.51888776 0.41790437 0.28076926  0.46513947 0.51406691 0.31455051 0.39340552 0.20530521 0.48858413  0.67314613 0.35097288 0.32534225 0.5648578 
0.23279386 0.6204055  0.17981623 0.55038126 0.46429878 0.18271158  0.54582696 0.48539225 0.2216568  0.40993899 0.20045262 0.50191553  0.53994098 0.35704358 0.38880709 0.51135517
0.42671787 0.69679232 0.07977484 0.51646234 0.48230877 0.25752353  0.59526414 0.28158868 0.37814492 0.41730201 0.39415723 0.48704867  0.36317642 0.46894069 0.6321201  0.30602599
0.60087978 0.6395923  0.05594569 0.30492914 0.4076458  0.53221942  0.64387106 0.15389081 0.55474973 0.41789498 0.40340217 0.50088291  0.6158481  0.52656429 0.63846324 0.4394358 
0.74805951 0.39226062 0.07520428 0.17346381 0.40632282 0.52116145  0.41891338 0.38207206 0.60009025 0.33116306 0.31734736 0.43440551  0.59648217 0.33422007 0.5520175  0.4454035 
0.83532509 0.19143944 0.14633549 0.46256549 0.43879306 0.62520903  0.37834064 0.47371576 0.28709222 0.47269195 0.35367609 0.28998025  0.48687484 0.35847829 0.7178548  0.39702172
0.8590023  0.14439095 0.18542972 0.56411969 0.41862872 0.61349277  0.41692679 0.48429807 0.26522697 0.53744627 0.46614431 0.34973141  0.52875955 0.46861553 0.65036484 0.43303872
0.86223388 0.13202502 0.18927546 0.59964659 0.42324771 0.61421209  0.45672389 0.49337178 0.31354585 0.54859586 0.47796036 0.38416149  0.55472666 0.41703541 0.63244744 0.47791857
0.87497524 0.11376889 0.22973086 0.67074674 0.44003112 0.58867332  0.57771911 0.52650926 0.48414429 0.60186308 0.4420874  0.41747533  0.55045295 0.30511934 0.6057462  0.53412486
0.91543599 0.10651877 0.3750758  0.80685695 0.37696439 0.555467  0.68036998 0.47212534 0.53453261 0.47088002 0.45063998 0.53864046  0.68730749 0.28236592 0.59655494 0.48182798
0.91689287 0.09971929 0.37574687 0.83004196 0.38462807 0.5671732  0.70756524 0.48924773 0.56131607 0.45378474 0.43165228 0.57173868  0.66748441 0.30533393 0.56216144 0.46318677
0.91689287 0.09971929 0.37574687 0.83004196 0.38462807 0.5671732  0.70756524 0.48924773 0.56131607 0.45378474 0.43165228 0.57173868  0.66748441 0.30533393 0.56216144 0.46318677
0.91543599 0.10651877 0.3750758  0.80685695 0.37696439 0.555467  0.68036998 0.47212534 0.53453261 0.47088002 0.45063998 0.53864046  0.68730749 0.28236592 0.59655494 0.48182798
0.91543599 0.10651877 0.3750758  0.80685695 0.37696439 0.555467  0.68036998 0.47212534 0.53453261 0.47088002 0.45063998 0.53864046  0.68730749 0.28236592 0.59655494 0.48182798
0.91543599 0.10651877 0.3750758  0.80685695 0.37696439 0.555467  0.68036998 0.47212534 0.53453261 0.47088002 0.45063998 0.53864046  0.68730749 0.28236592 0.59655494 0.48182798
0.90628831 0.10102619 0.33780151 0.7890912  0.40031797 0.56619095  0.68032461 0.4999004  0.54419616 0.49875396 0.4340882  0.52429257  0.65085823 0.23770953 0.6270404  0.4642584 
0.90628831 0.10102619 0.33780151 0.7890912  0.40031797 0.56619095  0.68032461 0.4999004  0.54419616 0.49875396 0.4340882  0.52429257  0.65085823 0.23770953 0.6270404  0.4642584 
0.90628831 0.10102619 0.33780151 0.7890912  0.40031797 0.56619095  0.68032461 0.4999004  0.54419616 0.49875396 0.4340882  0.52429257  0.65085823 0.23770953 0.6270404  0.4642584 
0.89797359 0.09772399 0.30031675 0.75792454 0.40433543 0.57232963  0.64335972 0.51480971 0.50399035 0.57237357 0.45452238 0.49967924  0.64511867 0.27490304 0.61120627 0.44997971
0.88574248 0.10638362 0.26454073 0.71667921 0.43156868 0.58405808  0.62226829 0.52058969 0.51073039 0.56302198 0.42391442 0.44153281  0.60638457 0.23152562 0.65640604 0.47782275
0.86769677 0.10407659 0.18023402 0.67902317 0.47829057 0.70253534  0.52819847 0.57952201 0.35246966 0.44967519 0.33278256 0.45847915  0.45768165 0.53433537 0.57334218 0.22610969
0.84327613 0.12673547 0.1202343  0.62295312 0.53153273 0.72791586  0.54049767 0.58885142 0.44971305 0.39552072 0.26337787 0.41211252  0.41057146 0.47336275 0.56367686 0.34138872
0.82214249 0.17190999 0.08452889 0.53852121 0.55515782 0.76530054  0.49105136 0.56307074 0.45547828 0.30222343 0.14877211 0.33174931  0.40155555 0.42229264 0.57605406 0.3544892 
0.81975853 0.18308042 0.0848586  0.50494426 0.54206757 0.74461963  0.45777488 0.53688988 0.43071472 0.31880795 0.17232378 0.29447141  0.41644836 0.40369539 0.60121579 0.3910644 
0.81792082 0.19184106 0.08554442 0.47808378 0.52935228 0.72526902  0.42837162 0.51109002 0.40333093 0.33696493 0.2029051  0.25899991  0.44164123 0.37789661 0.63411773 0.43747564
0.8024689  0.20520608 0.06240434 0.47026271 0.55342578 0.70834289  0.47314104 0.50080158 0.45388958 0.31822459 0.24520803 0.2539498  0.44756472 0.38565794 0.69014112 0.5057549 
0.79464263 0.23472791 0.06400266 0.42395352 0.53313523 0.69279396  0.47575619 0.50700616 0.49338272 0.30237128 0.20839415 0.30286082  0.45253888 0.36056949 0.71299793 0.42368899
0.79464263 0.23472791 0.06400266 0.42395352 0.53313523 0.69279396  0.47575619 0.50700616 0.49338272 0.30237128 0.20839415 0.30286082  0.45253888 0.36056949 0.71299793 0.42368899
0.8111064  0.22283839 0.08714446 0.42889977 0.50846431 0.70984779  0.42989597 0.51886671 0.44209213 0.32028976 0.15970903 0.32632459  0.41369735 0.37484401 0.63174282 0.41269152
0.80366043 0.2557881  0.09315528 0.34993201 0.46496079 0.64704651  0.3752455  0.47004778 0.43066266 0.3560855  0.21944486 0.31823861  0.43601499 0.33348198 0.60465262 0.48205364
0.79699722 0.28864517 0.10329693 0.30339633 0.44407838 0.61969882  0.37962602 0.47303814 0.47153163 0.34549818 0.2089696  0.3920216  0.39951007 0.34386399 0.57612399 0.49245827
0.81322628 0.26117479 0.13184947 0.33817779 0.41311631 0.58603379  0.34628072 0.45154623 0.37660355 0.42104282 0.31804833 0.37805276  0.39552474 0.36990952 0.56261139 0.54916301
0.84824845 0.23411734 0.22724824 0.42318244 0.33893349 0.5412228  0.35316071 0.4262278  0.2565901  0.49951521 0.42166077 0.45035051  0.52513509 0.45476098 0.60164885 0.36646759
0.85759279 0.1993782  0.23044376 0.46187732 0.31886149 0.50420135  0.34494713 0.41555467 0.2376824  0.58021302 0.55944477 0.44329964  0.56775275 0.45623951 0.52638937 0.45365892
0.85759279 0.1993782  0.23044376 0.46187732 0.31886149 0.50420135  0.34494713 0.41555467 0.2376824  0.58021302 0.55944477 0.44329964  0.56775275 0.45623951 0.52638937 0.45365892
0.86674048 0.20487077 0.26771805 0.47964307 0.29550791 0.4934774  0.3449925  0.38777962 0.22801885 0.55233908 0.57599655 0.45764754  0.604202   0.50089589 0.4959039  0.4712285 
0.86572862 0.20339528 0.26771633 0.48251788 0.29610533 0.49334971  0.3460833  0.38620751 0.22875078 0.55316094 0.58237875 0.43923389  0.63712004 0.47886004 0.52113563 0.41394671
0.87474814 0.20370846 0.3034309  0.50730282 0.2767168  0.47216819  0.37273224 0.37006501 0.23926245 0.5448395  0.59265672 0.44899145  0.68357316 0.44750059 0.56662423 0.39878469
0.87474814 0.20370846 0.3034309  0.50730282 0.2767168  0.47216819  0.37273224 0.37006501 0.23926245 0.5448395  0.59265672 0.44899145  0.68357316 0.44750059 0.56662423 0.39878469
0.88600511 0.19137414 0.3337869  0.56058682 0.28495425 0.48775469  0.4072773  0.36410646 0.23798671 0.45113303 0.56930009 0.45077732  0.66867835 0.44966834 0.63184801 0.427609  
0.88600511 0.19137414 0.3337869  0.56058682 0.28495425 0.48775469  0.4072773  0.36410646 0.23798671 0.45113303 0.56930009 0.45077732  0.66867835 0.44966834 0.63184801 0.427609  
0.89660042 0.14654675 0.32361801 0.65228821 0.3393021  0.56417229  0.44677425 0.39822801 0.20676523 0.42206123 0.52088324 0.39885786  0.67726967 0.46650979 0.73835019 0.39635004
0.89267847 0.1632441  0.3261153  0.61465623 0.31788589 0.53575483  0.42186281 0.37715207 0.1986524  0.43208806 0.54794622 0.4047632  0.69446026 0.42771681 0.74206885 0.4073487 
0.87619578 0.15338849 0.25598772 0.58123846 0.35441823 0.55930974  0.41218383 0.43196162 0.21770453 0.54364165 0.52768809 0.3827241  0.65571522 0.41968565 0.70361188 0.34995615
0.87619578 0.15338849 0.25598772 0.58123846 0.35441823 0.55930974  0.41218383 0.43196162 0.21770453 0.54364165 0.52768809 0.3827241  0.65571522 0.41968565 0.70361188 0.34995615
0.86717626 0.15307531 0.22027315 0.55645352 0.37380676 0.58049126  0.38553488 0.44810412 0.20719286 0.55196308 0.51741012 0.37296653  0.6092621  0.4510451  0.65812328 0.36511818
0.84251962 0.20477641 0.18261466 0.4458188  0.3907653  0.58389316  0.34971278 0.43609617 0.25164569 0.49055681 0.39744999 0.32388911  0.54823568 0.36761612 0.68039115 0.33402974
0.83019489 0.21942231 0.15496109 0.41971456 0.42060171 0.60468964  0.35553149 0.43030755 0.29896781 0.44089232 0.35224812 0.29485226  0.56443744 0.32786605 0.67476561 0.37038957
0.81295486 0.25695258 0.13263454 0.34646095 0.41130095 0.58978046  0.32497967 0.41445716 0.35061407 0.40297441 0.34275252 0.30948945  0.53782122 0.31420745 0.54978721 0.45424897
0.77045293 0.38261378 0.11810865 0.13503757 0.33883886 0.48945744  0.34555663 0.43957064 0.56631317 0.37898498 0.25354133 0.50240491  0.4553934  0.28566417 0.47715708 0.3362237 
0.77045293 0.38261378 0.11810865 0.13503757 0.33883886 0.48945744  0.34555663 0.43957064 0.56631317 0.37898498 0.25354133 0.50240491  0.4553934  0.28566417 0.47715708 0.3362237 
0.75804705 0.41798431 0.12461685 0.13059459 0.32283573 0.51303666  0.38301105 0.45408797 0.54138804 0.4060472  0.19084409 0.52695574  0.47544049 0.34758377 0.57118164 0.36327928
0.64365164 0.64552337 0.10899623 0.19445715 0.31213228 0.61898945  0.62847728 0.49324283 0.49285251 0.3885577  0.32249606 0.49764718  0.71499943 0.55364195 0.62914523 0.53454827
0.47390098 0.78983621 0.09101514 0.47149988 0.39310996 0.48125372  0.66714357 0.34680704 0.37954804 0.46461755 0.51750186 0.46945842  0.31924056 0.4065739  0.56646961 0.40475853
0.25228338 0.66365215 0.17879371 0.59868776 0.43375741 0.26012834  0.44720609 0.47369467 0.30847192 0.43193873 0.20811061 0.50796205  0.51143567 0.34864634 0.409887   0.50915393
0.10728071 0.50600397 0.28238469 0.51704598 0.37304206 0.42510341  0.37554453 0.49870649 0.50113116 0.42003233 0.33844368 0.47492883  0.58801253 0.44727701 0.53987063 0.51719929
0.00039479 0.36283831 0.35232302 0.39930133 0.34523319 0.50234819  0.48417291 0.45702496 0.47508945 0.39693445 0.45000532 0.44589633  0.47476172 0.42761975 0.50206904 0.41641874
0.00039479 0.36283831 0.35232302 0.39930133 0.34523319 0.50234819  0.48417291 0.45702496 0.47508945 0.39693445 0.45000532 0.44589633  0.47476172 0.42761975 0.50206904 0.41641874
0.00101576 0.37041167 0.36943189 0.37928678 0.43214738 0.52960772  0.45429803 0.46291096 0.4473186  0.4106318  0.51866834 0.5467549  0.4992207  0.39331353 0.51018588 0.45206906
0.01059613 0.4207361  0.47455261 0.29039695 0.74084058 0.60503585  0.3737696  0.47580873 0.37647036 0.45914708 0.62674481 0.69956334  0.542923   0.35547893 0.51021177 0.43386405
0.0200776  0.44785144 0.53974192 0.2723146  0.80555672 0.61630961  0.34626357 0.45248121 0.35739385 0.38312804 0.63635487 0.72292423  0.49077232 0.3502022  0.52014157 0.50111082
0.01983025 0.44898902 0.54290299 0.26731543 0.83037981 0.62615338  0.33574514 0.45395549 0.34412229 0.3832309  0.66679468 0.77164536  0.48942031 0.33074919 0.52611262 0.53441111
0.02388685 0.4621352  0.57114166 0.26109037 0.85638291 0.63363696  0.32411505 0.44683689 0.3313984  0.3273188  0.66582649 0.78449378  0.44526084 0.30529277 0.55871793 0.57575062
0.02381537 0.4610772  0.57044819 0.26268231 0.8505807  0.63067073  0.3279753  0.44427173 0.33530485 0.32804938 0.65704392 0.7645342  0.45296599 0.31446017 0.5534366  0.55092163
0.01995561 0.44826859 0.54104777 0.27013096 0.81632346 0.62048851  0.34175779 0.45300436 0.35149644 0.38307888 0.64969249 0.74458738  0.49005479 0.34172525 0.52292908 0.51613382
0.0193403  0.4462837  0.53482404 0.27668593 0.78991268 0.61469621  0.3516972  0.45074042 0.36105162 0.38580517 0.62106714 0.69438511  0.4988249  0.36981046 0.51163589 0.4706126 
0.01455151 0.42536297 0.49019515 0.31143876 0.68224043 0.59724287  0.37062542 0.45042784 0.37102541 0.36114825 0.61758272 0.69058294  0.48687028 0.36645649 0.5149543  0.51616472
0.00115958 0.36821195 0.36419175 0.3859551  0.39759445 0.51629909  0.46931202 0.45966469 0.46009361 0.40632781 0.48252389 0.49437621  0.49297895 0.40920699 0.50662504 0.4257736 
0.0177474  0.38984345 0.33852207 0.42635267 0.35697043 0.47086435  0.45750391 0.47765391 0.48169648 0.39463854 0.42895995 0.44917931  0.51265071 0.44991576 0.53083289 0.43501917
0.0177474  0.38984345 0.33852207 0.42635267 0.35697043 0.47086435  0.45750391 0.47765391 0.48169648 0.39463854 0.42895995 0.44917931  0.51265071 0.44991576 0.53083289 0.43501917
0.21608405 0.60077102 0.24758752 0.55631758 0.35112477 0.45813048  0.28630719 0.56528034 0.52431776 0.39920614 0.29557507 0.46377546  0.73062006 0.45190573 0.42512651 0.50681072
0.39998006 0.77351223 0.13803061 0.58365092 0.37353553 0.44875955  0.42368018 0.4528051  0.41777096 0.45623644 0.37374911 0.48102016  0.35144827 0.35759718 0.43729849 0.41058522
0.54320381 0.76071224 0.10190618 0.39677981 0.33100095 0.62434928  0.62272039 0.30575913 0.42559301 0.48374383 0.38813685 0.50103402  0.46259029 0.43641589 0.48577115 0.46895244
0.74334434 0.44437054 0.11217939 0.13339684 0.33948767 0.52762092  0.41851176 0.41262444 0.56818756 0.38281012 0.21234017 0.5198872  0.59363963 0.41074267 0.53408681 0.38414032
0.78390808 0.32903193 0.10454596 0.22347151 0.39532322 0.5631891  0.35599281 0.44544401 0.50598536 0.35744356 0.22470258 0.41118378  0.47899973 0.26805656 0.59808771 0.34093146
0.84234045 0.16730466 0.15046002 0.52329163 0.44757166 0.63946364  0.45188681 0.53125084 0.36581696 0.4788045  0.34809743 0.38904271  0.46314259 0.41807736 0.68379038 0.33278647
0.86226263 0.12976984 0.18120785 0.59956664 0.44445646 0.65042852  0.44279118 0.50992825 0.27640254 0.4991478  0.40911414 0.35746147  0.52148039 0.46438837 0.66497334 0.33593318
0.86226263 0.12976984 0.18120785 0.59956664 0.44445646 0.65042852  0.44279118 0.50992825 0.27640254 0.4991478  0.40911414 0.35746147  0.52148039 0.46438837 0.66497334 0.33593318
0.8664843  0.10983877 0.18019232 0.66000407 0.470262   0.69046004  0.50547093 0.56190897 0.3285499  0.4644063  0.35498116 0.43021086  0.4813947  0.50878439 0.60690967 0.25294674
0.87117276 0.09067337 0.18470914 0.71871598 0.48254466 0.70288555  0.57246328 0.58810507 0.40365224 0.45846061 0.34780951 0.49773916  0.48753874 0.48017229 0.55459878 0.27918538
0.87117276 0.09067337 0.18470914 0.71871598 0.48254466 0.70288555  0.57246328 0.58810507 0.40365224 0.45846061 0.34780951 0.49773916  0.48753874 0.48017229 0.55459878 0.27918538
0.8733098  0.08048134 0.18537396 0.75434547 0.49569767 0.72292325  0.61749452 0.61939828 0.45390658 0.42973637 0.30960525 0.55899081  0.45039487 0.51338536 0.49060313 0.23365655
0.8733098  0.08048134 0.18537396 0.75434547 0.49569767 0.72292325  0.61749452 0.61939828 0.45390658 0.42973637 0.30960525 0.55899081  0.45039487 0.51338536 0.49060313 0.23365655
0.8733098  0.08048134 0.18537396 0.75434547 0.49569767 0.72292325  0.61749452 0.61939828 0.45390658 0.42973637 0.30960525 0.55899081  0.45039487 0.51338536 0.49060313 0.23365655
0.8733098  0.08048134 0.18537396 0.75434547 0.49569767 0.72292325  0.61749452 0.61939828 0.45390658 0.42973637 0.30960525 0.55899081  0.45039487 0.51338536 0.49060313 0.23365655
0.8733098  0.08048134 0.18537396 0.75434547 0.49569767 0.72292325  0.61749452 0.61939828 0.45390658 0.42973637 0.30960525 0.55899081  0.45039487 0.51338536 0.49060313 0.23365655
0.8733098  0.08048134 0.18537396 0.75434547 0.49569767 0.72292325  0.61749452 0.61939828 0.45390658 0.42973637 0.30960525 0.55899081  0.45039487 0.51338536 0.49060313 0.23365655
0.8733098  0.08048134 0.18537396 0.75434547 0.49569767 0.72292325  0.61749452 0.61939828 0.45390658 0.42973637 0.30960525 0.55899081  0.45039487 0.51338536 0.49060313 0.23365655
0.87408375 0.07683897 0.18487433 0.76628021 0.50251259 0.73223798  0.63297063 0.63208373 0.47170387 0.41807392 0.28873772 0.57953758  0.42977122 0.5349953  0.46556294 0.20513469
0.87408375 0.07683897 0.18487433 0.76628021 0.50251259 0.73223798  0.63297063 0.63208373 0.47170387 0.41807392 0.28873772 0.57953758  0.42977122 0.5349953  0.46556294 0.20513469
0.87408375 0.07683897 0.18487433 0.76628021 0.50251259 0.73223798  0.63297063 0.63208373 0.47170387 0.41807392 0.28873772 0.57953758  0.42977122 0.5349953  0.46556294 0.20513469
0.84696635 0.10942863 0.12065829 0.68223124 0.55582063 0.76331313  0.61517917 0.64056366 0.53212633 0.34442949 0.19248327 0.51015904  0.33949947 0.54522317 0.45598404 0.25886018
0.84696635 0.10942863 0.12065829 0.68223124 0.55582063 0.76331313  0.61517917 0.64056366 0.53212633 0.34442949 0.19248327 0.51015904  0.33949947 0.54522317 0.45598404 0.25886018
0.84696635 0.10942863 0.12065829 0.68223124 0.55582063 0.76331313  0.61517917 0.64056366 0.53212633 0.34442949 0.19248327 0.51015904  0.33949947 0.54522317 0.45598404 0.25886018
0.82704519 0.14884097 0.08499457 0.61681843 0.58747428 0.8127731  0.58846041 0.63239603 0.56181133 0.23640109 0.05567892 0.45806412  0.30677051 0.51970404 0.43479375 0.24512362
0.81066869 0.16663583 0.06123138 0.59238698 0.60642335 0.78788458  0.61092613 0.60842741 0.5860354  0.23165388 0.11398752 0.42003064  0.32612481 0.51980328 0.5212453  0.33209466
0.80921181 0.17343531 0.06056031 0.56920197 0.59875967 0.77617838  0.58373087 0.59130502 0.55925193 0.24874916 0.13297522 0.38693243  0.34594788 0.49683526 0.55563879 0.35073587
0.80921181 0.17343531 0.06056031 0.56920197 0.59875967 0.77617838  0.58373087 0.59130502 0.55925193 0.24874916 0.13297522 0.38693243  0.34594788 0.49683526 0.55563879 0.35073587
0.73219566 0.29379175 0.01541001 0.52547858 0.62780139 0.66839619  0.64984762 0.37581461 0.60933509 0.22411364 0.35225763 0.32559242  0.49201395 0.52273552 0.69513108 0.35246243
0.5623016  0.57591493 0.03510779 0.49677763 0.53227482 0.49107392  0.67678433 0.17507184 0.48643887 0.35706405 0.36952869 0.42606185  0.47068239 0.52663866 0.74889913 0.29094401
0.5623016  0.57591493 0.03510779 0.49677763 0.53227482 0.49107392  0.67678433 0.17507184 0.48643887 0.35706405 0.36952869 0.42606185  0.47068239 0.52663866 0.74889913 0.29094401
0.44484938 0.62379918 0.06501775 0.53475079 0.53759862 0.26086213  0.62623807 0.22969527 0.34035597 0.37958688 0.32024269 0.44819654  0.41620715 0.45421462 0.66802182 0.25911981
0.26374818 0.59655107 0.15879463 0.53562934 0.48494004 0.18218551  0.57416481 0.38259763 0.19532462 0.41118212 0.18160857 0.50356877  0.48980575 0.29685168 0.37691543 0.45719572
0.1783447  0.54314133 0.21952706 0.48564875 0.44212764 0.24536944  0.59607576 0.44888084 0.2056232  0.42250034 0.2063252  0.50552824  0.50243353 0.33418255 0.37297085 0.52517023
0.10621071 0.47415403 0.27143342 0.46311552 0.40469776 0.32432406  0.55148074 0.45167118 0.25323265 0.41498562 0.21487997 0.49533362  0.52030419 0.31450562 0.32525947 0.53234877
0.07057186 0.4363202  0.29688016 0.44476643 0.38823898 0.36908819  0.52491791 0.46269653 0.31979163 0.40788175 0.2630435  0.48417518  0.57287142 0.33420379 0.33510928 0.53324894
0.05306277 0.40930401 0.31102756 0.41763914 0.37666176 0.40426113  0.54756198 0.44277854 0.32496259 0.41131519 0.2958028  0.48030821  0.52794871 0.3284536  0.33871483 0.50730334
0.01779563 0.38669558 0.33863985 0.42004769 0.35385851 0.46460162  0.48109267 0.47190843 0.43452283 0.38595027 0.3992976  0.44733029  0.52908455 0.38078184 0.39373238 0.44873962
0.01779563 0.38669558 0.33863985 0.42004769 0.35385851 0.46460162  0.48109267 0.47190843 0.43452283 0.38595027 0.3992976  0.44733029  0.52908455 0.38078184 0.39373238 0.44873962
0.01779563 0.38669558 0.33863985 0.42004769 0.35385851 0.46460162  0.48109267 0.47190843 0.43452283 0.38595027 0.3992976  0.44733029  0.52908455 0.38078184 0.39373238 0.44873962
0.00039479 0.36283831 0.35232302 0.39930133 0.34523319 0.50234819  0.48417291 0.45702496 0.47508945 0.39693445 0.45000532 0.44589633  0.47476172 0.42761975 0.50206904 0.41641874
0.00039479 0.36283831 0.35232302 0.39930133 0.34523319 0.50234819  0.48417291 0.45702496 0.47508945 0.39693445 0.45000532 0.44589633  0.47476172 0.42761975 0.50206904 0.41641874
0.00039479 0.36283831 0.35232302 0.39930133 0.34523319 0.50234819  0.48417291 0.45702496 0.47508945 0.39693445 0.45000532 0.44589633  0.47476172 0.42761975 0.50206904 0.41641874
0.00039479 0.36283831 0.35232302 0.39930133 0.34523319 0.50234819  0.48417291 0.45702496 0.47508945 0.39693445 0.45000532 0.44589633  0.47476172 0.42761975 0.50206904 0.41641874
0.00039479 0.36283831 0.35232302 0.39930133 0.34523319 0.50234819  0.48417291 0.45702496 0.47508945 0.39693445 0.45000532 0.44589633  0.47476172 0.42761975 0.50206904 0.41641874
0.00039479 0.36283831 0.35232302 0.39930133 0.34523319 0.50234819  0.48417291 0.45702496 0.47508945 0.39693445 0.45000532 0.44589633  0.47476172 0.42761975 0.50206904 0.41641874
0.00039479 0.36283831 0.35232302 0.39930133 0.34523319 0.50234819  0.48417291 0.45702496 0.47508945 0.39693445 0.45000532 0.44589633  0.47476172 0.42761975 0.50206904 0.41641874
0.00039479 0.36283831 0.35232302 0.39930133 0.34523319 0.50234819  0.48417291 0.45702496 0.47508945 0.39693445 0.45000532 0.44589633  0.47476172 0.42761975 0.50206904 0.41641874
0.00039479 0.36283831 0.35232302 0.39930133 0.34523319 0.50234819  0.48417291 0.45702496 0.47508945 0.39693445 0.45000532 0.44589633  0.47476172 0.42761975 0.50206904 0.41641874
0.00039479 0.36283831 0.35232302 0.39930133 0.34523319 0.50234819  0.48417291 0.45702496 0.47508945 0.39693445 0.45000532 0.44589633  0.47476172 0.42761975 0.50206904 0.41641874
0.00039479 0.36283831 0.35232302 0.39930133 0.34523319 0.50234819  0.48417291 0.45702496 0.47508945 0.39693445 0.45000532 0.44589633  0.47476172 0.42761975 0.50206904 0.41641874
0.00039479 0.36283831 0.35232302 0.39930133 0.34523319 0.50234819  0.48417291 0.45702496 0.47508945 0.39693445 0.45000532 0.44589633  0.47476172 0.42761975 0.50206904 0.41641874
0.00039479 0.36283831 0.35232302 0.39930133 0.34523319 0.50234819  0.48417291 0.45702496 0.47508945 0.39693445 0.45000532 0.44589633  0.47476172 0.42761975 0.50206904 0.41641874
