0.00039479 0.36283831 0.35232302 0.39930133 0.34523319 0.50234819  0.48417291 0.45702496 0.47508945 0.39693445 0.45000532 0.44589633  0.47476172 0.42761975 0.50206904 0.41641874
0.00039479 0.36283831 0.35232302 0.39930133 0.34523319 0.50234819  0.48417291 0.45702496 0.47508945 0.39693445 0.45000532 0.44589633  0.47476172 0.42761975 0.50206904 0.41641874
0.00039479 0.36283831 0.35232302 0.39930133 0.34523319 0.50234819  0.48417291 0.45702496 0.47508945 0.39693445 0.45000532 0.44589633  0.47476172 0.42761975 0.50206904 0.41641874
0.00039479 0.36283831 0.35232302 0.39930133 0.34523319 0.50234819  0.48417291 0.45702496 0.47508945 0.39693445 0.45000532 0.44589633  0.47476172 0.42761975 0.50206904 0.41641874
0.00039479 0.36283831 0.35232302 0.39930133 0.34523319 0.50234819  0.48417291 0.45702496 0.47508945 0.39693445 0.45000532 0.44589633  0.47476172 0.42761975 0.50206904 0.41641874
0.00039479 0.36283831 0.35232302 0.39930133 0.34523319 0.50234819  0.48417291 0.45702496 0.47508945 0.39693445 0.45000532 0.44589633  0.47476172 0.42761975 0.50206904 0.41641874
0.00039479 0.36283831 0.35232302 0.39930133 0.34523319 0.50234819  0.48417291 0.45702496 0.47508945 0.39693445 0.45000532 0.44589633  0.47476172 0.42761975 0.50206904 0.41641874
0.00039479 0.36283831 0.35232302 0.39930133 0.34523319 0.50234819  0.48417291 0.45702496 0.47508945 0.39693445 0.45000532 0.44589633  0.47476172 0.42761975 0.50206904 0.41641874
0.00039479 0.36283831 0.35232302 0.39930133 0.34523319 0.50234819  0.48417291 0.45702496 0.47508945 0.39693445 0.45000532 0.44589633  0.47476172 0.42761975 0.50206904 0.41641874
0.00039479 0.36283831 0.35232302 0.39930133 0.34523319 0.50234819  0.48417291 0.45702496 0.47508945 0.39693445 0.45000532 0.44589633  0.47476172 0.42761975 0.50206904 0.41641874
0.00039479 0.36283831 0.35232302 0.39930133 0.34523319 0.50234819  0.48417291 0.45702496 0.47508945 0.39693445 0.45000532 0.44589633  0.47476172 0.42761975 0.50206904 0.41641874
0.00039479 0.36283831 0.35232302 0.39930133 0.34523319 0.50234819  0.48417291 0.45702496 0.47508945 0.39693445 0.45000532 0.44589633  0.47476172 0.42761975 0.50206904 0.41641874
0.00039479 0.36283831 0.35232302 0.39930133 0.34523319 0.50234819  0.48417291 0.45702496 0.47508945 0.39693445 0.45000532 0.44589633  0.47476172 0.42761975 0.50206904 0.41641874
0.00039479 0.36283831 0.35232302 0.39930133 0.34523319 0.50234819  0.48417291 0.45702496 0.47508945 0.39693445 0.45000532 0.44589633  0.47476172 0.42761975 0.50206904 0.41641874
0.00039479 0.36283831 0.35232302 0.39930133 0.34523319 0.50234819  0.48417291 0.45702496 0.47508945 0.39693445 0.45000532 0.44589633  0.47476172 0.42761975 0.50206904 0.41641874
0.00039479 0.36283831 0.35232302 0.39930133 0.34523319 0.50234819  0.48417291 0.45702496 0.47508945 0.39693445 0.45000532 0.44589633  0.47476172 0.42761975 0.50206904 0.41641874
0.00039479 0.36283831 0.35232302 0.39930133 0.34523319 0.50234819  0.48417291 0.45702496 0.47508945 0.39693445 0.45000532 0.44589633  0.47476172 0.42761975 0.50206904 0.41641874
0.00039479 0.36283831 0.35232302 0.39930133 0.34523319 0.50234819  0.48417291 0.45702496 0.47508945 0.39693445 0.45000532 0.44589633  0.47476172 0.42761975 0.50206904 0.41641874
0.00039479 0.36283831 0.35232302 0.39930133 0.34523319 0.50234819  0.48417291 0.45702496 0.47508945 0.39693445 0.45000532 0.44589633  0.47476172 0.42761975 0.50206904 0.41641874
0.00039479 0.36283831 0.35232302 0.39930133 0.34523319 0.50234819  0.48417291 0.45702496 0.47508945 0.39693445 0.45000532 0.44589633  0.47476172 0.42761975 0.50206904 0.41641874
0.00039479 0.36283831 0.35232302 0.39930133 0.34523319 0.50234819  0.48417291 0.45702496 0.47508945 0.39693445 0.45000532 0.44589633  0.47476172 0.42761975 0.50206904 0.41641874
0.00039479 0.36283831 0.35232302 0.39930133 0.34523319 0.50234819  0.48417291 0.45702496 0.47508945 0.39693445 0.45000532 0.44589633  0.47476172 0.42761975 0.50206904 0.41641874
0.00039479 0.36283831 0.35232302 0.39930133 0.34523319 0.50234819  0.48417291 0.45702496 0.47508945 0.39693445 0.45000532 0.44589633  0.47476172 0.42761975 0.50206904 0.41641874
0.00039479 0.36283831 0.35232302 0.39930133 0.34523319 0.50234819  0.48417291 0.45702496 0.47508945 0.39693445 0.45000532 0.44589633  0.47476172 0.42761975 0.50206904 0.41641874
0.00039479 0.36283831 0.35232302 0.39930133 0.34523319 0.50234819  0.48417291 0.45702496 0.47508945 0.39693445 0.45000532 0.44589633  0.47476172 0.42761975 0.50206904 0.41641874
0.00039479 0.36283831 0.35232302 0.39930133 0.34523319 0.50234819  0.48417291 0.45702496 0.47508945 0.39693445 0.45000532 0.44589633  0.47476172 0.42761975 0.50206904 0.41641874
0.00039479 0.36283831 0.35232302 0.39930133 0.34523319 0.50234819  0.48417291 0.45702496 0.47508945 0.39693445 0.45000532 0.44589633  0.47476172 0.42761975 0.50206904 0.41641874
0.00039479 0.36283831 0.35232302 0.39930133 0.34523319 0.50234819  0.48417291 0.45702496 0.47508945 0.39693445 0.45000532 0.44589633  0.47476172 0.42761975 0.50206904 0.41641874
0.00039479 0.36283831 0.35232302 0.39930133 0.34523319 0.50234819  0.48417291 0.45702496 0.47508945 0.39693445 0.45000532 0.44589633  0.47476172 0.42761975 0.50206904 0.41641874
0.00039479 0.36283831 0.35232302 0.39930133 0.34523319 0.50234819  0.48417291 0.45702496 0.47508945 0.39693445 0.45000532 0.44589633  0.47476172 0.42761975 0.50206904 0.41641874
0.00039479 0.36283831 0.35232302 0.39930133 0.34523319 0.50234819  0.48417291 0.45702496 0.47508945 0.39693445 0.45000532 0.44589633  0.47476172 0.42761975 0.50206904 0.41641874
0.00039479 0.36283831 0.35232302 0.39930133 0.34523319 0.50234819  0.48417291 0.45702496 0.47508945 0.39693445 0.45000532 0.44589633  0.47476172 0.42761975 0.50206904 0.41641874
0.00039479 0.36283831 0.35232302 0.39930133 0.34523319 0.50234819  0.48417291 0.45702496 0.47508945 0.39693445 0.45000532 0.44589633  0.47476172 0.42761975 0.50206904 0.41641874
0.00039479 0.36283831 0.35232302 0.39930133 0.34523319 0.50234819  0.48417291 0.45702496 0.47508945 0.39693445 0.45000532 0.44589633  0.47476172 0.42761975 0.50206904 0.41641874
0.00039479 0.36283831 0.35232302 0.39930133 0.34523319 0.50234819  0.48417291 0.45702496 0.47508945 0.39693445 0.45000532 0.44589633  0.47476172 0.42761975 0.50206904 0.41641874
0.00039479 0.36283831 0.35232302 0.39930133 0.34523319 0.50234819  0.48417291 0.45702496 0.47508945 0.39693445 0.45000532 0.44589633  0.47476172 0.42761975 0.50206904 0.41641874
0.00039479 0.36283831 0.35232302 0.39930133 0.34523319 0.50234819  0.48417291 0.45702496 0.47508945 0.39693445 0.45000532 0.44589633  0.47476172 0.42761975 0.50206904 0.41641874
0.00039479 0.36283831 0.35232302 0.39930133 0.34523319 0.50234819  0.48417291 0.45702496 0.47508945 0.39693445 0.45000532 0.44589633  0.47476172 0.42761975 0.50206904 0.41641874
0.00039479 0.36283831 0.35232302 0.39930133 0.34523319 0.50234819  0.48417291 0.45702496 0.47508945 0.39693445 0.45000532 0.44589633  0.47476172 0.42761975 0.50206904 0.41641874
0.00039479 0.36283831 0.35232302 0.39930133 0.34523319 0.50234819  0.48417291 0.45702496 0.47508945 0.39693445 0.45000532 0.44589633  0.47476172 0.42761975 0.50206904 0.41641874
0.00039479 0.36283831 0.35232302 0.39930133 0.34523319 0.50234819  0.48417291 0.45702496 0.47508945 0.39693445 0.45000532 0.44589633  0.47476172 0.42761975 0.50206904 0.41641874
0.00039479 0.36283831 0.35232302 0.39930133 0.34523319 0.50234819  0.48417291 0.45702496 0.47508945 0.39693445 0.45000532 0.44589633  0.47476172 0.42761975 0.50206904 0.41641874
0.00039479 0.36283831 0.35232302 0.39930133 0.34523319 0.50234819  0.48417291 0.45702496 0.47508945 0.39693445 0.45000532 0.44589633  0.47476172 0.42761975 0.50206904 0.41641874
0.00039479 0.36283831 0.35232302 0.39930133 0.34523319 0.50234819  0.48417291 0.45702496 0.47508945 0.39693445 0.45000532 0.44589633  0.47476172 0.42761975 0.50206904 0.41641874
0.00039479 0.36283831 0.35232302 0.39930133 0.34523319 0.50234819  0.48417291 0.45702496 0.47508945 0.39693445 0.45000532 0.44589633  0.47476172 0.42761975 0.50206904 0.41641874
0.00039479 0.36283831 0.35232302 0.39930133 0.34523319 0.50234819  0.48417291 0.45702496 0.47508945 0.39693445 0.45000532 0.44589633  0.47476172 0.42761975 0.50206904 0.41641874
0.00039479 0.36283831 0.35232302 0.39930133 0.34523319 0.50234819  0.48417291 0.45702496 0.47508945 0.39693445 0.45000532 0.44589633  0.47476172 0.42761975 0.50206904 0.41641874
0.00039479 0.36283831 0.35232302 0.39930133 0.34523319 0.50234819  0.48417291 0.45702496 0.47508945 0.39693445 0.45000532 0.44589633  0.47476172 0.42761975 0.50206904 0.41641874
0.00039479 0.36283831 0.35232302 0.39930133 0.34523319 0.50234819  0.48417291 0.45702496 0.47508945 0.39693445 0.45000532 0.44589633  0.47476172 0.42761975 0.50206904 0.41641874
0.00039479 0.36283831 0.35232302 0.39930133 0.34523319 0.50234819  0.48417291 0.45702496 0.47508945 0.39693445 0.45000532 0.44589633  0.47476172 0.42761975 0.50206904 0.41641874
0.00039479 0.36283831 0.35232302 0.39930133 0.34523319 0.50234819  0.48417291 0.45702496 0.47508945 0.39693445 0.45000532 0.44589633  0.47476172 0.42761975 0.50206904 0.41641874
0.00039479 0.36283831 0.35232302 0.39930133 0.34523319 0.50234819  0.48417291 0.45702496 0.47508945 0.39693445 0.45000532 0.44589633  0.47476172 0.42761975 0.50206904 0.41641874
0.00039479 0.36283831 0.35232302 0.39930133 0.34523319 0.50234819  0.48417291 0.45702496 0.47508945 0.39693445 0.45000532 0.44589633  0.47476172 0.42761975 0.50206904 0.41641874
0.00039479 0.36283831 0.35232302 0.39930133 0.34523319 0.50234819  0.48417291 0.45702496 0.47508945 0.39693445 0.45000532 0.44589633  0.47476172 0.42761975 0.50206904 0.41641874
0.00039479 0.36283831 0.35232302 0.39930133 0.34523319 0.50234819  0.48417291 0.45702496 0.47508945 0.39693445 0.45000532 0.44589633  0.47476172 0.42761975 0.50206904 0.41641874
0.00039479 0.36283831 0.35232302 0.39930133 0.34523319 0.50234819  0.48417291 0.45702496 0.47508945 0.39693445 0.45000532 0.44589633  0.47476172 0.42761975 0.50206904 0.41641874
0.00039479 0.36283831 0.35232302 0.39930133 0.34523319 0.50234819  0.48417291 0.45702496 0.47508945 0.39693445 0.45000532 0.44589633  0.47476172 0.42761975 0.50206904 0.41641874
0.00039479 0.36283831 0.35232302 0.39930133 0.34523319 0.50234819  0.48417291 0.45702496 0.47508945 0.39693445 0.45000532 0.44589633  0.47476172 0.42761975 0.50206904 0.41641874
0.00039479 0.36283831 0.35232302 0.39930133 0.34523319 0.50234819  0.48417291 0.45702496 0.47508945 0.39693445 0.45000532 0.44589633  0.47476172 0.42761975 0.50206904 0.41641874
0.00039479 0.36283831 0.35232302 0.39930133 0.34523319 0.50234819  0.48417291 0.45702496 0.47508945 0.39693445 0.45000532 0.44589633  0.47476172 0.42761975 0.50206904 0.41641874
0.00039479 0.36283831 0.35232302 0.39930133 0.34523319 0.50234819  0.48417291 0.45702496 0.47508945 0.39693445 0.45000532 0.44589633  0.47476172 0.42761975 0.50206904 0.41641874
0.00039479 0.36283831 0.35232302 0.39930133 0.34523319 0.50234819  0.48417291 0.45702496 0.47508945 0.39693445 0.45000532 0.44589633  0.47476172 0.42761975 0.50206904 0.41641874
0.01779563 0.38669558 0.33863985 0.42004769 0.35385851 0.46460162  0.48109267 0.47190843 0.43452283 0.38595027 0.3992976  0.44733029  0.52908455 0.38078184 0.39373238 0.44873962
0.01779563 0.38669558 0.33863985 0.42004769 0.35385851 0.46460162  0.48109267 0.47190843 0.43452283 0.38595027 0.3992976  0.44733029  0.52908455 0.38078184 0.39373238 0.44873962
0.01779563 0.38669558 0.33863985 0.42004769 0.35385851 0.46460162  0.48109267 0.47190843 0.43452283 0.38595027 0.3992976  0.44733029  0.52908455 0.38078184 0.39373238 0.44873962
0.01779563 0.38669558 0.33863985 0.42004769 0.35385851 0.46460162  0.48109267 0.47190843 0.43452283 0.38595027 0.3992976  0.44733029  0.52908455 0.38078184 0.39373238 0.44873962
0.01779563 0.38669558 0.33863985 0.42004769 0.35385851 0.46460162  0.48109267 0.47190843 0.43452283 0.38595027 0.3992976  0.44733029  0.52908455 0.38078184 0.39373238 0.44873962
0.01880749 0.38817107 0.33864157 0.41717289 0.35326109 0.46472932  0.48000187 0.47348054 0.43379089 0.38512841 0.39291541 0.46574394  0.49616651 0.40281769 0.36850065 0.5060214 
0.00140664 0.36431381 0.35232474 0.39642652 0.34463577 0.50247588  0.48308211 0.45859707 0.47435751 0.39611259 0.44362313 0.46430998  0.44184368 0.4496556  0.47683731 0.47370053
0.00140664 0.36431381 0.35232474 0.39642652 0.34463577 0.50247588  0.48308211 0.45859707 0.47435751 0.39611259 0.44362313 0.46430998  0.44184368 0.4496556  0.47683731 0.47370053
0.00140664 0.36431381 0.35232474 0.39642652 0.34463577 0.50247588  0.48308211 0.45859707 0.47435751 0.39611259 0.44362313 0.46430998  0.44184368 0.4496556  0.47683731 0.47370053
0.00140664 0.36431381 0.35232474 0.39642652 0.34463577 0.50247588  0.48308211 0.45859707 0.47435751 0.39611259 0.44362313 0.46430998  0.44184368 0.4496556  0.47683731 0.47370053
0.00039479 0.36283831 0.35232302 0.39930133 0.34523319 0.50234819  0.48417291 0.45702496 0.47508945 0.39693445 0.45000532 0.44589633  0.47476172 0.42761975 0.50206904 0.41641874
0.00039479 0.36283831 0.35232302 0.39930133 0.34523319 0.50234819  0.48417291 0.45702496 0.47508945 0.39693445 0.45000532 0.44589633  0.47476172 0.42761975 0.50206904 0.41641874
0.00039479 0.36283831 0.35232302 0.39930133 0.34523319 0.50234819  0.48417291 0.45702496 0.47508945 0.39693445 0.45000532 0.44589633  0.47476172 0.42761975 0.50206904 0.41641874
0.00039479 0.36283831 0.35232302 0.39930133 0.34523319 0.50234819  0.48417291 0.45702496 0.47508945 0.39693445 0.45000532 0.44589633  0.47476172 0.42761975 0.50206904 0.41641874
0.00039479 0.36283831 0.35232302 0.39930133 0.34523319 0.50234819  0.48417291 0.45702496 0.47508945 0.39693445 0.45000532 0.44589633  0.47476172 0.42761975 0.50206904 0.41641874
0.00039479 0.36283831 0.35232302 0.39930133 0.34523319 0.50234819  0.48417291 0.45702496 0.47508945 0.39693445 0.45000532 0.44589633  0.47476172 0.42761975 0.50206904 0.41641874
0.00039479 0.36283831 0.35232302 0.39930133 0.34523319 0.50234819  0.48417291 0.45702496 0.47508945 0.39693445 0.45000532 0.44589633  0.47476172 0.42761975 0.50206904 0.41641874
0.00039479 0.36283831 0.35232302 0.39930133 0.34523319 0.50234819  0.48417291 0.45702496 0.47508945 0.39693445 0.45000532 0.44589633  0.47476172 0.42761975 0.50206904 0.41641874
0.00039479 0.36283831 0.35232302 0.39930133 0.34523319 0.50234819  0.48417291 0.45702496 0.47508945 0.39693445 0.45000532 0.44589633  0.47476172 0.42761975 0.50206904 0.41641874
0.00039479 0.36283831 0.35232302 0.39930133 0.34523319 0.50234819  0.48417291 0.45702496 0.47508945 0.39693445 0.45000532 0.44589633  0.47476172 0.42761975 0.50206904 0.41641874
0.00039479 0.36283831 0.35232302 0.39930133 0.34523319 0.50234819  0.48417291 0.45702496 0.47508945 0.39693445 0.45000532 0.44589633  0.47476172 0.42761975 0.50206904 0.41641874
0.00039479 0.36283831 0.35232302 0.39930133 0.34523319 0.50234819  0.48417291 0.45702496 0.47508945 0.39693445 0.45000532 0.44589633  0.47476172 0.42761975 0.50206904 0.41641874
0.00039479 0.36283831 0.35232302 0.39930133 0.34523319 0.50234819  0.48417291 0.45702496 0.47508945 0.39693445 0.45000532 0.44589633  0.47476172 0.42761975 0.50206904 0.41641874
0.01790387 0.3898545  0.33817562 0.42642862 0.35681041 0.46717525  0.46152885 0.47694295 0.46991849 0.39350101 0.41724602 0.4497633  0.51968443 0.43336993 0.49846349 0.44236435
0.19710007 0.58869525 0.21530053 0.53982519 0.42296293 0.27573345  0.48565606 0.50277282 0.28187891 0.39688646 0.20822397 0.48798104  0.62472933 0.31866737 0.27922811 0.56306251
0.41861915 0.74526884 0.10302227 0.46537    0.43166315 0.35306583  0.70875185 0.42184206 0.30349768 0.38412859 0.55696639 0.42673836  0.36035353 0.38564001 0.43364542 0.34820107
0.69875806 0.52496838 0.11250849 0.18058707 0.31795056 0.57347942  0.49729261 0.45044854 0.48382776 0.45144796 0.19853558 0.5288397  0.50508532 0.3657799  0.65956637 0.45574846
0.75500101 0.3959788  0.09496858 0.12721651 0.36291236 0.47253131  0.39032606 0.42928219 0.61687182 0.36024464 0.29584427 0.49735479  0.46131689 0.29342549 0.53318046 0.40450296
0.80085895 0.26496556 0.10028839 0.31649515 0.4347067  0.59436451  0.33146015 0.42957517 0.40053535 0.39848443 0.31854969 0.29215966  0.47450926 0.29298489 0.54574744 0.53316816
0.83215408 0.18013276 0.12487438 0.47144887 0.44798957 0.62530225  0.37865489 0.47342255 0.32720631 0.47349069 0.41379768 0.30066878  0.47965175 0.36619364 0.61908581 0.54781359
0.83607603 0.16343542 0.12237709 0.50908085 0.46940579 0.65371972  0.40356633 0.49449849 0.33531914 0.46346385 0.3867347  0.29476344  0.46246116 0.40498663 0.61536715 0.53681494
0.85323765 0.12584623 0.15445554 0.60644942 0.46668994 0.65034335  0.48984215 0.53398348 0.37350204 0.51164375 0.41334047 0.38717462  0.49351148 0.38090564 0.63226766 0.47659194
0.85845162 0.10168481 0.15309051 0.6809088  0.50126369 0.70019429  0.57226803 0.59503627 0.45010949 0.4573965  0.33198941 0.47320617  0.42570659 0.45870194 0.54989345 0.37767877
0.85845162 0.10168481 0.15309051 0.6809088  0.50126369 0.70019429  0.57226803 0.59503627 0.45010949 0.4573965  0.33198941 0.47320617  0.42570659 0.45870194 0.54989345 0.37767877
0.86436552 0.08239833 0.16251135 0.73508578 0.51693921 0.70008066  0.64792561 0.62399892 0.55847899 0.4800406  0.31281893 0.52748347  0.42325463 0.41060922 0.48813078 0.40249817
0.86436552 0.08239833 0.16251135 0.73508578 0.51693921 0.70008066  0.64792561 0.62399892 0.55847899 0.4800406  0.31281893 0.52748347  0.42325463 0.41060922 0.48813078 0.40249817
0.86436552 0.08239833 0.16251135 0.73508578 0.51693921 0.70008066  0.64792561 0.62399892 0.55847899 0.4800406  0.31281893 0.52748347  0.42325463 0.41060922 0.48813078 0.40249817
0.86436552 0.08239833 0.16251135 0.73508578 0.51693921 0.70008066  0.64792561 0.62399892 0.55847899 0.4800406  0.31281893 0.52748347  0.42325463 0.41060922 0.48813078 0.40249817
0.86436552 0.08239833 0.16251135 0.73508578 0.51693921 0.70008066  0.64792561 0.62399892 0.55847899 0.4800406  0.31281893 0.52748347  0.42325463 0.41060922 0.48813078 0.40249817
0.86436552 0.08239833 0.16251135 0.73508578 0.51693921 0.70008066  0.64792561 0.62399892 0.55847899 0.4800406  0.31281893 0.52748347  0.42325463 0.41060922 0.48813078 0.40249817
0.86436552 0.08239833 0.16251135 0.73508578 0.51693921 0.70008066  0.64792561 0.62399892 0.55847899 0.4800406  0.31281893 0.52748347  0.42325463 0.41060922 0.48813078 0.40249817
0.86436552 0.08239833 0.16251135 0.73508578 0.51693921 0.70008066  0.64792561 0.62399892 0.55847899 0.4800406  0.31281893 0.52748347  0.42325463 0.41060922 0.48813078 0.40249817
0.86436552 0.08239833 0.16251135 0.73508578 0.51693921 0.70008066  0.64792561 0.62399892 0.55847899 0.4800406  0.31281893 0.52748347  0.42325463 0.41060922 0.48813078 0.40249817
0.86436552 0.08239833 0.16251135 0.73508578 0.51693921 0.70008066  0.64792561 0.62399892 0.55847899 0.4800406  0.31281893 0.52748347  0.42325463 0.41060922 0.48813078 0.40249817
0.86169617 0.09495998 0.16179858 0.69288166 0.50124696 0.67629916  0.59800281 0.58926348 0.50777577 0.51186699 0.35400523 0.46611696  0.46679076 0.36209022 0.55609177 0.44797643
0.87379207 0.086947   0.19414473 0.72284747 0.47784122 0.67171512  0.59152233 0.57414547 0.45785449 0.51635697 0.37820805 0.48344675  0.53010271 0.38331278 0.56013154 0.36905723
0.88333455 0.09071601 0.22932076 0.72276111 0.43477395 0.63691416  0.56227727 0.53391477 0.39527807 0.55488153 0.4498576  0.48224003  0.60161794 0.41224101 0.56805153 0.3802199 
0.88314353 0.13766004 0.27965371 0.6209961  0.39133488 0.51483661  0.53120275 0.47447265 0.44460313 0.69138783 0.49949062 0.35819996  0.62982938 0.28739888 0.61491842 0.52070111
0.90140921 0.19969009 0.41409103 0.56396449 0.41441375 0.42787374  0.57393653 0.43986173 0.55669563 0.79478274 0.4343698  0.21241288  0.65169807 0.30607693 0.52599132 0.47993279
0.9156727  0.26701759 0.54199852 0.50102532 0.47322324 0.3811126  0.5617715  0.40145356 0.61465171 0.84511536 0.41522606 0.14403419  0.66216167 0.36065343 0.38619506 0.44983363
0.91731383 0.27563958 0.56055714 0.48295502 0.53546007 0.3936149  0.55007676 0.40354321 0.60896292 0.8706601  0.42944816 0.1601718  0.68167912 0.36407735 0.37459399 0.43244351
0.91139088 0.3141293  0.58666888 0.4204522  0.5693751  0.36809774  0.54897988 0.41114596 0.65100763 0.90608543 0.43770884 0.22531868  0.68949147 0.39036515 0.30931466 0.38726606
0.89229028 0.35289847 0.55229189 0.37012699 0.38729539 0.29720906  0.56483007 0.39915076 0.72164694 0.80526515 0.39638941 0.32909776  0.631922   0.37660347 0.31465251 0.3373945 
0.88590445 0.34964675 0.51897153 0.34765431 0.34061509 0.28074183  0.54266093 0.39338908 0.68644753 0.80604552 0.39081553 0.30564155  0.62627655 0.4210189  0.33763633 0.3153143 
0.88146866 0.33792637 0.48722423 0.37072917 0.28830746 0.30128224  0.52115287 0.38033727 0.62295311 0.69807899 0.42176156 0.38563098  0.61644482 0.38305547 0.39523328 0.32753387
0.85337812 0.27925656 0.32316364 0.3919119  0.22818623 0.34731432  0.47188696 0.40858757 0.52104556 0.63891905 0.53558916 0.59201372  0.633653   0.29009862 0.50412301 0.35911805
0.84748955 0.26130484 0.27455975 0.3869171  0.26825338 0.41361146  0.40127085 0.42357268 0.39577585 0.62141068 0.52795534 0.51198921  0.55871264 0.42217654 0.48408062 0.37075775
0.86286215 0.20134284 0.26112048 0.47495884 0.32019183 0.47731822  0.38750237 0.4177764  0.3032635  0.61008554 0.54209482 0.40211613  0.58854899 0.37758185 0.57894232 0.41792799
0.83310485 0.21090732 0.16360568 0.4080122  0.37321663 0.52410805  0.3523602  0.44353142 0.32352824 0.55617732 0.50055591 0.37329143  0.49103646 0.35825409 0.57256327 0.5105449 
0.8387988  0.18742988 0.15736982 0.45300109 0.40294248 0.56379382  0.36970977 0.45515139 0.30678152 0.5404804  0.47171013 0.33795105  0.49767666 0.3630108  0.63756203 0.49521316
0.81047484 0.22479077 0.09155524 0.39911602 0.48584876 0.66246775  0.37372115 0.46227109 0.39190146 0.37276068 0.26264094 0.25091394  0.46395887 0.33653459 0.60702753 0.50683777
0.81047484 0.22479077 0.09155524 0.39911602 0.48584876 0.66246775  0.37372115 0.46227109 0.39190146 0.37276068 0.26264094 0.25091394  0.46395887 0.33653459 0.60702753 0.50683777
0.81537622 0.20344082 0.08762222 0.44582851 0.51047077 0.69919957  0.39586853 0.48477267 0.3774267  0.35938579 0.24306986 0.23433486  0.46590999 0.34861932 0.64853095 0.49091055
0.81537622 0.20344082 0.08762222 0.44582851 0.51047077 0.69919957  0.39586853 0.48477267 0.3774267  0.35938579 0.24306986 0.23433486  0.46590999 0.34861932 0.64853095 0.49091055
0.81792082 0.19184106 0.08554442 0.47808378 0.52935228 0.72526902  0.42837162 0.51109002 0.40333093 0.33696493 0.2029051  0.25899991  0.44164123 0.37789661 0.63411773 0.43747564
0.8024689  0.20520608 0.06240434 0.47026271 0.55342578 0.70834289  0.47314104 0.50080158 0.45388958 0.31822459 0.24520803 0.2539498  0.44756472 0.38565794 0.69014112 0.5057549 
0.8024689  0.20520608 0.06240434 0.47026271 0.55342578 0.70834289  0.47314104 0.50080158 0.45388958 0.31822459 0.24520803 0.2539498  0.44756472 0.38565794 0.69014112 0.5057549 
0.8024689  0.20520608 0.06240434 0.47026271 0.55342578 0.70834289  0.47314104 0.50080158 0.45388958 0.31822459 0.24520803 0.2539498  0.44756472 0.38565794 0.69014112 0.5057549 
0.8024689  0.20520608 0.06240434 0.47026271 0.55342578 0.70834289  0.47314104 0.50080158 0.45388958 0.31822459 0.24520803 0.2539498  0.44756472 0.38565794 0.69014112 0.5057549 
0.8024689  0.20520608 0.06240434 0.47026271 0.55342578 0.70834289  0.47314104 0.50080158 0.45388958 0.31822459 0.24520803 0.2539498  0.44756472 0.38565794 0.69014112 0.5057549 
0.8024689  0.20520608 0.06240434 0.47026271 0.55342578 0.70834289  0.47314104 0.50080158 0.45388958 0.31822459 0.24520803 0.2539498  0.44756472 0.38565794 0.69014112 0.5057549 
0.8024689  0.20520608 0.06240434 0.47026271 0.55342578 0.70834289  0.47314104 0.50080158 0.45388958 0.31822459 0.24520803 0.2539498  0.44756472 0.38565794 0.69014112 0.5057549 
0.80430661 0.19644543 0.06171853 0.4971232  0.56614107 0.7276935  0.50254431 0.52660144 0.48127337 0.30006761 0.21462671 0.28942129  0.42237186 0.41145672 0.65723918 0.45934366
0.80430661 0.19644543 0.06171853 0.4971232  0.56614107 0.7276935  0.50254431 0.52660144 0.48127337 0.30006761 0.21462671 0.28942129  0.42237186 0.41145672 0.65723918 0.45934366
0.78177763 0.2523535  0.05087939 0.45361625 0.56250246 0.72672882  0.54066017 0.49134249 0.54756602 0.26097723 0.19930891 0.33126378  0.54554516 0.44952717 0.64300116 0.39813879
0.74954457 0.28345426 0.02921457 0.5083678  0.60158119 0.7083207  0.6149778  0.40210178 0.58899036 0.22595649 0.27018101 0.33282867  0.53795361 0.5066317  0.65136436 0.35213135
0.71676109 0.32107166 0.00871299 0.54580127 0.63688702 0.68547486  0.67874403 0.31504995 0.61237993 0.21667349 0.36939268 0.3181794  0.58419613 0.58449168 0.64266122 0.35043439
0.71414944 0.33347467 0.00989844 0.50700605 0.61735681 0.65680952  0.63386466 0.27656464 0.56719885 0.24649292 0.42084153 0.26216114  0.63001265 0.53708296 0.70060334 0.42536749
0.71414944 0.33347467 0.00989844 0.50700605 0.61735681 0.65680952  0.63386466 0.27656464 0.56719885 0.24649292 0.42084153 0.26216114  0.63001265 0.53708296 0.70060334 0.42536749
0.70694228 0.36163906 0.01268111 0.45989941 0.59371797 0.63115814  0.63157751 0.27455924 0.60097118 0.23152164 0.40678654 0.31362228  0.63575898 0.51025599 0.70401786 0.35765917
0.66351557 0.40669675 0.01126531 0.47846988 0.59940423 0.53441519  0.63368166 0.2034376  0.63873507 0.25382172 0.41268155 0.37691501  0.4919883  0.53252072 0.69480257 0.27409817
0.61152528 0.53838923 0.02795506 0.44481769 0.52692668 0.54473295  0.65842036 0.13436242 0.55037022 0.34639858 0.38473287 0.41702191  0.54561016 0.51688355 0.70928964 0.31699782
0.57537759 0.54057053 0.02782731 0.49409935 0.55079729 0.46559286  0.64161528 0.12840783 0.52475616 0.33503587 0.39225464 0.41219942  0.46529634 0.48952479 0.67478504 0.2556723 
0.5272807  0.56678288 0.03932009 0.45762075 0.54325018 0.29349161  0.59653415 0.12276407 0.4979815  0.37101073 0.36294602 0.46136559  0.41521561 0.51433803 0.72711111 0.26175538
0.4766861  0.67717466 0.06198211 0.48260636 0.48049371 0.31916719  0.60533008 0.16383795 0.41377975 0.43586119 0.39537869 0.49289131  0.33612223 0.4365443  0.62899    0.28878131
0.38359837 0.60312138 0.09523216 0.49869552 0.51782737 0.17259166  0.58913958 0.22813437 0.31186778 0.38700255 0.26166538 0.49495642  0.48531827 0.41092947 0.49313476 0.31667762
0.33696925 0.6543031  0.1172682  0.53175484 0.50303639 0.16345287  0.60876746 0.39253185 0.23647359 0.39087085 0.29473468 0.47793289  0.46024898 0.37828691 0.50832785 0.36157128
0.22772113 0.5441431  0.18627503 0.48855935 0.4670119  0.23902059  0.60727426 0.3518562  0.20717277 0.42336243 0.21830149 0.5024428  0.42742002 0.3023786  0.41544632 0.44418729
0.1783447  0.54314133 0.21952706 0.48564875 0.44212764 0.24536944  0.59607576 0.44888084 0.2056232  0.42250034 0.2063252  0.50552824  0.50243353 0.33418255 0.37297085 0.52517023
0.1783447  0.54314133 0.21952706 0.48564875 0.44212764 0.24536944  0.59607576 0.44888084 0.2056232  0.42250034 0.2063252  0.50552824  0.50243353 0.33418255 0.37297085 0.52517023
0.14226804 0.49344763 0.24499616 0.44838084 0.42764888 0.28084759  0.61702599 0.43542686 0.20715628 0.42713865 0.20967759 0.50566638  0.49738492 0.32948169 0.36910054 0.52853004
0.10654009 0.48945684 0.26975523 0.4920726  0.40690662 0.32092599  0.48572856 0.48881286 0.3320753  0.40475885 0.24910775 0.48621356  0.59504346 0.35925813 0.37603781 0.53757122
0.10654009 0.48945684 0.26975523 0.4920726  0.40690662 0.32092599  0.48572856 0.48881286 0.3320753  0.40475885 0.24910775 0.48621356  0.59504346 0.35925813 0.37603781 0.53757122
0.05336775 0.43914143 0.31083182 0.46832666 0.37416152 0.39938838  0.45143619 0.50292086 0.40448693 0.37548598 0.33684065 0.45259001  0.60541605 0.3574237  0.32371238 0.49045415
0.05336775 0.43914143 0.31083182 0.46832666 0.37416152 0.39938838  0.45143619 0.50292086 0.40448693 0.37548598 0.33684065 0.45259001  0.60541605 0.3574237  0.32371238 0.49045415
0.05336775 0.43914143 0.31083182 0.46832666 0.37416152 0.39938838  0.45143619 0.50292086 0.40448693 0.37548598 0.33684065 0.45259001  0.60541605 0.3574237  0.32371238 0.49045415
0.03530472 0.41371177 0.32449245 0.44717499 0.36543573 0.42942868  0.4584486  0.49182641 0.42935187 0.38251683 0.3665383  0.45119726  0.57400726 0.38653202 0.39012683 0.47468522
0.01779563 0.38669558 0.33863985 0.42004769 0.35385851 0.46460162  0.48109267 0.47190843 0.43452283 0.38595027 0.3992976  0.44733029  0.52908455 0.38078184 0.39373238 0.44873962
0.01779563 0.38669558 0.33863985 0.42004769 0.35385851 0.46460162  0.48109267 0.47190843 0.43452283 0.38595027 0.3992976  0.44733029  0.52908455 0.38078184 0.39373238 0.44873962
0.01779563 0.38669558 0.33863985 0.42004769 0.35385851 0.46460162  0.48109267 0.47190843 0.43452283 0.38595027 0.3992976  0.44733029  0.52908455 0.38078184 0.39373238 0.44873962
0.01779563 0.38669558 0.33863985 0.42004769 0.35385851 0.46460162  0.48109267 0.47190843 0.43452283 0.38595027 0.3992976  0.44733029  0.52908455 0.38078184 0.39373238 0.44873962
0.00039479 0.36283831 0.35232302 0.39930133 0.34523319 0.50234819  0.48417291 0.45702496 0.47508945 0.39693445 0.45000532 0.44589633  0.47476172 0.42761975 0.50206904 0.41641874
0.00039479 0.36283831 0.35232302 0.39930133 0.34523319 0.50234819  0.48417291 0.45702496 0.47508945 0.39693445 0.45000532 0.44589633  0.47476172 0.42761975 0.50206904 0.41641874
0.00039479 0.36283831 0.35232302 0.39930133 0.34523319 0.50234819  0.48417291 0.45702496 0.47508945 0.39693445 0.45000532 0.44589633  0.47476172 0.42761975 0.50206904 0.41641874
0.00039479 0.36283831 0.35232302 0.39930133 0.34523319 0.50234819  0.48417291 0.45702496 0.47508945 0.39693445 0.45000532 0.44589633  0.47476172 0.42761975 0.50206904 0.41641874
0.00039479 0.36283831 0.35232302 0.39930133 0.34523319 0.50234819  0.48417291 0.45702496 0.47508945 0.39693445 0.45000532 0.44589633  0.47476172 0.42761975 0.50206904 0.41641874
0.00039479 0.36283831 0.35232302 0.39930133 0.34523319 0.50234819  0.48417291 0.45702496 0.47508945 0.39693445 0.45000532 0.44589633  0.47476172 0.42761975 0.50206904 0.41641874
0.00039479 0.36283831 0.35232302 0.39930133 0.34523319 0.50234819  0.48417291 0.45702496 0.47508945 0.39693445 0.45000532 0.44589633  0.47476172 0.42761975 0.50206904 0.41641874
