0.00039479 0.36283831 0.35232302 0.39930133 0.34523319 0.50234819  0.48417291 0.45702496 0.47508945 0.39693445 0.45000532 0.44589633  0.47476172 0.42761975 0.50206904 0.41641874
0.00039479 0.36283831 0.35232302 0.39930133 0.34523319 0.50234819  0.48417291 0.45702496 0.47508945 0.39693445 0.45000532 0.44589633  0.47476172 0.42761975 0.50206904 0.41641874
0.00039479 0.36283831 0.35232302 0.39930133 0.34523319 0.50234819  0.48417291 0.45702496 0.47508945 0.39693445 0.45000532 0.44589633  0.47476172 0.42761975 0.50206904 0.41641874
0.00039479 0.36283831 0.35232302 0.39930133 0.34523319 0.50234819  0.48417291 0.45702496 0.47508945 0.39693445 0.45000532 0.44589633  0.47476172 0.42761975 0.50206904 0.41641874
0.00039479 0.36283831 0.35232302 0.39930133 0.34523319 0.50234819  0.48417291 0.45702496 0.47508945 0.39693445 0.45000532 0.44589633  0.47476172 0.42761975 0.50206904 0.41641874
0.00039479 0.36283831 0.35232302 0.39930133 0.34523319 0.50234819  0.48417291 0.45702496 0.47508945 0.39693445 0.45000532 0.44589633  0.47476172 0.42761975 0.50206904 0.41641874
0.00039479 0.36283831 0.35232302 0.39930133 0.34523319 0.50234819  0.48417291 0.45702496 0.47508945 0.39693445 0.45000532 0.44589633  0.47476172 0.42761975 0.50206904 0.41641874
0.00039479 0.36283831 0.35232302 0.39930133 0.34523319 0.50234819  0.48417291 0.45702496 0.47508945 0.39693445 0.45000532 0.44589633  0.47476172 0.42761975 0.50206904 0.41641874
0.00039479 0.36283831 0.35232302 0.39930133 0.34523319 0.50234819  0.48417291 0.45702496 0.47508945 0.39693445 0.45000532 0.44589633  0.47476172 0.42761975 0.50206904 0.41641874
0.00039479 0.36283831 0.35232302 0.39930133 0.34523319 0.50234819  0.48417291 0.45702496 0.47508945 0.39693445 0.45000532 0.44589633  0.47476172 0.42761975 0.50206904 0.41641874
0.00039479 0.36283831 0.35232302 0.39930133 0.34523319 0.50234819  0.48417291 0.45702496 0.47508945 0.39693445 0.45000532 0.44589633  0.47476172 0.42761975 0.50206904 0.41641874
0.00039479 0.36283831 0.35232302 0.39930133 0.34523319 0.50234819  0.48417291 0.45702496 0.47508945 0.39693445 0.45000532 0.44589633  0.47476172 0.42761975 0.50206904 0.41641874
0.00039479 0.36283831 0.35232302 0.39930133 0.34523319 0.50234819  0.48417291 0.45702496 0.47508945 0.39693445 0.45000532 0.44589633  0.47476172 0.42761975 0.50206904 0.41641874
0.00039479 0.36283831 0.35232302 0.39930133 0.34523319 0.50234819  0.48417291 0.45702496 0.47508945 0.39693445 0.45000532 0.44589633  0.47476172 0.42761975 0.50206904 0.41641874
0.00039479 0.36283831 0.35232302 0.39930133 0.34523319 0.50234819  0.48417291 0.45702496 0.47508945 0.39693445 0.45000532 0.44589633  0.47476172 0.42761975 0.50206904 0.41641874
0.00039479 0.36283831 0.35232302 0.39930133 0.34523319 0.50234819  0.48417291 0.45702496 0.47508945 0.39693445 0.45000532 0.44589633  0.47476172 0.42761975 0.50206904 0.41641874
0.00039479 0.36283831 0.35232302 0.39930133 0.34523319 0.50234819  0.48417291 0.45702496 0.47508945 0.39693445 0.45000532 0.44589633  0.47476172 0.42761975 0.50206904 0.41641874
0.00039479 0.36283831 0.35232302 0.39930133 0.34523319 0.50234819  0.48417291 0.45702496 0.47508945 0.39693445 0.45000532 0.44589633  0.47476172 0.42761975 0.50206904 0.41641874
0.00039479 0.36283831 0.35232302 0.39930133 0.34523319 0.50234819  0.48417291 0.45702496 0.47508945 0.39693445 0.45000532 0.44589633  0.47476172 0.42761975 0.50206904 0.41641874
0.00039479 0.36283831 0.35232302 0.39930133 0.34523319 0.50234819  0.48417291 0.45702496 0.47508945 0.39693445 0.45000532 0.44589633  0.47476172 0.42761975 0.50206904 0.41641874
0.00039479 0.36283831 0.35232302 0.39930133 0.34523319 0.50234819  0.48417291 0.45702496 0.47508945 0.39693445 0.45000532 0.44589633  0.47476172 0.42761975 0.50206904 0.41641874
0.00039479 0.36283831 0.35232302 0.39930133 0.34523319 0.50234819  0.48417291 0.45702496 0.47508945 0.39693445 0.45000532 0.44589633  0.47476172 0.42761975 0.50206904 0.41641874
0.00039479 0.36283831 0.35232302 0.39930133 0.34523319 0.50234819  0.48417291 0.45702496 0.47508945 0.39693445 0.45000532 0.44589633  0.47476172 0.42761975 0.50206904 0.41641874
0.00039479 0.36283831 0.35232302 0.39930133 0.34523319 0.50234819  0.48417291 0.45702496 0.47508945 0.39693445 0.45000532 0.44589633  0.47476172 0.42761975 0.50206904 0.41641874
0.00039479 0.36283831 0.35232302 0.39930133 0.34523319 0.50234819  0.48417291 0.45702496 0.47508945 0.39693445 0.45000532 0.44589633  0.47476172 0.42761975 0.50206904 0.41641874
0.00039479 0.36283831 0.35232302 0.39930133 0.34523319 0.50234819  0.48417291 0.45702496 0.47508945 0.39693445 0.45000532 0.44589633  0.47476172 0.42761975 0.50206904 0.41641874
0.00039479 0.36283831 0.35232302 0.39930133 0.34523319 0.50234819  0.48417291 0.45702496 0.47508945 0.39693445 0.45000532 0.44589633  0.47476172 0.42761975 0.50206904 0.41641874
0.00039479 0.36283831 0.35232302 0.39930133 0.34523319 0.50234819  0.48417291 0.45702496 0.47508945 0.39693445 0.45000532 0.44589633  0.47476172 0.42761975 0.50206904 0.41641874
0.00039479 0.36283831 0.35232302 0.39930133 0.34523319 0.50234819  0.48417291 0.45702496 0.47508945 0.39693445 0.45000532 0.44589633  0.47476172 0.42761975 0.50206904 0.41641874
0.00039479 0.36283831 0.35232302 0.39930133 0.34523319 0.50234819  0.48417291 0.45702496 0.47508945 0.39693445 0.45000532 0.44589633  0.47476172 0.42761975 0.50206904 0.41641874
0.00039479 0.36283831 0.35232302 0.39930133 0.34523319 0.50234819  0.48417291 0.45702496 0.47508945 0.39693445 0.45000532 0.44589633  0.47476172 0.42761975 0.50206904 0.41641874
0.00039479 0.36283831 0.35232302 0.39930133 0.34523319 0.50234819  0.48417291 0.45702496 0.47508945 0.39693445 0.45000532 0.44589633  0.47476172 0.42761975 0.50206904 0.41641874
0.00039479 0.36283831 0.35232302 0.39930133 0.34523319 0.50234819  0.48417291 0.45702496 0.47508945 0.39693445 0.45000532 0.44589633  0.47476172 0.42761975 0.50206904 0.41641874
0.00039479 0.36283831 0.35232302 0.39930133 0.34523319 0.50234819  0.48417291 0.45702496 0.47508945 0.39693445 0.45000532 0.44589633  0.47476172 0.42761975 0.50206904 0.41641874
0.00039479 0.36283831 0.35232302 0.39930133 0.34523319 0.50234819  0.48417291 0.45702496 0.47508945 0.39693445 0.45000532 0.44589633  0.47476172 0.42761975 0.50206904 0.41641874
0.00039479 0.36283831 0.35232302 0.39930133 0.34523319 0.50234819  0.48417291 0.45702496 0.47508945 0.39693445 0.45000532 0.44589633  0.47476172 0.42761975 0.50206904 0.41641874
0.00039479 0.36283831 0.35232302 0.39930133 0.34523319 0.50234819  0.48417291 0.45702496 0.47508945 0.39693445 0.45000532 0.44589633  0.47476172 0.42761975 0.50206904 0.41641874
0.00039479 0.36283831 0.35232302 0.39930133 0.34523319 0.50234819  0.48417291 0.45702496 0.47508945 0.39693445 0.45000532 0.44589633  0.47476172 0.42761975 0.50206904 0.41641874
0.00039479 0.36283831 0.35232302 0.39930133 0.34523319 0.50234819  0.48417291 0.45702496 0.47508945 0.39693445 0.45000532 0.44589633  0.47476172 0.42761975 0.50206904 0.41641874
0.00039479 0.36283831 0.35232302 0.39930133 0.34523319 0.50234819  0.48417291 0.45702496 0.47508945 0.39693445 0.45000532 0.44589633  0.47476172 0.42761975 0.50206904 0.41641874
0.00039479 0.36283831 0.35232302 0.39930133 0.34523319 0.50234819  0.48417291 0.45702496 0.47508945 0.39693445 0.45000532 0.44589633  0.47476172 0.42761975 0.50206904 0.41641874
0.00039479 0.36283831 0.35232302 0.39930133 0.34523319 0.50234819  0.48417291 0.45702496 0.47508945 0.39693445 0.45000532 0.44589633  0.47476172 0.42761975 0.50206904 0.41641874
0.00039479 0.36283831 0.35232302 0.39930133 0.34523319 0.50234819  0.48417291 0.45702496 0.47508945 0.39693445 0.45000532 0.44589633  0.47476172 0.42761975 0.50206904 0.41641874
0.00039479 0.36283831 0.35232302 0.39930133 0.34523319 0.50234819  0.48417291 0.45702496 0.47508945 0.39693445 0.45000532 0.44589633  0.47476172 0.42761975 0.50206904 0.41641874
0.00039479 0.36283831 0.35232302 0.39930133 0.34523319 0.50234819  0.48417291 0.45702496 0.47508945 0.39693445 0.45000532 0.44589633  0.47476172 0.42761975 0.50206904 0.41641874
0.00039479 0.36283831 0.35232302 0.39930133 0.34523319 0.50234819  0.48417291 0.45702496 0.47508945 0.39693445 0.45000532 0.44589633  0.47476172 0.42761975 0.50206904 0.41641874
0.00039479 0.36283831 0.35232302 0.39930133 0.34523319 0.50234819  0.48417291 0.45702496 0.47508945 0.39693445 0.45000532 0.44589633  0.47476172 0.42761975 0.50206904 0.41641874
0.01865742 0.3880557  0.34025579 0.41843982 0.3494262  0.49750935  0.46205159 0.46401308 0.50597385 0.40376969 0.46950961 0.4478266  0.44969389 0.45506031 0.57557814 0.40855754
0.11018619 0.4877135  0.30318865 0.47475507 0.3231132  0.59529121  0.3611119  0.41060395 0.59742267 0.51677043 0.35631011 0.53659099  0.38788113 0.49080733 0.72942332 0.61293775
0.27430134 0.670003   0.21699056 0.56470801 0.32604359 0.58205109  0.29596601 0.46216887 0.60319759 0.49026754 0.34227106 0.52106888  0.5207349  0.41386056 0.5144968  0.65864326
0.36760859 0.75549414 0.17859697 0.56274221 0.29812368 0.67828886  0.30938468 0.44251151 0.674374   0.46363341 0.49562016 0.48052446  0.53955374 0.39506594 0.4077196  0.61287229
0.42093047 0.74448137 0.19715614 0.50958666 0.2467358  0.76375511  0.29679829 0.47845181 0.58830203 0.46355209 0.37074669 0.48495067  0.55435264 0.34023306 0.26782823 0.57323981
0.64026489 0.60279016 0.18965536 0.22096157 0.22458902 0.65740731  0.46177392 0.78383273 0.3512751  0.46808557 0.30596784 0.5045004  0.32830973 0.22146907 0.49756239 0.53064603
0.67624719 0.61437827 0.1705217  0.19299285 0.23991851 0.63062387  0.51417941 0.79660914 0.33952203 0.44946222 0.33381856 0.4936822  0.3736416  0.26746707 0.55948252 0.50029078
0.71048634 0.57921241 0.26122617 0.27701074 0.15990245 0.56947275  0.52281196 0.79062523 0.22283968 0.57393098 0.46481222 0.55927337  0.45665626 0.34881019 0.62533747 0.30287294
0.71048634 0.57921241 0.26122617 0.27701074 0.15990245 0.56947275  0.52281196 0.79062523 0.22283968 0.57393098 0.46481222 0.55927337  0.45665626 0.34881019 0.62533747 0.30287294
0.76571352 0.44596187 0.23708973 0.23236834 0.21241551 0.46431056  0.41886822 0.66592543 0.37167532 0.4955635  0.51065743 0.54798974  0.45085469 0.37845625 0.47603256 0.24888817
0.81407901 0.32356391 0.21591615 0.25332875 0.24699681 0.40375064  0.36661489 0.43909605 0.45411343 0.55704545 0.47661578 0.61780145  0.51824296 0.40566037 0.47899096 0.27835187
0.82617492 0.31555093 0.24826229 0.28329455 0.22359106 0.39916659  0.36013441 0.42397803 0.40419215 0.56153543 0.50081861 0.63513124  0.58155492 0.42688293 0.48303073 0.19943267
0.84109409 0.26280157 0.25610226 0.39073465 0.25635021 0.41008255  0.43933072 0.43616484 0.48456548 0.60800546 0.53817797 0.63437479  0.64313315 0.27918094 0.47518243 0.3426739 
0.84885529 0.23269716 0.24877543 0.4341797  0.28310873 0.44412843  0.43241733 0.43041824 0.4409844  0.60216096 0.53818499 0.57849405  0.66009929 0.25681662 0.53111431 0.3627134 
0.85668157 0.20317532 0.24717711 0.48048889 0.30339928 0.45967736  0.42980218 0.42421366 0.40149126 0.61801428 0.57499887 0.52958302  0.65512513 0.28190507 0.5082575  0.44477931
0.85668157 0.20317532 0.24717711 0.48048889 0.30339928 0.45967736  0.42980218 0.42421366 0.40149126 0.61801428 0.57499887 0.52958302  0.65512513 0.28190507 0.5082575  0.44477931
0.86388872 0.17501093 0.24439444 0.52759553 0.32703812 0.48532874  0.43208933 0.42621906 0.36771893 0.63298555 0.58905386 0.47812188  0.64937879 0.30873204 0.50484297 0.51248763
0.86879009 0.15366098 0.24046141 0.57430803 0.35166014 0.52206057  0.45423671 0.44872064 0.35324417 0.61961067 0.56948279 0.46154281  0.65132992 0.32081677 0.5463464  0.49656041
0.87448403 0.13018355 0.23422555 0.61929692 0.38138598 0.56174634  0.47158628 0.46034061 0.33649745 0.60391375 0.54063701 0.42620242  0.65797011 0.32557349 0.61134515 0.48122867
0.86310385 0.13517518 0.19973534 0.59252279 0.41173796 0.57719669  0.47142806 0.47477145 0.37169008 0.58354617 0.49956879 0.39193765  0.61164775 0.27084647 0.6363271  0.51647724
0.86310385 0.13517518 0.19973534 0.59252279 0.41173796 0.57719669  0.47142806 0.47477145 0.37169008 0.58354617 0.49956879 0.39193765  0.61164775 0.27084647 0.6363271  0.51647724
0.85902765 0.14570102 0.18962869 0.5652063  0.40877773 0.59666093  0.42517376 0.47160866 0.29070437 0.54274509 0.48815794 0.37313185  0.58890684 0.34473797 0.66518783 0.4452466 
0.85902765 0.14570102 0.18962869 0.5652063  0.40877773 0.59666093  0.42517376 0.47160866 0.29070437 0.54274509 0.48815794 0.37313185  0.58890684 0.34473797 0.66518783 0.4452466 
0.85902765 0.14570102 0.18962869 0.5652063  0.40877773 0.59666093  0.42517376 0.47160866 0.29070437 0.54274509 0.48815794 0.37313185  0.58890684 0.34473797 0.66518783 0.4452466 
0.84370017 0.16607993 0.15343679 0.49971359 0.42756449 0.60052565  0.39185715 0.47765297 0.29230676 0.52710552 0.45213906 0.32137197  0.49962778 0.37509553 0.67906545 0.47928594
0.81145427 0.22013817 0.09011951 0.40819653 0.48905456 0.67078211  0.3709571  0.46369673 0.36931387 0.36941263 0.27013284 0.2402402  0.48310058 0.30982634 0.65224962 0.50190921
0.81145427 0.22013817 0.09011951 0.40819653 0.48905456 0.67078211  0.3709571  0.46369673 0.36931387 0.36941263 0.27013284 0.2402402  0.48310058 0.30982634 0.65224962 0.50190921
0.79600235 0.23350319 0.06697943 0.40037547 0.51312806 0.65385598  0.41572653 0.45340828 0.41987252 0.35067229 0.31243578 0.23519009  0.48902407 0.31758766 0.70827301 0.57018847
0.78096892 0.29118941 0.07136042 0.30695963 0.46919867 0.61265567  0.41605452 0.45760746 0.49313799 0.3198477  0.26156691 0.33556226  0.49974456 0.26567224 0.73454434 0.42041425
0.72074644 0.40352631 0.04780324 0.26126951 0.46831247 0.53312437  0.49510446 0.29176588 0.60697057 0.29210786 0.38024122 0.38008325  0.61615448 0.37447138 0.65041965 0.41258618
0.5858458  0.66994835 0.06137865 0.32928438 0.39971848 0.55562246  0.65455385 0.20089534 0.51574225 0.4232618  0.44805114 0.47864076  0.59603813 0.44749564 0.60004794 0.42989496
0.38058701 0.74375242 0.10475388 0.53977809 0.46482561 0.24122644  0.61745549 0.45002254 0.30454666 0.40969722 0.43649023 0.46569431  0.35159312 0.43519278 0.58953306 0.35242904
0.17859096 0.59098545 0.21784946 0.5753049  0.4360179  0.24071011  0.42367966 0.53312482 0.34119779 0.39584149 0.22056364 0.49032583  0.65035347 0.37431555 0.38976994 0.55218621
0.01779563 0.38669558 0.33863985 0.42004769 0.35385851 0.46460162  0.48109267 0.47190843 0.43452283 0.38595027 0.3992976  0.44733029  0.52908455 0.38078184 0.39373238 0.44873962
0.00039479 0.36283831 0.35232302 0.39930133 0.34523319 0.50234819  0.48417291 0.45702496 0.47508945 0.39693445 0.45000532 0.44589633  0.47476172 0.42761975 0.50206904 0.41641874
0.00039479 0.36283831 0.35232302 0.39930133 0.34523319 0.50234819  0.48417291 0.45702496 0.47508945 0.39693445 0.45000532 0.44589633  0.47476172 0.42761975 0.50206904 0.41641874
0.00039479 0.36283831 0.35232302 0.39930133 0.34523319 0.50234819  0.48417291 0.45702496 0.47508945 0.39693445 0.45000532 0.44589633  0.47476172 0.42761975 0.50206904 0.41641874
0.00039479 0.36283831 0.35232302 0.39930133 0.34523319 0.50234819  0.48417291 0.45702496 0.47508945 0.39693445 0.45000532 0.44589633  0.47476172 0.42761975 0.50206904 0.41641874
0.00039479 0.36283831 0.35232302 0.39930133 0.34523319 0.50234819  0.48417291 0.45702496 0.47508945 0.39693445 0.45000532 0.44589633  0.47476172 0.42761975 0.50206904 0.41641874
0.00039479 0.36283831 0.35232302 0.39930133 0.34523319 0.50234819  0.48417291 0.45702496 0.47508945 0.39693445 0.45000532 0.44589633  0.47476172 0.42761975 0.50206904 0.41641874
0.00039479 0.36283831 0.35232302 0.39930133 0.34523319 0.50234819  0.48417291 0.45702496 0.47508945 0.39693445 0.45000532 0.44589633  0.47476172 0.42761975 0.50206904 0.41641874
0.00039479 0.36283831 0.35232302 0.39930133 0.34523319 0.50234819  0.48417291 0.45702496 0.47508945 0.39693445 0.45000532 0.44589633  0.47476172 0.42761975 0.50206904 0.41641874
0.00039479 0.36283831 0.35232302 0.39930133 0.34523319 0.50234819  0.48417291 0.45702496 0.47508945 0.39693445 0.45000532 0.44589633  0.47476172 0.42761975 0.50206904 0.41641874
0.00039479 0.36283831 0.35232302 0.39930133 0.34523319 0.50234819  0.48417291 0.45702496 0.47508945 0.39693445 0.45000532 0.44589633  0.47476172 0.42761975 0.50206904 0.41641874
0.00039479 0.36283831 0.35232302 0.39930133 0.34523319 0.50234819  0.48417291 0.45702496 0.47508945 0.39693445 0.45000532 0.44589633  0.47476172 0.42761975 0.50206904 0.41641874
0.00039479 0.36283831 0.35232302 0.39930133 0.34523319 0.50234819  0.48417291 0.45702496 0.47508945 0.39693445 0.45000532 0.44589633  0.47476172 0.42761975 0.50206904 0.41641874
0.10979015 0.50885555 0.28176122 0.50927407 0.36725679 0.46032716  0.37402118 0.49428841 0.58430857 0.42001969 0.49206389 0.45602308  0.42510355 0.51748583 0.73405669 0.38375582
0.40082564 0.72658344 0.1767872  0.51315793 0.30764907 0.62178626  0.29639329 0.61558734 0.72255144 0.41859052 0.63063762 0.42360517  0.51350268 0.45484605 0.59857451 0.44624004
0.48612822 0.68631918 0.16454825 0.40312696 0.30274307 0.5721079  0.34169261 0.79116498 0.67635134 0.34598646 0.64306559 0.39631751  0.54090108 0.35738014 0.58564579 0.47977021
0.52599669 0.61335956 0.18037429 0.39453184 0.2814434  0.51636302  0.33941475 0.87754039 0.67839007 0.40187857 0.7383686  0.4302127  0.49348414 0.34192071 0.65277241 0.55521007
0.52599669 0.61335956 0.18037429 0.39453184 0.2814434  0.51636302  0.33941475 0.87754039 0.67839007 0.40187857 0.7383686  0.4302127  0.49348414 0.34192071 0.65277241 0.55521007
0.56203034 0.61177226 0.18462051 0.3578526  0.25642319 0.56006862  0.36324948 0.88418611 0.61276929 0.39539491 0.69170272 0.42530806  0.46624142 0.30039411 0.56700657 0.51016822
0.56354794 0.64211402 0.18965197 0.39505464 0.22803077 0.6471766  0.32656948 0.80458479 0.61589666 0.45789173 0.63749144 0.45229377  0.40844984 0.2662889  0.52282851 0.54537895
0.56354794 0.64211402 0.18965197 0.39505464 0.22803077 0.6471766  0.32656948 0.80458479 0.61589666 0.45789173 0.63749144 0.45229377  0.40844984 0.2662889  0.52282851 0.54537895
0.53686457 0.65834566 0.18123193 0.36364547 0.26107091 0.60122926  0.33002663 0.83927422 0.58393105 0.36273988 0.57490363 0.3984814  0.39545922 0.25269463 0.53697477 0.41386733
0.5551508  0.66917434 0.16958613 0.35494322 0.26579244 0.58794897  0.38325845 0.80761993 0.51076504 0.37213967 0.54778547 0.40635686  0.30500301 0.21070045 0.49836111 0.39436673
0.49161486 0.75927306 0.13548352 0.42826235 0.31737417 0.59887635  0.496231   0.62257564 0.53773822 0.35782226 0.66167871 0.38259817  0.48760155 0.37465115 0.39122882 0.40125069
0.40366336 0.81053736 0.12751943 0.59514124 0.35895824 0.52149623  0.42291887 0.43537216 0.55555124 0.40854312 0.62178199 0.42042306  0.32836019 0.36281386 0.41861745 0.34584307
0.23498221 0.67680939 0.18339787 0.63910937 0.44131209 0.22508138  0.37103392 0.55950527 0.39201674 0.35382199 0.33456542 0.44719383  0.56364208 0.40646009 0.39823271 0.40025142
0.14355226 0.56673479 0.24524662 0.57533248 0.4131022  0.29165795  0.36800161 0.56539556 0.42880218 0.35335916 0.32119943 0.44792945  0.67922585 0.40983747 0.37026808 0.46991041
0.05321358 0.43958271 0.31066608 0.47058965 0.37455268 0.39771928  0.4443416  0.50799319 0.41464906 0.37452314 0.33894922 0.45218633  0.61542241 0.37418377 0.34903118 0.48726701
0.00039479 0.36283831 0.35232302 0.39930133 0.34523319 0.50234819  0.48417291 0.45702496 0.47508945 0.39693445 0.45000532 0.44589633  0.47476172 0.42761975 0.50206904 0.41641874
0.00039479 0.36283831 0.35232302 0.39930133 0.34523319 0.50234819  0.48417291 0.45702496 0.47508945 0.39693445 0.45000532 0.44589633  0.47476172 0.42761975 0.50206904 0.41641874
0.00039479 0.36283831 0.35232302 0.39930133 0.34523319 0.50234819  0.48417291 0.45702496 0.47508945 0.39693445 0.45000532 0.44589633  0.47476172 0.42761975 0.50206904 0.41641874
0.00039479 0.36283831 0.35232302 0.39930133 0.34523319 0.50234819  0.48417291 0.45702496 0.47508945 0.39693445 0.45000532 0.44589633  0.47476172 0.42761975 0.50206904 0.41641874
0.00039479 0.36283831 0.35232302 0.39930133 0.34523319 0.50234819  0.48417291 0.45702496 0.47508945 0.39693445 0.45000532 0.44589633  0.47476172 0.42761975 0.50206904 0.41641874
0.00039479 0.36283831 0.35232302 0.39930133 0.34523319 0.50234819  0.48417291 0.45702496 0.47508945 0.39693445 0.45000532 0.44589633  0.47476172 0.42761975 0.50206904 0.41641874
0.00039479 0.36283831 0.35232302 0.39930133 0.34523319 0.50234819  0.48417291 0.45702496 0.47508945 0.39693445 0.45000532 0.44589633  0.47476172 0.42761975 0.50206904 0.41641874
0.00039479 0.36283831 0.35232302 0.39930133 0.34523319 0.50234819  0.48417291 0.45702496 0.47508945 0.39693445 0.45000532 0.44589633  0.47476172 0.42761975 0.50206904 0.41641874
0.00039479 0.36283831 0.35232302 0.39930133 0.34523319 0.50234819  0.48417291 0.45702496 0.47508945 0.39693445 0.45000532 0.44589633  0.47476172 0.42761975 0.50206904 0.41641874
0.00039479 0.36283831 0.35232302 0.39930133 0.34523319 0.50234819  0.48417291 0.45702496 0.47508945 0.39693445 0.45000532 0.44589633  0.47476172 0.42761975 0.50206904 0.41641874
0.00039479 0.36283831 0.35232302 0.39930133 0.34523319 0.50234819  0.48417291 0.45702496 0.47508945 0.39693445 0.45000532 0.44589633  0.47476172 0.42761975 0.50206904 0.41641874
0.00039479 0.36283831 0.35232302 0.39930133 0.34523319 0.50234819  0.48417291 0.45702496 0.47508945 0.39693445 0.45000532 0.44589633  0.47476172 0.42761975 0.50206904 0.41641874
0.00039479 0.36283831 0.35232302 0.39930133 0.34523319 0.50234819  0.48417291 0.45702496 0.47508945 0.39693445 0.45000532 0.44589633  0.47476172 0.42761975 0.50206904 0.41641874
0.05265734 0.44071691 0.3106915  0.47422633 0.37717297 0.39794484  0.43177961 0.51245536 0.4359589  0.38022092 0.34549293 0.45448025  0.61189625 0.40882803 0.41889068 0.49328565
0.19814804 0.63006463 0.20688116 0.60893099 0.43420059 0.2398099  0.39427963 0.54734829 0.3581051  0.3645632  0.28656177 0.458753  0.57968794 0.36804576 0.34573379 0.45810096
0.40089301 0.77986284 0.10389802 0.55734561 0.42620787 0.34929428  0.5758978  0.42240327 0.37382993 0.41349252 0.53201646 0.44657476  0.2956373  0.3743781  0.45248196 0.34588376
0.49232617 0.77839575 0.08697787 0.4160296  0.39453189 0.47553903  0.72437009 0.42425879 0.37987072 0.39170774 0.62570307 0.4189227  0.41894639 0.42461292 0.50325903 0.38097228
0.63297619 0.59153558 0.05348946 0.24158776 0.41223229 0.50479612  0.63476359 0.20349309 0.60422963 0.37165934 0.41605394 0.49302748  0.68238069 0.59190425 0.62759022 0.45622864
0.75500101 0.3959788  0.09496858 0.12721651 0.36291236 0.47253131  0.39032606 0.42928219 0.61687182 0.36024464 0.29584427 0.49735479  0.46131689 0.29342549 0.53318046 0.40450296
0.75500101 0.3959788  0.09496858 0.12721651 0.36291236 0.47253131  0.39032606 0.42928219 0.61687182 0.36024464 0.29584427 0.49735479  0.46131689 0.29342549 0.53318046 0.40450296
0.7703736  0.3360168  0.08152931 0.21525825 0.41485081 0.53623807  0.37655758 0.42348591 0.52435947 0.3489195  0.30998375 0.38748171  0.49115325 0.2488308  0.62804216 0.45167321
0.79600235 0.23350319 0.06697943 0.40037547 0.51312806 0.65385598  0.41572653 0.45340828 0.41987252 0.35067229 0.31243578 0.23519009  0.48902407 0.31758766 0.70827301 0.57018847
0.79600235 0.23350319 0.06697943 0.40037547 0.51312806 0.65385598  0.41572653 0.45340828 0.41987252 0.35067229 0.31243578 0.23519009  0.48902407 0.31758766 0.70827301 0.57018847
0.7999243  0.21680584 0.06448215 0.43800745 0.53454427 0.68227344  0.44063796 0.47448422 0.42798535 0.34064545 0.2853728  0.22928475  0.47183348 0.35638064 0.70455434 0.55918981
0.8024689  0.20520608 0.06240434 0.47026271 0.55342578 0.70834289  0.47314104 0.50080158 0.45388958 0.31822459 0.24520803 0.2539498  0.44756472 0.38565794 0.69014112 0.5057549 
0.80551909 0.19068325 0.06176023 0.5161423  0.57416964 0.73976879  0.52527185 0.54421448 0.50519313 0.2853365  0.19242812 0.31768959  0.39865881 0.4370077  0.62367169 0.43250662
0.80790304 0.17951283 0.06143052 0.54971925 0.58725989 0.76044971  0.55854833 0.57039534 0.52995669 0.26875198 0.16887645 0.35496748  0.38376599 0.45560494 0.59850996 0.39593142
0.80790304 0.17951283 0.06143052 0.54971925 0.58725989 0.76044971  0.55854833 0.57039534 0.52995669 0.26875198 0.16887645 0.35496748  0.38376599 0.45560494 0.59850996 0.39593142
0.80843787 0.17707768 0.06105994 0.55726723 0.59194475 0.76686365  0.56825476 0.57861958 0.54145464 0.26041161 0.15384275 0.36638567  0.36657154 0.47522532 0.58067897 0.37925773
0.80605391 0.18824811 0.06138965 0.52369028 0.5788545  0.74618274  0.53497828 0.55243872 0.51669108 0.27699612 0.17739442 0.32910777  0.38146436 0.45662807 0.60584071 0.41583293
0.78876568 0.19767358 0.0470767  0.5401666  0.60522217 0.70442209  0.5713994  0.52314413 0.53714227 0.2705938  0.25560201 0.31977692  0.33942274 0.46993434 0.65996624 0.41042356
0.71910199 0.26754505 0.0136784  0.53873148 0.6503733  0.58464906  0.61932675 0.36975136 0.4979098  0.2290481  0.47639551 0.1982425  0.53261864 0.50343822 0.70557331 0.46021403
0.65241444 0.36940449 0.00716391 0.53131545 0.64485465 0.48943585  0.65294247 0.24406964 0.57821167 0.22805472 0.46261169 0.30303323  0.48600429 0.56237066 0.66674496 0.29255907
0.50866376 0.50070399 0.06393475 0.36154326 0.53170648 0.31278438  0.68102482 0.18583373 0.4501414  0.3021229  0.39062679 0.42344869  0.59339364 0.49615078 0.58443347 0.3063281 
0.40280515 0.59573785 0.09569161 0.44168836 0.50004245 0.24047331  0.6637497  0.20719832 0.31317046 0.36802778 0.36361906 0.46361989  0.46133874 0.40064326 0.43426383 0.29187528
0.21529207 0.57710891 0.1979015  0.48521878 0.44752064 0.2443117  0.63265899 0.4362275  0.19123155 0.42100907 0.26124022 0.49531763  0.40418333 0.33620033 0.40448084 0.47259825
0.08870162 0.44713784 0.28558082 0.43598823 0.39312054 0.359497  0.5741248  0.4317532  0.25840361 0.41841906 0.24763927 0.49146665  0.47538148 0.30875544 0.32886501 0.50640316
0.05351142 0.43947142 0.31096524 0.46826146 0.37376331 0.40333531  0.449023   0.50224764 0.41356088 0.37686256 0.34766111 0.45195559  0.59560889 0.36517078 0.34313004 0.48165838
0.01779563 0.38669558 0.33863985 0.42004769 0.35385851 0.46460162  0.48109267 0.47190843 0.43452283 0.38595027 0.3992976  0.44733029  0.52908455 0.38078184 0.39373238 0.44873962
0.01779563 0.38669558 0.33863985 0.42004769 0.35385851 0.46460162  0.48109267 0.47190843 0.43452283 0.38595027 0.3992976  0.44733029  0.52908455 0.38078184 0.39373238 0.44873962
0.01779563 0.38669558 0.33863985 0.42004769 0.35385851 0.46460162  0.48109267 0.47190843 0.43452283 0.38595027 0.3992976  0.44733029  0.52908455 0.38078184 0.39373238 0.44873962
0.00039479 0.36283831 0.35232302 0.39930133 0.34523319 0.50234819  0.48417291 0.45702496 0.47508945 0.39693445 0.45000532 0.44589633  0.47476172 0.42761975 0.50206904 0.41641874
0.00039479 0.36283831 0.35232302 0.39930133 0.34523319 0.50234819  0.48417291 0.45702496 0.47508945 0.39693445 0.45000532 0.44589633  0.47476172 0.42761975 0.50206904 0.41641874
0.00039479 0.36283831 0.35232302 0.39930133 0.34523319 0.50234819  0.48417291 0.45702496 0.47508945 0.39693445 0.45000532 0.44589633  0.47476172 0.42761975 0.50206904 0.41641874
0.00039479 0.36283831 0.35232302 0.39930133 0.34523319 0.50234819  0.48417291 0.45702496 0.47508945 0.39693445 0.45000532 0.44589633  0.47476172 0.42761975 0.50206904 0.41641874
0.00039479 0.36283831 0.35232302 0.39930133 0.34523319 0.50234819  0.48417291 0.45702496 0.47508945 0.39693445 0.45000532 0.44589633  0.47476172 0.42761975 0.50206904 0.41641874
0.00039479 0.36283831 0.35232302 0.39930133 0.34523319 0.50234819  0.48417291 0.45702496 0.47508945 0.39693445 0.45000532 0.44589633  0.47476172 0.42761975 0.50206904 0.41641874
0.00039479 0.36283831 0.35232302 0.39930133 0.34523319 0.50234819  0.48417291 0.45702496 0.47508945 0.39693445 0.45000532 0.44589633  0.47476172 0.42761975 0.50206904 0.41641874
0.00039479 0.36283831 0.35232302 0.39930133 0.34523319 0.50234819  0.48417291 0.45702496 0.47508945 0.39693445 0.45000532 0.44589633  0.47476172 0.42761975 0.50206904 0.41641874
0.00039479 0.36283831 0.35232302 0.39930133 0.34523319 0.50234819  0.48417291 0.45702496 0.47508945 0.39693445 0.45000532 0.44589633  0.47476172 0.42761975 0.50206904 0.41641874
0.00039479 0.36283831 0.35232302 0.39930133 0.34523319 0.50234819  0.48417291 0.45702496 0.47508945 0.39693445 0.45000532 0.44589633  0.47476172 0.42761975 0.50206904 0.41641874
0.00039479 0.36283831 0.35232302 0.39930133 0.34523319 0.50234819  0.48417291 0.45702496 0.47508945 0.39693445 0.45000532 0.44589633  0.47476172 0.42761975 0.50206904 0.41641874
0.00039479 0.36283831 0.35232302 0.39930133 0.34523319 0.50234819  0.48417291 0.45702496 0.47508945 0.39693445 0.45000532 0.44589633  0.47476172 0.42761975 0.50206904 0.41641874
0.00039479 0.36283831 0.35232302 0.39930133 0.34523319 0.50234819  0.48417291 0.45702496 0.47508945 0.39693445 0.45000532 0.44589633  0.47476172 0.42761975 0.50206904 0.41641874
0.00039479 0.36283831 0.35232302 0.39930133 0.34523319 0.50234819  0.48417291 0.45702496 0.47508945 0.39693445 0.45000532 0.44589633  0.47476172 0.42761975 0.50206904 0.41641874
0.00039479 0.36283831 0.35232302 0.39930133 0.34523319 0.50234819  0.48417291 0.45702496 0.47508945 0.39693445 0.45000532 0.44589633  0.47476172 0.42761975 0.50206904 0.41641874
0.00039479 0.36283831 0.35232302 0.39930133 0.34523319 0.50234819  0.48417291 0.45702496 0.47508945 0.39693445 0.45000532 0.44589633  0.47476172 0.42761975 0.50206904 0.41641874
0.00039479 0.36283831 0.35232302 0.39930133 0.34523319 0.50234819  0.48417291 0.45702496 0.47508945 0.39693445 0.45000532 0.44589633  0.47476172 0.42761975 0.50206904 0.41641874
0.00039479 0.36283831 0.35232302 0.39930133 0.34523319 0.50234819  0.48417291 0.45702496 0.47508945 0.39693445 0.45000532 0.44589633  0.47476172 0.42761975 0.50206904 0.41641874
0.00039479 0.36283831 0.35232302 0.39930133 0.34523319 0.50234819  0.48417291 0.45702496 0.47508945 0.39693445 0.45000532 0.44589633  0.47476172 0.42761975 0.50206904 0.41641874
0.00039479 0.36283831 0.35232302 0.39930133 0.34523319 0.50234819  0.48417291 0.45702496 0.47508945 0.39693445 0.45000532 0.44589633  0.47476172 0.42761975 0.50206904 0.41641874
