0.00039479 0.36283831 0.35232302 0.39930133 0.34523319 0.50234819  0.48417291 0.45702496 0.47508945 0.39693445 0.45000532 0.44589633  0.47476172 0.42761975 0.50206904 0.41641874
0.00039479 0.36283831 0.35232302 0.39930133 0.34523319 0.50234819  0.48417291 0.45702496 0.47508945 0.39693445 0.45000532 0.44589633  0.47476172 0.42761975 0.50206904 0.41641874
0.00039479 0.36283831 0.35232302 0.39930133 0.34523319 0.50234819  0.48417291 0.45702496 0.47508945 0.39693445 0.45000532 0.44589633  0.47476172 0.42761975 0.50206904 0.41641874
0.00039479 0.36283831 0.35232302 0.39930133 0.34523319 0.50234819  0.48417291 0.45702496 0.47508945 0.39693445 0.45000532 0.44589633  0.47476172 0.42761975 0.50206904 0.41641874
0.00039479 0.36283831 0.35232302 0.39930133 0.34523319 0.50234819  0.48417291 0.45702496 0.47508945 0.39693445 0.45000532 0.44589633  0.47476172 0.42761975 0.50206904 0.41641874
0.00039479 0.36283831 0.35232302 0.39930133 0.34523319 0.50234819  0.48417291 0.45702496 0.47508945 0.39693445 0.45000532 0.44589633  0.47476172 0.42761975 0.50206904 0.41641874
0.00039479 0.36283831 0.35232302 0.39930133 0.34523319 0.50234819  0.48417291 0.45702496 0.47508945 0.39693445 0.45000532 0.44589633  0.47476172 0.42761975 0.50206904 0.41641874
0.00039479 0.36283831 0.35232302 0.39930133 0.34523319 0.50234819  0.48417291 0.45702496 0.47508945 0.39693445 0.45000532 0.44589633  0.47476172 0.42761975 0.50206904 0.41641874
0.00039479 0.36283831 0.35232302 0.39930133 0.34523319 0.50234819  0.48417291 0.45702496 0.47508945 0.39693445 0.45000532 0.44589633  0.47476172 0.42761975 0.50206904 0.41641874
0.00039479 0.36283831 0.35232302 0.39930133 0.34523319 0.50234819  0.48417291 0.45702496 0.47508945 0.39693445 0.45000532 0.44589633  0.47476172 0.42761975 0.50206904 0.41641874
0.00039479 0.36283831 0.35232302 0.39930133 0.34523319 0.50234819  0.48417291 0.45702496 0.47508945 0.39693445 0.45000532 0.44589633  0.47476172 0.42761975 0.50206904 0.41641874
0.00039479 0.36283831 0.35232302 0.39930133 0.34523319 0.50234819  0.48417291 0.45702496 0.47508945 0.39693445 0.45000532 0.44589633  0.47476172 0.42761975 0.50206904 0.41641874
0.00039479 0.36283831 0.35232302 0.39930133 0.34523319 0.50234819  0.48417291 0.45702496 0.47508945 0.39693445 0.45000532 0.44589633  0.47476172 0.42761975 0.50206904 0.41641874
0.00039479 0.36283831 0.35232302 0.39930133 0.34523319 0.50234819  0.48417291 0.45702496 0.47508945 0.39693445 0.45000532 0.44589633  0.47476172 0.42761975 0.50206904 0.41641874
0.00039479 0.36283831 0.35232302 0.39930133 0.34523319 0.50234819  0.48417291 0.45702496 0.47508945 0.39693445 0.45000532 0.44589633  0.47476172 0.42761975 0.50206904 0.41641874
0.00039479 0.36283831 0.35232302 0.39930133 0.34523319 0.50234819  0.48417291 0.45702496 0.47508945 0.39693445 0.45000532 0.44589633  0.47476172 0.42761975 0.50206904 0.41641874
0.00039479 0.36283831 0.35232302 0.39930133 0.34523319 0.50234819  0.48417291 0.45702496 0.47508945 0.39693445 0.45000532 0.44589633  0.47476172 0.42761975 0.50206904 0.41641874
0.00039479 0.36283831 0.35232302 0.39930133 0.34523319 0.50234819  0.48417291 0.45702496 0.47508945 0.39693445 0.45000532 0.44589633  0.47476172 0.42761975 0.50206904 0.41641874
0.00039479 0.36283831 0.35232302 0.39930133 0.34523319 0.50234819  0.48417291 0.45702496 0.47508945 0.39693445 0.45000532 0.44589633  0.47476172 0.42761975 0.50206904 0.41641874
0.00039479 0.36283831 0.35232302 0.39930133 0.34523319 0.50234819  0.48417291 0.45702496 0.47508945 0.39693445 0.45000532 0.44589633  0.47476172 0.42761975 0.50206904 0.41641874
0.00039479 0.36283831 0.35232302 0.39930133 0.34523319 0.50234819  0.48417291 0.45702496 0.47508945 0.39693445 0.45000532 0.44589633  0.47476172 0.42761975 0.50206904 0.41641874
0.00039479 0.36283831 0.35232302 0.39930133 0.34523319 0.50234819  0.48417291 0.45702496 0.47508945 0.39693445 0.45000532 0.44589633  0.47476172 0.42761975 0.50206904 0.41641874
0.00039479 0.36283831 0.35232302 0.39930133 0.34523319 0.50234819  0.48417291 0.45702496 0.47508945 0.39693445 0.45000532 0.44589633  0.47476172 0.42761975 0.50206904 0.41641874
0.00039479 0.36283831 0.35232302 0.39930133 0.34523319 0.50234819  0.48417291 0.45702496 0.47508945 0.39693445 0.45000532 0.44589633  0.47476172 0.42761975 0.50206904 0.41641874
0.00039479 0.36283831 0.35232302 0.39930133 0.34523319 0.50234819  0.48417291 0.45702496 0.47508945 0.39693445 0.45000532 0.44589633  0.47476172 0.42761975 0.50206904 0.41641874
0.00039479 0.36283831 0.35232302 0.39930133 0.34523319 0.50234819  0.48417291 0.45702496 0.47508945 0.39693445 0.45000532 0.44589633  0.47476172 0.42761975 0.50206904 0.41641874
0.00039479 0.36283831 0.35232302 0.39930133 0.34523319 0.50234819  0.48417291 0.45702496 0.47508945 0.39693445 0.45000532 0.44589633  0.47476172 0.42761975 0.50206904 0.41641874
0.00039479 0.36283831 0.35232302 0.39930133 0.34523319 0.50234819  0.48417291 0.45702496 0.47508945 0.39693445 0.45000532 0.44589633  0.47476172 0.42761975 0.50206904 0.41641874
0.00039479 0.36283831 0.35232302 0.39930133 0.34523319 0.50234819  0.48417291 0.45702496 0.47508945 0.39693445 0.45000532 0.44589633  0.47476172 0.42761975 0.50206904 0.41641874
0.00039479 0.36283831 0.35232302 0.39930133 0.34523319 0.50234819  0.48417291 0.45702496 0.47508945 0.39693445 0.45000532 0.44589633  0.47476172 0.42761975 0.50206904 0.41641874
0.00039479 0.36283831 0.35232302 0.39930133 0.34523319 0.50234819  0.48417291 0.45702496 0.47508945 0.39693445 0.45000532 0.44589633  0.47476172 0.42761975 0.50206904 0.41641874
0.00039479 0.36283831 0.35232302 0.39930133 0.34523319 0.50234819  0.48417291 0.45702496 0.47508945 0.39693445 0.45000532 0.44589633  0.47476172 0.42761975 0.50206904 0.41641874
0.00039479 0.36283831 0.35232302 0.39930133 0.34523319 0.50234819  0.48417291 0.45702496 0.47508945 0.39693445 0.45000532 0.44589633  0.47476172 0.42761975 0.50206904 0.41641874
0.00039479 0.36283831 0.35232302 0.39930133 0.34523319 0.50234819  0.48417291 0.45702496 0.47508945 0.39693445 0.45000532 0.44589633  0.47476172 0.42761975 0.50206904 0.41641874
0.00039479 0.36283831 0.35232302 0.39930133 0.34523319 0.50234819  0.48417291 0.45702496 0.47508945 0.39693445 0.45000532 0.44589633  0.47476172 0.42761975 0.50206904 0.41641874
0.00039479 0.36283831 0.35232302 0.39930133 0.34523319 0.50234819  0.48417291 0.45702496 0.47508945 0.39693445 0.45000532 0.44589633  0.47476172 0.42761975 0.50206904 0.41641874
0.03718503 0.40822758 0.33291252 0.42837829 0.3401551  0.53140737  0.44132658 0.44831201 0.54363927 0.43700439 0.47510292 0.46421281  0.38506329 0.45875291 0.66318088 0.42402888
0.09166525 0.45922182 0.31733433 0.45050259 0.3121334  0.63033645  0.38484676 0.38911385 0.60332556 0.52102573 0.3954516  0.51431037  0.37587646 0.46302131 0.75826059 0.52971036
0.21865082 0.63515526 0.22881834 0.58763127 0.35659376 0.52852882  0.26786739 0.45508746 0.70113604 0.50488415 0.46254849 0.49835703  0.37736738 0.57604075 0.93113568 0.46406585
0.45144916 0.88668409 0.40603947 0.47952359 0.70078531 0.81426317  0.10266667 0.44000654 0.54065461 0.33377654 0.68712109 0.78360213  0.58834258 0.32571148 0.46155427 0.68036075
0.47455512 0.8956774  0.48404596 0.46137592 0.74918443 0.83265802  0.05747961 0.44492394 0.49159074 0.35690678 0.64693782 0.79750038  0.56194145 0.32459493 0.3869668  0.64706948
0.61290521 0.92009654 0.67688781 0.41220919 0.68199946 0.83496401  0.22701384 0.3992449  0.27478192 0.17837926 0.62266194 0.73358166  0.56142228 0.2654088  0.34359137 0.52241703
0.74923502 0.79563011 0.67022611 0.12937247 0.75189723 0.70425361  0.43259232 0.62560599 0.18658573 0.21848245 0.55804003 0.72951897  0.56815706 0.26383427 0.63229654 0.58974727
0.77057928 0.78129739 0.73359424 0.18026166 0.70267228 0.66227561  0.45342256 0.61525211 0.14977529 0.2598255  0.61351987 0.76831338  0.59840841 0.27222488 0.68341068 0.53822542
0.78528198 0.75491116 0.74603171 0.17745941 0.68602034 0.64769136  0.41792184 0.65671564 0.12297577 0.28306258 0.59202379 0.77538192  0.48020927 0.20906598 0.72050551 0.51736438
0.80310927 0.74429847 0.80527256 0.21593083 0.66632818 0.59615932  0.47258854 0.66473989 0.1529254  0.36572807 0.60663303 0.77331525  0.48806351 0.16134605 0.80780637 0.47038759
0.8476923  0.65216672 0.78680984 0.15284654 0.68218052 0.51943038  0.43763042 0.531325   0.27419801 0.34639031 0.48709055 0.81014103  0.52515904 0.37192467 0.88495394 0.47360061
0.87329953 0.58073136 0.77116594 0.15742677 0.70264976 0.46470524  0.3710196  0.46919253 0.34481457 0.29714789 0.55541156 0.7446698  0.50036039 0.28386726 0.71363174 0.39299603
0.8839699  0.53641137 0.74182784 0.17523973 0.6648313  0.44599698  0.34005143 0.38395641 0.36369066 0.24160683 0.52917095 0.74270227  0.4960598  0.25554417 0.70360764 0.35518907
0.89228516 0.48766371 0.69935004 0.18840228 0.66859503 0.44104409  0.31629607 0.30069865 0.36829043 0.2366983  0.51942722 0.80676398  0.54490428 0.19732312 0.72889744 0.35455825
0.89002306 0.47146836 0.66368255 0.22648712 0.51944402 0.40128225  0.35786569 0.292723   0.40175006 0.19745621 0.43654211 0.68976781  0.50092785 0.22820542 0.73238166 0.33629805
0.87706385 0.43945805 0.5757975  0.25470273 0.39603466 0.3998345  0.34994767 0.28570359 0.36327681 0.16949976 0.43930379 0.66591565  0.54028009 0.3051957  0.70056745 0.2946512 
0.86343005 0.39625721 0.47126126 0.30055124 0.24004784 0.38121889  0.36664266 0.28799528 0.3767106  0.20002267 0.41025774 0.61614456  0.58891445 0.3518537  0.67648189 0.23194367
0.86047953 0.38372178 0.44541727 0.3162463  0.19304915 0.37229427  0.37756061 0.28953884 0.38514801 0.20494658 0.41504102 0.62160853  0.60173832 0.35242321 0.67045284 0.25235785
0.83412028 0.38444926 0.34671285 0.26121261 0.23078937 0.41751665  0.34886386 0.32497567 0.41651722 0.22807119 0.36731606 0.59086204  0.56658341 0.35997975 0.56958952 0.2788848 
0.78254884 0.3746008  0.1504548  0.16500338 0.31543311 0.4848734  0.33907615 0.42445262 0.51639189 0.38347495 0.27774416 0.5197347  0.51870536 0.30688673 0.48119685 0.25730451
0.74334434 0.44437054 0.11217939 0.13339684 0.33948767 0.52762092  0.41851176 0.41262444 0.56818756 0.38281012 0.21234017 0.5198872  0.59363963 0.41074267 0.53408681 0.38414032
0.71245785 0.48501546 0.0823423  0.14589847 0.37264681 0.52777345  0.49217761 0.34157134 0.62179105 0.35662963 0.27177815 0.50742406  0.6917453  0.48026016 0.53764033 0.45039154
0.71245785 0.48501546 0.0823423  0.14589847 0.37264681 0.52777345  0.49217761 0.34157134 0.62179105 0.35662963 0.27177815 0.50742406  0.6917453  0.48026016 0.53764033 0.45039154
0.67079203 0.580378   0.09245495 0.17574588 0.34168368 0.58099948  0.58245506 0.39235759 0.55537948 0.3670008  0.28462831 0.50965982  0.73805772 0.5694311  0.62052914 0.50493899
0.59296473 0.69138144 0.07971514 0.26112765 0.3643441  0.55649327  0.71347382 0.38113214 0.51043254 0.39851518 0.47596577 0.4790392  0.64517503 0.60598385 0.66570318 0.51718986
0.59296473 0.69138144 0.07971514 0.26112765 0.3643441  0.55649327  0.71347382 0.38113214 0.51043254 0.39851518 0.47596577 0.4790392  0.64517503 0.60598385 0.66570318 0.51718986
0.59296473 0.69138144 0.07971514 0.26112765 0.3643441  0.55649327  0.71347382 0.38113214 0.51043254 0.39851518 0.47596577 0.4790392  0.64517503 0.60598385 0.66570318 0.51718986
0.61025297 0.68195596 0.09402809 0.24465134 0.33797643 0.59825391  0.6770527  0.41042673 0.48998134 0.40491751 0.39775817 0.48837005  0.68721666 0.59267758 0.61157765 0.52259923
0.69958679 0.51971594 0.0920267  0.1467271  0.35431002 0.54148062  0.52486561 0.41832515 0.59052091 0.36192857 0.29382223 0.50544842  0.67759794 0.5101289  0.5671372  0.48174349
0.71245785 0.48501546 0.0823423  0.14589847 0.37264681 0.52777345  0.49217761 0.34157134 0.62179105 0.35662963 0.27177815 0.50742406  0.6917453  0.48026016 0.53764033 0.45039154
0.74029831 0.42236503 0.08253112 0.13001876 0.3795643  0.48711557  0.42582677 0.38781866 0.64367133 0.33700756 0.31734034 0.49028625  0.57951604 0.35658439 0.49608563 0.425364  
0.76807497 0.39435412 0.13332476 0.16394406 0.32565438 0.48324522  0.37523863 0.40389572 0.54579057 0.40541239 0.32023928 0.52437322  0.55739078 0.38857314 0.44568778 0.32072491
0.80330553 0.36846883 0.21752673 0.20568168 0.25529689 0.44248666  0.3399415  0.40315336 0.47413487 0.4211431  0.35636321 0.58005443  0.52196325 0.42479763 0.4273152  0.28218488
0.87050107 0.2657621  0.35366691 0.41629511 0.29174882 0.42942133  0.38497319 0.38543456 0.34488479 0.59979187 0.49026374 0.3510565  0.54528483 0.56344737 0.42767023 0.40016249
0.93071728 0.29615658 0.62422061 0.5125467  0.40978871 0.35836975  0.52734644 0.31008519 0.53827465 0.57214554 0.41694005 0.14815839  0.59581223 0.34128446 0.53795973 0.55462207
0.93296848 0.30430093 0.64187499 0.49768069 0.449375   0.3562257  0.53399264 0.31547919 0.56047256 0.62316739 0.39901639 0.11047883  0.62268284 0.35738316 0.51041811 0.5212251 
0.94012201 0.27523765 0.64322345 0.57083957 0.4754102  0.38536249  0.59870117 0.34562884 0.61690427 0.62429015 0.38376947 0.13900357  0.63145936 0.34459603 0.48878205 0.5551063 
0.94012201 0.27523765 0.64322345 0.57083957 0.4754102  0.38536249  0.59870117 0.34562884 0.61690427 0.62429015 0.38376947 0.13900357  0.63145936 0.34459603 0.48878205 0.5551063 
0.94012201 0.27523765 0.64322345 0.57083957 0.4754102  0.38536249  0.59870117 0.34562884 0.61690427 0.62429015 0.38376947 0.13900357  0.63145936 0.34459603 0.48878205 0.5551063 
0.92052872 0.22661829 0.51424702 0.60151954 0.34746432 0.39123432  0.58570494 0.37237615 0.57251148 0.63064234 0.45317025 0.26332956  0.62778807 0.3522634  0.47178863 0.60924137
0.8989223  0.23367599 0.44356196 0.54464264 0.31798432 0.37836466  0.58175265 0.41619832 0.59862498 0.72703765 0.45649557 0.34786772  0.6245757  0.39090125 0.41540022 0.50810169
0.8948085  0.21789415 0.41271063 0.55446461 0.30225679 0.37870287  0.58338203 0.41731186 0.58728353 0.71977577 0.48969057 0.40480426  0.65018347 0.36650193 0.42972454 0.53588183
0.88653846 0.20116675 0.36372382 0.56626871 0.2971609  0.41263215  0.54971785 0.41702095 0.53142224 0.68588736 0.5344781  0.49003744  0.70354069 0.32854429 0.46993579 0.49475518
0.88141611 0.20978299 0.34783115 0.53786131 0.27664623 0.42470509  0.49221751 0.39814726 0.44214143 0.61014504 0.53913997 0.49311439  0.66413146 0.37801063 0.52243623 0.45343679
0.87226843 0.20429041 0.31055686 0.52009557 0.29999981 0.43542904  0.49217215 0.42592231 0.45180498 0.63801899 0.52258819 0.47876649  0.62768221 0.33335425 0.5529217  0.43586721
0.84079559 0.21907592 0.20171104 0.42782161 0.33910094 0.50741429  0.38428494 0.45022621 0.34537971 0.5719987  0.50042869 0.4556432  0.50729801 0.47400445 0.50493283 0.43716693
0.84079559 0.21907592 0.20171104 0.42782161 0.33910094 0.50741429  0.38428494 0.45022621 0.34537971 0.5719987  0.50042869 0.4556432  0.50729801 0.47400445 0.50493283 0.43716693
0.85410093 0.1657409  0.18936274 0.51740719 0.39400671 0.57676094  0.39477941 0.4617965  0.27970172 0.55082115 0.48571538 0.36631048  0.52680843 0.4565308  0.60886141 0.44896593
0.85410093 0.1657409  0.18936274 0.51740719 0.39400671 0.57676094  0.39477941 0.4617965  0.27970172 0.55082115 0.48571538 0.36631048  0.52680843 0.4565308  0.60886141 0.44896593
0.85410093 0.1657409  0.18936274 0.51740719 0.39400671 0.57676094  0.39477941 0.4617965  0.27970172 0.55082115 0.48571538 0.36631048  0.52680843 0.4565308  0.60886141 0.44896593
0.84272075 0.17073254 0.15487253 0.49063307 0.42435869 0.59221129  0.3946212  0.47622733 0.31489435 0.53045356 0.44464715 0.33204571  0.48048607 0.40180378 0.63384336 0.4842145 
0.84272075 0.17073254 0.15487253 0.49063307 0.42435869 0.59221129  0.3946212  0.47622733 0.31489435 0.53045356 0.44464715 0.33204571  0.48048607 0.40180378 0.63384336 0.4842145 
0.84272075 0.17073254 0.15487253 0.49063307 0.42435869 0.59221129  0.3946212  0.47622733 0.31489435 0.53045356 0.44464715 0.33204571  0.48048607 0.40180378 0.63384336 0.4842145 
0.84762212 0.14938258 0.1509395  0.53734556 0.4489807  0.62894312  0.41676858 0.49872891 0.3004196  0.51707868 0.42507608 0.31546663  0.48243719 0.41388851 0.67534679 0.46828729
0.84762212 0.14938258 0.1509395  0.53734556 0.4489807  0.62894312  0.41676858 0.49872891 0.3004196  0.51707868 0.42507608 0.31546663  0.48243719 0.41388851 0.67534679 0.46828729
0.84762212 0.14938258 0.1509395  0.53734556 0.4489807  0.62894312  0.41676858 0.49872891 0.3004196  0.51707868 0.42507608 0.31546663  0.48243719 0.41388851 0.67534679 0.46828729
0.84762212 0.14938258 0.1509395  0.53734556 0.4489807  0.62894312  0.41676858 0.49872891 0.3004196  0.51707868 0.42507608 0.31546663  0.48243719 0.41388851 0.67534679 0.46828729
0.85016673 0.13778282 0.1488617  0.56960083 0.46786221 0.65501256  0.44927167 0.52504626 0.32632382 0.49465782 0.38491132 0.34013168  0.45816843 0.44316581 0.66093356 0.41485238
0.85016673 0.13778282 0.1488617  0.56960083 0.46786221 0.65501256  0.44927167 0.52504626 0.32632382 0.49465782 0.38491132 0.34013168  0.45816843 0.44316581 0.66093356 0.41485238
0.85016673 0.13778282 0.1488617  0.56960083 0.46786221 0.65501256  0.44927167 0.52504626 0.32632382 0.49465782 0.38491132 0.34013168  0.45816843 0.44316581 0.66093356 0.41485238
0.85016673 0.13778282 0.1488617  0.56960083 0.46786221 0.65501256  0.44927167 0.52504626 0.32632382 0.49465782 0.38491132 0.34013168  0.45816843 0.44316581 0.66093356 0.41485238
0.83862064 0.15183565 0.12029929 0.54133612 0.48828729 0.67978916  0.43606941 0.52081584 0.36122336 0.44104299 0.34656994 0.31942849  0.4381924  0.43426392 0.60095392 0.48338003
0.8262959  0.16648155 0.09264572 0.51523187 0.51812371 0.70058564  0.44188813 0.51502723 0.40854547 0.3913785  0.30136807 0.29039164  0.45439417 0.39451386 0.59532838 0.51973986
0.8262959  0.16648155 0.09264572 0.51523187 0.51812371 0.70058564  0.44188813 0.51502723 0.40854547 0.3913785  0.30136807 0.29039164  0.45439417 0.39451386 0.59532838 0.51973986
0.8024689  0.20520608 0.06240434 0.47026271 0.55342578 0.70834289  0.47314104 0.50080158 0.45388958 0.31822459 0.24520803 0.2539498  0.44756472 0.38565794 0.69014112 0.5057549 
0.8024689  0.20520608 0.06240434 0.47026271 0.55342578 0.70834289  0.47314104 0.50080158 0.45388958 0.31822459 0.24520803 0.2539498  0.44756472 0.38565794 0.69014112 0.5057549 
0.8024689  0.20520608 0.06240434 0.47026271 0.55342578 0.70834289  0.47314104 0.50080158 0.45388958 0.31822459 0.24520803 0.2539498  0.44756472 0.38565794 0.69014112 0.5057549 
0.79464263 0.23472791 0.06400266 0.42395352 0.53313523 0.69279396  0.47575619 0.50700616 0.49338272 0.30237128 0.20839415 0.30286082  0.45253888 0.36056949 0.71299793 0.42368899
0.73954505 0.32858912 0.03717607 0.41959255 0.55991308 0.65487149  0.58187823 0.37854048 0.59250306 0.27533184 0.31496943 0.33513535  0.60411032 0.52381874 0.62827013 0.41572233
0.67947903 0.45981688 0.03131257 0.33189198 0.50903139 0.56227521  0.62123655 0.24030732 0.61354785 0.29986024 0.38969267 0.38407947  0.66525349 0.55304394 0.7320224  0.42694614
0.58814349 0.61543781 0.04464017 0.37179566 0.46276419 0.51009868  0.66799971 0.16045568 0.52972979 0.39669212 0.40216466 0.46210003  0.55829883 0.54708444 0.74188507 0.38566494
0.48315468 0.70394626 0.08098825 0.42925684 0.42198479 0.44600008  0.67423844 0.21884213 0.39472412 0.43692229 0.45016222 0.48019354  0.39381744 0.40352922 0.51409883 0.37996602
0.44573851 0.68293087 0.08443178 0.45001094 0.45913623 0.33089645  0.67567002 0.26782927 0.34945111 0.39649591 0.44650584 0.46318271  0.40084151 0.42609565 0.50489004 0.32675249
0.43330944 0.71589669 0.09605825 0.44667036 0.43964497 0.33618756  0.70105476 0.35220058 0.33350989 0.39414255 0.48944457 0.45605753  0.37760481 0.45991738 0.49392457 0.35516345
0.28945118 0.66452164 0.1552938  0.52477098 0.44941452 0.25911957  0.6116396  0.43513101 0.25707562 0.40656494 0.38705408 0.46639902  0.34180516 0.35258158 0.40421991 0.39495638
0.23508911 0.63011074 0.188622   0.5443025  0.43426677 0.27916063  0.53679052 0.45511701 0.2958866  0.40634114 0.3588276  0.46892257  0.336497   0.35941982 0.44229673 0.39686965
0.14217894 0.52729067 0.24430848 0.51042169 0.4233654  0.27616187  0.51229138 0.47778751 0.26551632 0.41186272 0.20094421 0.497372  0.54247623 0.33955996 0.36618799 0.53667105
0.12497483 0.53011189 0.25826014 0.53398192 0.40928794 0.30646206  0.43880966 0.51801185 0.35021162 0.37946695 0.27474137 0.46578683  0.57502087 0.36277988 0.35479109 0.49387625
0.07127295 0.46684841 0.29736752 0.49448115 0.38410337 0.38126649  0.41925925 0.51794275 0.44163554 0.37939393 0.35260255 0.45323564  0.5961793  0.41158636 0.43105536 0.4790075 
0.03530472 0.41371177 0.32449245 0.44717499 0.36543573 0.42942868  0.4584486  0.49182641 0.42935187 0.38251683 0.3665383  0.45119726  0.57400726 0.38653202 0.39012683 0.47468522
0.01790387 0.3898545  0.33817562 0.42642862 0.35681041 0.46717525  0.46152885 0.47694295 0.46991849 0.39350101 0.41724602 0.4497633  0.51968443 0.43336993 0.49846349 0.44236435
0.01790387 0.3898545  0.33817562 0.42642862 0.35681041 0.46717525  0.46152885 0.47694295 0.46991849 0.39350101 0.41724602 0.4497633  0.51968443 0.43336993 0.49846349 0.44236435
0.01790387 0.3898545  0.33817562 0.42642862 0.35681041 0.46717525  0.46152885 0.47694295 0.46991849 0.39350101 0.41724602 0.4497633  0.51968443 0.43336993 0.49846349 0.44236435
0.00039479 0.36283831 0.35232302 0.39930133 0.34523319 0.50234819  0.48417291 0.45702496 0.47508945 0.39693445 0.45000532 0.44589633  0.47476172 0.42761975 0.50206904 0.41641874
0.00039479 0.36283831 0.35232302 0.39930133 0.34523319 0.50234819  0.48417291 0.45702496 0.47508945 0.39693445 0.45000532 0.44589633  0.47476172 0.42761975 0.50206904 0.41641874
0.00039479 0.36283831 0.35232302 0.39930133 0.34523319 0.50234819  0.48417291 0.45702496 0.47508945 0.39693445 0.45000532 0.44589633  0.47476172 0.42761975 0.50206904 0.41641874
0.00039479 0.36283831 0.35232302 0.39930133 0.34523319 0.50234819  0.48417291 0.45702496 0.47508945 0.39693445 0.45000532 0.44589633  0.47476172 0.42761975 0.50206904 0.41641874
0.00039479 0.36283831 0.35232302 0.39930133 0.34523319 0.50234819  0.48417291 0.45702496 0.47508945 0.39693445 0.45000532 0.44589633  0.47476172 0.42761975 0.50206904 0.41641874
0.00039479 0.36283831 0.35232302 0.39930133 0.34523319 0.50234819  0.48417291 0.45702496 0.47508945 0.39693445 0.45000532 0.44589633  0.47476172 0.42761975 0.50206904 0.41641874
0.00039479 0.36283831 0.35232302 0.39930133 0.34523319 0.50234819  0.48417291 0.45702496 0.47508945 0.39693445 0.45000532 0.44589633  0.47476172 0.42761975 0.50206904 0.41641874
0.00039479 0.36283831 0.35232302 0.39930133 0.34523319 0.50234819  0.48417291 0.45702496 0.47508945 0.39693445 0.45000532 0.44589633  0.47476172 0.42761975 0.50206904 0.41641874
0.00039479 0.36283831 0.35232302 0.39930133 0.34523319 0.50234819  0.48417291 0.45702496 0.47508945 0.39693445 0.45000532 0.44589633  0.47476172 0.42761975 0.50206904 0.41641874
0.00039479 0.36283831 0.35232302 0.39930133 0.34523319 0.50234819  0.48417291 0.45702496 0.47508945 0.39693445 0.45000532 0.44589633  0.47476172 0.42761975 0.50206904 0.41641874
0.00039479 0.36283831 0.35232302 0.39930133 0.34523319 0.50234819  0.48417291 0.45702496 0.47508945 0.39693445 0.45000532 0.44589633  0.47476172 0.42761975 0.50206904 0.41641874
0.00039479 0.36283831 0.35232302 0.39930133 0.34523319 0.50234819  0.48417291 0.45702496 0.47508945 0.39693445 0.45000532 0.44589633  0.47476172 0.42761975 0.50206904 0.41641874
