0.00039479 0.36283831 0.35232302 0.39930133 0.34523319 0.50234819  0.48417291 0.45702496 0.47508945 0.39693445 0.45000532 0.44589633  0.47476172 0.42761975 0.50206904 0.41641874
0.00039479 0.36283831 0.35232302 0.39930133 0.34523319 0.50234819  0.48417291 0.45702496 0.47508945 0.39693445 0.45000532 0.44589633  0.47476172 0.42761975 0.50206904 0.41641874
0.00039479 0.36283831 0.35232302 0.39930133 0.34523319 0.50234819  0.48417291 0.45702496 0.47508945 0.39693445 0.45000532 0.44589633  0.47476172 0.42761975 0.50206904 0.41641874
0.00039479 0.36283831 0.35232302 0.39930133 0.34523319 0.50234819  0.48417291 0.45702496 0.47508945 0.39693445 0.45000532 0.44589633  0.47476172 0.42761975 0.50206904 0.41641874
0.00039479 0.36283831 0.35232302 0.39930133 0.34523319 0.50234819  0.48417291 0.45702496 0.47508945 0.39693445 0.45000532 0.44589633  0.47476172 0.42761975 0.50206904 0.41641874
0.00039479 0.36283831 0.35232302 0.39930133 0.34523319 0.50234819  0.48417291 0.45702496 0.47508945 0.39693445 0.45000532 0.44589633  0.47476172 0.42761975 0.50206904 0.41641874
0.00039479 0.36283831 0.35232302 0.39930133 0.34523319 0.50234819  0.48417291 0.45702496 0.47508945 0.39693445 0.45000532 0.44589633  0.47476172 0.42761975 0.50206904 0.41641874
0.00039479 0.36283831 0.35232302 0.39930133 0.34523319 0.50234819  0.48417291 0.45702496 0.47508945 0.39693445 0.45000532 0.44589633  0.47476172 0.42761975 0.50206904 0.41641874
0.00039479 0.36283831 0.35232302 0.39930133 0.34523319 0.50234819  0.48417291 0.45702496 0.47508945 0.39693445 0.45000532 0.44589633  0.47476172 0.42761975 0.50206904 0.41641874
0.00039479 0.36283831 0.35232302 0.39930133 0.34523319 0.50234819  0.48417291 0.45702496 0.47508945 0.39693445 0.45000532 0.44589633  0.47476172 0.42761975 0.50206904 0.41641874
0.00039479 0.36283831 0.35232302 0.39930133 0.34523319 0.50234819  0.48417291 0.45702496 0.47508945 0.39693445 0.45000532 0.44589633  0.47476172 0.42761975 0.50206904 0.41641874
0.00039479 0.36283831 0.35232302 0.39930133 0.34523319 0.50234819  0.48417291 0.45702496 0.47508945 0.39693445 0.45000532 0.44589633  0.47476172 0.42761975 0.50206904 0.41641874
0.00039479 0.36283831 0.35232302 0.39930133 0.34523319 0.50234819  0.48417291 0.45702496 0.47508945 0.39693445 0.45000532 0.44589633  0.47476172 0.42761975 0.50206904 0.41641874
0.00039479 0.36283831 0.35232302 0.39930133 0.34523319 0.50234819  0.48417291 0.45702496 0.47508945 0.39693445 0.45000532 0.44589633  0.47476172 0.42761975 0.50206904 0.41641874
0.00039479 0.36283831 0.35232302 0.39930133 0.34523319 0.50234819  0.48417291 0.45702496 0.47508945 0.39693445 0.45000532 0.44589633  0.47476172 0.42761975 0.50206904 0.41641874
0.00039479 0.36283831 0.35232302 0.39930133 0.34523319 0.50234819  0.48417291 0.45702496 0.47508945 0.39693445 0.45000532 0.44589633  0.47476172 0.42761975 0.50206904 0.41641874
0.00039479 0.36283831 0.35232302 0.39930133 0.34523319 0.50234819  0.48417291 0.45702496 0.47508945 0.39693445 0.45000532 0.44589633  0.47476172 0.42761975 0.50206904 0.41641874
0.00039479 0.36283831 0.35232302 0.39930133 0.34523319 0.50234819  0.48417291 0.45702496 0.47508945 0.39693445 0.45000532 0.44589633  0.47476172 0.42761975 0.50206904 0.41641874
0.00039479 0.36283831 0.35232302 0.39930133 0.34523319 0.50234819  0.48417291 0.45702496 0.47508945 0.39693445 0.45000532 0.44589633  0.47476172 0.42761975 0.50206904 0.41641874
0.00039479 0.36283831 0.35232302 0.39930133 0.34523319 0.50234819  0.48417291 0.45702496 0.47508945 0.39693445 0.45000532 0.44589633  0.47476172 0.42761975 0.50206904 0.41641874
0.00039479 0.36283831 0.35232302 0.39930133 0.34523319 0.50234819  0.48417291 0.45702496 0.47508945 0.39693445 0.45000532 0.44589633  0.47476172 0.42761975 0.50206904 0.41641874
0.00039479 0.36283831 0.35232302 0.39930133 0.34523319 0.50234819  0.48417291 0.45702496 0.47508945 0.39693445 0.45000532 0.44589633  0.47476172 0.42761975 0.50206904 0.41641874
0.00039479 0.36283831 0.35232302 0.39930133 0.34523319 0.50234819  0.48417291 0.45702496 0.47508945 0.39693445 0.45000532 0.44589633  0.47476172 0.42761975 0.50206904 0.41641874
0.00039479 0.36283831 0.35232302 0.39930133 0.34523319 0.50234819  0.48417291 0.45702496 0.47508945 0.39693445 0.45000532 0.44589633  0.47476172 0.42761975 0.50206904 0.41641874
0.00039479 0.36283831 0.35232302 0.39930133 0.34523319 0.50234819  0.48417291 0.45702496 0.47508945 0.39693445 0.45000532 0.44589633  0.47476172 0.42761975 0.50206904 0.41641874
0.00039479 0.36283831 0.35232302 0.39930133 0.34523319 0.50234819  0.48417291 0.45702496 0.47508945 0.39693445 0.45000532 0.44589633  0.47476172 0.42761975 0.50206904 0.41641874
0.00039479 0.36283831 0.35232302 0.39930133 0.34523319 0.50234819  0.48417291 0.45702496 0.47508945 0.39693445 0.45000532 0.44589633  0.47476172 0.42761975 0.50206904 0.41641874
0.00039479 0.36283831 0.35232302 0.39930133 0.34523319 0.50234819  0.48417291 0.45702496 0.47508945 0.39693445 0.45000532 0.44589633  0.47476172 0.42761975 0.50206904 0.41641874
0.00039479 0.36283831 0.35232302 0.39930133 0.34523319 0.50234819  0.48417291 0.45702496 0.47508945 0.39693445 0.45000532 0.44589633  0.47476172 0.42761975 0.50206904 0.41641874
0.00039479 0.36283831 0.35232302 0.39930133 0.34523319 0.50234819  0.48417291 0.45702496 0.47508945 0.39693445 0.45000532 0.44589633  0.47476172 0.42761975 0.50206904 0.41641874
0.00039479 0.36283831 0.35232302 0.39930133 0.34523319 0.50234819  0.48417291 0.45702496 0.47508945 0.39693445 0.45000532 0.44589633  0.47476172 0.42761975 0.50206904 0.41641874
0.00039479 0.36283831 0.35232302 0.39930133 0.34523319 0.50234819  0.48417291 0.45702496 0.47508945 0.39693445 0.45000532 0.44589633  0.47476172 0.42761975 0.50206904 0.41641874
0.00039479 0.36283831 0.35232302 0.39930133 0.34523319 0.50234819  0.48417291 0.45702496 0.47508945 0.39693445 0.45000532 0.44589633  0.47476172 0.42761975 0.50206904 0.41641874
0.00039479 0.36283831 0.35232302 0.39930133 0.34523319 0.50234819  0.48417291 0.45702496 0.47508945 0.39693445 0.45000532 0.44589633  0.47476172 0.42761975 0.50206904 0.41641874
0.00039479 0.36283831 0.35232302 0.39930133 0.34523319 0.50234819  0.48417291 0.45702496 0.47508945 0.39693445 0.45000532 0.44589633  0.47476172 0.42761975 0.50206904 0.41641874
0.00039479 0.36283831 0.35232302 0.39930133 0.34523319 0.50234819  0.48417291 0.45702496 0.47508945 0.39693445 0.45000532 0.44589633  0.47476172 0.42761975 0.50206904 0.41641874
0.00039479 0.36283831 0.35232302 0.39930133 0.34523319 0.50234819  0.48417291 0.45702496 0.47508945 0.39693445 0.45000532 0.44589633  0.47476172 0.42761975 0.50206904 0.41641874
0.00039479 0.36283831 0.35232302 0.39930133 0.34523319 0.50234819  0.48417291 0.45702496 0.47508945 0.39693445 0.45000532 0.44589633  0.47476172 0.42761975 0.50206904 0.41641874
0.00039479 0.36283831 0.35232302 0.39930133 0.34523319 0.50234819  0.48417291 0.45702496 0.47508945 0.39693445 0.45000532 0.44589633  0.47476172 0.42761975 0.50206904 0.41641874
0.00039479 0.36283831 0.35232302 0.39930133 0.34523319 0.50234819  0.48417291 0.45702496 0.47508945 0.39693445 0.45000532 0.44589633  0.47476172 0.42761975 0.50206904 0.41641874
0.00039479 0.36283831 0.35232302 0.39930133 0.34523319 0.50234819  0.48417291 0.45702496 0.47508945 0.39693445 0.45000532 0.44589633  0.47476172 0.42761975 0.50206904 0.41641874
0.00039479 0.36283831 0.35232302 0.39930133 0.34523319 0.50234819  0.48417291 0.45702496 0.47508945 0.39693445 0.45000532 0.44589633  0.47476172 0.42761975 0.50206904 0.41641874
0.00039479 0.36283831 0.35232302 0.39930133 0.34523319 0.50234819  0.48417291 0.45702496 0.47508945 0.39693445 0.45000532 0.44589633  0.47476172 0.42761975 0.50206904 0.41641874
0.00039479 0.36283831 0.35232302 0.39930133 0.34523319 0.50234819  0.48417291 0.45702496 0.47508945 0.39693445 0.45000532 0.44589633  0.47476172 0.42761975 0.50206904 0.41641874
0.00039479 0.36283831 0.35232302 0.39930133 0.34523319 0.50234819  0.48417291 0.45702496 0.47508945 0.39693445 0.45000532 0.44589633  0.47476172 0.42761975 0.50206904 0.41641874
0.00039479 0.36283831 0.35232302 0.39930133 0.34523319 0.50234819  0.48417291 0.45702496 0.47508945 0.39693445 0.45000532 0.44589633  0.47476172 0.42761975 0.50206904 0.41641874
0.00039479 0.36283831 0.35232302 0.39930133 0.34523319 0.50234819  0.48417291 0.45702496 0.47508945 0.39693445 0.45000532 0.44589633  0.47476172 0.42761975 0.50206904 0.41641874
0.00039479 0.36283831 0.35232302 0.39930133 0.34523319 0.50234819  0.48417291 0.45702496 0.47508945 0.39693445 0.45000532 0.44589633  0.47476172 0.42761975 0.50206904 0.41641874
0.00039479 0.36283831 0.35232302 0.39930133 0.34523319 0.50234819  0.48417291 0.45702496 0.47508945 0.39693445 0.45000532 0.44589633  0.47476172 0.42761975 0.50206904 0.41641874
0.00039479 0.36283831 0.35232302 0.39930133 0.34523319 0.50234819  0.48417291 0.45702496 0.47508945 0.39693445 0.45000532 0.44589633  0.47476172 0.42761975 0.50206904 0.41641874
0.00039479 0.36283831 0.35232302 0.39930133 0.34523319 0.50234819  0.48417291 0.45702496 0.47508945 0.39693445 0.45000532 0.44589633  0.47476172 0.42761975 0.50206904 0.41641874
0.00039479 0.36283831 0.35232302 0.39930133 0.34523319 0.50234819  0.48417291 0.45702496 0.47508945 0.39693445 0.45000532 0.44589633  0.47476172 0.42761975 0.50206904 0.41641874
0.03525649 0.41685964 0.32437467 0.45347996 0.36854765 0.43569141  0.43485985 0.4975719  0.47652552 0.39120509 0.39620065 0.45304628  0.55757342 0.45566594 0.52722734 0.46096477
0.12602766 0.54660689 0.25929804 0.56124246 0.4044625  0.35174191  0.33740739 0.55102099 0.55043001 0.39034977 0.42348569 0.45241315  0.55076993 0.54337013 0.69859686 0.43102901
0.27293164 0.72473151 0.17115568 0.66014163 0.41501412 0.33334962  0.29169953 0.55407903 0.58472308 0.38569229 0.49808705 0.4367967  0.48707147 0.47267226 0.58247021 0.38929109
0.34717942 0.77663105 0.13635058 0.6294264  0.40763731 0.36666837  0.40359323 0.50236149 0.49616638 0.37670006 0.56162901 0.4176835  0.34171361 0.39714634 0.45538403 0.31313364
0.40334436 0.80460479 0.12285463 0.58286797 0.37595784 0.48174344  0.46710441 0.44336238 0.51464293 0.39197487 0.64139114 0.40727923  0.29418271 0.38285263 0.43577543 0.3067368 
0.52801955 0.77164647 0.09075518 0.36900114 0.36724667 0.55144532  0.71892644 0.45174837 0.40951594 0.41012063 0.5974087  0.42860044  0.48589507 0.43731902 0.53661066 0.44821085
0.56324047 0.75110964 0.09211211 0.30418254 0.34843496 0.59677457  0.7318537  0.49777815 0.44141285 0.39386804 0.58813656 0.42747788  0.60811379 0.45263783 0.56700873 0.50068664
0.65673283 0.59836366 0.09712909 0.16317558 0.34251649 0.53232829  0.62028921 0.52307328 0.55660713 0.37976056 0.39611162 0.50494942  0.61380763 0.59716832 0.67405253 0.54575723
0.68951631 0.56074627 0.11763066 0.12574211 0.30721065 0.55517413  0.55652297 0.61012512 0.53321756 0.38904356 0.29689995 0.51959869  0.56756511 0.51930834 0.68275568 0.54745419
0.74029831 0.42236503 0.08253112 0.13001876 0.3795643  0.48711557  0.42582677 0.38781866 0.64367133 0.33700756 0.31734034 0.49028625  0.57951604 0.35658439 0.49608563 0.425364  
0.76282728 0.36645696 0.09337026 0.17352571 0.38320291 0.48808024  0.38771091 0.42307761 0.57737868 0.37609795 0.33265815 0.44844377  0.45634273 0.31851394 0.51032365 0.48656887
0.82911244 0.26587768 0.21153516 0.34674458 0.29092621 0.44495094  0.36628689 0.43489687 0.38084796 0.58787004 0.52748465 0.51742929  0.50752247 0.45757579 0.45271962 0.42812609
0.85064396 0.3038795  0.32864759 0.34288426 0.28839605 0.39995949  0.39836707 0.40629918 0.43838715 0.60114639 0.4660539  0.38960746  0.46500674 0.56458913 0.36769859 0.45904218
0.90241167 0.33669972 0.56688147 0.4169474  0.34429308 0.31920716  0.51207021 0.34133068 0.59642109 0.64225382 0.44386156 0.32267652  0.58855456 0.43450845 0.37955219 0.47768856
0.92002479 0.34965149 0.65323145 0.4494159  0.39170498 0.29869286  0.57913545 0.3242555  0.68201434 0.60943806 0.40605079 0.27851134  0.61266394 0.34858005 0.41754364 0.52137414
0.92474941 0.33519965 0.65666272 0.48279783 0.42347175 0.32165573  0.61246965 0.35142513 0.70941662 0.63561528 0.36962998 0.24887666  0.601623   0.38919072 0.39392035 0.50793606
0.90908877 0.38053139 0.66444344 0.44393035 0.3993615  0.32622752  0.59805729 0.42672273 0.64515652 0.62211234 0.40075266 0.20732139  0.5524192  0.47459257 0.40087227 0.49146716
0.88216747 0.35163198 0.5275908  0.42283775 0.26415814 0.31495023  0.54917612 0.44813343 0.58731684 0.64968048 0.47837029 0.31977735  0.513298   0.46095371 0.38004202 0.53213442
0.87091765 0.34531115 0.47073788 0.4078732  0.23559654 0.36082737  0.47378146 0.43914084 0.43860957 0.56176355 0.51978322 0.39481107  0.53760015 0.53021976 0.4181427  0.45060245
0.83384249 0.38283846 0.40960478 0.41921629 0.16756001 0.4105085  0.53900447 0.54525028 0.33709227 0.59068811 0.52969737 0.5115441  0.58693977 0.58059398 0.59517642 0.48318886
0.78260008 0.42576777 0.28057917 0.32612455 0.17487626 0.49287654  0.49311776 0.64828988 0.25996605 0.6285427  0.4944332  0.61298253  0.56385767 0.61643385 0.66628626 0.38923117
0.68878444 0.56163993 0.12337111 0.14326255 0.29964435 0.55766854  0.54991868 0.59082399 0.50946289 0.40484048 0.29253893 0.51925421  0.54154814 0.5179056  0.66738065 0.52456512
0.65803198 0.61412126 0.10977007 0.17914822 0.31592023 0.59144177  0.59912499 0.49283154 0.5130465  0.39980607 0.3072205  0.51014479  0.67790418 0.60399631 0.56895151 0.53314605
0.59346228 0.70316984 0.09774082 0.2875923  0.33139558 0.61473117  0.65734636 0.36945205 0.46635765 0.42667605 0.37942206 0.49293512  0.6291874  0.56159534 0.5427565  0.50856255
0.49303488 0.79925958 0.09535686 0.45348135 0.36242311 0.55936447  0.64847414 0.37819007 0.42004947 0.44379981 0.57325392 0.4478307  0.37226555 0.38284866 0.4679376  0.43524584
0.49303488 0.79925958 0.09535686 0.45348135 0.36242311 0.55936447  0.64847414 0.37819007 0.42004947 0.44379981 0.57325392 0.4478307  0.37226555 0.38284866 0.4679376  0.43524584
0.45629848 0.80407354 0.09710843 0.51857932 0.38424446 0.49527585  0.60167809 0.3427797  0.40494569 0.47808893 0.51940683 0.4728624  0.25467343 0.36882748 0.50349181 0.40923842
0.4014807  0.78889265 0.1142906  0.5728388  0.40156293 0.41171902  0.5198289  0.42114023 0.41583578 0.43295396 0.51109739 0.45313567  0.26796742 0.37139877 0.4931477  0.3700357 
0.45629848 0.80407354 0.09710843 0.51857932 0.38424446 0.49527585  0.60167809 0.3427797  0.40494569 0.47808893 0.51940683 0.4728624  0.25467343 0.36882748 0.50349181 0.40923842
0.60918106 0.67785219 0.10459305 0.26125181 0.32549945 0.60069337  0.63492596 0.44208362 0.4631818  0.44363201 0.36589002 0.50258614  0.57411366 0.53940702 0.56347865 0.52063876
0.60918106 0.67785219 0.10459305 0.26125181 0.32549945 0.60069337  0.63492596 0.44208362 0.4631818  0.44363201 0.36589002 0.50258614  0.57411366 0.53940702 0.56347865 0.52063876
0.65803198 0.61412126 0.10977007 0.17914822 0.31592023 0.59144177  0.59912499 0.49283154 0.5130465  0.39980607 0.3072205  0.51014479  0.67790418 0.60399631 0.56895151 0.53314605
0.8354246  0.55235365 0.61620499 0.29521352 0.22553952 0.3720633  0.5901252  0.55036513 0.46175018 0.54676384 0.34220986 0.42245544  0.52011699 0.60327294 0.67044536 0.37471509
0.8354246  0.55235365 0.61620499 0.29521352 0.22553952 0.3720633  0.5901252  0.55036513 0.46175018 0.54676384 0.34220986 0.42245544  0.52011699 0.60327294 0.67044536 0.37471509
0.88171039 0.53802251 0.74958525 0.23605791 0.48693315 0.33704641  0.50381151 0.46635546 0.53261136 0.49623985 0.41201368 0.3431531  0.52501765 0.4760195  0.53620741 0.26994263
0.91558185 0.43885964 0.75767344 0.34884211 0.56805524 0.33228304  0.53475305 0.39836525 0.61256366 0.62715931 0.4357714  0.22605534  0.56462754 0.42628845 0.41699543 0.45603408
0.91394072 0.43023765 0.73911482 0.36691241 0.50581842 0.31978074  0.54644779 0.3962756  0.61825245 0.60161457 0.4215493  0.20991774  0.54511009 0.42286453 0.4285965  0.47342421
0.90811734 0.40976417 0.69278472 0.39060331 0.42494398 0.30673467  0.5622279  0.40410322 0.62860627 0.62721526 0.42303236 0.20776277  0.55678593 0.43523007 0.41061998 0.48205164
0.89915239 0.37168157 0.61453996 0.43816999 0.28244177 0.28790286  0.57899502 0.40015152 0.61063581 0.55832196 0.45694741 0.28268678  0.55793113 0.40730099 0.46341098 0.55784605
0.88956618 0.35917419 0.56403229 0.43738398 0.25603424 0.30287787  0.5627152  0.42179201 0.59782648 0.59097974 0.47116472 0.31267514  0.52876473 0.42782751 0.42201015 0.55142006
0.86319563 0.30224161 0.40351884 0.45014714 0.20486015 0.35375786  0.51511635 0.45714193 0.47427324 0.59912802 0.58176139 0.50777471  0.60378095 0.41491414 0.44279426 0.49601197
0.85714964 0.28337907 0.3566778  0.46375919 0.22743622 0.41541456  0.47826133 0.48510238 0.38879558 0.57283511 0.57066084 0.52306415  0.60118773 0.50808818 0.48439961 0.39057761
0.85086843 0.27993893 0.32599935 0.45355249 0.2267033  0.44217  0.43679689 0.48130854 0.32394641 0.54378445 0.59439298 0.54583401  0.61330952 0.56470999 0.45707839 0.36902675
0.85414982 0.24148053 0.27709858 0.43912731 0.26954813 0.44760284  0.41136679 0.4247123  0.34955119 0.57401175 0.53490247 0.53861129  0.60009696 0.48623188 0.49852933 0.32304621
0.85414982 0.24148053 0.27709858 0.43912731 0.26954813 0.44760284  0.41136679 0.4247123  0.34955119 0.57401175 0.53490247 0.53861129  0.60009696 0.48623188 0.49852933 0.32304621
0.8451303  0.24116735 0.24138402 0.41434237 0.28893667 0.46878436  0.38471785 0.44085479 0.33903952 0.58233318 0.5246245  0.52885373  0.55364384 0.51759133 0.45304073 0.33820824
0.8451303  0.24116735 0.24138402 0.41434237 0.28893667 0.46878436  0.38471785 0.44085479 0.33903952 0.58233318 0.5246245  0.52885373  0.55364384 0.51759133 0.45304073 0.33820824
0.82165421 0.25417197 0.17454766 0.35760244 0.34269439 0.48881876  0.39104011 0.47040365 0.42415342 0.55747562 0.45935344 0.47725917  0.44400952 0.44164176 0.47398291 0.452376  
0.82165421 0.25417197 0.17454766 0.35760244 0.34269439 0.48881876  0.39104011 0.47040365 0.42415342 0.55747562 0.45935344 0.47725917  0.44400952 0.44164176 0.47398291 0.452376  
0.82165421 0.25417197 0.17454766 0.35760244 0.34269439 0.48881876  0.39104011 0.47040365 0.42415342 0.55747562 0.45935344 0.47725917  0.44400952 0.44164176 0.47398291 0.452376  
0.82165421 0.25417197 0.17454766 0.35760244 0.34269439 0.48881876  0.39104011 0.47040365 0.42415342 0.55747562 0.45935344 0.47725917  0.44400952 0.44164176 0.47398291 0.452376  
0.81010812 0.2682248  0.14598525 0.32933772 0.36311948 0.51359536  0.37783786 0.46617322 0.45905297 0.50386078 0.42101206 0.45655598  0.42403349 0.43273987 0.41400327 0.52090365
0.81010812 0.2682248  0.14598525 0.32933772 0.36311948 0.51359536  0.37783786 0.46617322 0.45905297 0.50386078 0.42101206 0.45655598  0.42403349 0.43273987 0.41400327 0.52090365
0.78940831 0.30823021 0.11123037 0.26608538 0.40418446 0.55907522  0.37014007 0.4564474  0.50116053 0.39978273 0.27734723 0.3961274  0.42748232 0.37637257 0.44716707 0.47499927
0.78940831 0.30823021 0.11123037 0.26608538 0.40418446 0.55907522  0.37014007 0.4564474  0.50116053 0.39978273 0.27734723 0.3961274  0.42748232 0.37637257 0.44716707 0.47499927
0.77045293 0.38261378 0.11810865 0.13503757 0.33883886 0.48945744  0.34555663 0.43957064 0.56631317 0.37898498 0.25354133 0.50240491  0.4553934  0.28566417 0.47715708 0.3362237 
0.72789242 0.45773556 0.08903931 0.12557578 0.36356117 0.51069479  0.46328119 0.40233599 0.6187462  0.36406978 0.2546431  0.51483709  0.59956313 0.418504   0.5901102  0.45241958
0.65474227 0.60647309 0.09129137 0.20882929 0.34130763 0.60018845  0.59616066 0.33582867 0.53216358 0.38520346 0.27781381 0.50761894  0.75621461 0.59236291 0.55919484 0.49265888
0.60767606 0.65920188 0.07480033 0.23907581 0.37440424 0.52379441  0.69283633 0.36461821 0.55701828 0.37460493 0.48103675 0.48392667  0.64499663 0.65559472 0.64612161 0.51599154
0.57617405 0.71259532 0.08342786 0.30406862 0.35776325 0.57297053  0.69376748 0.34015746 0.48680885 0.42027373 0.45762965 0.48360427  0.58714577 0.57490161 0.59688203 0.50315318
0.60767606 0.65920188 0.07480033 0.23907581 0.37440424 0.52379441  0.69283633 0.36461821 0.55701828 0.37460493 0.48103675 0.48392667  0.64499663 0.65559472 0.64612161 0.51599154
0.60767606 0.65920188 0.07480033 0.23907581 0.37440424 0.52379441  0.69283633 0.36461821 0.55701828 0.37460493 0.48103675 0.48392667  0.64499663 0.65559472 0.64612161 0.51599154
0.64068307 0.62445875 0.09596551 0.19625899 0.34214044 0.55151726  0.63399481 0.46654436 0.53339123 0.39796322 0.38929712 0.50290854  0.63196452 0.62010013 0.61271823 0.53347712
0.6869528  0.55332568 0.10124925 0.14523618 0.33463308 0.55854562  0.55273139 0.47260665 0.56753253 0.37630446 0.29199093 0.51416131  0.67389465 0.55119576 0.60078894 0.51407421
0.77045293 0.38261378 0.11810865 0.13503757 0.33883886 0.48945744  0.34555663 0.43957064 0.56631317 0.37898498 0.25354133 0.50240491  0.4553934  0.28566417 0.47715708 0.3362237 
0.7978111  0.31028166 0.14138123 0.25455765 0.35293184 0.50986127  0.33940992 0.44116007 0.44572559 0.45947405 0.34961207 0.43106959  0.42847114 0.37732965 0.45651128 0.44963809
0.87392679 0.28383799 0.39653542 0.41766369 0.23060716 0.3477767  0.46162935 0.37994604 0.45248526 0.61910371 0.50999756 0.45086149  0.5882578  0.47343111 0.4588725  0.41429196
0.91960014 0.40180248 0.69940621 0.35430604 0.49610322 0.35220072  0.44868275 0.29284783 0.49295658 0.46237005 0.39303547 0.25947348  0.52601412 0.45900283 0.52291037 0.3797835 
0.9312425  0.3935279  0.74989272 0.3877096  0.59216549 0.32771125  0.54916542 0.32306766 0.67682377 0.64066225 0.40464872 0.26761061  0.61383134 0.3408866  0.41004351 0.47250298
0.93195702 0.39771965 0.75982341 0.37594961 0.63552652 0.33765839  0.53664202 0.32756088 0.66262231 0.64605555 0.43531682 0.31534053  0.62309244 0.32092719 0.42046822 0.4895686 
0.93195702 0.39771965 0.75982341 0.37594961 0.63552652 0.33765839  0.53664202 0.32756088 0.66262231 0.64605555 0.43531682 0.31534053  0.62309244 0.32092719 0.42046822 0.4895686 
0.92960137 0.3849059  0.7313341  0.40577989 0.52992867 0.31520895  0.56086015 0.32097801 0.68251255 0.61511752 0.39042662 0.251473  0.5943139  0.33746268 0.42164458 0.4898931 
0.92960137 0.3849059  0.7313341  0.40577989 0.52992867 0.31520895  0.56086015 0.32097801 0.68251255 0.61511752 0.39042662 0.251473  0.5943139  0.33746268 0.42164458 0.4898931 
0.92644711 0.36928825 0.70185948 0.41883412 0.48786736 0.29946105  0.5784881  0.32429004 0.69563203 0.62704747 0.39666879 0.26244689  0.61463556 0.330298   0.42671102 0.51269275
0.9090194  0.31333765 0.5723318  0.47505343 0.30447861 0.28259533  0.60456184 0.34837867 0.68187725 0.6402429  0.42671913 0.32395632  0.63840917 0.30699811 0.46106398 0.51715222
0.9067682  0.3051933  0.55467742 0.48991945 0.26489232 0.28473938  0.59791564 0.34298467 0.65967933 0.58922104 0.44464279 0.36163588  0.61153856 0.2908994  0.4886056  0.55054919
0.88635745 0.27223968 0.43899697 0.47986302 0.22306452 0.32454617  0.51509541 0.339242   0.51969267 0.54822873 0.54621879 0.51798244  0.69556055 0.29394433 0.54655055 0.49994308
0.866398   0.23814451 0.32993061 0.46953101 0.28913697 0.3885909  0.51678878 0.44146891 0.536348   0.70845622 0.50610325 0.49714021  0.62415819 0.35783235 0.46240678 0.41226624
0.86450722 0.23439483 0.31788369 0.47665052 0.27324129 0.40138316  0.49908554 0.43166892 0.49538607 0.64386349 0.52258117 0.53464724  0.61071607 0.35571857 0.49698982 0.41582771
0.86450722 0.23439483 0.31788369 0.47665052 0.27324129 0.40138316  0.49908554 0.43166892 0.49538607 0.64386349 0.52258117 0.53464724  0.61071607 0.35571857 0.49698982 0.41582771
0.82165421 0.25417197 0.17454766 0.35760244 0.34269439 0.48881876  0.39104011 0.47040365 0.42415342 0.55747562 0.45935344 0.47725917  0.44400952 0.44164176 0.47398291 0.452376  
0.82165421 0.25417197 0.17454766 0.35760244 0.34269439 0.48881876  0.39104011 0.47040365 0.42415342 0.55747562 0.45935344 0.47725917  0.44400952 0.44164176 0.47398291 0.452376  
0.82165421 0.25417197 0.17454766 0.35760244 0.34269439 0.48881876  0.39104011 0.47040365 0.42415342 0.55747562 0.45935344 0.47725917  0.44400952 0.44164176 0.47398291 0.452376  
0.82165421 0.25417197 0.17454766 0.35760244 0.34269439 0.48881876  0.39104011 0.47040365 0.42415342 0.55747562 0.45935344 0.47725917  0.44400952 0.44164176 0.47398291 0.452376  
0.82165421 0.25417197 0.17454766 0.35760244 0.34269439 0.48881876  0.39104011 0.47040365 0.42415342 0.55747562 0.45935344 0.47725917  0.44400952 0.44164176 0.47398291 0.452376  
0.82165421 0.25417197 0.17454766 0.35760244 0.34269439 0.48881876  0.39104011 0.47040365 0.42415342 0.55747562 0.45935344 0.47725917  0.44400952 0.44164176 0.47398291 0.452376  
0.81786933 0.23812039 0.13865842 0.37278277 0.389878   0.54764124  0.37092447 0.46042662 0.41547188 0.49801629 0.42101908 0.40067523  0.44099962 0.41037555 0.46993514 0.54094315
0.81786933 0.23812039 0.13865842 0.37278277 0.389878   0.54764124  0.37092447 0.46042662 0.41547188 0.49801629 0.42101908 0.40067523  0.44099962 0.41037555 0.46993514 0.54094315
0.81123853 0.22928885 0.10476899 0.39166742 0.44944026 0.60812349  0.39409275 0.46625798 0.44604727 0.43265488 0.34697144 0.336298  0.46384158 0.3753822  0.52930835 0.56197124
0.80286345 0.25464836 0.09766768 0.35451933 0.46066883 0.63280687  0.38057624 0.46232077 0.44083272 0.37824131 0.24850847 0.30490627  0.45108864 0.35876496 0.5680977  0.47970702
0.80286345 0.25464836 0.09766768 0.35451933 0.46066883 0.63280687  0.38057624 0.46232077 0.44083272 0.37824131 0.24850847 0.30490627  0.45108864 0.35876496 0.5680977  0.47970702
0.78741153 0.26801337 0.07452761 0.34669826 0.48474233 0.61588074  0.42534567 0.45203233 0.49139137 0.35950097 0.2908114  0.29985616  0.45701214 0.36652629 0.62412109 0.54798629
0.76488255 0.32392144 0.06368847 0.30319132 0.48110372 0.61491606  0.46346153 0.41677338 0.55768402 0.32041059 0.2754936  0.34169865  0.58018544 0.40459674 0.60988307 0.48678141
0.66287522 0.487852   0.03469316 0.36863698 0.50553566 0.57306968  0.64414269 0.19153041 0.6001407  0.33887868 0.39692613 0.3864582  0.66069791 0.62516704 0.6113417  0.46233484
0.63689814 0.57483823 0.05099217 0.27921973 0.4336485  0.53321359  0.65967502 0.22456904 0.61234247 0.36163251 0.38899096 0.48712214  0.6651901  0.63069723 0.62387155 0.44522998
0.58244955 0.63891525 0.05087603 0.32680677 0.43303835 0.47041291  0.65065014 0.1488357  0.54647652 0.41238904 0.43101044 0.49744041  0.55165864 0.54232772 0.67688632 0.40099669
0.4418784  0.64357821 0.08052638 0.44332217 0.48539416 0.25108675  0.65851312 0.22658086 0.36024785 0.39392505 0.3578842  0.49594179  0.4007841  0.52052997 0.59173434 0.3229103 
0.4418784  0.64357821 0.08052638 0.44332217 0.48539416 0.25108675  0.65851312 0.22658086 0.36024785 0.39392505 0.3578842  0.49594179  0.4007841  0.52052997 0.59173434 0.3229103 
0.27013576 0.65082462 0.16025877 0.53872046 0.46397264 0.20135021  0.59888604 0.45835675 0.20440369 0.40752189 0.27900236 0.4863646  0.41655868 0.33772269 0.38107513 0.44716098
0.27013576 0.65082462 0.16025877 0.53872046 0.46397264 0.20135021  0.59888604 0.45835675 0.20440369 0.40752189 0.27900236 0.4863646  0.41655868 0.33772269 0.38107513 0.44716098
0.16166856 0.54951114 0.23278726 0.51724222 0.42318085 0.27852572  0.52567671 0.46455825 0.25362382 0.40762962 0.23057873 0.49080479  0.49271744 0.30649013 0.31509537 0.49653703
0.14355037 0.5229741  0.24644129 0.4935869  0.41436966 0.30365141  0.54467914 0.44998359 0.25076917 0.41181624 0.23968257 0.49066789  0.47174686 0.2996688  0.3125306  0.49611039
0.10654009 0.48945684 0.26975523 0.4920726  0.40690662 0.32092599  0.48572856 0.48881286 0.3320753  0.40475885 0.24910775 0.48621356  0.59504346 0.35925813 0.37603781 0.53757122
0.07102051 0.46648761 0.29681783 0.49538875 0.38534053 0.36816237  0.42637893 0.52216562 0.40838993 0.37342912 0.31490181 0.45582256  0.6405316  0.37092096 0.3395245  0.50760399
0.07102051 0.46648761 0.29681783 0.49538875 0.38534053 0.36816237  0.42637893 0.52216562 0.40838993 0.37342912 0.31490181 0.45582256  0.6405316  0.37092096 0.3395245  0.50760399
0.07102051 0.46648761 0.29681783 0.49538875 0.38534053 0.36816237  0.42637893 0.52216562 0.40838993 0.37342912 0.31490181 0.45582256  0.6405316  0.37092096 0.3395245  0.50760399
0.01779563 0.38669558 0.33863985 0.42004769 0.35385851 0.46460162  0.48109267 0.47190843 0.43452283 0.38595027 0.3992976  0.44733029  0.52908455 0.38078184 0.39373238 0.44873962
0.01779563 0.38669558 0.33863985 0.42004769 0.35385851 0.46460162  0.48109267 0.47190843 0.43452283 0.38595027 0.3992976  0.44733029  0.52908455 0.38078184 0.39373238 0.44873962
0.01779563 0.38669558 0.33863985 0.42004769 0.35385851 0.46460162  0.48109267 0.47190843 0.43452283 0.38595027 0.3992976  0.44733029  0.52908455 0.38078184 0.39373238 0.44873962
0.01779563 0.38669558 0.33863985 0.42004769 0.35385851 0.46460162  0.48109267 0.47190843 0.43452283 0.38595027 0.3992976  0.44733029  0.52908455 0.38078184 0.39373238 0.44873962
0.01779563 0.38669558 0.33863985 0.42004769 0.35385851 0.46460162  0.48109267 0.47190843 0.43452283 0.38595027 0.3992976  0.44733029  0.52908455 0.38078184 0.39373238 0.44873962
0.01779563 0.38669558 0.33863985 0.42004769 0.35385851 0.46460162  0.48109267 0.47190843 0.43452283 0.38595027 0.3992976  0.44733029  0.52908455 0.38078184 0.39373238 0.44873962
0.01779563 0.38669558 0.33863985 0.42004769 0.35385851 0.46460162  0.48109267 0.47190843 0.43452283 0.38595027 0.3992976  0.44733029  0.52908455 0.38078184 0.39373238 0.44873962
0.01779563 0.38669558 0.33863985 0.42004769 0.35385851 0.46460162  0.48109267 0.47190843 0.43452283 0.38595027 0.3992976  0.44733029  0.52908455 0.38078184 0.39373238 0.44873962
0.01779563 0.38669558 0.33863985 0.42004769 0.35385851 0.46460162  0.48109267 0.47190843 0.43452283 0.38595027 0.3992976  0.44733029  0.52908455 0.38078184 0.39373238 0.44873962
0.01779563 0.38669558 0.33863985 0.42004769 0.35385851 0.46460162  0.48109267 0.47190843 0.43452283 0.38595027 0.3992976  0.44733029  0.52908455 0.38078184 0.39373238 0.44873962
