0.00039479 0.36283831 0.35232302 0.39930133 0.34523319 0.50234819  0.48417291 0.45702496 0.47508945 0.39693445 0.45000532 0.44589633  0.47476172 0.42761975 0.50206904 0.41641874
0.00039479 0.36283831 0.35232302 0.39930133 0.34523319 0.50234819  0.48417291 0.45702496 0.47508945 0.39693445 0.45000532 0.44589633  0.47476172 0.42761975 0.50206904 0.41641874
0.00039479 0.36283831 0.35232302 0.39930133 0.34523319 0.50234819  0.48417291 0.45702496 0.47508945 0.39693445 0.45000532 0.44589633  0.47476172 0.42761975 0.50206904 0.41641874
0.00039479 0.36283831 0.35232302 0.39930133 0.34523319 0.50234819  0.48417291 0.45702496 0.47508945 0.39693445 0.45000532 0.44589633  0.47476172 0.42761975 0.50206904 0.41641874
0.00039479 0.36283831 0.35232302 0.39930133 0.34523319 0.50234819  0.48417291 0.45702496 0.47508945 0.39693445 0.45000532 0.44589633  0.47476172 0.42761975 0.50206904 0.41641874
0.00039479 0.36283831 0.35232302 0.39930133 0.34523319 0.50234819  0.48417291 0.45702496 0.47508945 0.39693445 0.45000532 0.44589633  0.47476172 0.42761975 0.50206904 0.41641874
0.00039479 0.36283831 0.35232302 0.39930133 0.34523319 0.50234819  0.48417291 0.45702496 0.47508945 0.39693445 0.45000532 0.44589633  0.47476172 0.42761975 0.50206904 0.41641874
0.00039479 0.36283831 0.35232302 0.39930133 0.34523319 0.50234819  0.48417291 0.45702496 0.47508945 0.39693445 0.45000532 0.44589633  0.47476172 0.42761975 0.50206904 0.41641874
0.00039479 0.36283831 0.35232302 0.39930133 0.34523319 0.50234819  0.48417291 0.45702496 0.47508945 0.39693445 0.45000532 0.44589633  0.47476172 0.42761975 0.50206904 0.41641874
0.00039479 0.36283831 0.35232302 0.39930133 0.34523319 0.50234819  0.48417291 0.45702496 0.47508945 0.39693445 0.45000532 0.44589633  0.47476172 0.42761975 0.50206904 0.41641874
0.00039479 0.36283831 0.35232302 0.39930133 0.34523319 0.50234819  0.48417291 0.45702496 0.47508945 0.39693445 0.45000532 0.44589633  0.47476172 0.42761975 0.50206904 0.41641874
0.00039479 0.36283831 0.35232302 0.39930133 0.34523319 0.50234819  0.48417291 0.45702496 0.47508945 0.39693445 0.45000532 0.44589633  0.47476172 0.42761975 0.50206904 0.41641874
0.00039479 0.36283831 0.35232302 0.39930133 0.34523319 0.50234819  0.48417291 0.45702496 0.47508945 0.39693445 0.45000532 0.44589633  0.47476172 0.42761975 0.50206904 0.41641874
0.00039479 0.36283831 0.35232302 0.39930133 0.34523319 0.50234819  0.48417291 0.45702496 0.47508945 0.39693445 0.45000532 0.44589633  0.47476172 0.42761975 0.50206904 0.41641874
0.00039479 0.36283831 0.35232302 0.39930133 0.34523319 0.50234819  0.48417291 0.45702496 0.47508945 0.39693445 0.45000532 0.44589633  0.47476172 0.42761975 0.50206904 0.41641874
0.00039479 0.36283831 0.35232302 0.39930133 0.34523319 0.50234819  0.48417291 0.45702496 0.47508945 0.39693445 0.45000532 0.44589633  0.47476172 0.42761975 0.50206904 0.41641874
0.00039479 0.36283831 0.35232302 0.39930133 0.34523319 0.50234819  0.48417291 0.45702496 0.47508945 0.39693445 0.45000532 0.44589633  0.47476172 0.42761975 0.50206904 0.41641874
0.00039479 0.36283831 0.35232302 0.39930133 0.34523319 0.50234819  0.48417291 0.45702496 0.47508945 0.39693445 0.45000532 0.44589633  0.47476172 0.42761975 0.50206904 0.41641874
0.00039479 0.36283831 0.35232302 0.39930133 0.34523319 0.50234819  0.48417291 0.45702496 0.47508945 0.39693445 0.45000532 0.44589633  0.47476172 0.42761975 0.50206904 0.41641874
0.00039479 0.36283831 0.35232302 0.39930133 0.34523319 0.50234819  0.48417291 0.45702496 0.47508945 0.39693445 0.45000532 0.44589633  0.47476172 0.42761975 0.50206904 0.41641874
0.00039479 0.36283831 0.35232302 0.39930133 0.34523319 0.50234819  0.48417291 0.45702496 0.47508945 0.39693445 0.45000532 0.44589633  0.47476172 0.42761975 0.50206904 0.41641874
0.00039479 0.36283831 0.35232302 0.39930133 0.34523319 0.50234819  0.48417291 0.45702496 0.47508945 0.39693445 0.45000532 0.44589633  0.47476172 0.42761975 0.50206904 0.41641874
0.00039479 0.36283831 0.35232302 0.39930133 0.34523319 0.50234819  0.48417291 0.45702496 0.47508945 0.39693445 0.45000532 0.44589633  0.47476172 0.42761975 0.50206904 0.41641874
0.00039479 0.36283831 0.35232302 0.39930133 0.34523319 0.50234819  0.48417291 0.45702496 0.47508945 0.39693445 0.45000532 0.44589633  0.47476172 0.42761975 0.50206904 0.41641874
0.00039479 0.36283831 0.35232302 0.39930133 0.34523319 0.50234819  0.48417291 0.45702496 0.47508945 0.39693445 0.45000532 0.44589633  0.47476172 0.42761975 0.50206904 0.41641874
0.00039479 0.36283831 0.35232302 0.39930133 0.34523319 0.50234819  0.48417291 0.45702496 0.47508945 0.39693445 0.45000532 0.44589633  0.47476172 0.42761975 0.50206904 0.41641874
0.00039479 0.36283831 0.35232302 0.39930133 0.34523319 0.50234819  0.48417291 0.45702496 0.47508945 0.39693445 0.45000532 0.44589633  0.47476172 0.42761975 0.50206904 0.41641874
0.00039479 0.36283831 0.35232302 0.39930133 0.34523319 0.50234819  0.48417291 0.45702496 0.47508945 0.39693445 0.45000532 0.44589633  0.47476172 0.42761975 0.50206904 0.41641874
0.00039479 0.36283831 0.35232302 0.39930133 0.34523319 0.50234819  0.48417291 0.45702496 0.47508945 0.39693445 0.45000532 0.44589633  0.47476172 0.42761975 0.50206904 0.41641874
0.00039479 0.36283831 0.35232302 0.39930133 0.34523319 0.50234819  0.48417291 0.45702496 0.47508945 0.39693445 0.45000532 0.44589633  0.47476172 0.42761975 0.50206904 0.41641874
0.00039479 0.36283831 0.35232302 0.39930133 0.34523319 0.50234819  0.48417291 0.45702496 0.47508945 0.39693445 0.45000532 0.44589633  0.47476172 0.42761975 0.50206904 0.41641874
0.00039479 0.36283831 0.35232302 0.39930133 0.34523319 0.50234819  0.48417291 0.45702496 0.47508945 0.39693445 0.45000532 0.44589633  0.47476172 0.42761975 0.50206904 0.41641874
0.00039479 0.36283831 0.35232302 0.39930133 0.34523319 0.50234819  0.48417291 0.45702496 0.47508945 0.39693445 0.45000532 0.44589633  0.47476172 0.42761975 0.50206904 0.41641874
0.00039479 0.36283831 0.35232302 0.39930133 0.34523319 0.50234819  0.48417291 0.45702496 0.47508945 0.39693445 0.45000532 0.44589633  0.47476172 0.42761975 0.50206904 0.41641874
0.00039479 0.36283831 0.35232302 0.39930133 0.34523319 0.50234819  0.48417291 0.45702496 0.47508945 0.39693445 0.45000532 0.44589633  0.47476172 0.42761975 0.50206904 0.41641874
0.00039479 0.36283831 0.35232302 0.39930133 0.34523319 0.50234819  0.48417291 0.45702496 0.47508945 0.39693445 0.45000532 0.44589633  0.47476172 0.42761975 0.50206904 0.41641874
0.00039479 0.36283831 0.35232302 0.39930133 0.34523319 0.50234819  0.48417291 0.45702496 0.47508945 0.39693445 0.45000532 0.44589633  0.47476172 0.42761975 0.50206904 0.41641874
0.00039479 0.36283831 0.35232302 0.39930133 0.34523319 0.50234819  0.48417291 0.45702496 0.47508945 0.39693445 0.45000532 0.44589633  0.47476172 0.42761975 0.50206904 0.41641874
0.00039479 0.36283831 0.35232302 0.39930133 0.34523319 0.50234819  0.48417291 0.45702496 0.47508945 0.39693445 0.45000532 0.44589633  0.47476172 0.42761975 0.50206904 0.41641874
0.00039479 0.36283831 0.35232302 0.39930133 0.34523319 0.50234819  0.48417291 0.45702496 0.47508945 0.39693445 0.45000532 0.44589633  0.47476172 0.42761975 0.50206904 0.41641874
0.00039479 0.36283831 0.35232302 0.39930133 0.34523319 0.50234819  0.48417291 0.45702496 0.47508945 0.39693445 0.45000532 0.44589633  0.47476172 0.42761975 0.50206904 0.41641874
0.00039479 0.36283831 0.35232302 0.39930133 0.34523319 0.50234819  0.48417291 0.45702496 0.47508945 0.39693445 0.45000532 0.44589633  0.47476172 0.42761975 0.50206904 0.41641874
0.00039479 0.36283831 0.35232302 0.39930133 0.34523319 0.50234819  0.48417291 0.45702496 0.47508945 0.39693445 0.45000532 0.44589633  0.47476172 0.42761975 0.50206904 0.41641874
0.00039479 0.36283831 0.35232302 0.39930133 0.34523319 0.50234819  0.48417291 0.45702496 0.47508945 0.39693445 0.45000532 0.44589633  0.47476172 0.42761975 0.50206904 0.41641874
0.00039479 0.36283831 0.35232302 0.39930133 0.34523319 0.50234819  0.48417291 0.45702496 0.47508945 0.39693445 0.45000532 0.44589633  0.47476172 0.42761975 0.50206904 0.41641874
0.00046627 0.36389632 0.35301649 0.39770939 0.3510354  0.50531441  0.48031266 0.45959012 0.471183   0.39620388 0.45878789 0.4658559  0.46705657 0.41845234 0.50735037 0.44124774
0.00039479 0.36283831 0.35232302 0.39930133 0.34523319 0.50234819  0.48417291 0.45702496 0.47508945 0.39693445 0.45000532 0.44589633  0.47476172 0.42761975 0.50206904 0.41641874
0.00046627 0.36389632 0.35301649 0.39770939 0.3510354  0.50531441  0.48031266 0.45959012 0.471183   0.39620388 0.45878789 0.4658559  0.46705657 0.41845234 0.50735037 0.44124774
0.0549026  0.44495157 0.3127896  0.46816245 0.37738722 0.43420431  0.40939923 0.50731309 0.5000675  0.39672695 0.41721185 0.49329934  0.48910896 0.48717619 0.56783432 0.53376377
0.33004286 0.70486908 0.2174072  0.55440661 0.30402874 0.66173482  0.2469612  0.48831821 0.62630424 0.47472777 0.37545112 0.55032128  0.47765374 0.40121874 0.50176335 0.67463905
0.44009958 0.78653342 0.18795388 0.55580258 0.26274705 0.7505249  0.20851321 0.51575609 0.65552098 0.44433883 0.39577938 0.52528261  0.58014932 0.3830544  0.37800881 0.62246542
0.54648359 0.78521854 0.16251737 0.43860336 0.28757459 0.7182934  0.47899672 0.41335288 0.32174667 0.48536932 0.33605045 0.57719156  0.3661262  0.28094391 0.26469386 0.54855024
0.67625501 0.61696026 0.17524267 0.19233673 0.25061567 0.63577558  0.50893539 0.80054287 0.32828521 0.43348554 0.35264052 0.51501878  0.3752198  0.22441545 0.60039678 0.50537335
0.68763156 0.59931488 0.19886703 0.22037997 0.21648173 0.61266592  0.50559125 0.8033908  0.2890254  0.49921799 0.39418519 0.52426497  0.38265272 0.27601389 0.59562112 0.43147815
0.68756008 0.59825688 0.19817355 0.2219719  0.21067951 0.60969969  0.5094515  0.80082565 0.29293185 0.49994856 0.38540262 0.5043054  0.39035787 0.28518129 0.59033978 0.40664916
0.74278725 0.46500634 0.17403711 0.1773295  0.26319257 0.50453751  0.40550775 0.67612584 0.4417675  0.42158109 0.43124783 0.49302177  0.3845563  0.31482735 0.44103486 0.3526644 
0.76808738 0.39734004 0.15272624 0.17984145 0.30102063 0.48553923  0.34743502 0.51500073 0.48897885 0.4186355  0.36626502 0.50212259  0.42194036 0.25113687 0.42250347 0.29290149
0.80641966 0.34590208 0.20667078 0.21937233 0.26517161 0.43930032  0.34645969 0.43447165 0.43417024 0.48675427 0.36128741 0.56947474  0.52247962 0.35553868 0.54680203 0.15241702
0.80641966 0.34590208 0.20667078 0.21937233 0.26517161 0.43930032  0.34645969 0.43447165 0.43417024 0.48675427 0.36128741 0.56947474  0.52247962 0.35553868 0.54680203 0.15241702
0.80641966 0.34590208 0.20667078 0.21937233 0.26517161 0.43930032  0.34645969 0.43447165 0.43417024 0.48675427 0.36128741 0.56947474  0.52247962 0.35553868 0.54680203 0.15241702
0.78277767 0.36796789 0.14576222 0.16114181 0.30900244 0.46866096  0.33973792 0.44535925 0.51899106 0.42864946 0.2987432  0.53144176  0.43919163 0.32541423 0.48278262 0.29986387
0.77806432 0.3527562  0.11199621 0.17963426 0.36401879 0.51911832  0.33870154 0.43952096 0.5173819  0.37350434 0.2676738  0.44841257  0.46826362 0.26343379 0.5160869  0.36335444
0.77045293 0.38261378 0.11810865 0.13503757 0.33883886 0.48945744  0.34555663 0.43957064 0.56631317 0.37898498 0.25354133 0.50240491  0.4553934  0.28566417 0.47715708 0.3362237 
0.77045293 0.38261378 0.11810865 0.13503757 0.33883886 0.48945744  0.34555663 0.43957064 0.56631317 0.37898498 0.25354133 0.50240491  0.4553934  0.28566417 0.47715708 0.3362237 
0.75500101 0.3959788  0.09496858 0.12721651 0.36291236 0.47253131  0.39032606 0.42928219 0.61687182 0.36024464 0.29584427 0.49735479  0.46131689 0.29342549 0.53318046 0.40450296
0.66473952 0.55193814 0.06609192 0.21076713 0.39485047 0.53274946  0.57165661 0.25615912 0.59883235 0.35718159 0.35844681 0.48355472  0.70495582 0.46614387 0.59062528 0.43410428
0.49279506 0.79883281 0.08948759 0.4538334  0.37477935 0.53766039  0.67361769 0.34105092 0.40775879 0.46182159 0.56147453 0.45894149  0.33910793 0.39120822 0.51804061 0.41814157
0.36368392 0.73864165 0.12602594 0.54563485 0.42003785 0.36714051  0.57822049 0.37618613 0.34073977 0.47236963 0.41820282 0.49309523  0.24727573 0.34512357 0.50303655 0.42963449
0.18021558 0.61858238 0.2202861  0.61335707 0.42455513 0.27996074  0.33303349 0.56982394 0.47685832 0.36999234 0.3607733  0.45181874  0.60366117 0.44982875 0.49895221 0.45715857
0.0703101  0.46806309 0.29667752 0.50128842 0.38835198 0.36671883  0.40672235 0.53170012 0.4398619  0.37816405 0.32355409 0.45771279  0.6470118  0.42232529 0.4347028  0.51043549
0.0177474  0.38984345 0.33852207 0.42635267 0.35697043 0.47086435  0.45750391 0.47765391 0.48169648 0.39463854 0.42895995 0.44917931  0.51265071 0.44991576 0.53083289 0.43501917
0.0177474  0.38984345 0.33852207 0.42635267 0.35697043 0.47086435  0.45750391 0.47765391 0.48169648 0.39463854 0.42895995 0.44917931  0.51265071 0.44991576 0.53083289 0.43501917
0.0177474  0.38984345 0.33852207 0.42635267 0.35697043 0.47086435  0.45750391 0.47765391 0.48169648 0.39463854 0.42895995 0.44917931  0.51265071 0.44991576 0.53083289 0.43501917
0.0177474  0.38984345 0.33852207 0.42635267 0.35697043 0.47086435  0.45750391 0.47765391 0.48169648 0.39463854 0.42895995 0.44917931  0.51265071 0.44991576 0.53083289 0.43501917
0.03540017 0.41718963 0.32450808 0.45341476 0.36814944 0.43963834  0.43244666 0.49689867 0.48559948 0.39258167 0.40702111 0.45241186  0.54776626 0.46341302 0.546645   0.45216901
0.08929007 0.49596024 0.28463943 0.52333586 0.39273086 0.37450087  0.36867884 0.53837944 0.51416758 0.39179685 0.38466226 0.458346  0.58859171 0.5034251  0.61911333 0.47068006
0.25636185 0.68444118 0.19697192 0.60057711 0.37933239 0.45754315  0.30826631 0.52234499 0.67836539 0.40091136 0.62246508 0.42345306  0.42120722 0.53325281 0.70879232 0.35458433
0.41822648 0.7504407  0.16310403 0.5339043  0.31627439 0.5840397  0.29331305 0.63047081 0.68198482 0.40760635 0.5799299  0.42503913  0.5678255  0.40800814 0.49023785 0.47856092
0.49960183 0.64903281 0.19601566 0.41704244 0.26263363 0.58162169  0.21411923 0.86009633 0.65387463 0.39254818 0.49439005 0.43119967  0.4653031  0.27443918 0.60723164 0.48375507
0.54205583 0.59303394 0.21371719 0.39477325 0.23161823 0.5822217  0.21092096 0.9343028  0.66226167 0.43160554 0.53298154 0.46735718  0.57812692 0.30883239 0.58313791 0.58546534
0.56063383 0.59359659 0.2084918  0.36094475 0.22885553 0.59804817  0.26812381 0.93312216 0.63759414 0.41012374 0.57808439 0.4467798  0.58146542 0.31251062 0.55488016 0.56028838
0.56063383 0.59359659 0.2084918  0.36094475 0.22885553 0.59804817  0.26812381 0.93312216 0.63759414 0.41012374 0.57808439 0.4467798  0.58146542 0.31251062 0.55488016 0.56028838
0.62755118 0.58509283 0.22084551 0.31855092 0.18870473 0.63846879  0.36295827 0.88808474 0.55831936 0.48084622 0.63939583 0.47960903  0.53923748 0.36255621 0.60311418 0.52343903
0.68048324 0.58626238 0.18213478 0.25129893 0.22352445 0.56809019  0.56773743 0.79447441 0.34870505 0.53562179 0.52616852 0.53064702  0.4090343  0.30955986 0.60757382 0.55719264
0.68048324 0.58626238 0.18213478 0.25129893 0.22352445 0.56809019  0.56773743 0.79447441 0.34870505 0.53562179 0.52616852 0.53064702  0.4090343  0.30955986 0.60757382 0.55719264
0.67523534 0.61290278 0.17051998 0.19586766 0.24051593 0.63049618  0.51527021 0.79503703 0.34025396 0.45028408 0.34020075 0.47526855  0.40655964 0.24543123 0.58471424 0.44300899
0.67523534 0.61290278 0.17051998 0.19586766 0.24051593 0.63049618  0.51527021 0.79503703 0.34025396 0.45028408 0.34020075 0.47526855  0.40655964 0.24543123 0.58471424 0.44300899
0.68678143 0.59884994 0.19908239 0.22413237 0.22009085 0.60571958  0.52847247 0.79926745 0.30535442 0.50389891 0.37854213 0.49597175  0.42653567 0.25433311 0.64469388 0.37448134
0.68678143 0.59884994 0.19908239 0.22413237 0.22009085 0.60571958  0.52847247 0.79926745 0.30535442 0.50389891 0.37854213 0.49597175  0.42653567 0.25433311 0.64469388 0.37448134
0.72469236 0.49516919 0.17366724 0.22923764 0.2741077  0.55136819  0.43046427 0.65371481 0.38453806 0.45716186 0.42102659 0.46468367  0.42433923 0.12147791 0.4875207  0.28374309
0.76728769 0.40074051 0.15158587 0.18535413 0.30835363 0.49737971  0.37939637 0.46031499 0.48482788 0.45651006 0.28681173 0.51822063  0.47554783 0.24495518 0.55671828 0.26889437
0.79432375 0.35391506 0.17432463 0.18940653 0.28857736 0.44388436  0.35294017 0.44958967 0.48409151 0.48226429 0.33708458 0.55214495  0.45916766 0.33431612 0.54276226 0.23133622
0.80269883 0.32855554 0.18142593 0.22655462 0.27734879 0.41920099  0.36645668 0.45352688 0.48930606 0.53667786 0.43554755 0.58353668  0.4719206  0.35093336 0.50397291 0.31360044
0.81046003 0.29845113 0.1740991  0.26999967 0.30410731 0.45324687  0.35954329 0.44778027 0.44572498 0.53083336 0.43555457 0.52765593  0.48888673 0.32856904 0.55990478 0.33363994
0.81046003 0.29845113 0.1740991  0.26999967 0.30410731 0.45324687  0.35954329 0.44778027 0.44572498 0.53083336 0.43555457 0.52765593  0.48888673 0.32856904 0.55990478 0.33363994
0.81046003 0.29845113 0.1740991  0.26999967 0.30410731 0.45324687  0.35954329 0.44778027 0.44572498 0.53083336 0.43555457 0.52765593  0.48888673 0.32856904 0.55990478 0.33363994
0.78976022 0.33845654 0.13934423 0.20674734 0.34517229 0.49872673  0.35184549 0.43805445 0.48783254 0.42675531 0.29188973 0.46722736  0.49233556 0.27220173 0.59306859 0.28773555
0.78976022 0.33845654 0.13934423 0.20674734 0.34517229 0.49872673  0.35184549 0.43805445 0.48783254 0.42675531 0.29188973 0.46722736  0.49233556 0.27220173 0.59306859 0.28773555
0.77045293 0.38261378 0.11810865 0.13503757 0.33883886 0.48945744  0.34555663 0.43957064 0.56631317 0.37898498 0.25354133 0.50240491  0.4553934  0.28566417 0.47715708 0.3362237 
0.77045293 0.38261378 0.11810865 0.13503757 0.33883886 0.48945744  0.34555663 0.43957064 0.56631317 0.37898498 0.25354133 0.50240491  0.4553934  0.28566417 0.47715708 0.3362237 
0.75804705 0.41798431 0.12461685 0.13059459 0.32283573 0.51303666  0.38301105 0.45408797 0.54138804 0.4060472  0.19084409 0.52695574  0.47544049 0.34758377 0.57118164 0.36327928
0.72925229 0.47864637 0.12504509 0.15961337 0.31020939 0.55255552  0.44060049 0.42812041 0.50624661 0.41111942 0.18165018 0.53116714  0.53590028 0.40688596 0.62457359 0.38647478
0.7009293  0.52671187 0.11158942 0.15262093 0.31594611 0.54933656  0.51805793 0.49458578 0.52553512 0.39767803 0.24599718 0.52414139  0.52767641 0.44451603 0.71009384 0.48610599
0.65908621 0.61824347 0.11569324 0.17413446 0.30304664 0.60191079  0.59958086 0.55400749 0.48980767 0.39599785 0.30536101 0.5050602  0.62281726 0.49188579 0.6816151  0.53657631
0.65908621 0.61824347 0.11569324 0.17413446 0.30304664 0.60191079  0.59958086 0.55400749 0.48980767 0.39599785 0.30536101 0.5050602  0.62281726 0.49188579 0.6816151  0.53657631
0.65908621 0.61824347 0.11569324 0.17413446 0.30304664 0.60191079  0.59958086 0.55400749 0.48980767 0.39599785 0.30536101 0.5050602  0.62281726 0.49188579 0.6816151  0.53657631
0.72951914 0.46669373 0.10875725 0.12545181 0.32838676 0.52159159  0.46294952 0.49046353 0.5536294  0.40933504 0.21042107 0.53576805  0.48675003 0.39245896 0.70131912 0.46683025
0.72951914 0.46669373 0.10875725 0.12545181 0.32838676 0.52159159  0.46294952 0.49046353 0.5536294  0.40933504 0.21042107 0.53576805  0.48675003 0.39245896 0.70131912 0.46683025
0.74259513 0.43134932 0.10147678 0.12277353 0.34690923 0.49611053  0.42778048 0.44379952 0.59194669 0.38730686 0.23314702 0.52190563  0.48136398 0.35534509 0.62720503 0.43155854
0.81549277 0.19741421 0.08907566 0.51022744 0.54534159 0.75433663  0.52666005 0.58915936 0.54794876 0.27330412 0.07004422 0.42620125  0.29959183 0.5469888  0.44748834 0.25761643
0.82310417 0.16755663 0.08296322 0.55482413 0.57052152 0.78399751  0.51980496 0.58910968 0.49901749 0.26782348 0.08417668 0.37220891  0.31246205 0.52475843 0.48641816 0.28474717
0.82310417 0.16755663 0.08296322 0.55482413 0.57052152 0.78399751  0.51980496 0.58910968 0.49901749 0.26782348 0.08417668 0.37220891  0.31246205 0.52475843 0.48641816 0.28474717
0.82548812 0.1563862  0.08263351 0.58840108 0.58361178 0.80467842  0.55308143 0.61529054 0.52378106 0.25123896 0.06062502 0.40948681  0.29756923 0.54335568 0.46125643 0.24817197
0.82310417 0.16755663 0.08296322 0.55482413 0.57052152 0.78399751  0.51980496 0.58910968 0.49901749 0.26782348 0.08417668 0.37220891  0.31246205 0.52475843 0.48641816 0.28474717
0.82292598 0.16841453 0.08315091 0.5522321  0.56866678 0.78135011  0.51683891 0.58555526 0.495929   0.27120042 0.09023502 0.36812958  0.32195708 0.51270831 0.49595971 0.29260627
0.8116182  0.21562113 0.09078665 0.45296981 0.51567213 0.71133681  0.46040925 0.53204938 0.48155743 0.32244274 0.1528714  0.34495719  0.3909529  0.44135731 0.55231674 0.36514936
0.76515173 0.35336887 0.08586485 0.21738536 0.41873928 0.54704849  0.4422935  0.47020234 0.61973587 0.3261805  0.22490181 0.46752726  0.43357205 0.35659556 0.57662957 0.36149888
0.74259513 0.43134932 0.10147678 0.12277353 0.34690923 0.49611053  0.42778048 0.44379952 0.59194669 0.38730686 0.23314702 0.52190563  0.48136398 0.35534509 0.62720503 0.43155854
0.69909766 0.51839762 0.08946756 0.15459456 0.35093484 0.55021364  0.52087063 0.37636844 0.58360477 0.36914201 0.24544919 0.51904849  0.66002291 0.47780619 0.64350214 0.47561508
0.6862266  0.5530981  0.09915196 0.15542319 0.33259805 0.56392082  0.55355864 0.45312225 0.55233463 0.37444095 0.26749326 0.51707285  0.64587555 0.50767494 0.67299901 0.50696703
0.6565093  0.59548939 0.09646548 0.16855893 0.33947446 0.52745128  0.61536449 0.50819896 0.55684461 0.36568527 0.38863958 0.50061682  0.58059723 0.55480293 0.71615907 0.52996861
0.6565093  0.59548939 0.09646548 0.16855893 0.33947446 0.52745128  0.61536449 0.50819896 0.55684461 0.36568527 0.38863958 0.50061682  0.58059723 0.55480293 0.71615907 0.52996861
0.67379753 0.58606392 0.11077843 0.15208261 0.31310679 0.56921193  0.57894337 0.53749355 0.53639341 0.3720876  0.31043199 0.50994767  0.62263885 0.54149667 0.66203354 0.53537799
0.67379753 0.58606392 0.11077843 0.15208261 0.31310679 0.56921193  0.57894337 0.53749355 0.53639341 0.3720876  0.31043199 0.50994767  0.62263885 0.54149667 0.66203354 0.53537799
0.68951631 0.56074627 0.11763066 0.12574211 0.30721065 0.55517413  0.55652297 0.61012512 0.53321756 0.38904356 0.29689995 0.51959869  0.56756511 0.51930834 0.68275568 0.54745419
0.71481644 0.49307996 0.09631979 0.12825407 0.3450387  0.53617585  0.49845024 0.449      0.58042891 0.38609797 0.23191715 0.52869951  0.60494917 0.45561787 0.66422429 0.48769129
0.74259513 0.43134932 0.10147678 0.12277353 0.34690923 0.49611053  0.42778048 0.44379952 0.59194669 0.38730686 0.23314702 0.52190563  0.48136398 0.35534509 0.62720503 0.43155854
0.75500101 0.3959788  0.09496858 0.12721651 0.36291236 0.47253131  0.39032606 0.42928219 0.61687182 0.36024464 0.29584427 0.49735479  0.46131689 0.29342549 0.53318046 0.40450296
0.77045293 0.38261378 0.11810865 0.13503757 0.33883886 0.48945744  0.34555663 0.43957064 0.56631317 0.37898498 0.25354133 0.50240491  0.4553934  0.28566417 0.47715708 0.3362237 
0.77766008 0.3544494  0.11532598 0.18214421 0.3624777  0.51510882  0.34784378 0.44157604 0.53254084 0.39395625 0.26759632 0.45094377  0.44964707 0.31249113 0.47374255 0.40393201
0.78548636 0.32492756 0.11372766 0.22845341 0.38276825 0.53065775  0.34522863 0.43537146 0.4930477  0.40980957 0.3044102  0.40203274  0.44467291 0.33757959 0.45088574 0.48599792
0.8047809  0.24826821 0.0977911  0.35412712 0.45612291 0.62278197  0.35637158 0.45065112 0.40864818 0.38845759 0.29148671 0.28625432  0.45731867 0.33177787 0.54202877 0.52216951
0.81047484 0.22479077 0.09155524 0.39911602 0.48584876 0.66246775  0.37372115 0.46227109 0.39190146 0.37276068 0.26264094 0.25091394  0.46395887 0.33653459 0.60702753 0.50683777
0.81537622 0.20344082 0.08762222 0.44582851 0.51047077 0.69919957  0.39586853 0.48477267 0.3774267  0.35938579 0.24306986 0.23433486  0.46590999 0.34861932 0.64853095 0.49091055
0.81537622 0.20344082 0.08762222 0.44582851 0.51047077 0.69919957  0.39586853 0.48477267 0.3774267  0.35938579 0.24306986 0.23433486  0.46590999 0.34861932 0.64853095 0.49091055
0.81792082 0.19184106 0.08554442 0.47808378 0.52935228 0.72526902  0.42837162 0.51109002 0.40333093 0.33696493 0.2029051  0.25899991  0.44164123 0.37789661 0.63411773 0.43747564
0.81937771 0.18504158 0.08621549 0.50126879 0.53701595 0.73697522  0.45556688 0.52821241 0.43011439 0.31986965 0.1839174  0.29209813  0.42181815 0.40086463 0.59972424 0.41883443
0.80752222 0.18147399 0.06278741 0.54604377 0.58220828 0.7528053  0.55634032 0.56171787 0.52935637 0.26981368 0.18047007 0.3525942  0.38913578 0.45277418 0.5970184  0.42370144
0.80989475 0.1702782  0.06173101 0.58045224 0.59960843 0.77856985  0.59545002 0.59574197 0.56823811 0.24331633 0.13485505 0.39948388  0.34674847 0.49819334 0.54628548 0.36061652
0.80989475 0.1702782  0.06173101 0.58045224 0.59960843 0.77856985  0.59545002 0.59574197 0.56823811 0.24331633 0.13485505 0.39948388  0.34674847 0.49819334 0.54628548 0.36061652
0.74107635 0.18244185 0.0365448  0.60466859 0.68182874 0.62123836  0.69879442 0.60342677 0.55970552 0.12759872 0.2922712  0.33621948  0.46720836 0.58388737 0.48404859 0.28753654
0.73631987 0.20480807 0.0379309  0.53668318 0.65133834 0.5747929  0.62640824 0.54322182 0.49606021 0.17068059 0.36143788 0.2520519  0.52448849 0.51987097 0.55994324 0.38719667
0.7151229  0.19719785 0.0445614  0.4845406  0.6449172  0.51711338  0.59721045 0.52418745 0.40769157 0.16927228 0.39703087 0.17429919  0.63265522 0.46765937 0.54030149 0.41720359
0.65792793 0.27897593 0.03205494 0.50848473 0.66011158 0.45676245  0.66216144 0.38578581 0.45457032 0.14485086 0.44117376 0.20778497  0.70285145 0.58959766 0.46660272 0.3375295 
0.47466084 0.30066302 0.06232033 0.56713192 0.70174198 0.27856955  0.72926101 0.28336285 0.34342574 0.21315171 0.20485299 0.32995716  0.61532685 0.66567346 0.64961177 0.27815978
0.31256418 0.41169511 0.14585358 0.4050816  0.53729538 0.21811637  0.71623585 0.17160601 0.20480506 0.3541365  0.1030399  0.48507007  0.56530664 0.42700275 0.45288815 0.36176775
0.18705609 0.4019924  0.22311106 0.35000781 0.45968876 0.26594294  0.71409136 0.26372731 0.18872934 0.42065267 0.14409214 0.52472708  0.52732599 0.38049749 0.44614589 0.47162268
0.15702744 0.44669417 0.24179778 0.38985792 0.42990029 0.28442877  0.6805538  0.34065654 0.18621581 0.4296531  0.17045688 0.52408926  0.45717077 0.37557794 0.37521589 0.50505978
0.05328598 0.39470304 0.3130424  0.38778521 0.37265749 0.42102114  0.60780621 0.4000298  0.27666152 0.42774583 0.29838229 0.48679091  0.40608369 0.31556775 0.36651561 0.47203381
0.03588513 0.37084578 0.32672557 0.36703884 0.36403217 0.45876771  0.61088645 0.38514633 0.31722814 0.43873001 0.34909001 0.48535694  0.35176087 0.36240566 0.47485227 0.43971294
0.00039479 0.36283831 0.35232302 0.39930133 0.34523319 0.50234819  0.48417291 0.45702496 0.47508945 0.39693445 0.45000532 0.44589633  0.47476172 0.42761975 0.50206904 0.41641874
0.00039479 0.36283831 0.35232302 0.39930133 0.34523319 0.50234819  0.48417291 0.45702496 0.47508945 0.39693445 0.45000532 0.44589633  0.47476172 0.42761975 0.50206904 0.41641874
0.00039479 0.36283831 0.35232302 0.39930133 0.34523319 0.50234819  0.48417291 0.45702496 0.47508945 0.39693445 0.45000532 0.44589633  0.47476172 0.42761975 0.50206904 0.41641874
0.00039479 0.36283831 0.35232302 0.39930133 0.34523319 0.50234819  0.48417291 0.45702496 0.47508945 0.39693445 0.45000532 0.44589633  0.47476172 0.42761975 0.50206904 0.41641874
0.00039479 0.36283831 0.35232302 0.39930133 0.34523319 0.50234819  0.48417291 0.45702496 0.47508945 0.39693445 0.45000532 0.44589633  0.47476172 0.42761975 0.50206904 0.41641874
0.00039479 0.36283831 0.35232302 0.39930133 0.34523319 0.50234819  0.48417291 0.45702496 0.47508945 0.39693445 0.45000532 0.44589633  0.47476172 0.42761975 0.50206904 0.41641874
0.00039479 0.36283831 0.35232302 0.39930133 0.34523319 0.50234819  0.48417291 0.45702496 0.47508945 0.39693445 0.45000532 0.44589633  0.47476172 0.42761975 0.50206904 0.41641874
0.00039479 0.36283831 0.35232302 0.39930133 0.34523319 0.50234819  0.48417291 0.45702496 0.47508945 0.39693445 0.45000532 0.44589633  0.47476172 0.42761975 0.50206904 0.41641874
0.00039479 0.36283831 0.35232302 0.39930133 0.34523319 0.50234819  0.48417291 0.45702496 0.47508945 0.39693445 0.45000532 0.44589633  0.47476172 0.42761975 0.50206904 0.41641874
0.00039479 0.36283831 0.35232302 0.39930133 0.34523319 0.50234819  0.48417291 0.45702496 0.47508945 0.39693445 0.45000532 0.44589633  0.47476172 0.42761975 0.50206904 0.41641874
0.00039479 0.36283831 0.35232302 0.39930133 0.34523319 0.50234819  0.48417291 0.45702496 0.47508945 0.39693445 0.45000532 0.44589633  0.47476172 0.42761975 0.50206904 0.41641874
0.00039479 0.36283831 0.35232302 0.39930133 0.34523319 0.50234819  0.48417291 0.45702496 0.47508945 0.39693445 0.45000532 0.44589633  0.47476172 0.42761975 0.50206904 0.41641874
0.00039479 0.36283831 0.35232302 0.39930133 0.34523319 0.50234819  0.48417291 0.45702496 0.47508945 0.39693445 0.45000532 0.44589633  0.47476172 0.42761975 0.50206904 0.41641874
0.00039479 0.36283831 0.35232302 0.39930133 0.34523319 0.50234819  0.48417291 0.45702496 0.47508945 0.39693445 0.45000532 0.44589633  0.47476172 0.42761975 0.50206904 0.41641874
0.00039479 0.36283831 0.35232302 0.39930133 0.34523319 0.50234819  0.48417291 0.45702496 0.47508945 0.39693445 0.45000532 0.44589633  0.47476172 0.42761975 0.50206904 0.41641874
0.00039479 0.36283831 0.35232302 0.39930133 0.34523319 0.50234819  0.48417291 0.45702496 0.47508945 0.39693445 0.45000532 0.44589633  0.47476172 0.42761975 0.50206904 0.41641874
0.00039479 0.36283831 0.35232302 0.39930133 0.34523319 0.50234819  0.48417291 0.45702496 0.47508945 0.39693445 0.45000532 0.44589633  0.47476172 0.42761975 0.50206904 0.41641874
0.00039479 0.36283831 0.35232302 0.39930133 0.34523319 0.50234819  0.48417291 0.45702496 0.47508945 0.39693445 0.45000532 0.44589633  0.47476172 0.42761975 0.50206904 0.41641874
