0.00039479 0.36283831 0.35232302 0.39930133 0.34523319 0.50234819  0.48417291 0.45702496 0.47508945 0.39693445 0.45000532 0.44589633  0.47476172 0.42761975 0.50206904 0.41641874
0.00039479 0.36283831 0.35232302 0.39930133 0.34523319 0.50234819  0.48417291 0.45702496 0.47508945 0.39693445 0.45000532 0.44589633  0.47476172 0.42761975 0.50206904 0.41641874
0.00039479 0.36283831 0.35232302 0.39930133 0.34523319 0.50234819  0.48417291 0.45702496 0.47508945 0.39693445 0.45000532 0.44589633  0.47476172 0.42761975 0.50206904 0.41641874
0.00039479 0.36283831 0.35232302 0.39930133 0.34523319 0.50234819  0.48417291 0.45702496 0.47508945 0.39693445 0.45000532 0.44589633  0.47476172 0.42761975 0.50206904 0.41641874
0.00039479 0.36283831 0.35232302 0.39930133 0.34523319 0.50234819  0.48417291 0.45702496 0.47508945 0.39693445 0.45000532 0.44589633  0.47476172 0.42761975 0.50206904 0.41641874
0.00039479 0.36283831 0.35232302 0.39930133 0.34523319 0.50234819  0.48417291 0.45702496 0.47508945 0.39693445 0.45000532 0.44589633  0.47476172 0.42761975 0.50206904 0.41641874
0.00039479 0.36283831 0.35232302 0.39930133 0.34523319 0.50234819  0.48417291 0.45702496 0.47508945 0.39693445 0.45000532 0.44589633  0.47476172 0.42761975 0.50206904 0.41641874
0.00039479 0.36283831 0.35232302 0.39930133 0.34523319 0.50234819  0.48417291 0.45702496 0.47508945 0.39693445 0.45000532 0.44589633  0.47476172 0.42761975 0.50206904 0.41641874
0.00039479 0.36283831 0.35232302 0.39930133 0.34523319 0.50234819  0.48417291 0.45702496 0.47508945 0.39693445 0.45000532 0.44589633  0.47476172 0.42761975 0.50206904 0.41641874
0.00039479 0.36283831 0.35232302 0.39930133 0.34523319 0.50234819  0.48417291 0.45702496 0.47508945 0.39693445 0.45000532 0.44589633  0.47476172 0.42761975 0.50206904 0.41641874
0.00039479 0.36283831 0.35232302 0.39930133 0.34523319 0.50234819  0.48417291 0.45702496 0.47508945 0.39693445 0.45000532 0.44589633  0.47476172 0.42761975 0.50206904 0.41641874
0.00039479 0.36283831 0.35232302 0.39930133 0.34523319 0.50234819  0.48417291 0.45702496 0.47508945 0.39693445 0.45000532 0.44589633  0.47476172 0.42761975 0.50206904 0.41641874
0.00039479 0.36283831 0.35232302 0.39930133 0.34523319 0.50234819  0.48417291 0.45702496 0.47508945 0.39693445 0.45000532 0.44589633  0.47476172 0.42761975 0.50206904 0.41641874
0.00039479 0.36283831 0.35232302 0.39930133 0.34523319 0.50234819  0.48417291 0.45702496 0.47508945 0.39693445 0.45000532 0.44589633  0.47476172 0.42761975 0.50206904 0.41641874
0.00039479 0.36283831 0.35232302 0.39930133 0.34523319 0.50234819  0.48417291 0.45702496 0.47508945 0.39693445 0.45000532 0.44589633  0.47476172 0.42761975 0.50206904 0.41641874
0.00039479 0.36283831 0.35232302 0.39930133 0.34523319 0.50234819  0.48417291 0.45702496 0.47508945 0.39693445 0.45000532 0.44589633  0.47476172 0.42761975 0.50206904 0.41641874
0.00039479 0.36283831 0.35232302 0.39930133 0.34523319 0.50234819  0.48417291 0.45702496 0.47508945 0.39693445 0.45000532 0.44589633  0.47476172 0.42761975 0.50206904 0.41641874
0.00039479 0.36283831 0.35232302 0.39930133 0.34523319 0.50234819  0.48417291 0.45702496 0.47508945 0.39693445 0.45000532 0.44589633  0.47476172 0.42761975 0.50206904 0.41641874
0.00039479 0.36283831 0.35232302 0.39930133 0.34523319 0.50234819  0.48417291 0.45702496 0.47508945 0.39693445 0.45000532 0.44589633  0.47476172 0.42761975 0.50206904 0.41641874
0.00039479 0.36283831 0.35232302 0.39930133 0.34523319 0.50234819  0.48417291 0.45702496 0.47508945 0.39693445 0.45000532 0.44589633  0.47476172 0.42761975 0.50206904 0.41641874
0.00039479 0.36283831 0.35232302 0.39930133 0.34523319 0.50234819  0.48417291 0.45702496 0.47508945 0.39693445 0.45000532 0.44589633  0.47476172 0.42761975 0.50206904 0.41641874
0.00039479 0.36283831 0.35232302 0.39930133 0.34523319 0.50234819  0.48417291 0.45702496 0.47508945 0.39693445 0.45000532 0.44589633  0.47476172 0.42761975 0.50206904 0.41641874
0.00039479 0.36283831 0.35232302 0.39930133 0.34523319 0.50234819  0.48417291 0.45702496 0.47508945 0.39693445 0.45000532 0.44589633  0.47476172 0.42761975 0.50206904 0.41641874
0.00039479 0.36283831 0.35232302 0.39930133 0.34523319 0.50234819  0.48417291 0.45702496 0.47508945 0.39693445 0.45000532 0.44589633  0.47476172 0.42761975 0.50206904 0.41641874
0.00039479 0.36283831 0.35232302 0.39930133 0.34523319 0.50234819  0.48417291 0.45702496 0.47508945 0.39693445 0.45000532 0.44589633  0.47476172 0.42761975 0.50206904 0.41641874
0.00039479 0.36283831 0.35232302 0.39930133 0.34523319 0.50234819  0.48417291 0.45702496 0.47508945 0.39693445 0.45000532 0.44589633  0.47476172 0.42761975 0.50206904 0.41641874
0.00039479 0.36283831 0.35232302 0.39930133 0.34523319 0.50234819  0.48417291 0.45702496 0.47508945 0.39693445 0.45000532 0.44589633  0.47476172 0.42761975 0.50206904 0.41641874
0.00039479 0.36283831 0.35232302 0.39930133 0.34523319 0.50234819  0.48417291 0.45702496 0.47508945 0.39693445 0.45000532 0.44589633  0.47476172 0.42761975 0.50206904 0.41641874
0.00039479 0.36283831 0.35232302 0.39930133 0.34523319 0.50234819  0.48417291 0.45702496 0.47508945 0.39693445 0.45000532 0.44589633  0.47476172 0.42761975 0.50206904 0.41641874
0.00039479 0.36283831 0.35232302 0.39930133 0.34523319 0.50234819  0.48417291 0.45702496 0.47508945 0.39693445 0.45000532 0.44589633  0.47476172 0.42761975 0.50206904 0.41641874
0.00039479 0.36283831 0.35232302 0.39930133 0.34523319 0.50234819  0.48417291 0.45702496 0.47508945 0.39693445 0.45000532 0.44589633  0.47476172 0.42761975 0.50206904 0.41641874
0.00039479 0.36283831 0.35232302 0.39930133 0.34523319 0.50234819  0.48417291 0.45702496 0.47508945 0.39693445 0.45000532 0.44589633  0.47476172 0.42761975 0.50206904 0.41641874
0.00039479 0.36283831 0.35232302 0.39930133 0.34523319 0.50234819  0.48417291 0.45702496 0.47508945 0.39693445 0.45000532 0.44589633  0.47476172 0.42761975 0.50206904 0.41641874
0.00039479 0.36283831 0.35232302 0.39930133 0.34523319 0.50234819  0.48417291 0.45702496 0.47508945 0.39693445 0.45000532 0.44589633  0.47476172 0.42761975 0.50206904 0.41641874
0.00039479 0.36283831 0.35232302 0.39930133 0.34523319 0.50234819  0.48417291 0.45702496 0.47508945 0.39693445 0.45000532 0.44589633  0.47476172 0.42761975 0.50206904 0.41641874
0.00039479 0.36283831 0.35232302 0.39930133 0.34523319 0.50234819  0.48417291 0.45702496 0.47508945 0.39693445 0.45000532 0.44589633  0.47476172 0.42761975 0.50206904 0.41641874
0.00039479 0.36283831 0.35232302 0.39930133 0.34523319 0.50234819  0.48417291 0.45702496 0.47508945 0.39693445 0.45000532 0.44589633  0.47476172 0.42761975 0.50206904 0.41641874
0.00039479 0.36283831 0.35232302 0.39930133 0.34523319 0.50234819  0.48417291 0.45702496 0.47508945 0.39693445 0.45000532 0.44589633  0.47476172 0.42761975 0.50206904 0.41641874
0.00039479 0.36283831 0.35232302 0.39930133 0.34523319 0.50234819  0.48417291 0.45702496 0.47508945 0.39693445 0.45000532 0.44589633  0.47476172 0.42761975 0.50206904 0.41641874
0.00039479 0.36283831 0.35232302 0.39930133 0.34523319 0.50234819  0.48417291 0.45702496 0.47508945 0.39693445 0.45000532 0.44589633  0.47476172 0.42761975 0.50206904 0.41641874
0.00039479 0.36283831 0.35232302 0.39930133 0.34523319 0.50234819  0.48417291 0.45702496 0.47508945 0.39693445 0.45000532 0.44589633  0.47476172 0.42761975 0.50206904 0.41641874
0.00039479 0.36283831 0.35232302 0.39930133 0.34523319 0.50234819  0.48417291 0.45702496 0.47508945 0.39693445 0.45000532 0.44589633  0.47476172 0.42761975 0.50206904 0.41641874
0.00039479 0.36283831 0.35232302 0.39930133 0.34523319 0.50234819  0.48417291 0.45702496 0.47508945 0.39693445 0.45000532 0.44589633  0.47476172 0.42761975 0.50206904 0.41641874
0.00039479 0.36283831 0.35232302 0.39930133 0.34523319 0.50234819  0.48417291 0.45702496 0.47508945 0.39693445 0.45000532 0.44589633  0.47476172 0.42761975 0.50206904 0.41641874
0.00039479 0.36283831 0.35232302 0.39930133 0.34523319 0.50234819  0.48417291 0.45702496 0.47508945 0.39693445 0.45000532 0.44589633  0.47476172 0.42761975 0.50206904 0.41641874
0.00039479 0.36283831 0.35232302 0.39930133 0.34523319 0.50234819  0.48417291 0.45702496 0.47508945 0.39693445 0.45000532 0.44589633  0.47476172 0.42761975 0.50206904 0.41641874
0.00039479 0.36283831 0.35232302 0.39930133 0.34523319 0.50234819  0.48417291 0.45702496 0.47508945 0.39693445 0.45000532 0.44589633  0.47476172 0.42761975 0.50206904 0.41641874
0.00039479 0.36283831 0.35232302 0.39930133 0.34523319 0.50234819  0.48417291 0.45702496 0.47508945 0.39693445 0.45000532 0.44589633  0.47476172 0.42761975 0.50206904 0.41641874
0.0177474  0.38984345 0.33852207 0.42635267 0.35697043 0.47086435  0.45750391 0.47765391 0.48169648 0.39463854 0.42895995 0.44917931  0.51265071 0.44991576 0.53083289 0.43501917
0.03525649 0.41685964 0.32437467 0.45347996 0.36854765 0.43569141  0.43485985 0.4975719  0.47652552 0.39120509 0.39620065 0.45304628  0.55757342 0.45566594 0.52722734 0.46096477
0.07199408 0.46750629 0.29903328 0.49138657 0.38027929 0.41293245  0.4035884  0.51021345 0.51278795 0.38975802 0.43502408 0.44711343  0.51975164 0.49561098 0.60671087 0.42131372
0.12672612 0.54137758 0.26278974 0.54401884 0.39417517 0.39074118  0.35574632 0.52783416 0.57259564 0.39322951 0.48704457 0.44219725  0.47978899 0.54359807 0.71115727 0.39215667
0.2372739  0.65254208 0.22017904 0.58586984 0.35325042 0.53809477  0.28847438 0.4449382  0.6716789  0.49656242 0.46425147 0.49188813  0.39433071 0.50906711 0.78552034 0.48740073
0.32865318 0.75737616 0.16806392 0.63753737 0.3574828  0.51991138  0.26675109 0.46987999 0.66871712 0.46897454 0.48434724 0.47314478  0.46263647 0.44807772 0.61330881 0.49120576
0.41257859 0.80625598 0.19238625 0.61356115 0.28247903 0.6527087  0.28727513 0.42532133 0.69935403 0.42584011 0.56655778 0.46489954  0.59287517 0.4561008  0.45496479 0.51531054
0.49193739 0.77313555 0.34490764 0.64651908 0.15413333 0.73202133  0.15373805 0.43811793 0.51590422 0.40926519 0.4283473  0.53839704  0.75329305 0.50978    0.27550205 0.39510454
0.50927795 0.80597146 0.44284936 0.64905256 0.15256201 0.70507716  0.17725444 0.39992261 0.53046187 0.30831243 0.37148537 0.44915113  0.69264278 0.51706453 0.31365688 0.43035243
0.5970785  0.79117264 0.67058309 0.69943    0.11455306 0.61022627  0.28135296 0.403714   0.49398921 0.35213798 0.41632397 0.40568702  0.58000869 0.37847127 0.51231868 0.27468151
0.5970785  0.79117264 0.67058309 0.69943    0.11455306 0.61022627  0.28135296 0.403714   0.49398921 0.35213798 0.41632397 0.40568702  0.58000869 0.37847127 0.51231868 0.27468151
0.5970785  0.79117264 0.67058309 0.69943    0.11455306 0.61022627  0.28135296 0.403714   0.49398921 0.35213798 0.41632397 0.40568702  0.58000869 0.37847127 0.51231868 0.27468151
0.5970785  0.79117264 0.67058309 0.69943    0.11455306 0.61022627  0.28135296 0.403714   0.49398921 0.35213798 0.41632397 0.40568702  0.58000869 0.37847127 0.51231868 0.27468151
0.61536473 0.80200133 0.6589373  0.69072774 0.11927458 0.59694598  0.33458478 0.3720597  0.4208232  0.36153777 0.38920581 0.41356247  0.48955248 0.33647709 0.47370501 0.25518091
0.61536473 0.80200133 0.6589373  0.69072774 0.11927458 0.59694598  0.33458478 0.3720597  0.4208232  0.36153777 0.38920581 0.41356247  0.48955248 0.33647709 0.47370501 0.25518091
0.64948403 0.78347163 0.65607597 0.65083659 0.11138894 0.58364842  0.36439291 0.4131829  0.37250231 0.36065142 0.40748148 0.4088346  0.32418793 0.24929815 0.48417575 0.21249817
0.66204855 0.74253632 0.63345359 0.63755032 0.0634315  0.55386272  0.35960046 0.48912649 0.38244593 0.38953734 0.40019161 0.42945951  0.28943585 0.21994514 0.50996433 0.24737402
0.67364    0.71364699 0.60148472 0.59427675 0.05588444 0.55840254  0.38228494 0.57876746 0.39232142 0.43562995 0.4086668  0.41643088  0.38742109 0.22077318 0.52327779 0.20820246
0.6378242  0.65701841 0.40442651 0.57083476 0.04846134 0.63043312  0.2927767  0.64401879 0.27793993 0.57754036 0.53187596 0.58415579  0.47575052 0.31705843 0.4013256  0.13973833
0.63513574 0.6452083  0.33147101 0.48275216 0.10010786 0.66511679  0.32635185 0.73080591 0.3216591  0.55567115 0.50260933 0.51794497  0.47305505 0.24805675 0.46665452 0.16949544
0.6073536  0.6787856  0.19324266 0.35007222 0.2072411  0.70615524  0.37228157 0.71182306 0.35859507 0.48861905 0.31078813 0.47270274  0.32697107 0.18632178 0.36291787 0.41125893
0.57721633 0.73245173 0.17410819 0.37319716 0.23297868 0.73781816  0.4366787  0.60959487 0.38843942 0.45794182 0.34941926 0.45822118  0.53735238 0.31123684 0.27335317 0.43009193
0.57893926 0.75093148 0.15414268 0.36454816 0.25489554 0.72505783  0.53716471 0.5152316  0.33986227 0.45396588 0.3506393  0.46014752  0.5852238  0.34564291 0.28430743 0.42847515
0.58108692 0.75256055 0.12394235 0.31353641 0.28926624 0.69493698  0.64085643 0.51238524 0.37699323 0.42387175 0.40951623 0.44861004  0.63806581 0.39214551 0.40029533 0.49172826
0.58108692 0.75256055 0.12394235 0.31353641 0.28926624 0.69493698  0.64085643 0.51238524 0.37699323 0.42387175 0.40951623 0.44861004  0.63806581 0.39214551 0.40029533 0.49172826
0.61359639 0.70602902 0.12708186 0.24425495 0.28995095 0.66442193  0.63814237 0.62599148 0.39744107 0.41906917 0.41432031 0.453696  0.64102134 0.40103942 0.48983862 0.51784114
0.64509807 0.66656891 0.1513855  0.2189926  0.26625351 0.66215909  0.57966734 0.69280885 0.37009832 0.41960685 0.37883188 0.46078699  0.61694095 0.37034629 0.49514954 0.46184199
0.71967093 0.52099502 0.1532082  0.13076093 0.26648521 0.55751601  0.47625283 0.66187709 0.4558594  0.43102097 0.23310094 0.53171735  0.44344248 0.44838812 0.66382713 0.45831389
0.71967093 0.52099502 0.1532082  0.13076093 0.26648521 0.55751601  0.47625283 0.66187709 0.4558594  0.43102097 0.23310094 0.53171735  0.44344248 0.44838812 0.66382713 0.45831389
0.75622301 0.47264599 0.21276408 0.18482257 0.23124996 0.51200055  0.43476152 0.58566423 0.40906278 0.43385035 0.32109795 0.56944948  0.54769075 0.48722382 0.56877087 0.30887442
0.85315714 0.47262528 0.53912673 0.21324905 0.38564105 0.39886202  0.40077134 0.41447714 0.44653271 0.42011324 0.33889362 0.39873451  0.55772397 0.4952839  0.496942   0.10633437
0.85315714 0.47262528 0.53912673 0.21324905 0.38564105 0.39886202  0.40077134 0.41447714 0.44653271 0.42011324 0.33889362 0.39873451  0.55772397 0.4952839  0.496942   0.10633437
0.88409399 0.47216535 0.66355164 0.27377152 0.40582951 0.3417286  0.45543559 0.38767199 0.49882045 0.41737105 0.4516502  0.45956846  0.5657837  0.4248464  0.53741768 0.27285238
0.90318854 0.51634424 0.8043882  0.20935656 0.70538773 0.34875818  0.46765629 0.41168707 0.60204799 0.57297445 0.52182406 0.54082517  0.60168058 0.30344428 0.49309225 0.3735978 
0.91512155 0.47903403 0.78280198 0.22430938 0.67698807 0.32989542  0.45807809 0.32436345 0.6319773  0.56780368 0.44315047 0.49566062  0.6121631  0.28638693 0.50017771 0.32741104
0.91512155 0.47903403 0.78280198 0.22430938 0.67698807 0.32989542  0.45807809 0.32436345 0.6319773  0.56780368 0.44315047 0.49566062  0.6121631  0.28638693 0.50017771 0.32741104
0.9176228  0.42777635 0.72815136 0.31783363 0.54434113 0.32694943  0.48050638 0.29555665 0.59973125 0.51991391 0.40554976 0.3536036  0.60347986 0.34537486 0.47502801 0.34443266
0.91199655 0.40706618 0.68204755 0.34053705 0.46190342 0.30992978  0.49997096 0.30315076 0.61423748 0.54955069 0.40107842 0.34457716  0.62041673 0.35823996 0.4593051  0.34531227
0.91199655 0.40706618 0.68204755 0.34053705 0.46190342 0.30992978  0.49997096 0.30315076 0.61423748 0.54955069 0.40107842 0.34457716  0.62041673 0.35823996 0.4593051  0.34531227
0.88983737 0.32590542 0.5080133  0.4256154  0.21169098 0.27886119  0.53930874 0.32268089 0.59053482 0.49741488 0.469381   0.48083607  0.63294449 0.27280604 0.54800979 0.44781958
0.88039048 0.27901583 0.41684339 0.45966603 0.20420862 0.35680266  0.45113786 0.32627922 0.39774503 0.44283492 0.55128587 0.53668367  0.65937753 0.36572204 0.60999433 0.43227391
0.85756288 0.26254091 0.31244916 0.41714736 0.23495316 0.40635442  0.39608898 0.37660187 0.33204978 0.50035894 0.5656718  0.55220784  0.61958333 0.41081367 0.57119044 0.37386783
0.83884769 0.26316952 0.24510566 0.37472121 0.2784839  0.43463573  0.38629715 0.41806719 0.37663098 0.563671   0.52089722 0.51025186  0.57096519 0.39271188 0.52722995 0.36929344
0.82982817 0.26285634 0.20939109 0.34993627 0.29787243 0.45581725  0.3596482  0.43420969 0.36611931 0.57199243 0.51061925 0.5004943  0.52451207 0.42407134 0.48174135 0.38445546
0.79758226 0.31691458 0.14607381 0.25841921 0.35936251 0.5260737  0.33874815 0.42025345 0.44312642 0.41429955 0.32861303 0.41936253  0.50798487 0.35880214 0.45492552 0.40707873
0.79758226 0.31691458 0.14607381 0.25841921 0.35936251 0.5260737  0.33874815 0.42025345 0.44312642 0.41429955 0.32861303 0.41936253  0.50798487 0.35880214 0.45492552 0.40707873
0.79758226 0.31691458 0.14607381 0.25841921 0.35936251 0.5260737  0.33874815 0.42025345 0.44312642 0.41429955 0.32861303 0.41936253  0.50798487 0.35880214 0.45492552 0.40707873
0.80519366 0.28705699 0.13996137 0.3030159  0.38454244 0.55573458  0.33189306 0.42020376 0.39419516 0.40881891 0.3427455  0.36537019  0.52085509 0.33657177 0.49385534 0.43420947
0.80085895 0.26496556 0.10028839 0.31649515 0.4347067  0.59436451  0.33146015 0.42957517 0.40053535 0.39848443 0.31854969 0.29215966  0.47450926 0.29298489 0.54574744 0.53316816
0.80085895 0.26496556 0.10028839 0.31649515 0.4347067  0.59436451  0.33146015 0.42957517 0.40053535 0.39848443 0.31854969 0.29215966  0.47450926 0.29298489 0.54574744 0.53316816
0.80085895 0.26496556 0.10028839 0.31649515 0.4347067  0.59436451  0.33146015 0.42957517 0.40053535 0.39848443 0.31854969 0.29215966  0.47450926 0.29298489 0.54574744 0.53316816
0.80085895 0.26496556 0.10028839 0.31649515 0.4347067  0.59436451  0.33146015 0.42957517 0.40053535 0.39848443 0.31854969 0.29215966  0.47450926 0.29298489 0.54574744 0.53316816
0.80085895 0.26496556 0.10028839 0.31649515 0.4347067  0.59436451  0.33146015 0.42957517 0.40053535 0.39848443 0.31854969 0.29215966  0.47450926 0.29298489 0.54574744 0.53316816
0.80085895 0.26496556 0.10028839 0.31649515 0.4347067  0.59436451  0.33146015 0.42957517 0.40053535 0.39848443 0.31854969 0.29215966  0.47450926 0.29298489 0.54574744 0.53316816
0.75526666 0.36409623 0.07242162 0.22057045 0.42996167 0.54681283  0.42120053 0.38407746 0.56631792 0.34613434 0.33140235 0.38294437  0.59073584 0.36104704 0.54860298 0.51311181
0.71690616 0.44485817 0.06165504 0.220127   0.42130459 0.55227791  0.47023019 0.24867584 0.60631094 0.30676695 0.34801445 0.41734146  0.74373808 0.41816456 0.47882549 0.43129926
0.66210193 0.53009608 0.04737255 0.20582606 0.43113082 0.46012609  0.58588894 0.21335801 0.66576282 0.3314285  0.4455944  0.48120594  0.65883775 0.53185857 0.61481044 0.43323704
0.62762194 0.55551412 0.04113932 0.2607871  0.45614731 0.41750855  0.60637362 0.15177398 0.63427371 0.34412521 0.46638816 0.47572256  0.61280518 0.5705538  0.59189921 0.38251782
0.54919083 0.65352218 0.05803961 0.35426344 0.43999243 0.39726776  0.65996798 0.20672754 0.51141737 0.37479799 0.47566453 0.48249667  0.47906593 0.59374808 0.5933374  0.36786623
0.44125364 0.64845629 0.07896445 0.46267232 0.49088297 0.23584907  0.62730308 0.22729049 0.36973984 0.41114194 0.31068389 0.51104289  0.41274479 0.55355515 0.6552748  0.33470686
0.28498553 0.62109128 0.15313154 0.51854485 0.47200444 0.183488  0.59617091 0.38749713 0.23141325 0.41031958 0.22279658 0.5090148  0.43399951 0.41294744 0.42221228 0.43516107
0.1429483  0.52480068 0.24609203 0.50102213 0.41642939 0.3015651  0.52020928 0.46431274 0.28949508 0.41353854 0.25370339 0.48940077  0.48248241 0.35445066 0.40474299 0.49269772
0.05265734 0.44071691 0.3106915  0.47422633 0.37717297 0.39794484  0.43177961 0.51245536 0.4359589  0.38022092 0.34549293 0.45448025  0.61189625 0.40882803 0.41889068 0.49328565
0.00039479 0.36283831 0.35232302 0.39930133 0.34523319 0.50234819  0.48417291 0.45702496 0.47508945 0.39693445 0.45000532 0.44589633  0.47476172 0.42761975 0.50206904 0.41641874
0.00039479 0.36283831 0.35232302 0.39930133 0.34523319 0.50234819  0.48417291 0.45702496 0.47508945 0.39693445 0.45000532 0.44589633  0.47476172 0.42761975 0.50206904 0.41641874
0.00039479 0.36283831 0.35232302 0.39930133 0.34523319 0.50234819  0.48417291 0.45702496 0.47508945 0.39693445 0.45000532 0.44589633  0.47476172 0.42761975 0.50206904 0.41641874
0.00039479 0.36283831 0.35232302 0.39930133 0.34523319 0.50234819  0.48417291 0.45702496 0.47508945 0.39693445 0.45000532 0.44589633  0.47476172 0.42761975 0.50206904 0.41641874
0.00039479 0.36283831 0.35232302 0.39930133 0.34523319 0.50234819  0.48417291 0.45702496 0.47508945 0.39693445 0.45000532 0.44589633  0.47476172 0.42761975 0.50206904 0.41641874
0.00039479 0.36283831 0.35232302 0.39930133 0.34523319 0.50234819  0.48417291 0.45702496 0.47508945 0.39693445 0.45000532 0.44589633  0.47476172 0.42761975 0.50206904 0.41641874
0.00039479 0.36283831 0.35232302 0.39930133 0.34523319 0.50234819  0.48417291 0.45702496 0.47508945 0.39693445 0.45000532 0.44589633  0.47476172 0.42761975 0.50206904 0.41641874
0.00039479 0.36283831 0.35232302 0.39930133 0.34523319 0.50234819  0.48417291 0.45702496 0.47508945 0.39693445 0.45000532 0.44589633  0.47476172 0.42761975 0.50206904 0.41641874
0.00039479 0.36283831 0.35232302 0.39930133 0.34523319 0.50234819  0.48417291 0.45702496 0.47508945 0.39693445 0.45000532 0.44589633  0.47476172 0.42761975 0.50206904 0.41641874
0.00039479 0.36283831 0.35232302 0.39930133 0.34523319 0.50234819  0.48417291 0.45702496 0.47508945 0.39693445 0.45000532 0.44589633  0.47476172 0.42761975 0.50206904 0.41641874
0.00039479 0.36283831 0.35232302 0.39930133 0.34523319 0.50234819  0.48417291 0.45702496 0.47508945 0.39693445 0.45000532 0.44589633  0.47476172 0.42761975 0.50206904 0.41641874
0.00039479 0.36283831 0.35232302 0.39930133 0.34523319 0.50234819  0.48417291 0.45702496 0.47508945 0.39693445 0.45000532 0.44589633  0.47476172 0.42761975 0.50206904 0.41641874
0.00039479 0.36283831 0.35232302 0.39930133 0.34523319 0.50234819  0.48417291 0.45702496 0.47508945 0.39693445 0.45000532 0.44589633  0.47476172 0.42761975 0.50206904 0.41641874
0.00039479 0.36283831 0.35232302 0.39930133 0.34523319 0.50234819  0.48417291 0.45702496 0.47508945 0.39693445 0.45000532 0.44589633  0.47476172 0.42761975 0.50206904 0.41641874
0.00039479 0.36283831 0.35232302 0.39930133 0.34523319 0.50234819  0.48417291 0.45702496 0.47508945 0.39693445 0.45000532 0.44589633  0.47476172 0.42761975 0.50206904 0.41641874
0.00039479 0.36283831 0.35232302 0.39930133 0.34523319 0.50234819  0.48417291 0.45702496 0.47508945 0.39693445 0.45000532 0.44589633  0.47476172 0.42761975 0.50206904 0.41641874
0.00039479 0.36283831 0.35232302 0.39930133 0.34523319 0.50234819  0.48417291 0.45702496 0.47508945 0.39693445 0.45000532 0.44589633  0.47476172 0.42761975 0.50206904 0.41641874
0.00039479 0.36283831 0.35232302 0.39930133 0.34523319 0.50234819  0.48417291 0.45702496 0.47508945 0.39693445 0.45000532 0.44589633  0.47476172 0.42761975 0.50206904 0.41641874
0.00039479 0.36283831 0.35232302 0.39930133 0.34523319 0.50234819  0.48417291 0.45702496 0.47508945 0.39693445 0.45000532 0.44589633  0.47476172 0.42761975 0.50206904 0.41641874
0.00039479 0.36283831 0.35232302 0.39930133 0.34523319 0.50234819  0.48417291 0.45702496 0.47508945 0.39693445 0.45000532 0.44589633  0.47476172 0.42761975 0.50206904 0.41641874
0.00039479 0.36283831 0.35232302 0.39930133 0.34523319 0.50234819  0.48417291 0.45702496 0.47508945 0.39693445 0.45000532 0.44589633  0.47476172 0.42761975 0.50206904 0.41641874
0.00039479 0.36283831 0.35232302 0.39930133 0.34523319 0.50234819  0.48417291 0.45702496 0.47508945 0.39693445 0.45000532 0.44589633  0.47476172 0.42761975 0.50206904 0.41641874
0.00039479 0.36283831 0.35232302 0.39930133 0.34523319 0.50234819  0.48417291 0.45702496 0.47508945 0.39693445 0.45000532 0.44589633  0.47476172 0.42761975 0.50206904 0.41641874
0.00039479 0.36283831 0.35232302 0.39930133 0.34523319 0.50234819  0.48417291 0.45702496 0.47508945 0.39693445 0.45000532 0.44589633  0.47476172 0.42761975 0.50206904 0.41641874
0.14427951 0.57023987 0.24629474 0.57821207 0.4110745  0.32540065  0.33578738 0.56194996 0.52691769 0.37301203 0.41101066 0.44464729  0.59278735 0.51797886 0.60921661 0.4221387 
0.25419736 0.69603862 0.17532299 0.63467486 0.43631441 0.25601635  0.37584315 0.56290592 0.444927   0.33478882 0.45154936 0.41709848  0.53090555 0.43008075 0.40997243 0.33659554
0.30850331 0.70059206 0.14533853 0.5571546  0.45429396 0.23176441  0.56434343 0.50833928 0.29534045 0.33568683 0.45722205 0.41597393  0.43658552 0.40398255 0.37477741 0.30237739
0.34330701 0.68603489 0.12432661 0.49040369 0.47866862 0.1882695  0.69674744 0.47555702 0.19721746 0.35672881 0.39999889 0.44107173  0.4509594  0.41950392 0.44613884 0.34014604
0.39486923 0.65792402 0.11183226 0.41685243 0.47667981 0.20254646  0.72077917 0.48920325 0.27031103 0.29868046 0.50155081 0.41327106  0.50195247 0.49278879 0.40776121 0.32607137
0.37165436 0.61046809 0.11715266 0.44276045 0.4951821  0.16969583  0.6685603  0.39113537 0.2775283  0.3094995  0.45919646 0.42423513  0.43094949 0.39413559 0.27324229 0.31124197
0.45325727 0.52577941 0.09174396 0.31756183 0.51444039 0.16434195  0.69943181 0.33493076 0.38440445 0.2391163  0.49568952 0.41201842  0.59668287 0.4930334  0.31486801 0.29504157
0.46801426 0.50488777 0.0931273  0.30507052 0.51704254 0.16944134  0.6841902  0.43353418 0.37321625 0.19509551 0.61061651 0.35248253  0.62353681 0.36777422 0.19113668 0.27643631
0.50623734 0.57839963 0.06566406 0.36278848 0.51045781 0.2145938  0.64028407 0.3754726  0.46165427 0.21798852 0.7032396  0.34941044  0.53716614 0.39527764 0.25805157 0.23144656
0.50851489 0.56029916 0.0906164  0.29794641 0.48230189 0.22766786  0.61756467 0.60652585 0.52966021 0.17335962 0.76679712 0.32885733  0.66202911 0.45993783 0.39620495 0.31257037
0.51020778 0.5696156  0.10400747 0.29995141 0.44846213 0.31354731  0.55710026 0.63757932 0.63059629 0.13605031 0.86608798 0.28983863  0.73208973 0.46679721 0.33939233 0.28370486
0.53502488 0.52383809 0.12957283 0.31248816 0.41219165 0.29044634  0.53993744 0.79142669 0.58300439 0.23877024 0.92881288 0.33340693  0.59776516 0.34985909 0.39337655 0.38127164
0.58235702 0.57534922 0.16090421 0.26717023 0.30862536 0.51923497  0.3890106  0.87409082 0.61246876 0.32843133 0.62865728 0.388691  0.54244193 0.30103662 0.63505258 0.45673292
0.55128033 0.6066575  0.19955563 0.31443447 0.25314401 0.59371036  0.25632674 0.93780767 0.64361944 0.36583818 0.45109256 0.42947808  0.6122925  0.33095643 0.68189178 0.49817498
0.50164017 0.68536204 0.2059861  0.46471042 0.22240955 0.69954148  0.14936611 0.73355148 0.66448736 0.4521084  0.36548595 0.47089828  0.48258    0.24991653 0.54716555 0.51425753
0.43806806 0.78100043 0.18322947 0.56220831 0.25324473 0.7451178  0.21593883 0.50867814 0.66822166 0.46195923 0.38972179 0.46711874  0.6444072  0.38203433 0.387558   0.50281926
0.40328691 0.81091504 0.13839651 0.60897078 0.33594668 0.58834586  0.34724066 0.41638698 0.62757836 0.4576079  0.5504961  0.45498459  0.40178024 0.38521367 0.48525966 0.43980125
0.40328691 0.81091504 0.13839651 0.60897078 0.33594668 0.58834586  0.34724066 0.41638698 0.62757836 0.4576079  0.5504961  0.45498459  0.40178024 0.38521367 0.48525966 0.43980125
0.40328691 0.81091504 0.13839651 0.60897078 0.33594668 0.58834586  0.34724066 0.41638698 0.62757836 0.4576079  0.5504961  0.45498459  0.40178024 0.38521367 0.48525966 0.43980125
0.38421914 0.79802412 0.14378413 0.62250184 0.34747431 0.54862163  0.32648344 0.43438917 0.61346651 0.46619122 0.49399951 0.46925587  0.40810959 0.39697973 0.53123503 0.46030535
0.38421914 0.79802412 0.14378413 0.62250184 0.34747431 0.54862163  0.32648344 0.43438917 0.61346651 0.46619122 0.49399951 0.46925587  0.40810959 0.39697973 0.53123503 0.46030535
0.42171714 0.81159209 0.14346617 0.58709314 0.31055413 0.65015237  0.34046159 0.42144209 0.63585157 0.46311384 0.52288784 0.4584271  0.4659697  0.36945024 0.44683659 0.47824036
0.44040188 0.82034229 0.13390782 0.56752468 0.31175412 0.65393346  0.39916614 0.40180063 0.59057552 0.45478735 0.55829857 0.44628621  0.39278733 0.34402745 0.40483746 0.43352958
0.44040188 0.82034229 0.13390782 0.56752468 0.31175412 0.65393346  0.39916614 0.40180063 0.59057552 0.45478735 0.55829857 0.44628621  0.39278733 0.34402745 0.40483746 0.43352958
0.49361703 0.80114197 0.15679995 0.50010909 0.25640354 0.75144508  0.38507805 0.45620174 0.52511207 0.44155072 0.44311722 0.44227593  0.48410711 0.3182956  0.27868747 0.41343092
0.52596024 0.80400362 0.2603194  0.50677143 0.31322242 0.79203737  0.30450546 0.45014979 0.40582388 0.47839582 0.43299704 0.46981955  0.54069137 0.34234545 0.21003635 0.22604269
0.63525893 0.89305567 0.71555733 0.50183961 0.48361762 0.69057543  0.43534018 0.37922921 0.45216258 0.40547025 0.43530103 0.32999332  0.70211013 0.36207311 0.36552597 0.13333877
0.67289917 0.87456588 0.73487131 0.39689366 0.55669811 0.68381492  0.50863484 0.46522723 0.46759514 0.44577716 0.47549645 0.32173591  0.84739899 0.40024449 0.40417199 0.15209717
0.70655572 0.84675471 0.73857002 0.32395142 0.61471363 0.65655065  0.54847352 0.51907942 0.39867819 0.48323726 0.48538727 0.39525403  0.79787711 0.37350953 0.46045055 0.19240859
0.77024796 0.74997135 0.76508603 0.21304211 0.63929398 0.59916864  0.47755374 0.72330443 0.40147197 0.47934658 0.50257486 0.45494132  0.63662926 0.23678549 0.69059541 0.216958  
0.79990173 0.73573321 0.78593706 0.20718382 0.66255829 0.56175986  0.5311484  0.69180238 0.25567181 0.56758007 0.50690773 0.56413217  0.59958766 0.23577379 0.71185468 0.24126749
0.79990173 0.73573321 0.78593706 0.20718382 0.66255829 0.56175986  0.5311484  0.69180238 0.25567181 0.56758007 0.50690773 0.56413217  0.59958766 0.23577379 0.71185468 0.24126749
0.80084991 0.73873269 0.78996627 0.20524483 0.66685582 0.56407304  0.52867382 0.69474306 0.24760951 0.5515121  0.51056494 0.58392282  0.57595297 0.22392542 0.72225588 0.27880286
0.80158721 0.74030042 0.79488415 0.2008735  0.68249986 0.56568644  0.5232402  0.69648385 0.24395175 0.54883498 0.52585267 0.61246194  0.56790039 0.20431717 0.73076155 0.30930109
0.79969643 0.73655074 0.78283723 0.20799301 0.66660418 0.57847869  0.50553696 0.68668386 0.20298982 0.48424225 0.54233059 0.64996897  0.55445827 0.20220339 0.76534459 0.31286255
0.79969643 0.73655074 0.78283723 0.20799301 0.66660418 0.57847869  0.50553696 0.68668386 0.20298982 0.48424225 0.54233059 0.64996897  0.55445827 0.20220339 0.76534459 0.31286255
0.79969643 0.73655074 0.78283723 0.20799301 0.66660418 0.57847869  0.50553696 0.68668386 0.20298982 0.48424225 0.54233059 0.64996897  0.55445827 0.20220339 0.76534459 0.31286255
0.79738997 0.72441016 0.75678127 0.23431787 0.55974842 0.54729258  0.54332004 0.6761164  0.24248073 0.48928999 0.45472265 0.50078063  0.56168656 0.26796623 0.73832087 0.20917864
0.78211851 0.72135657 0.69082512 0.24692116 0.44586332 0.52943985  0.59233422 0.65806377 0.34030644 0.43430583 0.31769193 0.3333652  0.5581603  0.28056284 0.70665449 0.19841575
0.67072462 0.66971717 0.25128756 0.27591675 0.23665511 0.62709405  0.60434812 0.64517302 0.35528476 0.39495202 0.37430014 0.43702942  0.65857348 0.3068198  0.59093365 0.35009234
0.61705988 0.72615902 0.20897184 0.37445679 0.23445295 0.66434473  0.62443179 0.46627162 0.30775451 0.43934749 0.41244943 0.48892533  0.73322566 0.38960045 0.45391293 0.3254133 
0.54586244 0.77974689 0.12267476 0.39836867 0.29679893 0.68115205  0.59554768 0.40168778 0.37523608 0.47557271 0.37358206 0.4789511  0.49127868 0.3460347  0.38172529 0.46165898
0.49362571 0.81124581 0.1016175  0.47514645 0.3390896  0.61266162  0.60791633 0.33866394 0.42945969 0.47868133 0.51729227 0.46887136  0.35637887 0.33670351 0.41965302 0.46160683
0.49362571 0.81124581 0.1016175  0.47514645 0.3390896  0.61266162  0.60791633 0.33866394 0.42945969 0.47868133 0.51729227 0.46887136  0.35637887 0.33670351 0.41965302 0.46160683
0.43917576 0.81684401 0.11488651 0.56584208 0.35122413 0.56182676  0.47942694 0.35652119 0.49760701 0.48167717 0.51210968 0.47442886  0.29605323 0.33657096 0.45465744 0.43788527
0.43917576 0.81684401 0.11488651 0.56584208 0.35122413 0.56182676  0.47942694 0.35652119 0.49760701 0.48167717 0.51210968 0.47442886  0.29605323 0.33657096 0.45465744 0.43788527
0.42197165 0.81966524 0.12883817 0.58940231 0.33714667 0.59212695  0.40594522 0.39674552 0.58230231 0.4492814  0.58590683 0.4428437  0.32859787 0.35979088 0.44326054 0.39509047
0.36587227 0.79504554 0.12960758 0.63436296 0.39705116 0.40951031  0.40342744 0.45029915 0.51109971 0.41625263 0.55231562 0.43837353  0.27097683 0.39454007 0.51246217 0.31853074
0.36587227 0.79504554 0.12960758 0.63436296 0.39705116 0.40951031  0.40342744 0.45029915 0.51109971 0.41625263 0.55231562 0.43837353  0.27097683 0.39454007 0.51246217 0.31853074
0.36587227 0.79504554 0.12960758 0.63436296 0.39705116 0.40951031  0.40342744 0.45029915 0.51109971 0.41625263 0.55231562 0.43837353  0.27097683 0.39454007 0.51246217 0.31853074
0.36587227 0.79504554 0.12960758 0.63436296 0.39705116 0.40951031  0.40342744 0.45029915 0.51109971 0.41625263 0.55231562 0.43837353  0.27097683 0.39454007 0.51246217 0.31853074
0.34686077 0.77966767 0.13599613 0.64231965 0.40704109 0.37104385  0.39253696 0.46472022 0.48345488 0.42101515 0.48418807 0.45346352  0.2998815  0.4012478  0.54111975 0.34348521
0.30910826 0.75802656 0.1509421  0.67541917 0.41736873 0.32753852  0.31307518 0.50236386 0.51461908 0.43792497 0.39228075 0.47987568  0.37939323 0.43843664 0.62909424 0.40870008
0.2905891  0.74350638 0.15382504 0.67461803 0.43475786 0.26801415  0.32752409 0.54218014 0.48558686 0.39258504 0.41411807 0.45543131  0.42393328 0.44464253 0.57446973 0.36941585
0.2905891  0.74350638 0.15382504 0.67461803 0.43475786 0.26801415  0.32752409 0.54218014 0.48558686 0.39258504 0.41411807 0.45543131  0.42393328 0.44464253 0.57446973 0.36941585
0.2905891  0.74350638 0.15382504 0.67461803 0.43475786 0.26801415  0.32752409 0.54218014 0.48558686 0.39258504 0.41411807 0.45543131  0.42393328 0.44464253 0.57446973 0.36941585
0.27230287 0.73267769 0.16547083 0.68332028 0.43003633 0.28129444  0.27429226 0.57383444 0.55875287 0.38318526 0.44123623 0.44755586  0.5143895  0.4866367  0.6130834  0.38891645
0.25377526 0.71250581 0.1728141  0.67338181 0.43930744 0.24739641  0.29501728 0.58953551 0.52108745 0.34995056 0.43564292 0.43116964  0.5790201  0.4829441  0.52548066 0.37344512
0.21623457 0.66850952 0.19464458 0.65673355 0.43804207 0.23751713  0.28996202 0.60532266 0.50420728 0.35359983 0.36349489 0.44466976  0.66187085 0.49348998 0.53524902 0.43385105
0.21623457 0.66850952 0.19464458 0.65673355 0.43804207 0.23751713  0.28996202 0.60532266 0.50420728 0.35359983 0.36349489 0.44466976  0.66187085 0.49348998 0.53524902 0.43385105
0.21623457 0.66850952 0.19464458 0.65673355 0.43804207 0.23751713  0.28996202 0.60532266 0.50420728 0.35359983 0.36349489 0.44466976  0.66187085 0.49348998 0.53524902 0.43385105
0.21623457 0.66850952 0.19464458 0.65673355 0.43804207 0.23751713  0.28996202 0.60532266 0.50420728 0.35359983 0.36349489 0.44466976  0.66187085 0.49348998 0.53524902 0.43385105
0.17949698 0.61786287 0.21998596 0.61882695 0.42631043 0.26027609  0.32123347 0.59268111 0.46794485 0.35504691 0.32467146 0.45060262  0.69969263 0.45354495 0.4557655  0.4735021 
0.1427829  0.56922478 0.24346308 0.58473204 0.42003821 0.26625472  0.3600837  0.57887034 0.40482342 0.35168333 0.26844025 0.45590068  0.73921967 0.39494678 0.33171307 0.51388374
0.12440017 0.54590072 0.25553648 0.56951008 0.41500592 0.27984344  0.36660049 0.573536   0.4031488  0.35895289 0.25716352 0.46023151  0.74080632 0.38769006 0.32975746 0.53921284
0.07142028 0.46534236 0.29713886 0.49167612 0.38288026 0.37162591  0.43491599 0.51841441 0.39885807 0.36886886 0.32007203 0.45294466  0.63702404 0.35282253 0.30203439 0.49424017
0.03544839 0.41404176 0.32462587 0.44710978 0.36503751 0.43337561  0.45603541 0.49115319 0.43842582 0.38389341 0.37735876 0.45056284  0.56420009 0.3942791  0.4095445  0.46588946
0.00039479 0.36283831 0.35232302 0.39930133 0.34523319 0.50234819  0.48417291 0.45702496 0.47508945 0.39693445 0.45000532 0.44589633  0.47476172 0.42761975 0.50206904 0.41641874
0.00039479 0.36283831 0.35232302 0.39930133 0.34523319 0.50234819  0.48417291 0.45702496 0.47508945 0.39693445 0.45000532 0.44589633  0.47476172 0.42761975 0.50206904 0.41641874
0.00039479 0.36283831 0.35232302 0.39930133 0.34523319 0.50234819  0.48417291 0.45702496 0.47508945 0.39693445 0.45000532 0.44589633  0.47476172 0.42761975 0.50206904 0.41641874
0.00039479 0.36283831 0.35232302 0.39930133 0.34523319 0.50234819  0.48417291 0.45702496 0.47508945 0.39693445 0.45000532 0.44589633  0.47476172 0.42761975 0.50206904 0.41641874
0.00039479 0.36283831 0.35232302 0.39930133 0.34523319 0.50234819  0.48417291 0.45702496 0.47508945 0.39693445 0.45000532 0.44589633  0.47476172 0.42761975 0.50206904 0.41641874
0.00039479 0.36283831 0.35232302 0.39930133 0.34523319 0.50234819  0.48417291 0.45702496 0.47508945 0.39693445 0.45000532 0.44589633  0.47476172 0.42761975 0.50206904 0.41641874
0.00039479 0.36283831 0.35232302 0.39930133 0.34523319 0.50234819  0.48417291 0.45702496 0.47508945 0.39693445 0.45000532 0.44589633  0.47476172 0.42761975 0.50206904 0.41641874
0.00039479 0.36283831 0.35232302 0.39930133 0.34523319 0.50234819  0.48417291 0.45702496 0.47508945 0.39693445 0.45000532 0.44589633  0.47476172 0.42761975 0.50206904 0.41641874
0.00039479 0.36283831 0.35232302 0.39930133 0.34523319 0.50234819  0.48417291 0.45702496 0.47508945 0.39693445 0.45000532 0.44589633  0.47476172 0.42761975 0.50206904 0.41641874
0.00039479 0.36283831 0.35232302 0.39930133 0.34523319 0.50234819  0.48417291 0.45702496 0.47508945 0.39693445 0.45000532 0.44589633  0.47476172 0.42761975 0.50206904 0.41641874
0.00039479 0.36283831 0.35232302 0.39930133 0.34523319 0.50234819  0.48417291 0.45702496 0.47508945 0.39693445 0.45000532 0.44589633  0.47476172 0.42761975 0.50206904 0.41641874
0.00039479 0.36283831 0.35232302 0.39930133 0.34523319 0.50234819  0.48417291 0.45702496 0.47508945 0.39693445 0.45000532 0.44589633  0.47476172 0.42761975 0.50206904 0.41641874
0.00039479 0.36283831 0.35232302 0.39930133 0.34523319 0.50234819  0.48417291 0.45702496 0.47508945 0.39693445 0.45000532 0.44589633  0.47476172 0.42761975 0.50206904 0.41641874
0.00039479 0.36283831 0.35232302 0.39930133 0.34523319 0.50234819  0.48417291 0.45702496 0.47508945 0.39693445 0.45000532 0.44589633  0.47476172 0.42761975 0.50206904 0.41641874
0.00039479 0.36283831 0.35232302 0.39930133 0.34523319 0.50234819  0.48417291 0.45702496 0.47508945 0.39693445 0.45000532 0.44589633  0.47476172 0.42761975 0.50206904 0.41641874
