0.00039479 0.36283831 0.35232302 0.39930133 0.34523319 0.50234819  0.48417291 0.45702496 0.47508945 0.39693445 0.45000532 0.44589633  0.47476172 0.42761975 0.50206904 0.41641874
0.00039479 0.36283831 0.35232302 0.39930133 0.34523319 0.50234819  0.48417291 0.45702496 0.47508945 0.39693445 0.45000532 0.44589633  0.47476172 0.42761975 0.50206904 0.41641874
0.00039479 0.36283831 0.35232302 0.39930133 0.34523319 0.50234819  0.48417291 0.45702496 0.47508945 0.39693445 0.45000532 0.44589633  0.47476172 0.42761975 0.50206904 0.41641874
0.00039479 0.36283831 0.35232302 0.39930133 0.34523319 0.50234819  0.48417291 0.45702496 0.47508945 0.39693445 0.45000532 0.44589633  0.47476172 0.42761975 0.50206904 0.41641874
0.00039479 0.36283831 0.35232302 0.39930133 0.34523319 0.50234819  0.48417291 0.45702496 0.47508945 0.39693445 0.45000532 0.44589633  0.47476172 0.42761975 0.50206904 0.41641874
0.00039479 0.36283831 0.35232302 0.39930133 0.34523319 0.50234819  0.48417291 0.45702496 0.47508945 0.39693445 0.45000532 0.44589633  0.47476172 0.42761975 0.50206904 0.41641874
0.00039479 0.36283831 0.35232302 0.39930133 0.34523319 0.50234819  0.48417291 0.45702496 0.47508945 0.39693445 0.45000532 0.44589633  0.47476172 0.42761975 0.50206904 0.41641874
0.00039479 0.36283831 0.35232302 0.39930133 0.34523319 0.50234819  0.48417291 0.45702496 0.47508945 0.39693445 0.45000532 0.44589633  0.47476172 0.42761975 0.50206904 0.41641874
0.00039479 0.36283831 0.35232302 0.39930133 0.34523319 0.50234819  0.48417291 0.45702496 0.47508945 0.39693445 0.45000532 0.44589633  0.47476172 0.42761975 0.50206904 0.41641874
0.00039479 0.36283831 0.35232302 0.39930133 0.34523319 0.50234819  0.48417291 0.45702496 0.47508945 0.39693445 0.45000532 0.44589633  0.47476172 0.42761975 0.50206904 0.41641874
0.00039479 0.36283831 0.35232302 0.39930133 0.34523319 0.50234819  0.48417291 0.45702496 0.47508945 0.39693445 0.45000532 0.44589633  0.47476172 0.42761975 0.50206904 0.41641874
0.00039479 0.36283831 0.35232302 0.39930133 0.34523319 0.50234819  0.48417291 0.45702496 0.47508945 0.39693445 0.45000532 0.44589633  0.47476172 0.42761975 0.50206904 0.41641874
0.00039479 0.36283831 0.35232302 0.39930133 0.34523319 0.50234819  0.48417291 0.45702496 0.47508945 0.39693445 0.45000532 0.44589633  0.47476172 0.42761975 0.50206904 0.41641874
0.00039479 0.36283831 0.35232302 0.39930133 0.34523319 0.50234819  0.48417291 0.45702496 0.47508945 0.39693445 0.45000532 0.44589633  0.47476172 0.42761975 0.50206904 0.41641874
0.00039479 0.36283831 0.35232302 0.39930133 0.34523319 0.50234819  0.48417291 0.45702496 0.47508945 0.39693445 0.45000532 0.44589633  0.47476172 0.42761975 0.50206904 0.41641874
0.00039479 0.36283831 0.35232302 0.39930133 0.34523319 0.50234819  0.48417291 0.45702496 0.47508945 0.39693445 0.45000532 0.44589633  0.47476172 0.42761975 0.50206904 0.41641874
0.00039479 0.36283831 0.35232302 0.39930133 0.34523319 0.50234819  0.48417291 0.45702496 0.47508945 0.39693445 0.45000532 0.44589633  0.47476172 0.42761975 0.50206904 0.41641874
0.00039479 0.36283831 0.35232302 0.39930133 0.34523319 0.50234819  0.48417291 0.45702496 0.47508945 0.39693445 0.45000532 0.44589633  0.47476172 0.42761975 0.50206904 0.41641874
0.00039479 0.36283831 0.35232302 0.39930133 0.34523319 0.50234819  0.48417291 0.45702496 0.47508945 0.39693445 0.45000532 0.44589633  0.47476172 0.42761975 0.50206904 0.41641874
0.00039479 0.36283831 0.35232302 0.39930133 0.34523319 0.50234819  0.48417291 0.45702496 0.47508945 0.39693445 0.45000532 0.44589633  0.47476172 0.42761975 0.50206904 0.41641874
0.00039479 0.36283831 0.35232302 0.39930133 0.34523319 0.50234819  0.48417291 0.45702496 0.47508945 0.39693445 0.45000532 0.44589633  0.47476172 0.42761975 0.50206904 0.41641874
0.00039479 0.36283831 0.35232302 0.39930133 0.34523319 0.50234819  0.48417291 0.45702496 0.47508945 0.39693445 0.45000532 0.44589633  0.47476172 0.42761975 0.50206904 0.41641874
0.00039479 0.36283831 0.35232302 0.39930133 0.34523319 0.50234819  0.48417291 0.45702496 0.47508945 0.39693445 0.45000532 0.44589633  0.47476172 0.42761975 0.50206904 0.41641874
0.00039479 0.36283831 0.35232302 0.39930133 0.34523319 0.50234819  0.48417291 0.45702496 0.47508945 0.39693445 0.45000532 0.44589633  0.47476172 0.42761975 0.50206904 0.41641874
0.00039479 0.36283831 0.35232302 0.39930133 0.34523319 0.50234819  0.48417291 0.45702496 0.47508945 0.39693445 0.45000532 0.44589633  0.47476172 0.42761975 0.50206904 0.41641874
0.00039479 0.36283831 0.35232302 0.39930133 0.34523319 0.50234819  0.48417291 0.45702496 0.47508945 0.39693445 0.45000532 0.44589633  0.47476172 0.42761975 0.50206904 0.41641874
0.00039479 0.36283831 0.35232302 0.39930133 0.34523319 0.50234819  0.48417291 0.45702496 0.47508945 0.39693445 0.45000532 0.44589633  0.47476172 0.42761975 0.50206904 0.41641874
0.00039479 0.36283831 0.35232302 0.39930133 0.34523319 0.50234819  0.48417291 0.45702496 0.47508945 0.39693445 0.45000532 0.44589633  0.47476172 0.42761975 0.50206904 0.41641874
0.00039479 0.36283831 0.35232302 0.39930133 0.34523319 0.50234819  0.48417291 0.45702496 0.47508945 0.39693445 0.45000532 0.44589633  0.47476172 0.42761975 0.50206904 0.41641874
0.00039479 0.36283831 0.35232302 0.39930133 0.34523319 0.50234819  0.48417291 0.45702496 0.47508945 0.39693445 0.45000532 0.44589633  0.47476172 0.42761975 0.50206904 0.41641874
0.00039479 0.36283831 0.35232302 0.39930133 0.34523319 0.50234819  0.48417291 0.45702496 0.47508945 0.39693445 0.45000532 0.44589633  0.47476172 0.42761975 0.50206904 0.41641874
0.00039479 0.36283831 0.35232302 0.39930133 0.34523319 0.50234819  0.48417291 0.45702496 0.47508945 0.39693445 0.45000532 0.44589633  0.47476172 0.42761975 0.50206904 0.41641874
0.00039479 0.36283831 0.35232302 0.39930133 0.34523319 0.50234819  0.48417291 0.45702496 0.47508945 0.39693445 0.45000532 0.44589633  0.47476172 0.42761975 0.50206904 0.41641874
0.00039479 0.36283831 0.35232302 0.39930133 0.34523319 0.50234819  0.48417291 0.45702496 0.47508945 0.39693445 0.45000532 0.44589633  0.47476172 0.42761975 0.50206904 0.41641874
0.0177474  0.38984345 0.33852207 0.42635267 0.35697043 0.47086435  0.45750391 0.47765391 0.48169648 0.39463854 0.42895995 0.44917931  0.51265071 0.44991576 0.53083289 0.43501917
0.0177474  0.38984345 0.33852207 0.42635267 0.35697043 0.47086435  0.45750391 0.47765391 0.48169648 0.39463854 0.42895995 0.44917931  0.51265071 0.44991576 0.53083289 0.43501917
0.0177474  0.38984345 0.33852207 0.42635267 0.35697043 0.47086435  0.45750391 0.47765391 0.48169648 0.39463854 0.42895995 0.44917931  0.51265071 0.44991576 0.53083289 0.43501917
0.0177474  0.38984345 0.33852207 0.42635267 0.35697043 0.47086435  0.45750391 0.47765391 0.48169648 0.39463854 0.42895995 0.44917931  0.51265071 0.44991576 0.53083289 0.43501917
0.05357196 0.4426501  0.31126372 0.47372404 0.37603629 0.41875523  0.42072775 0.50444347 0.48490619 0.39013906 0.40420374 0.45185212  0.54462992 0.46722303 0.55234375 0.44813721
0.07199408 0.46750629 0.29903328 0.49138657 0.38027929 0.41293245  0.4035884  0.51021345 0.51278795 0.38975802 0.43502408 0.44711343  0.51975164 0.49561098 0.60671087 0.42131372
0.09081072 0.48881402 0.28887095 0.49781827 0.37880315 0.42680603  0.4029249  0.50160127 0.53780824 0.38845114 0.48947913 0.43703443  0.46974127 0.50266025 0.62183604 0.38286802
0.12808485 0.52940927 0.27041516 0.50900007 0.37300624 0.46043365  0.39169406 0.49416832 0.59633748 0.39052385 0.57711097 0.42387472  0.41576877 0.52339309 0.66668758 0.35005235
0.27489203 0.68422725 0.20698335 0.57841992 0.33766132 0.59050713  0.30066726 0.43200711 0.69174952 0.49142407 0.52591712 0.47795009  0.38135771 0.47610627 0.7121978  0.47882354
0.38400688 0.80027911 0.13478638 0.62448861 0.36843661 0.49682347  0.37217067 0.42391857 0.55194968 0.46277827 0.50391654 0.46454851  0.29741123 0.38791748 0.53465163 0.40166528
0.47519548 0.81056876 0.09654784 0.49702408 0.36448215 0.55085511  0.61469541 0.33360884 0.42118648 0.47317538 0.54490054 0.46542886  0.29218941 0.35246694 0.45807609 0.42316772
0.56373801 0.76289804 0.11013779 0.33064719 0.31548645 0.65501247  0.67572625 0.48609806 0.39733796 0.42202891 0.49159284 0.4413738  0.59212615 0.40824933 0.44406205 0.49205933
0.65803198 0.61412126 0.10977007 0.17914822 0.31592023 0.59144177  0.59912499 0.49283154 0.5130465  0.39980607 0.3072205  0.51014479  0.67790418 0.60399631 0.56895151 0.53314605
0.72789242 0.45773556 0.08903931 0.12557578 0.36356117 0.51069479  0.46328119 0.40233599 0.6187462  0.36406978 0.2546431  0.51483709  0.59956313 0.418504   0.5901102  0.45241958
0.78277767 0.36796789 0.14576222 0.16114181 0.30900244 0.46866096  0.33973792 0.44535925 0.51899106 0.42864946 0.2987432  0.53144176  0.43919163 0.32541423 0.48278262 0.29986387
0.78277767 0.36796789 0.14576222 0.16114181 0.30900244 0.46866096  0.33973792 0.44535925 0.51899106 0.42864946 0.2987432  0.53144176  0.43919163 0.32541423 0.48278262 0.29986387
0.79415785 0.36297625 0.18025243 0.18791594 0.27865047 0.45321061  0.33989613 0.43092842 0.48379843 0.44901705 0.33981143 0.56570653  0.485514   0.38014125 0.45780067 0.2646153 
0.81756636 0.27993051 0.18297275 0.31847987 0.31135129 0.46972754  0.35308464 0.43066645 0.41574751 0.53425521 0.48914327 0.49672609  0.48754644 0.44867391 0.39273998 0.49665374
0.84448503 0.20591568 0.19809589 0.43478632 0.34286466 0.5086577  0.35251841 0.42910058 0.28833561 0.5765449  0.54162413 0.4075562  0.53735883 0.4129811  0.54758132 0.47529633
0.84448503 0.20591568 0.19809589 0.43478632 0.34286466 0.5086577  0.35251841 0.42910058 0.28833561 0.5765449  0.54162413 0.4075562  0.53735883 0.4129811  0.54758132 0.47529633
0.83293895 0.21996852 0.16953348 0.40652161 0.36328974 0.5334343  0.33931616 0.42487016 0.32323516 0.52293007 0.50328275 0.38685301  0.5173828  0.40407921 0.48760168 0.54382398
0.80919128 0.30529003 0.17587145 0.28133177 0.32257986 0.49441092  0.33956813 0.42672924 0.41053296 0.47984164 0.3906803  0.46533436  0.47479351 0.43205667 0.43152933 0.41438952
0.77045293 0.38261378 0.11810865 0.13503757 0.33883886 0.48945744  0.34555663 0.43957064 0.56631317 0.37898498 0.25354133 0.50240491  0.4553934  0.28566417 0.47715708 0.3362237 
0.77045293 0.38261378 0.11810865 0.13503757 0.33883886 0.48945744  0.34555663 0.43957064 0.56631317 0.37898498 0.25354133 0.50240491  0.4553934  0.28566417 0.47715708 0.3362237 
0.74334434 0.44437054 0.11217939 0.13339684 0.33948767 0.52762092  0.41851176 0.41262444 0.56818756 0.38281012 0.21234017 0.5198872  0.59363963 0.41074267 0.53408681 0.38414032
0.70196273 0.54169533 0.12244725 0.15722644 0.31171405 0.58388782  0.51526523 0.4752776  0.50164497 0.4026971  0.22879334 0.52436096  0.67706049 0.53948145 0.5852279  0.44873593
0.68953366 0.57466115 0.13407372 0.15388587 0.29222279 0.58917893  0.54064997 0.5596489  0.48570375 0.40034374 0.27173207 0.51723578  0.65382379 0.57330318 0.57426243 0.47714689
0.67482234 0.6068407  0.13898853 0.17593772 0.28216264 0.62187779  0.56128745 0.57616284 0.43911801 0.42425399 0.26666109 0.51234831  0.6540022  0.52369231 0.59384399 0.47834521
0.74395732 0.82763771 0.73332641 0.27816601 0.57365874 0.60972955  0.62861042 0.4835527  0.30365141 0.35333964 0.40977491 0.40777716  0.7658912  0.41092348 0.5667667  0.29218846
0.76000708 0.80154261 0.73448998 0.2450826  0.57403479 0.59054058  0.61490482 0.54008163 0.32686731 0.33513697 0.41658941 0.40981803  0.74773431 0.38799167 0.628101   0.30446857
0.77304634 0.79108847 0.77207424 0.25942685 0.5875594  0.57969124  0.59656271 0.55036346 0.26534375 0.39019476 0.49245938 0.4865848  0.74079364 0.40778233 0.64415125 0.28517436
0.78808032 0.76073241 0.76664128 0.23507161 0.59548672 0.55628819  0.58587992 0.50335893 0.30435123 0.38482794 0.44781041 0.50882695  0.76060361 0.48685098 0.68256655 0.2947152 
0.80277061 0.73136027 0.75967726 0.21637197 0.60346854 0.53940993  0.57818282 0.43371745 0.33436344 0.39484191 0.38028859 0.53814612  0.77785488 0.56112834 0.7428457  0.30167758
0.80277061 0.73136027 0.75967726 0.21637197 0.60346854 0.53940993  0.57818282 0.43371745 0.33436344 0.39484191 0.38028859 0.53814612  0.77785488 0.56112834 0.7428457  0.30167758
0.80277061 0.73136027 0.75967726 0.21637197 0.60346854 0.53940993  0.57818282 0.43371745 0.33436344 0.39484191 0.38028859 0.53814612  0.77785488 0.56112834 0.7428457  0.30167758
0.81937271 0.7029304  0.76680937 0.18720061 0.62942436 0.49391881  0.57524858 0.42700351 0.42191111 0.43552438 0.36888165 0.50552656  0.7911186  0.612853   0.6886811  0.2969178 
0.81937271 0.7029304  0.76680937 0.18720061 0.62942436 0.49391881  0.57524858 0.42700351 0.42191111 0.43552438 0.36888165 0.50552656  0.7911186  0.612853   0.6886811  0.2969178 
0.81937271 0.7029304  0.76680937 0.18720061 0.62942436 0.49391881  0.57524858 0.42700351 0.42191111 0.43552438 0.36888165 0.50552656  0.7911186  0.612853   0.6886811  0.2969178 
0.88304859 0.52480438 0.707003   0.20973637 0.50042011 0.3919196  0.44310189 0.29937857 0.48713708 0.37131544 0.21264274 0.41437496  0.57956515 0.43736649 0.69414251 0.13948894
0.88304859 0.52480438 0.707003   0.20973637 0.50042011 0.3919196  0.44310189 0.29937857 0.48713708 0.37131544 0.21264274 0.41437496  0.57956515 0.43736649 0.69414251 0.13948894
0.86329    0.47995788 0.5787957  0.23481638 0.37208441 0.40130576  0.42890046 0.32398999 0.42353757 0.39077645 0.24632972 0.46258947  0.61404738 0.47243615 0.68955229 0.09179612
0.83421807 0.34876582 0.31331705 0.28547763 0.2073072  0.39059609  0.38680592 0.3775569  0.41999892 0.44009969 0.40542804 0.60639486  0.63072184 0.34578003 0.60927681 0.12129207
0.83421807 0.34876582 0.31331705 0.28547763 0.2073072  0.39059609  0.38680592 0.3775569  0.41999892 0.44009969 0.40542804 0.60639486  0.63072184 0.34578003 0.60927681 0.12129207
0.79487358 0.35995491 0.17810837 0.19110762 0.28559669 0.46407692  0.33325743 0.43024123 0.46906978 0.43313944 0.32294603 0.54877154  0.50250359 0.34663679 0.48682239 0.22094468
0.79487358 0.35995491 0.17810837 0.19110762 0.28559669 0.46407692  0.33325743 0.43024123 0.46906978 0.43313944 0.32294603 0.54877154  0.50250359 0.34663679 0.48682239 0.22094468
0.80984193 0.3016861  0.16799887 0.28165931 0.33599406 0.52377418  0.32863119 0.42650003 0.39171637 0.44226622 0.33700804 0.44142965  0.51372339 0.35109944 0.53933974 0.30869249
0.8047809  0.24826821 0.0977911  0.35412712 0.45612291 0.62278197  0.35637158 0.45065112 0.40864818 0.38845759 0.29148671 0.28625432  0.45731867 0.33177787 0.54202877 0.52216951
0.81047484 0.22479077 0.09155524 0.39911602 0.48584876 0.66246775  0.37372115 0.46227109 0.39190146 0.37276068 0.26264094 0.25091394  0.46395887 0.33653459 0.60702753 0.50683777
0.81047484 0.22479077 0.09155524 0.39911602 0.48584876 0.66246775  0.37372115 0.46227109 0.39190146 0.37276068 0.26264094 0.25091394  0.46395887 0.33653459 0.60702753 0.50683777
0.81537622 0.20344082 0.08762222 0.44582851 0.51047077 0.69919957  0.39586853 0.48477267 0.3774267  0.35938579 0.24306986 0.23433486  0.46590999 0.34861932 0.64853095 0.49091055
0.81537622 0.20344082 0.08762222 0.44582851 0.51047077 0.69919957  0.39586853 0.48477267 0.3774267  0.35938579 0.24306986 0.23433486  0.46590999 0.34861932 0.64853095 0.49091055
0.81792082 0.19184106 0.08554442 0.47808378 0.52935228 0.72526902  0.42837162 0.51109002 0.40333093 0.33696493 0.2029051  0.25899991  0.44164123 0.37789661 0.63411773 0.43747564
0.81792082 0.19184106 0.08554442 0.47808378 0.52935228 0.72526902  0.42837162 0.51109002 0.40333093 0.33696493 0.2029051  0.25899991  0.44164123 0.37789661 0.63411773 0.43747564
0.81975853 0.18308042 0.0848586  0.50494426 0.54206757 0.74461963  0.45777488 0.53688988 0.43071472 0.31880795 0.17232378 0.29447141  0.41644836 0.40369539 0.60121579 0.3910644 
0.81975853 0.18308042 0.0848586  0.50494426 0.54206757 0.74461963  0.45777488 0.53688988 0.43071472 0.31880795 0.17232378 0.29447141  0.41644836 0.40369539 0.60121579 0.3910644 
0.81975853 0.18308042 0.0848586  0.50494426 0.54206757 0.74461963  0.45777488 0.53688988 0.43071472 0.31880795 0.17232378 0.29447141  0.41644836 0.40369539 0.60121579 0.3910644 
0.81975853 0.18308042 0.0848586  0.50494426 0.54206757 0.74461963  0.45777488 0.53688988 0.43071472 0.31880795 0.17232378 0.29447141  0.41644836 0.40369539 0.60121579 0.3910644 
0.81975853 0.18308042 0.0848586  0.50494426 0.54206757 0.74461963  0.45777488 0.53688988 0.43071472 0.31880795 0.17232378 0.29447141  0.41644836 0.40369539 0.60121579 0.3910644 
0.80430661 0.19644543 0.06171853 0.4971232  0.56614107 0.7276935  0.50254431 0.52660144 0.48127337 0.30006761 0.21462671 0.28942129  0.42237186 0.41145672 0.65723918 0.45934366
0.79037785 0.21918929 0.04878143 0.51186019 0.58960793 0.75159248  0.55352113 0.49782335 0.52587017 0.26516809 0.21525526 0.30289951  0.51994734 0.49622556 0.59510416 0.45168284
0.74193627 0.28121233 0.02091923 0.57499969 0.63095737 0.74094829  0.64125907 0.33513255 0.55254206 0.23436965 0.32412995 0.27650462  0.62516163 0.59347631 0.57603768 0.43216923
0.71598714 0.32471403 0.00921262 0.53386653 0.6300721  0.67616013  0.66326792 0.3023645  0.59458264 0.22833594 0.39026021 0.29763263  0.60481979 0.56288174 0.6677014  0.37895625
0.65349016 0.46883943 0.0216796  0.48523268 0.55763251 0.63898989  0.6780626  0.16648111 0.59886726 0.30459255 0.31556154 0.40286747  0.59438174 0.6016087  0.68906976 0.32731275
0.63505993 0.46816237 0.01660994 0.50711032 0.58302505 0.57718338  0.68484168 0.161426   0.59059404 0.2990866  0.3431698  0.39942496  0.53019228 0.61737213 0.72749283 0.28887364
0.49450701 0.55622512 0.04829828 0.52287851 0.56482195 0.30214028  0.63005591 0.12380782 0.46259661 0.33711371 0.29885183 0.47420949  0.39754819 0.50884049 0.55627401 0.17881245
0.47319247 0.62664672 0.06389242 0.44831264 0.49769213 0.26186612  0.6153723  0.13253449 0.41512182 0.39725968 0.34513641 0.49874725  0.4205628  0.51192035 0.57980256 0.28285082
0.29130953 0.53247844 0.14214621 0.51610108 0.51125865 0.15160007  0.53377971 0.23620234 0.25660696 0.41589714 0.09204268 0.53486358  0.52120439 0.3412603  0.40769771 0.43280616
0.22736736 0.54479665 0.18451588 0.49283553 0.47193584 0.21215003  0.61528857 0.36103485 0.16158556 0.4085335  0.17120812 0.5015016  0.493903   0.26258978 0.30084155 0.46463028
0.19625356 0.56901227 0.20570069 0.50906342 0.45124459 0.21366005  0.58196875 0.46504761 0.19092039 0.41450665 0.17873612 0.50651732  0.54384868 0.3218343  0.3318752  0.53775202
0.17890094 0.54200714 0.21950164 0.48201207 0.43950734 0.24514389  0.60863775 0.44441866 0.18431335 0.41680256 0.19978149 0.50323433  0.50595969 0.29953828 0.30311135 0.51915159
0.14355037 0.5229741  0.24644129 0.4935869  0.41436966 0.30365141  0.54467914 0.44998359 0.25076917 0.41181624 0.23968257 0.49066789  0.47174686 0.2996688  0.3125306  0.49611039
0.10651085 0.47449507 0.27122038 0.46312626 0.40413952 0.32458189  0.55309248 0.45028699 0.25052862 0.41522467 0.2139865  0.49528318  0.51753075 0.30570687 0.31230773 0.53089819
0.10651085 0.47449507 0.27122038 0.46312626 0.40413952 0.32458189  0.55309248 0.45028699 0.25052862 0.41522467 0.2139865  0.49528318  0.51753075 0.30570687 0.31230773 0.53089819
0.08822462 0.46366638 0.28286618 0.47182852 0.39941799 0.33786217  0.49986066 0.48194129 0.32369463 0.40582488 0.24110466 0.48740772  0.60798696 0.34770104 0.3509214  0.55039879
0.05336775 0.43914143 0.31083182 0.46832666 0.37416152 0.39938838  0.45143619 0.50292086 0.40448693 0.37548598 0.33684065 0.45259001  0.60541605 0.3574237  0.32371238 0.49045415
0.05336775 0.43914143 0.31083182 0.46832666 0.37416152 0.39938838  0.45143619 0.50292086 0.40448693 0.37548598 0.33684065 0.45259001  0.60541605 0.3574237  0.32371238 0.49045415
0.05336775 0.43914143 0.31083182 0.46832666 0.37416152 0.39938838  0.45143619 0.50292086 0.40448693 0.37548598 0.33684065 0.45259001  0.60541605 0.3574237  0.32371238 0.49045415
0.05336775 0.43914143 0.31083182 0.46832666 0.37416152 0.39938838  0.45143619 0.50292086 0.40448693 0.37548598 0.33684065 0.45259001  0.60541605 0.3574237  0.32371238 0.49045415
0.03585866 0.41212524 0.32497922 0.44119937 0.36258431 0.43456132  0.47408025 0.48300288 0.40965789 0.37891942 0.36959995 0.44872305  0.56049334 0.35167352 0.32731793 0.46450854
0.01779563 0.38669558 0.33863985 0.42004769 0.35385851 0.46460162  0.48109267 0.47190843 0.43452283 0.38595027 0.3992976  0.44733029  0.52908455 0.38078184 0.39373238 0.44873962
0.01779563 0.38669558 0.33863985 0.42004769 0.35385851 0.46460162  0.48109267 0.47190843 0.43452283 0.38595027 0.3992976  0.44733029  0.52908455 0.38078184 0.39373238 0.44873962
0.01779563 0.38669558 0.33863985 0.42004769 0.35385851 0.46460162  0.48109267 0.47190843 0.43452283 0.38595027 0.3992976  0.44733029  0.52908455 0.38078184 0.39373238 0.44873962
0.01779563 0.38669558 0.33863985 0.42004769 0.35385851 0.46460162  0.48109267 0.47190843 0.43452283 0.38595027 0.3992976  0.44733029  0.52908455 0.38078184 0.39373238 0.44873962
0.01779563 0.38669558 0.33863985 0.42004769 0.35385851 0.46460162  0.48109267 0.47190843 0.43452283 0.38595027 0.3992976  0.44733029  0.52908455 0.38078184 0.39373238 0.44873962
0.01779563 0.38669558 0.33863985 0.42004769 0.35385851 0.46460162  0.48109267 0.47190843 0.43452283 0.38595027 0.3992976  0.44733029  0.52908455 0.38078184 0.39373238 0.44873962
0.00039479 0.36283831 0.35232302 0.39930133 0.34523319 0.50234819  0.48417291 0.45702496 0.47508945 0.39693445 0.45000532 0.44589633  0.47476172 0.42761975 0.50206904 0.41641874
0.00039479 0.36283831 0.35232302 0.39930133 0.34523319 0.50234819  0.48417291 0.45702496 0.47508945 0.39693445 0.45000532 0.44589633  0.47476172 0.42761975 0.50206904 0.41641874
0.00039479 0.36283831 0.35232302 0.39930133 0.34523319 0.50234819  0.48417291 0.45702496 0.47508945 0.39693445 0.45000532 0.44589633  0.47476172 0.42761975 0.50206904 0.41641874
0.00039479 0.36283831 0.35232302 0.39930133 0.34523319 0.50234819  0.48417291 0.45702496 0.47508945 0.39693445 0.45000532 0.44589633  0.47476172 0.42761975 0.50206904 0.41641874
0.00039479 0.36283831 0.35232302 0.39930133 0.34523319 0.50234819  0.48417291 0.45702496 0.47508945 0.39693445 0.45000532 0.44589633  0.47476172 0.42761975 0.50206904 0.41641874
0.00039479 0.36283831 0.35232302 0.39930133 0.34523319 0.50234819  0.48417291 0.45702496 0.47508945 0.39693445 0.45000532 0.44589633  0.47476172 0.42761975 0.50206904 0.41641874
0.00039479 0.36283831 0.35232302 0.39930133 0.34523319 0.50234819  0.48417291 0.45702496 0.47508945 0.39693445 0.45000532 0.44589633  0.47476172 0.42761975 0.50206904 0.41641874
0.00039479 0.36283831 0.35232302 0.39930133 0.34523319 0.50234819  0.48417291 0.45702496 0.47508945 0.39693445 0.45000532 0.44589633  0.47476172 0.42761975 0.50206904 0.41641874
