0.00039479 0.36283831 0.35232302 0.39930133 0.34523319 0.50234819  0.48417291 0.45702496 0.47508945 0.39693445 0.45000532 0.44589633  0.47476172 0.42761975 0.50206904 0.41641874
0.00039479 0.36283831 0.35232302 0.39930133 0.34523319 0.50234819  0.48417291 0.45702496 0.47508945 0.39693445 0.45000532 0.44589633  0.47476172 0.42761975 0.50206904 0.41641874
0.00039479 0.36283831 0.35232302 0.39930133 0.34523319 0.50234819  0.48417291 0.45702496 0.47508945 0.39693445 0.45000532 0.44589633  0.47476172 0.42761975 0.50206904 0.41641874
0.00039479 0.36283831 0.35232302 0.39930133 0.34523319 0.50234819  0.48417291 0.45702496 0.47508945 0.39693445 0.45000532 0.44589633  0.47476172 0.42761975 0.50206904 0.41641874
0.00039479 0.36283831 0.35232302 0.39930133 0.34523319 0.50234819  0.48417291 0.45702496 0.47508945 0.39693445 0.45000532 0.44589633  0.47476172 0.42761975 0.50206904 0.41641874
0.00039479 0.36283831 0.35232302 0.39930133 0.34523319 0.50234819  0.48417291 0.45702496 0.47508945 0.39693445 0.45000532 0.44589633  0.47476172 0.42761975 0.50206904 0.41641874
0.00039479 0.36283831 0.35232302 0.39930133 0.34523319 0.50234819  0.48417291 0.45702496 0.47508945 0.39693445 0.45000532 0.44589633  0.47476172 0.42761975 0.50206904 0.41641874
0.00039479 0.36283831 0.35232302 0.39930133 0.34523319 0.50234819  0.48417291 0.45702496 0.47508945 0.39693445 0.45000532 0.44589633  0.47476172 0.42761975 0.50206904 0.41641874
0.00039479 0.36283831 0.35232302 0.39930133 0.34523319 0.50234819  0.48417291 0.45702496 0.47508945 0.39693445 0.45000532 0.44589633  0.47476172 0.42761975 0.50206904 0.41641874
0.00039479 0.36283831 0.35232302 0.39930133 0.34523319 0.50234819  0.48417291 0.45702496 0.47508945 0.39693445 0.45000532 0.44589633  0.47476172 0.42761975 0.50206904 0.41641874
0.00039479 0.36283831 0.35232302 0.39930133 0.34523319 0.50234819  0.48417291 0.45702496 0.47508945 0.39693445 0.45000532 0.44589633  0.47476172 0.42761975 0.50206904 0.41641874
0.00039479 0.36283831 0.35232302 0.39930133 0.34523319 0.50234819  0.48417291 0.45702496 0.47508945 0.39693445 0.45000532 0.44589633  0.47476172 0.42761975 0.50206904 0.41641874
0.00039479 0.36283831 0.35232302 0.39930133 0.34523319 0.50234819  0.48417291 0.45702496 0.47508945 0.39693445 0.45000532 0.44589633  0.47476172 0.42761975 0.50206904 0.41641874
0.00039479 0.36283831 0.35232302 0.39930133 0.34523319 0.50234819  0.48417291 0.45702496 0.47508945 0.39693445 0.45000532 0.44589633  0.47476172 0.42761975 0.50206904 0.41641874
0.00039479 0.36283831 0.35232302 0.39930133 0.34523319 0.50234819  0.48417291 0.45702496 0.47508945 0.39693445 0.45000532 0.44589633  0.47476172 0.42761975 0.50206904 0.41641874
0.00039479 0.36283831 0.35232302 0.39930133 0.34523319 0.50234819  0.48417291 0.45702496 0.47508945 0.39693445 0.45000532 0.44589633  0.47476172 0.42761975 0.50206904 0.41641874
0.00039479 0.36283831 0.35232302 0.39930133 0.34523319 0.50234819  0.48417291 0.45702496 0.47508945 0.39693445 0.45000532 0.44589633  0.47476172 0.42761975 0.50206904 0.41641874
0.00039479 0.36283831 0.35232302 0.39930133 0.34523319 0.50234819  0.48417291 0.45702496 0.47508945 0.39693445 0.45000532 0.44589633  0.47476172 0.42761975 0.50206904 0.41641874
0.00039479 0.36283831 0.35232302 0.39930133 0.34523319 0.50234819  0.48417291 0.45702496 0.47508945 0.39693445 0.45000532 0.44589633  0.47476172 0.42761975 0.50206904 0.41641874
0.00039479 0.36283831 0.35232302 0.39930133 0.34523319 0.50234819  0.48417291 0.45702496 0.47508945 0.39693445 0.45000532 0.44589633  0.47476172 0.42761975 0.50206904 0.41641874
0.00039479 0.36283831 0.35232302 0.39930133 0.34523319 0.50234819  0.48417291 0.45702496 0.47508945 0.39693445 0.45000532 0.44589633  0.47476172 0.42761975 0.50206904 0.41641874
0.00039479 0.36283831 0.35232302 0.39930133 0.34523319 0.50234819  0.48417291 0.45702496 0.47508945 0.39693445 0.45000532 0.44589633  0.47476172 0.42761975 0.50206904 0.41641874
0.00039479 0.36283831 0.35232302 0.39930133 0.34523319 0.50234819  0.48417291 0.45702496 0.47508945 0.39693445 0.45000532 0.44589633  0.47476172 0.42761975 0.50206904 0.41641874
0.00039479 0.36283831 0.35232302 0.39930133 0.34523319 0.50234819  0.48417291 0.45702496 0.47508945 0.39693445 0.45000532 0.44589633  0.47476172 0.42761975 0.50206904 0.41641874
0.00039479 0.36283831 0.35232302 0.39930133 0.34523319 0.50234819  0.48417291 0.45702496 0.47508945 0.39693445 0.45000532 0.44589633  0.47476172 0.42761975 0.50206904 0.41641874
0.00039479 0.36283831 0.35232302 0.39930133 0.34523319 0.50234819  0.48417291 0.45702496 0.47508945 0.39693445 0.45000532 0.44589633  0.47476172 0.42761975 0.50206904 0.41641874
0.00039479 0.36283831 0.35232302 0.39930133 0.34523319 0.50234819  0.48417291 0.45702496 0.47508945 0.39693445 0.45000532 0.44589633  0.47476172 0.42761975 0.50206904 0.41641874
0.00039479 0.36283831 0.35232302 0.39930133 0.34523319 0.50234819  0.48417291 0.45702496 0.47508945 0.39693445 0.45000532 0.44589633  0.47476172 0.42761975 0.50206904 0.41641874
0.00039479 0.36283831 0.35232302 0.39930133 0.34523319 0.50234819  0.48417291 0.45702496 0.47508945 0.39693445 0.45000532 0.44589633  0.47476172 0.42761975 0.50206904 0.41641874
0.00039479 0.36283831 0.35232302 0.39930133 0.34523319 0.50234819  0.48417291 0.45702496 0.47508945 0.39693445 0.45000532 0.44589633  0.47476172 0.42761975 0.50206904 0.41641874
0.00039479 0.36283831 0.35232302 0.39930133 0.34523319 0.50234819  0.48417291 0.45702496 0.47508945 0.39693445 0.45000532 0.44589633  0.47476172 0.42761975 0.50206904 0.41641874
0.00039479 0.36283831 0.35232302 0.39930133 0.34523319 0.50234819  0.48417291 0.45702496 0.47508945 0.39693445 0.45000532 0.44589633  0.47476172 0.42761975 0.50206904 0.41641874
0.00039479 0.36283831 0.35232302 0.39930133 0.34523319 0.50234819  0.48417291 0.45702496 0.47508945 0.39693445 0.45000532 0.44589633  0.47476172 0.42761975 0.50206904 0.41641874
0.00039479 0.36283831 0.35232302 0.39930133 0.34523319 0.50234819  0.48417291 0.45702496 0.47508945 0.39693445 0.45000532 0.44589633  0.47476172 0.42761975 0.50206904 0.41641874
0.00039479 0.36283831 0.35232302 0.39930133 0.34523319 0.50234819  0.48417291 0.45702496 0.47508945 0.39693445 0.45000532 0.44589633  0.47476172 0.42761975 0.50206904 0.41641874
0.00039479 0.36283831 0.35232302 0.39930133 0.34523319 0.50234819  0.48417291 0.45702496 0.47508945 0.39693445 0.45000532 0.44589633  0.47476172 0.42761975 0.50206904 0.41641874
0.00039479 0.36283831 0.35232302 0.39930133 0.34523319 0.50234819  0.48417291 0.45702496 0.47508945 0.39693445 0.45000532 0.44589633  0.47476172 0.42761975 0.50206904 0.41641874
0.00039479 0.36283831 0.35232302 0.39930133 0.34523319 0.50234819  0.48417291 0.45702496 0.47508945 0.39693445 0.45000532 0.44589633  0.47476172 0.42761975 0.50206904 0.41641874
0.00039479 0.36283831 0.35232302 0.39930133 0.34523319 0.50234819  0.48417291 0.45702496 0.47508945 0.39693445 0.45000532 0.44589633  0.47476172 0.42761975 0.50206904 0.41641874
0.00039479 0.36283831 0.35232302 0.39930133 0.34523319 0.50234819  0.48417291 0.45702496 0.47508945 0.39693445 0.45000532 0.44589633  0.47476172 0.42761975 0.50206904 0.41641874
0.00039479 0.36283831 0.35232302 0.39930133 0.34523319 0.50234819  0.48417291 0.45702496 0.47508945 0.39693445 0.45000532 0.44589633  0.47476172 0.42761975 0.50206904 0.41641874
0.00039479 0.36283831 0.35232302 0.39930133 0.34523319 0.50234819  0.48417291 0.45702496 0.47508945 0.39693445 0.45000532 0.44589633  0.47476172 0.42761975 0.50206904 0.41641874
0.00039479 0.36283831 0.35232302 0.39930133 0.34523319 0.50234819  0.48417291 0.45702496 0.47508945 0.39693445 0.45000532 0.44589633  0.47476172 0.42761975 0.50206904 0.41641874
0.00039479 0.36283831 0.35232302 0.39930133 0.34523319 0.50234819  0.48417291 0.45702496 0.47508945 0.39693445 0.45000532 0.44589633  0.47476172 0.42761975 0.50206904 0.41641874
0.00039479 0.36283831 0.35232302 0.39930133 0.34523319 0.50234819  0.48417291 0.45702496 0.47508945 0.39693445 0.45000532 0.44589633  0.47476172 0.42761975 0.50206904 0.41641874
0.00039479 0.36283831 0.35232302 0.39930133 0.34523319 0.50234819  0.48417291 0.45702496 0.47508945 0.39693445 0.45000532 0.44589633  0.47476172 0.42761975 0.50206904 0.41641874
0.00039479 0.36283831 0.35232302 0.39930133 0.34523319 0.50234819  0.48417291 0.45702496 0.47508945 0.39693445 0.45000532 0.44589633  0.47476172 0.42761975 0.50206904 0.41641874
0.00039479 0.36283831 0.35232302 0.39930133 0.34523319 0.50234819  0.48417291 0.45702496 0.47508945 0.39693445 0.45000532 0.44589633  0.47476172 0.42761975 0.50206904 0.41641874
0.00039479 0.36283831 0.35232302 0.39930133 0.34523319 0.50234819  0.48417291 0.45702496 0.47508945 0.39693445 0.45000532 0.44589633  0.47476172 0.42761975 0.50206904 0.41641874
0.00039479 0.36283831 0.35232302 0.39930133 0.34523319 0.50234819  0.48417291 0.45702496 0.47508945 0.39693445 0.45000532 0.44589633  0.47476172 0.42761975 0.50206904 0.41641874
0.00039479 0.36283831 0.35232302 0.39930133 0.34523319 0.50234819  0.48417291 0.45702496 0.47508945 0.39693445 0.45000532 0.44589633  0.47476172 0.42761975 0.50206904 0.41641874
0.00039479 0.36283831 0.35232302 0.39930133 0.34523319 0.50234819  0.48417291 0.45702496 0.47508945 0.39693445 0.45000532 0.44589633  0.47476172 0.42761975 0.50206904 0.41641874
0.00039479 0.36283831 0.35232302 0.39930133 0.34523319 0.50234819  0.48417291 0.45702496 0.47508945 0.39693445 0.45000532 0.44589633  0.47476172 0.42761975 0.50206904 0.41641874
0.00039479 0.36283831 0.35232302 0.39930133 0.34523319 0.50234819  0.48417291 0.45702496 0.47508945 0.39693445 0.45000532 0.44589633  0.47476172 0.42761975 0.50206904 0.41641874
0.01790387 0.3898545  0.33817562 0.42642862 0.35681041 0.46717525  0.46152885 0.47694295 0.46991849 0.39350101 0.41724602 0.4497633  0.51968443 0.43336993 0.49846349 0.44236435
0.16113776 0.59654737 0.2301951  0.60741668 0.42673755 0.25708448  0.33532904 0.58617756 0.43941123 0.35750582 0.29598695 0.45429866  0.70298453 0.42763509 0.40924099 0.49956179
0.3468045  0.78215462 0.1349952  0.64789402 0.40857879 0.36978608  0.38267021 0.46830133 0.49698787 0.42483595 0.49581903 0.45264481  0.27730618 0.40630613 0.55843754 0.33903484
0.51122529 0.79950986 0.09455724 0.43195576 0.3493868  0.5994669  0.66683861 0.34610602 0.416032   0.46732754 0.53386627 0.462384  0.40329739 0.37544479 0.47961754 0.45658068
0.56324047 0.75110964 0.09211211 0.30418254 0.34843496 0.59677457  0.7318537  0.49777815 0.44141285 0.39386804 0.58813656 0.42747788  0.60811379 0.45263783 0.56700873 0.50068664
0.59787761 0.73134667 0.12022963 0.27059545 0.29584709 0.67845973  0.66056277 0.55335991 0.40061692 0.40211321 0.42785235 0.44404497  0.69609507 0.42322775 0.46911648 0.50576494
0.59787761 0.73134667 0.12022963 0.27059545 0.29584709 0.67845973  0.66056277 0.55335991 0.40061692 0.40211321 0.42785235 0.44404497  0.69609507 0.42322775 0.46911648 0.50576494
0.5805287  0.74168416 0.10642507 0.28770622 0.32206729 0.63853522  0.69543258 0.52707274 0.42096165 0.40027037 0.50992896 0.43680873  0.65015541 0.43933157 0.5128832  0.50609601
0.56373801 0.76289804 0.11013779 0.33064719 0.31548645 0.65501247  0.67572625 0.48609806 0.39733796 0.42202891 0.49159284 0.4413738  0.59212615 0.40824933 0.44406205 0.49205933
0.54644978 0.77232352 0.09582484 0.34712351 0.34185412 0.61325183  0.71214736 0.45680348 0.41778916 0.41562658 0.56980044 0.43204295  0.55008453 0.4215556  0.49818758 0.48664996
0.52906469 0.78820068 0.09336626 0.38841304 0.34732777 0.60797626  0.70061735 0.39068725 0.41489499 0.43795197 0.56221965 0.44478585  0.48337353 0.40582652 0.48947905 0.4686588 
0.49362571 0.81124581 0.1016175  0.47514645 0.3390896  0.61266162  0.60791633 0.33866394 0.42945969 0.47868133 0.51729227 0.46887136  0.35637887 0.33670351 0.41965302 0.46160683
0.476184   0.81808372 0.11473078 0.51013595 0.32306887 0.63945974  0.52985071 0.36039565 0.48121269 0.46570131 0.52960427 0.45729399  0.36358119 0.32448577 0.38797662 0.45114741
0.49347223 0.80865824 0.12904373 0.49365963 0.2967012  0.68122038  0.49342959 0.38969023 0.4607615  0.47210364 0.45139668 0.46662485  0.40562282 0.3111795  0.33385109 0.45655679
0.47626812 0.81147946 0.14299539 0.51721986 0.28262374 0.71152057  0.41994787 0.42991457 0.5454568  0.43970787 0.52519383 0.43503968  0.43816745 0.33439942 0.32245419 0.41376199
0.47626812 0.81147946 0.14299539 0.51721986 0.28262374 0.71152057  0.41994787 0.42991457 0.5454568  0.43970787 0.52519383 0.43503968  0.43816745 0.33439942 0.32245419 0.41376199
0.51121408 0.76495384 0.26377793 0.53724806 0.1735922  0.75578564  0.34702899 0.41894996 0.42802262 0.46005426 0.44715756 0.50026955  0.56254188 0.40266096 0.16524105 0.35280177
0.52890835 0.79271444 0.32370351 0.61824836 0.16005485 0.72252214  0.26567442 0.38682218 0.39746216 0.41033848 0.43663987 0.5341316  0.58965446 0.44236304 0.19488926 0.33089316
0.51802083 0.78942795 0.37179079 0.64149684 0.14720943 0.72373007  0.22598167 0.39213505 0.48113781 0.34223796 0.45655246 0.51915393  0.69557741 0.45123101 0.27547106 0.3696794 
0.53437536 0.79410416 0.44035865 0.68193381 0.11464213 0.68971759  0.26226424 0.34895806 0.4822609  0.25023688 0.47053678 0.53660271  0.74432631 0.38324633 0.3899021  0.39434034
0.53437536 0.79410416 0.44035865 0.68193381 0.11464213 0.68971759  0.26226424 0.34895806 0.4822609  0.25023688 0.47053678 0.53660271  0.74432631 0.38324633 0.3899021  0.39434034
0.53437536 0.79410416 0.44035865 0.68193381 0.11464213 0.68971759  0.26226424 0.34895806 0.4822609  0.25023688 0.47053678 0.53660271  0.74432631 0.38324633 0.3899021  0.39434034
0.55220265 0.78349147 0.4995995  0.72040523 0.09494997 0.63818555  0.31693093 0.35698231 0.51221053 0.33290237 0.48514602 0.53453604  0.75218055 0.33552641 0.47720297 0.34736355
0.55220265 0.78349147 0.4995995  0.72040523 0.09494997 0.63818555  0.31693093 0.35698231 0.51221053 0.33290237 0.48514602 0.53453604  0.75218055 0.33552641 0.47720297 0.34736355
0.56288973 0.80899282 0.56583316 0.71326425 0.10721527 0.61815194  0.34343141 0.34242662 0.54928034 0.2970598  0.42236322 0.44592853  0.68381815 0.34121508 0.47524769 0.36294836
0.59379247 0.79490958 0.58826134 0.70553998 0.07461614 0.61318193  0.39481555 0.34703458 0.4772907  0.32524248 0.51266794 0.454388  0.67095489 0.38464339 0.45261548 0.30141156
0.6120787  0.80573827 0.57661555 0.69683773 0.07933767 0.59990165  0.44804737 0.31538029 0.40412469 0.33464227 0.48554978 0.46226346  0.58049868 0.34264921 0.41400181 0.28191096
0.62510157 0.78212171 0.5854769  0.68222947 0.07633986 0.58424344  0.42207174 0.37925502 0.39564796 0.43355923 0.4317531  0.41210973  0.467966   0.28898859 0.44137724 0.17610706
0.63089521 0.79513388 0.61990434 0.68421351 0.07841326 0.58497918  0.41091728 0.35573027 0.38866662 0.36514123 0.43085871 0.41239546  0.43669176 0.30388962 0.43677232 0.23326978
0.64873461 0.7838247  0.61871336 0.64067078 0.07635423 0.59348854  0.44469602 0.4003115  0.38752962 0.33576565 0.45921209 0.39479731  0.5167679  0.33427135 0.44663383 0.2453479 
0.64873461 0.7838247  0.61871336 0.64067078 0.07635423 0.59348854  0.44469602 0.4003115  0.38752962 0.33576565 0.45921209 0.39479731  0.5167679  0.33427135 0.44663383 0.2453479 
0.66478437 0.7577296  0.61987693 0.60758737 0.07673029 0.57429957  0.43099042 0.45684043 0.41074552 0.31756299 0.46602659 0.39683819  0.49861101 0.31133954 0.50796813 0.25762801
0.73240772 0.70001537 0.60802061 0.47922423 0.08654566 0.51900156  0.54602802 0.55093905 0.31247185 0.32371974 0.39924917 0.41660611  0.48751372 0.28083382 0.64050796 0.31541585
0.72829391 0.68423353 0.57716928 0.4890462  0.07081813 0.51933978  0.5476574  0.55205259 0.3011304  0.31645785 0.43244417 0.47354265  0.51312149 0.25643451 0.65483228 0.343196  
0.72829391 0.68423353 0.57716928 0.4890462  0.07081813 0.51933978  0.5476574  0.55205259 0.3011304  0.31645785 0.43244417 0.47354265  0.51312149 0.25643451 0.65483228 0.343196  
0.73514666 0.65157314 0.497632   0.45591708 0.06838006 0.49806453  0.62588914 0.55835404 0.23189369 0.40916344 0.45643609 0.53344121  0.56821753 0.26757297 0.67660559 0.30411295
0.59421569 0.74505601 0.24830722 0.48885316 0.19714982 0.6692401  0.55900542 0.42208529 0.26265896 0.52607465 0.4158807  0.52068096  0.64825391 0.32867881 0.3851069  0.24787512
0.59421569 0.74505601 0.24830722 0.48885316 0.19714982 0.6692401  0.55900542 0.42208529 0.26265896 0.52607465 0.4158807  0.52068096  0.64825391 0.32867881 0.3851069  0.24787512
0.52627306 0.78495573 0.16598836 0.48436992 0.24640749 0.73807102  0.41379035 0.42626585 0.38985812 0.49268683 0.32701713 0.4789112  0.44563898 0.28731436 0.23406098 0.38794645
0.30903383 0.74383038 0.16433424 0.65445828 0.39052487 0.41175797  0.30261831 0.45840288 0.53969553 0.48593281 0.34512886 0.50662715  0.38121755 0.42815695 0.65178171 0.48327659
0.30903383 0.74383038 0.16433424 0.65445828 0.39052487 0.41175797  0.30261831 0.45840288 0.53969553 0.48593281 0.34512886 0.50662715  0.38121755 0.42815695 0.65178171 0.48327659
0.21684169 0.65290835 0.20996977 0.62606396 0.39855119 0.36536441  0.29450966 0.52326616 0.53413181 0.44198984 0.32288194 0.49171921  0.54361396 0.4312237  0.5857354  0.53483394
0.21684169 0.65290835 0.20996977 0.62606396 0.39855119 0.36536441  0.29450966 0.52326616 0.53413181 0.44198984 0.32288194 0.49171921  0.54361396 0.4312237  0.5857354  0.53483394
0.12479706 0.54494188 0.25767297 0.56408565 0.40915058 0.31323441  0.35636192 0.56172659 0.46442416 0.37593956 0.32347239 0.45943797  0.65041561 0.44897469 0.49223267 0.50232851
0.08857273 0.49328047 0.28461029 0.52042691 0.39254499 0.36187999  0.38460103 0.53868825 0.4707463  0.38499929 0.34305838 0.45964306  0.62194396 0.44976585 0.50821191 0.50257429
0.0703101  0.46806309 0.29667752 0.50128842 0.38835198 0.36671883  0.40672235 0.53170012 0.4398619  0.37816405 0.32355409 0.45771279  0.6470118  0.42232529 0.4347028  0.51043549
0.03530472 0.41371177 0.32449245 0.44717499 0.36543573 0.42942868  0.4584486  0.49182641 0.42935187 0.38251683 0.3665383  0.45119726  0.57400726 0.38653202 0.39012683 0.47468522
0.00039479 0.36283831 0.35232302 0.39930133 0.34523319 0.50234819  0.48417291 0.45702496 0.47508945 0.39693445 0.45000532 0.44589633  0.47476172 0.42761975 0.50206904 0.41641874
0.00039479 0.36283831 0.35232302 0.39930133 0.34523319 0.50234819  0.48417291 0.45702496 0.47508945 0.39693445 0.45000532 0.44589633  0.47476172 0.42761975 0.50206904 0.41641874
0.00039479 0.36283831 0.35232302 0.39930133 0.34523319 0.50234819  0.48417291 0.45702496 0.47508945 0.39693445 0.45000532 0.44589633  0.47476172 0.42761975 0.50206904 0.41641874
0.00039479 0.36283831 0.35232302 0.39930133 0.34523319 0.50234819  0.48417291 0.45702496 0.47508945 0.39693445 0.45000532 0.44589633  0.47476172 0.42761975 0.50206904 0.41641874
0.00039479 0.36283831 0.35232302 0.39930133 0.34523319 0.50234819  0.48417291 0.45702496 0.47508945 0.39693445 0.45000532 0.44589633  0.47476172 0.42761975 0.50206904 0.41641874
0.00039479 0.36283831 0.35232302 0.39930133 0.34523319 0.50234819  0.48417291 0.45702496 0.47508945 0.39693445 0.45000532 0.44589633  0.47476172 0.42761975 0.50206904 0.41641874
0.00039479 0.36283831 0.35232302 0.39930133 0.34523319 0.50234819  0.48417291 0.45702496 0.47508945 0.39693445 0.45000532 0.44589633  0.47476172 0.42761975 0.50206904 0.41641874
0.00039479 0.36283831 0.35232302 0.39930133 0.34523319 0.50234819  0.48417291 0.45702496 0.47508945 0.39693445 0.45000532 0.44589633  0.47476172 0.42761975 0.50206904 0.41641874
0.00039479 0.36283831 0.35232302 0.39930133 0.34523319 0.50234819  0.48417291 0.45702496 0.47508945 0.39693445 0.45000532 0.44589633  0.47476172 0.42761975 0.50206904 0.41641874
0.00039479 0.36283831 0.35232302 0.39930133 0.34523319 0.50234819  0.48417291 0.45702496 0.47508945 0.39693445 0.45000532 0.44589633  0.47476172 0.42761975 0.50206904 0.41641874
0.00039479 0.36283831 0.35232302 0.39930133 0.34523319 0.50234819  0.48417291 0.45702496 0.47508945 0.39693445 0.45000532 0.44589633  0.47476172 0.42761975 0.50206904 0.41641874
0.00039479 0.36283831 0.35232302 0.39930133 0.34523319 0.50234819  0.48417291 0.45702496 0.47508945 0.39693445 0.45000532 0.44589633  0.47476172 0.42761975 0.50206904 0.41641874
0.00039479 0.36283831 0.35232302 0.39930133 0.34523319 0.50234819  0.48417291 0.45702496 0.47508945 0.39693445 0.45000532 0.44589633  0.47476172 0.42761975 0.50206904 0.41641874
0.00039479 0.36283831 0.35232302 0.39930133 0.34523319 0.50234819  0.48417291 0.45702496 0.47508945 0.39693445 0.45000532 0.44589633  0.47476172 0.42761975 0.50206904 0.41641874
0.00039479 0.36283831 0.35232302 0.39930133 0.34523319 0.50234819  0.48417291 0.45702496 0.47508945 0.39693445 0.45000532 0.44589633  0.47476172 0.42761975 0.50206904 0.41641874
0.00039479 0.36283831 0.35232302 0.39930133 0.34523319 0.50234819  0.48417291 0.45702496 0.47508945 0.39693445 0.45000532 0.44589633  0.47476172 0.42761975 0.50206904 0.41641874
0.00039479 0.36283831 0.35232302 0.39930133 0.34523319 0.50234819  0.48417291 0.45702496 0.47508945 0.39693445 0.45000532 0.44589633  0.47476172 0.42761975 0.50206904 0.41641874
