0.00039479 0.36283831 0.35232302 0.39930133 0.34523319 0.50234819  0.48417291 0.45702496 0.47508945 0.39693445 0.45000532 0.44589633  0.47476172 0.42761975 0.50206904 0.41641874
0.00039479 0.36283831 0.35232302 0.39930133 0.34523319 0.50234819  0.48417291 0.45702496 0.47508945 0.39693445 0.45000532 0.44589633  0.47476172 0.42761975 0.50206904 0.41641874
0.00039479 0.36283831 0.35232302 0.39930133 0.34523319 0.50234819  0.48417291 0.45702496 0.47508945 0.39693445 0.45000532 0.44589633  0.47476172 0.42761975 0.50206904 0.41641874
0.00039479 0.36283831 0.35232302 0.39930133 0.34523319 0.50234819  0.48417291 0.45702496 0.47508945 0.39693445 0.45000532 0.44589633  0.47476172 0.42761975 0.50206904 0.41641874
0.00039479 0.36283831 0.35232302 0.39930133 0.34523319 0.50234819  0.48417291 0.45702496 0.47508945 0.39693445 0.45000532 0.44589633  0.47476172 0.42761975 0.50206904 0.41641874
0.00039479 0.36283831 0.35232302 0.39930133 0.34523319 0.50234819  0.48417291 0.45702496 0.47508945 0.39693445 0.45000532 0.44589633  0.47476172 0.42761975 0.50206904 0.41641874
0.00039479 0.36283831 0.35232302 0.39930133 0.34523319 0.50234819  0.48417291 0.45702496 0.47508945 0.39693445 0.45000532 0.44589633  0.47476172 0.42761975 0.50206904 0.41641874
0.00039479 0.36283831 0.35232302 0.39930133 0.34523319 0.50234819  0.48417291 0.45702496 0.47508945 0.39693445 0.45000532 0.44589633  0.47476172 0.42761975 0.50206904 0.41641874
0.00039479 0.36283831 0.35232302 0.39930133 0.34523319 0.50234819  0.48417291 0.45702496 0.47508945 0.39693445 0.45000532 0.44589633  0.47476172 0.42761975 0.50206904 0.41641874
0.00039479 0.36283831 0.35232302 0.39930133 0.34523319 0.50234819  0.48417291 0.45702496 0.47508945 0.39693445 0.45000532 0.44589633  0.47476172 0.42761975 0.50206904 0.41641874
0.00039479 0.36283831 0.35232302 0.39930133 0.34523319 0.50234819  0.48417291 0.45702496 0.47508945 0.39693445 0.45000532 0.44589633  0.47476172 0.42761975 0.50206904 0.41641874
0.00039479 0.36283831 0.35232302 0.39930133 0.34523319 0.50234819  0.48417291 0.45702496 0.47508945 0.39693445 0.45000532 0.44589633  0.47476172 0.42761975 0.50206904 0.41641874
0.00039479 0.36283831 0.35232302 0.39930133 0.34523319 0.50234819  0.48417291 0.45702496 0.47508945 0.39693445 0.45000532 0.44589633  0.47476172 0.42761975 0.50206904 0.41641874
0.00039479 0.36283831 0.35232302 0.39930133 0.34523319 0.50234819  0.48417291 0.45702496 0.47508945 0.39693445 0.45000532 0.44589633  0.47476172 0.42761975 0.50206904 0.41641874
0.00039479 0.36283831 0.35232302 0.39930133 0.34523319 0.50234819  0.48417291 0.45702496 0.47508945 0.39693445 0.45000532 0.44589633  0.47476172 0.42761975 0.50206904 0.41641874
0.00039479 0.36283831 0.35232302 0.39930133 0.34523319 0.50234819  0.48417291 0.45702496 0.47508945 0.39693445 0.45000532 0.44589633  0.47476172 0.42761975 0.50206904 0.41641874
0.00039479 0.36283831 0.35232302 0.39930133 0.34523319 0.50234819  0.48417291 0.45702496 0.47508945 0.39693445 0.45000532 0.44589633  0.47476172 0.42761975 0.50206904 0.41641874
0.00039479 0.36283831 0.35232302 0.39930133 0.34523319 0.50234819  0.48417291 0.45702496 0.47508945 0.39693445 0.45000532 0.44589633  0.47476172 0.42761975 0.50206904 0.41641874
0.00039479 0.36283831 0.35232302 0.39930133 0.34523319 0.50234819  0.48417291 0.45702496 0.47508945 0.39693445 0.45000532 0.44589633  0.47476172 0.42761975 0.50206904 0.41641874
0.00039479 0.36283831 0.35232302 0.39930133 0.34523319 0.50234819  0.48417291 0.45702496 0.47508945 0.39693445 0.45000532 0.44589633  0.47476172 0.42761975 0.50206904 0.41641874
0.00039479 0.36283831 0.35232302 0.39930133 0.34523319 0.50234819  0.48417291 0.45702496 0.47508945 0.39693445 0.45000532 0.44589633  0.47476172 0.42761975 0.50206904 0.41641874
0.00039479 0.36283831 0.35232302 0.39930133 0.34523319 0.50234819  0.48417291 0.45702496 0.47508945 0.39693445 0.45000532 0.44589633  0.47476172 0.42761975 0.50206904 0.41641874
0.00039479 0.36283831 0.35232302 0.39930133 0.34523319 0.50234819  0.48417291 0.45702496 0.47508945 0.39693445 0.45000532 0.44589633  0.47476172 0.42761975 0.50206904 0.41641874
0.00039479 0.36283831 0.35232302 0.39930133 0.34523319 0.50234819  0.48417291 0.45702496 0.47508945 0.39693445 0.45000532 0.44589633  0.47476172 0.42761975 0.50206904 0.41641874
0.00039479 0.36283831 0.35232302 0.39930133 0.34523319 0.50234819  0.48417291 0.45702496 0.47508945 0.39693445 0.45000532 0.44589633  0.47476172 0.42761975 0.50206904 0.41641874
0.00039479 0.36283831 0.35232302 0.39930133 0.34523319 0.50234819  0.48417291 0.45702496 0.47508945 0.39693445 0.45000532 0.44589633  0.47476172 0.42761975 0.50206904 0.41641874
0.00039479 0.36283831 0.35232302 0.39930133 0.34523319 0.50234819  0.48417291 0.45702496 0.47508945 0.39693445 0.45000532 0.44589633  0.47476172 0.42761975 0.50206904 0.41641874
0.00039479 0.36283831 0.35232302 0.39930133 0.34523319 0.50234819  0.48417291 0.45702496 0.47508945 0.39693445 0.45000532 0.44589633  0.47476172 0.42761975 0.50206904 0.41641874
0.00039479 0.36283831 0.35232302 0.39930133 0.34523319 0.50234819  0.48417291 0.45702496 0.47508945 0.39693445 0.45000532 0.44589633  0.47476172 0.42761975 0.50206904 0.41641874
0.00039479 0.36283831 0.35232302 0.39930133 0.34523319 0.50234819  0.48417291 0.45702496 0.47508945 0.39693445 0.45000532 0.44589633  0.47476172 0.42761975 0.50206904 0.41641874
0.00039479 0.36283831 0.35232302 0.39930133 0.34523319 0.50234819  0.48417291 0.45702496 0.47508945 0.39693445 0.45000532 0.44589633  0.47476172 0.42761975 0.50206904 0.41641874
0.00039479 0.36283831 0.35232302 0.39930133 0.34523319 0.50234819  0.48417291 0.45702496 0.47508945 0.39693445 0.45000532 0.44589633  0.47476172 0.42761975 0.50206904 0.41641874
0.00039479 0.36283831 0.35232302 0.39930133 0.34523319 0.50234819  0.48417291 0.45702496 0.47508945 0.39693445 0.45000532 0.44589633  0.47476172 0.42761975 0.50206904 0.41641874
0.00039479 0.36283831 0.35232302 0.39930133 0.34523319 0.50234819  0.48417291 0.45702496 0.47508945 0.39693445 0.45000532 0.44589633  0.47476172 0.42761975 0.50206904 0.41641874
0.00039479 0.36283831 0.35232302 0.39930133 0.34523319 0.50234819  0.48417291 0.45702496 0.47508945 0.39693445 0.45000532 0.44589633  0.47476172 0.42761975 0.50206904 0.41641874
0.00039479 0.36283831 0.35232302 0.39930133 0.34523319 0.50234819  0.48417291 0.45702496 0.47508945 0.39693445 0.45000532 0.44589633  0.47476172 0.42761975 0.50206904 0.41641874
0.00039479 0.36283831 0.35232302 0.39930133 0.34523319 0.50234819  0.48417291 0.45702496 0.47508945 0.39693445 0.45000532 0.44589633  0.47476172 0.42761975 0.50206904 0.41641874
0.00039479 0.36283831 0.35232302 0.39930133 0.34523319 0.50234819  0.48417291 0.45702496 0.47508945 0.39693445 0.45000532 0.44589633  0.47476172 0.42761975 0.50206904 0.41641874
0.00039479 0.36283831 0.35232302 0.39930133 0.34523319 0.50234819  0.48417291 0.45702496 0.47508945 0.39693445 0.45000532 0.44589633  0.47476172 0.42761975 0.50206904 0.41641874
0.00039479 0.36283831 0.35232302 0.39930133 0.34523319 0.50234819  0.48417291 0.45702496 0.47508945 0.39693445 0.45000532 0.44589633  0.47476172 0.42761975 0.50206904 0.41641874
0.00039479 0.36283831 0.35232302 0.39930133 0.34523319 0.50234819  0.48417291 0.45702496 0.47508945 0.39693445 0.45000532 0.44589633  0.47476172 0.42761975 0.50206904 0.41641874
0.00039479 0.36283831 0.35232302 0.39930133 0.34523319 0.50234819  0.48417291 0.45702496 0.47508945 0.39693445 0.45000532 0.44589633  0.47476172 0.42761975 0.50206904 0.41641874
0.00039479 0.36283831 0.35232302 0.39930133 0.34523319 0.50234819  0.48417291 0.45702496 0.47508945 0.39693445 0.45000532 0.44589633  0.47476172 0.42761975 0.50206904 0.41641874
0.00039479 0.36283831 0.35232302 0.39930133 0.34523319 0.50234819  0.48417291 0.45702496 0.47508945 0.39693445 0.45000532 0.44589633  0.47476172 0.42761975 0.50206904 0.41641874
0.00039479 0.36283831 0.35232302 0.39930133 0.34523319 0.50234819  0.48417291 0.45702496 0.47508945 0.39693445 0.45000532 0.44589633  0.47476172 0.42761975 0.50206904 0.41641874
0.00039479 0.36283831 0.35232302 0.39930133 0.34523319 0.50234819  0.48417291 0.45702496 0.47508945 0.39693445 0.45000532 0.44589633  0.47476172 0.42761975 0.50206904 0.41641874
0.00039479 0.36283831 0.35232302 0.39930133 0.34523319 0.50234819  0.48417291 0.45702496 0.47508945 0.39693445 0.45000532 0.44589633  0.47476172 0.42761975 0.50206904 0.41641874
0.00039479 0.36283831 0.35232302 0.39930133 0.34523319 0.50234819  0.48417291 0.45702496 0.47508945 0.39693445 0.45000532 0.44589633  0.47476172 0.42761975 0.50206904 0.41641874
0.00039479 0.36283831 0.35232302 0.39930133 0.34523319 0.50234819  0.48417291 0.45702496 0.47508945 0.39693445 0.45000532 0.44589633  0.47476172 0.42761975 0.50206904 0.41641874
0.01790387 0.3898545  0.33817562 0.42642862 0.35681041 0.46717525  0.46152885 0.47694295 0.46991849 0.39350101 0.41724602 0.4497633  0.51968443 0.43336993 0.49846349 0.44236435
0.07188025 0.45177798 0.31258245 0.46798512 0.35422472 0.48938595  0.40375409 0.46581683 0.51165726 0.43087734 0.36832858 0.47427275  0.54486759 0.46420005 0.57698683 0.49738461
0.27278848 0.71043868 0.1838843  0.63944629 0.39112333 0.40512013  0.29145479 0.50862975 0.57923712 0.42990223 0.42548498 0.46644568  0.50176836 0.43849168 0.55656998 0.47105893
0.59744222 0.86251947 0.73163382 0.51026358 0.44797167 0.64755269  0.37624231 0.42623403 0.5487559  0.56959835 0.32849071 0.27665697  0.56564074 0.43896099 0.28390545 0.24687636
0.72783592 0.8552669  0.82046186 0.35056364 0.60004399 0.60375444  0.55677439 0.50082345 0.37376506 0.57639615 0.43637075 0.37106265  0.71169642 0.40979284 0.40408378 0.26031885
0.76614452 0.81668927 0.81374252 0.29994967 0.62560579 0.54101482  0.70080065 0.52322921 0.42662145 0.60841871 0.45380572 0.39688075  0.78526426 0.37920131 0.4757206  0.35604558
0.81233155 0.73692804 0.83404057 0.24374132 0.60024427 0.49016294  0.62269792 0.68198632 0.419993   0.62089327 0.42198909 0.41340319  0.55672606 0.23135444 0.6266196  0.34949269
0.84207685 0.67439244 0.8236928  0.19733423 0.61823173 0.43406103  0.59137764 0.61846786 0.50558623 0.5916162  0.3824111  0.44053282  0.57635762 0.36003396 0.64545334 0.35783521
0.8621955  0.60196129 0.78552751 0.25449021 0.47126346 0.35385019  0.64039252 0.54049958 0.59131658 0.65072407 0.3215234  0.36286512  0.58663381 0.50327525 0.64090229 0.39993909
0.86055437 0.59333929 0.76696888 0.2725605  0.40902664 0.34134789  0.65208726 0.53840993 0.59700537 0.62517933 0.30730131 0.34672752  0.56711636 0.49985133 0.65250336 0.41732921
0.87179209 0.54960958 0.7409035  0.28893999 0.36687555 0.30733811  0.62492848 0.48988977 0.63685904 0.57357032 0.32175956 0.32359896  0.53695183 0.45881399 0.58773673 0.40719545
0.87574733 0.4546179  0.63520346 0.37158803 0.23747879 0.2655465  0.66499729 0.43403542 0.72658448 0.60191324 0.34583952 0.41831053  0.62081547 0.36754274 0.54588487 0.47756783
0.86366825 0.4435818  0.57334733 0.35319315 0.18084955 0.27169008  0.62128569 0.43699877 0.64375958 0.57195573 0.36219935 0.44500361  0.59310233 0.38630544 0.61585342 0.41136165
0.83575632 0.39529836 0.41440802 0.35228832 0.14492763 0.33613678  0.55289877 0.47585844 0.52261358 0.59536565 0.46819527 0.63269771  0.63454853 0.42491832 0.56309016 0.37329333
0.80980928 0.46534325 0.4313729  0.35579523 0.10806837 0.37532501  0.62075582 0.59927625 0.45302616 0.62269278 0.46751339 0.64458449  0.62578721 0.49190094 0.66670112 0.43991698
0.77539292 0.45393216 0.28336184 0.27901791 0.15123742 0.46722516  0.49083061 0.64628448 0.29373838 0.61357142 0.48037821 0.66444368  0.569604   0.58960688 0.66970079 0.32152286
0.68953366 0.57466115 0.13407372 0.15388587 0.29222279 0.58917893  0.54064997 0.5596489  0.48570375 0.40034374 0.27173207 0.51723578  0.65382379 0.57330318 0.57426243 0.47714689
0.67408174 0.58802617 0.11093365 0.14606481 0.31629629 0.5722528  0.58541939 0.54936046 0.5362624  0.3816034  0.31403501 0.51218567  0.65974729 0.5810645  0.63028581 0.54542615
0.65803198 0.61412126 0.10977007 0.17914822 0.31592023 0.59144177  0.59912499 0.49283154 0.5130465  0.39980607 0.3072205  0.51014479  0.67790418 0.60399631 0.56895151 0.53314605
0.62652997 0.66751469 0.11839761 0.24414103 0.29927925 0.64061788  0.60005614 0.46837079 0.44283707 0.44547486 0.2838134  0.50982239  0.62005332 0.5233032  0.51971193 0.52030769
0.62652997 0.66751469 0.11839761 0.24414103 0.29927925 0.64061788  0.60005614 0.46837079 0.44283707 0.44547486 0.2838134  0.50982239  0.62005332 0.5233032  0.51971193 0.52030769
0.65803198 0.61412126 0.10977007 0.17914822 0.31592023 0.59144177  0.59912499 0.49283154 0.5130465  0.39980607 0.3072205  0.51014479  0.67790418 0.60399631 0.56895151 0.53314605
0.65803198 0.61412126 0.10977007 0.17914822 0.31592023 0.59144177  0.59912499 0.49283154 0.5130465  0.39980607 0.3072205  0.51014479  0.67790418 0.60399631 0.56895151 0.53314605
0.73026836 0.47971495 0.11945986 0.13607513 0.3209652  0.55310198  0.45368081 0.45928845 0.52987026 0.40483831 0.18961421 0.53374962  0.59902568 0.44785654 0.6082009  0.41941203
0.75804705 0.41798431 0.12461685 0.13059459 0.32283573 0.51303666  0.38301105 0.45408797 0.54138804 0.4060472  0.19084409 0.52695574  0.47544049 0.34758377 0.57118164 0.36327928
0.78277767 0.36796789 0.14576222 0.16114181 0.30900244 0.46866096  0.33973792 0.44535925 0.51899106 0.42864946 0.2987432  0.53144176  0.43919163 0.32541423 0.48278262 0.29986387
0.7978111  0.31028166 0.14138123 0.25455765 0.35293184 0.50986127  0.33940992 0.44116007 0.44572559 0.45947405 0.34961207 0.43106959  0.42847114 0.37732965 0.45651128 0.44963809
0.80949425 0.2634799  0.13155711 0.33563468 0.40110657 0.57232461  0.35740796 0.45648941 0.41025734 0.44360272 0.32255611 0.3692835  0.42824668 0.39375831 0.50872449 0.45867894
0.80286345 0.25464836 0.09766768 0.35451933 0.46066883 0.63280687  0.38057624 0.46232077 0.44083272 0.37824131 0.24850847 0.30490627  0.45108864 0.35876496 0.5680977  0.47970702
0.80286345 0.25464836 0.09766768 0.35451933 0.46066883 0.63280687  0.38057624 0.46232077 0.44083272 0.37824131 0.24850847 0.30490627  0.45108864 0.35876496 0.5680977  0.47970702
0.80286345 0.25464836 0.09766768 0.35451933 0.46066883 0.63280687  0.38057624 0.46232077 0.44083272 0.37824131 0.24850847 0.30490627  0.45108864 0.35876496 0.5680977  0.47970702
0.77965033 0.29811779 0.08185444 0.30325321 0.45798381 0.58183486  0.43225906 0.45777894 0.53497246 0.36534547 0.29080438 0.35573691  0.44004601 0.38889061 0.56818922 0.52794679
0.75941817 0.36301015 0.08996096 0.25250104 0.42169014 0.58986515  0.47232863 0.47850085 0.54954047 0.37655438 0.19129326 0.42919876  0.46506726 0.42572176 0.6850706  0.47293646
0.75372423 0.38648759 0.09619682 0.20751215 0.39196429 0.55017938  0.45497906 0.46688087 0.56628719 0.3922513  0.22013903 0.46453914  0.45842706 0.42096504 0.62007184 0.4882682 
0.73902153 0.41287382 0.08375936 0.2103144  0.40861623 0.56476363  0.49047977 0.42541734 0.59308671 0.36901422 0.24163511 0.4574706  0.5766262  0.48412394 0.58297701 0.50912924
0.69938187 0.52035986 0.08962278 0.14857676 0.35412434 0.55325451  0.52734666 0.38823535 0.58347375 0.37865781 0.2490522  0.52128648  0.69713135 0.51737403 0.61175442 0.48566325
0.69938187 0.52035986 0.08962278 0.14857676 0.35412434 0.55325451  0.52734666 0.38823535 0.58347375 0.37865781 0.2490522  0.52128648  0.69713135 0.51737403 0.61175442 0.48566325
0.67046105 0.58115544 0.09814361 0.18248879 0.3354115  0.58615065  0.57374026 0.40846023 0.52898772 0.40215942 0.26428177 0.51726997  0.70114087 0.57017458 0.57991698 0.50473509
0.59346228 0.70316984 0.09774082 0.2875923  0.33139558 0.61473117  0.65734636 0.36945205 0.46635765 0.42667605 0.37942206 0.49293512  0.6291874  0.56159534 0.5427565  0.50856255
0.59346228 0.70316984 0.09774082 0.2875923  0.33139558 0.61473117  0.65734636 0.36945205 0.46635765 0.42667605 0.37942206 0.49293512  0.6291874  0.56159534 0.5427565  0.50856255
0.43799019 0.79494566 0.0957897  0.52431825 0.40605603 0.42464512  0.61865175 0.38140634 0.37819463 0.43735065 0.55528199 0.45044176  0.25443575 0.37185045 0.47884873 0.35999102
0.43799019 0.79494566 0.0957897  0.52431825 0.40605603 0.42464512  0.61865175 0.38140634 0.37819463 0.43735065 0.55528199 0.45044176  0.25443575 0.37185045 0.47884873 0.35999102
0.32828533 0.76763445 0.13787814 0.64709288 0.42596792 0.31026171  0.39711911 0.50811761 0.46795564 0.37949602 0.51765635 0.42820043  0.32184623 0.41251202 0.50381303 0.29975061
0.21650327 0.65390117 0.19631975 0.62428462 0.43417596 0.25283894  0.36577604 0.55289921 0.42214991 0.37243396 0.34282813 0.45402539  0.53745012 0.42013076 0.45926161 0.43375429
0.21650327 0.65390117 0.19631975 0.62428462 0.43417596 0.25283894  0.36577604 0.55289921 0.42214991 0.37243396 0.34282813 0.45402539  0.53745012 0.42013076 0.45926161 0.43375429
0.08862557 0.49385355 0.28356657 0.5215325  0.39584062 0.34978265  0.39259025 0.5385717  0.44824257 0.37709802 0.33155718 0.45651863  0.63406829 0.43388237 0.45981921 0.49760793
0.08862557 0.49385355 0.28356657 0.5215325  0.39584062 0.34978265  0.39259025 0.5385717  0.44824257 0.37709802 0.33155718 0.45651863  0.63406829 0.43388237 0.45981921 0.49760793
0.03555663 0.41720068 0.32416163 0.4534907  0.36798941 0.43594923  0.43647159 0.49618771 0.47382149 0.39144415 0.39530718 0.45299584  0.55479998 0.44686718 0.51427561 0.45951419
0.01790387 0.3898545  0.33817562 0.42642862 0.35681041 0.46717525  0.46152885 0.47694295 0.46991849 0.39350101 0.41724602 0.4497633  0.51968443 0.43336993 0.49846349 0.44236435
0.00140664 0.36431381 0.35232474 0.39642652 0.34463577 0.50247588  0.48308211 0.45859707 0.47435751 0.39611259 0.44362313 0.46430998  0.44184368 0.4496556  0.47683731 0.47370053
0.00140664 0.36431381 0.35232474 0.39642652 0.34463577 0.50247588  0.48308211 0.45859707 0.47435751 0.39611259 0.44362313 0.46430998  0.44184368 0.4496556  0.47683731 0.47370053
0.00140664 0.36431381 0.35232474 0.39642652 0.34463577 0.50247588  0.48308211 0.45859707 0.47435751 0.39611259 0.44362313 0.46430998  0.44184368 0.4496556  0.47683731 0.47370053
0.00147812 0.36537181 0.35301821 0.39483459 0.35043798 0.50544211  0.47922187 0.46116222 0.47045106 0.39538202 0.4524057  0.48426955  0.43413853 0.44048819 0.48211864 0.49852952
0.00147812 0.36537181 0.35301821 0.39483459 0.35043798 0.50544211  0.47922187 0.46116222 0.47045106 0.39538202 0.4524057  0.48426955  0.43413853 0.44048819 0.48211864 0.49852952
0.00147812 0.36537181 0.35301821 0.39483459 0.35043798 0.50544211  0.47922187 0.46116222 0.47045106 0.39538202 0.4524057  0.48426955  0.43413853 0.44048819 0.48211864 0.49852952
0.01898721 0.392388   0.33887081 0.42196188 0.3620152  0.47026917  0.4565778  0.48108021 0.4652801  0.39194858 0.4196464  0.48813652  0.47906124 0.44623837 0.4785131  0.52447513
0.0546553  0.44518359 0.31195891 0.4692573  0.38124108 0.42184915  0.41577671 0.50858073 0.48026781 0.38858662 0.40660412 0.49022534  0.50400673 0.48009147 0.53239336 0.53024799
0.25578644 0.70229461 0.18203274 0.63803392 0.43714868 0.28814977  0.34334417 0.5371011  0.43897453 0.38570587 0.37217201 0.52515435  0.37572126 0.40724827 0.51242162 0.54691154
0.40341619 0.80688518 0.12169906 0.59865807 0.39881937 0.45524793  0.45250988 0.37852612 0.4404548  0.47176628 0.44870089 0.5505432  0.17441199 0.36931725 0.53895297 0.53021909
0.51230863 0.80204336 0.09525244 0.42748902 0.3545916  0.60256081  0.66188757 0.35024329 0.41139361 0.46577511 0.53626664 0.50075722  0.3626742  0.38831323 0.45966715 0.53869146
0.64508072 0.65265402 0.13494245 0.19084885 0.28124137 0.6281543  0.59554035 0.74328506 0.41761212 0.40830666 0.40399976 0.4631499  0.53068227 0.31635145 0.6036428  0.53214929
0.70193676 0.53357377 0.12335646 0.14833228 0.29998983 0.56799763  0.51627502 0.58373128 0.47577352 0.43854424 0.22739416 0.52890494  0.47278107 0.37271683 0.75039755 0.49938051
0.75500101 0.3959788  0.09496858 0.12721651 0.36291236 0.47253131  0.39032606 0.42928219 0.61687182 0.36024464 0.29584427 0.49735479  0.46131689 0.29342549 0.53318046 0.40450296
0.75500101 0.3959788  0.09496858 0.12721651 0.36291236 0.47253131  0.39032606 0.42928219 0.61687182 0.36024464 0.29584427 0.49735479  0.46131689 0.29342549 0.53318046 0.40450296
0.75500101 0.3959788  0.09496858 0.12721651 0.36291236 0.47253131  0.39032606 0.42928219 0.61687182 0.36024464 0.29584427 0.49735479  0.46131689 0.29342549 0.53318046 0.40450296
0.77045293 0.38261378 0.11810865 0.13503757 0.33883886 0.48945744  0.34555663 0.43957064 0.56631317 0.37898498 0.25354133 0.50240491  0.4553934  0.28566417 0.47715708 0.3362237 
0.78582552 0.32265179 0.10466938 0.22307931 0.39077731 0.5531642  0.33178815 0.43377435 0.47380082 0.36765984 0.26768082 0.39253183  0.48522975 0.24106947 0.57201878 0.38339394
0.78582552 0.32265179 0.10466938 0.22307931 0.39077731 0.5531642  0.33178815 0.43377435 0.47380082 0.36765984 0.26768082 0.39253183  0.48522975 0.24106947 0.57201878 0.38339394
0.78582552 0.32265179 0.10466938 0.22307931 0.39077731 0.5531642  0.33178815 0.43377435 0.47380082 0.36765984 0.26768082 0.39253183  0.48522975 0.24106947 0.57201878 0.38339394
0.74029831 0.42236503 0.08253112 0.13001876 0.3795643  0.48711557  0.42582677 0.38781866 0.64367133 0.33700756 0.31734034 0.49028625  0.57951604 0.35658439 0.49608563 0.425364  
0.65712273 0.51060272 0.03840578 0.25155857 0.45260759 0.43127131  0.53690451 0.13272446 0.68779379 0.32669167 0.50071086 0.46939801  0.57207966 0.45420988 0.51207733 0.3881903 
0.56054567 0.73761466 0.08268952 0.32677243 0.36189043 0.57462075  0.71262659 0.36202045 0.46853089 0.42620739 0.51303395 0.46953994  0.55865407 0.51118612 0.61857934 0.48965786
0.34447971 0.73455461 0.12222309 0.57358673 0.4539869  0.25430319  0.56539537 0.43933893 0.29927031 0.42834346 0.39482028 0.4785913  0.29655849 0.37035223 0.49634302 0.38552525
0.08933598 0.49227807 0.28370689 0.51563283 0.39282917 0.35122619  0.41224683 0.52903719 0.4167706  0.37236308 0.3229049  0.45462839  0.62758809 0.38247804 0.3646409  0.49477643
0.01779563 0.38669558 0.33863985 0.42004769 0.35385851 0.46460162  0.48109267 0.47190843 0.43452283 0.38595027 0.3992976  0.44733029  0.52908455 0.38078184 0.39373238 0.44873962
0.00039479 0.36283831 0.35232302 0.39930133 0.34523319 0.50234819  0.48417291 0.45702496 0.47508945 0.39693445 0.45000532 0.44589633  0.47476172 0.42761975 0.50206904 0.41641874
0.00039479 0.36283831 0.35232302 0.39930133 0.34523319 0.50234819  0.48417291 0.45702496 0.47508945 0.39693445 0.45000532 0.44589633  0.47476172 0.42761975 0.50206904 0.41641874
0.00039479 0.36283831 0.35232302 0.39930133 0.34523319 0.50234819  0.48417291 0.45702496 0.47508945 0.39693445 0.45000532 0.44589633  0.47476172 0.42761975 0.50206904 0.41641874
0.00039479 0.36283831 0.35232302 0.39930133 0.34523319 0.50234819  0.48417291 0.45702496 0.47508945 0.39693445 0.45000532 0.44589633  0.47476172 0.42761975 0.50206904 0.41641874
0.00039479 0.36283831 0.35232302 0.39930133 0.34523319 0.50234819  0.48417291 0.45702496 0.47508945 0.39693445 0.45000532 0.44589633  0.47476172 0.42761975 0.50206904 0.41641874
0.00039479 0.36283831 0.35232302 0.39930133 0.34523319 0.50234819  0.48417291 0.45702496 0.47508945 0.39693445 0.45000532 0.44589633  0.47476172 0.42761975 0.50206904 0.41641874
0.00039479 0.36283831 0.35232302 0.39930133 0.34523319 0.50234819  0.48417291 0.45702496 0.47508945 0.39693445 0.45000532 0.44589633  0.47476172 0.42761975 0.50206904 0.41641874
0.01790387 0.3898545  0.33817562 0.42642862 0.35681041 0.46717525  0.46152885 0.47694295 0.46991849 0.39350101 0.41724602 0.4497633  0.51968443 0.43336993 0.49846349 0.44236435
0.16149154 0.59589382 0.23195424 0.60314051 0.42181362 0.28395504  0.32731473 0.57699891 0.48499844 0.37233474 0.34308032 0.45523986  0.63650155 0.46742391 0.52384575 0.47911881
0.27230287 0.73267769 0.16547083 0.68332028 0.43003633 0.28129444  0.27429226 0.57383444 0.55875287 0.38318526 0.44123623 0.44755586  0.5143895  0.4866367  0.6130834  0.38891645
0.42049102 0.80809381 0.12444485 0.58541054 0.35002414 0.55804566  0.42072239 0.37616265 0.54288306 0.49000367 0.47669895 0.48656975  0.36923561 0.36199375 0.49665656 0.48259605
0.43917576 0.81684401 0.11488651 0.56584208 0.35122413 0.56182676  0.47942694 0.35652119 0.49760701 0.48167717 0.51210968 0.47442886  0.29605323 0.33657096 0.45465744 0.43788527
0.45661747 0.81000611 0.10177323 0.53085258 0.36724485 0.53502864  0.55749255 0.33478949 0.44585401 0.49465719 0.49979768 0.48600623  0.28885091 0.3487887  0.48633384 0.44834469
0.47504771 0.81068316 0.10684289 0.50897495 0.34185231 0.59683515  0.55071348 0.33984459 0.45412722 0.50016313 0.47218942 0.48944874  0.35304037 0.33302527 0.44791077 0.4867838 
0.47504771 0.81068316 0.10684289 0.50897495 0.34185231 0.59683515  0.55071348 0.33984459 0.45412722 0.50016313 0.47218942 0.48944874  0.35304037 0.33302527 0.44791077 0.4867838 
0.43892126 0.80877087 0.12951451 0.56353291 0.32463159 0.61985217  0.41394331 0.38121775 0.55115627 0.49550961 0.44909069 0.49001226  0.43342507 0.34623032 0.45823349 0.52103516
0.42063502 0.79794218 0.1411603  0.57223517 0.31991006 0.63313246  0.36071149 0.41287205 0.62432228 0.48610982 0.47620885 0.48213681  0.52388128 0.3882245  0.49684716 0.54053576
0.40343091 0.8007634  0.15511196 0.5957954  0.3058326  0.66343265  0.28722977 0.45309638 0.70901758 0.45371406 0.550006   0.45055164  0.55642592 0.41144441 0.48545025 0.49774096
0.43806806 0.78100043 0.18322947 0.56220831 0.25324473 0.7451178  0.21593883 0.50867814 0.66822166 0.46195923 0.38972179 0.46711874  0.6444072  0.38203433 0.387558   0.50281926
0.47403591 0.8299494  0.36449708 0.57734848 0.2686174  0.71493464  0.20388266 0.44886014 0.65786264 0.43979021 0.38959598 0.40287412  0.63395621 0.54632997 0.28434695 0.50964479
0.56762285 0.89398293 0.77518455 0.59072461 0.51476222 0.65582849  0.23101268 0.401437   0.66790839 0.5666412  0.34364159 0.31458528  0.75579315 0.44404756 0.34380365 0.28869516
0.63088399 0.79540251 0.84900023 0.57396615 0.53094091 0.5722963  0.19440949 0.57382134 0.68950689 0.67624785 0.40753302 0.44688576  0.57118039 0.19164342 0.54475194 0.3324091 
0.70598284 0.74232203 0.8976731  0.40162268 0.58898787 0.53635118  0.26032442 0.756519   0.68896783 0.60655649 0.44529437 0.4610114  0.64500969 0.24425699 0.7014622  0.44158229
0.72456084 0.74288468 0.89244771 0.36779418 0.58622517 0.55217765  0.31752728 0.75533835 0.6643003  0.58507469 0.49039722 0.44043402  0.64834819 0.24793523 0.67320446 0.41640532
0.7777619  0.72811416 0.85671637 0.28303971 0.54902559 0.52371909  0.50293706 0.75590669 0.58113009 0.55095927 0.50933077 0.37379246  0.62982241 0.28352467 0.66818724 0.38487723
0.80938482 0.71922856 0.79573799 0.28244884 0.45652275 0.45151373  0.66589339 0.66972231 0.4704966  0.6155736  0.33016024 0.2750246  0.53699803 0.28370112 0.60057876 0.30236997
0.8077437  0.71060656 0.77717937 0.30051914 0.39428592 0.43901143  0.67758812 0.66763266 0.47618539 0.59002887 0.31593814 0.258887  0.51748058 0.2802772  0.61217983 0.31976009
0.80275118 0.68660361 0.72891985 0.33263114 0.29155106 0.41473481  0.70322635 0.66908855 0.49084124 0.57237799 0.31391261 0.26059475  0.51302376 0.26918904 0.62659371 0.36769769
0.79907925 0.61854662 0.64205143 0.42379082 0.12009442 0.38459423  0.71700567 0.67005178 0.45158538 0.55012796 0.46772288 0.40072733  0.51618394 0.2652322  0.63574657 0.51984313
0.80352426 0.56236808 0.57019447 0.40129595 0.10956294 0.36671405  0.706489   0.6510804  0.47310917 0.62448672 0.45937783 0.47129068  0.59829226 0.34322157 0.66425879 0.4798415 
0.82292032 0.4723435  0.49322722 0.37366301 0.11599746 0.33125014  0.66427164 0.57608583 0.52576089 0.62786355 0.45749527 0.60243444  0.67831118 0.42320006 0.73574398 0.49018064
0.80580831 0.4564019  0.40918273 0.3519723  0.12808414 0.37630775  0.62294691 0.61912354 0.48138331 0.71182051 0.47840875 0.64707805  0.67656761 0.47450428 0.64858137 0.41315045
0.79476985 0.44715964 0.35986151 0.34132606 0.13554204 0.39982395  0.6051983  0.6370986  0.45008493 0.67510173 0.47833489 0.67023718  0.62667623 0.42773412 0.71364988 0.39914233
0.81397051 0.37300456 0.31539439 0.33288404 0.16933471 0.37751912  0.4911104  0.57212343 0.44847818 0.59696066 0.58749023 0.65459379  0.61336489 0.38532246 0.51819    0.31526419
0.83927064 0.30533826 0.29408352 0.335396   0.20716276 0.35852083  0.43303766 0.41099832 0.49568954 0.59401507 0.52250742 0.6636946  0.65074895 0.32163198 0.4996586  0.25550128
0.83927064 0.30533826 0.29408352 0.335396   0.20716276 0.35852083  0.43303766 0.41099832 0.49568954 0.59401507 0.52250742 0.6636946  0.65074895 0.32163198 0.4996586  0.25550128
0.81887094 0.31001672 0.22387874 0.28383693 0.25690327 0.3951527  0.4062305  0.44157165 0.5203705  0.58196892 0.47116122 0.61967227  0.55797346 0.29826442 0.47915195 0.30591188
0.80677503 0.3180297  0.19153259 0.25387112 0.28030902 0.39973675  0.41271099 0.45668967 0.57029177 0.57747894 0.44695839 0.60234248  0.4946615  0.27704186 0.47511218 0.38483107
0.80677503 0.3180297  0.19153259 0.25387112 0.28030902 0.39973675  0.41271099 0.45668967 0.57029177 0.57747894 0.44695839 0.60234248  0.4946615  0.27704186 0.47511218 0.38483107
0.80677503 0.3180297  0.19153259 0.25387112 0.28030902 0.39973675  0.41271099 0.45668967 0.57029177 0.57747894 0.44695839 0.60234248  0.4946615  0.27704186 0.47511218 0.38483107
0.80677503 0.3180297  0.19153259 0.25387112 0.28030902 0.39973675  0.41271099 0.45668967 0.57029177 0.57747894 0.44695839 0.60234248  0.4946615  0.27704186 0.47511218 0.38483107
0.80677503 0.3180297  0.19153259 0.25387112 0.28030902 0.39973675  0.41271099 0.45668967 0.57029177 0.57747894 0.44695839 0.60234248  0.4946615  0.27704186 0.47511218 0.38483107
0.80269883 0.32855554 0.18142593 0.22655462 0.27734879 0.41920099  0.36645668 0.45352688 0.48930606 0.53667786 0.43554755 0.58353668  0.4719206  0.35093336 0.50397291 0.31360044
0.80269883 0.32855554 0.18142593 0.22655462 0.27734879 0.41920099  0.36645668 0.45352688 0.48930606 0.53667786 0.43554755 0.58353668  0.4719206  0.35093336 0.50397291 0.31360044
0.80269883 0.32855554 0.18142593 0.22655462 0.27734879 0.41920099  0.36645668 0.45352688 0.48930606 0.53667786 0.43554755 0.58353668  0.4719206  0.35093336 0.50397291 0.31360044
0.80269883 0.32855554 0.18142593 0.22655462 0.27734879 0.41920099  0.36645668 0.45352688 0.48930606 0.53667786 0.43554755 0.58353668  0.4719206  0.35093336 0.50397291 0.31360044
0.77882801 0.35725427 0.12520995 0.17218567 0.32761029 0.46477407  0.35907314 0.44350785 0.57152772 0.43339855 0.3520043  0.53379664  0.46814634 0.30228141 0.43836773 0.41848792
0.78006883 0.342439   0.1093755  0.21765844 0.38998091 0.55756068  0.38781763 0.47226655 0.55767928 0.35326122 0.19763258 0.46115919  0.444843   0.32921386 0.53843717 0.3098933 
0.76461691 0.35580401 0.08623543 0.20983738 0.41405442 0.54063455  0.43258706 0.46197811 0.60823792 0.33452088 0.23993551 0.45610907  0.4507665  0.33697519 0.59446055 0.37817257
0.76461691 0.35580401 0.08623543 0.20983738 0.41405442 0.54063455  0.43258706 0.46197811 0.60823792 0.33452088 0.23993551 0.45610907  0.4507665  0.33697519 0.59446055 0.37817257
0.76461691 0.35580401 0.08623543 0.20983738 0.41405442 0.54063455  0.43258706 0.46197811 0.60823792 0.33452088 0.23993551 0.45610907  0.4507665  0.33697519 0.59446055 0.37817257
0.66210193 0.53009608 0.04737255 0.20582606 0.43113082 0.46012609  0.58588894 0.21335801 0.66576282 0.3314285  0.4455944  0.48120594  0.65883775 0.53185857 0.61481044 0.43323704
0.64739061 0.56227563 0.05228736 0.22787791 0.42107067 0.49282495  0.60652643 0.22987195 0.61917708 0.35533875 0.44052342 0.47631847  0.65901616 0.48224769 0.634392   0.43443535
0.53278548 0.70179436 0.0612127  0.43764571 0.42058922 0.50178384  0.60784785 0.11028432 0.48498235 0.46888997 0.4289699  0.49736148  0.39374327 0.40179511 0.55978836 0.36534105
0.43054675 0.74068464 0.08385592 0.53596312 0.45693781 0.33392616  0.58851233 0.31141388 0.37716494 0.45262798 0.43984173 0.48217388  0.30138509 0.38845744 0.62646547 0.33834784
0.21541941 0.624777   0.19396705 0.58034864 0.4458217  0.21285716  0.47537666 0.50558672 0.26670375 0.39075545 0.21603826 0.48720149  0.55850016 0.34052548 0.33396989 0.48839421
0.1234861  0.51654246 0.25523885 0.52229453 0.42027218 0.27466894  0.45908465 0.51873701 0.31559885 0.39553528 0.19247021 0.49167978  0.6872911  0.3576488  0.3385896  0.581581  
0.07086404 0.46647655 0.29716428 0.4953128  0.38550056 0.37185147  0.422354   0.52287659 0.42016792 0.37456664 0.32661574 0.45523858  0.63349788 0.38746679 0.3718939  0.50025881
0.03544839 0.41404176 0.32462587 0.44710978 0.36503751 0.43337561  0.45603541 0.49115319 0.43842582 0.38389341 0.37735876 0.45056284  0.56420009 0.3942791  0.4095445  0.46588946
0.01779563 0.38669558 0.33863985 0.42004769 0.35385851 0.46460162  0.48109267 0.47190843 0.43452283 0.38595027 0.3992976  0.44733029  0.52908455 0.38078184 0.39373238 0.44873962
0.00039479 0.36283831 0.35232302 0.39930133 0.34523319 0.50234819  0.48417291 0.45702496 0.47508945 0.39693445 0.45000532 0.44589633  0.47476172 0.42761975 0.50206904 0.41641874
0.00039479 0.36283831 0.35232302 0.39930133 0.34523319 0.50234819  0.48417291 0.45702496 0.47508945 0.39693445 0.45000532 0.44589633  0.47476172 0.42761975 0.50206904 0.41641874
0.00039479 0.36283831 0.35232302 0.39930133 0.34523319 0.50234819  0.48417291 0.45702496 0.47508945 0.39693445 0.45000532 0.44589633  0.47476172 0.42761975 0.50206904 0.41641874
0.00039479 0.36283831 0.35232302 0.39930133 0.34523319 0.50234819  0.48417291 0.45702496 0.47508945 0.39693445 0.45000532 0.44589633  0.47476172 0.42761975 0.50206904 0.41641874
0.00039479 0.36283831 0.35232302 0.39930133 0.34523319 0.50234819  0.48417291 0.45702496 0.47508945 0.39693445 0.45000532 0.44589633  0.47476172 0.42761975 0.50206904 0.41641874
0.00039479 0.36283831 0.35232302 0.39930133 0.34523319 0.50234819  0.48417291 0.45702496 0.47508945 0.39693445 0.45000532 0.44589633  0.47476172 0.42761975 0.50206904 0.41641874
0.00039479 0.36283831 0.35232302 0.39930133 0.34523319 0.50234819  0.48417291 0.45702496 0.47508945 0.39693445 0.45000532 0.44589633  0.47476172 0.42761975 0.50206904 0.41641874
0.00039479 0.36283831 0.35232302 0.39930133 0.34523319 0.50234819  0.48417291 0.45702496 0.47508945 0.39693445 0.45000532 0.44589633  0.47476172 0.42761975 0.50206904 0.41641874
0.00039479 0.36283831 0.35232302 0.39930133 0.34523319 0.50234819  0.48417291 0.45702496 0.47508945 0.39693445 0.45000532 0.44589633  0.47476172 0.42761975 0.50206904 0.41641874
0.00039479 0.36283831 0.35232302 0.39930133 0.34523319 0.50234819  0.48417291 0.45702496 0.47508945 0.39693445 0.45000532 0.44589633  0.47476172 0.42761975 0.50206904 0.41641874
0.00039479 0.36283831 0.35232302 0.39930133 0.34523319 0.50234819  0.48417291 0.45702496 0.47508945 0.39693445 0.45000532 0.44589633  0.47476172 0.42761975 0.50206904 0.41641874
0.00039479 0.36283831 0.35232302 0.39930133 0.34523319 0.50234819  0.48417291 0.45702496 0.47508945 0.39693445 0.45000532 0.44589633  0.47476172 0.42761975 0.50206904 0.41641874
0.00039479 0.36283831 0.35232302 0.39930133 0.34523319 0.50234819  0.48417291 0.45702496 0.47508945 0.39693445 0.45000532 0.44589633  0.47476172 0.42761975 0.50206904 0.41641874
0.00039479 0.36283831 0.35232302 0.39930133 0.34523319 0.50234819  0.48417291 0.45702496 0.47508945 0.39693445 0.45000532 0.44589633  0.47476172 0.42761975 0.50206904 0.41641874
0.00039479 0.36283831 0.35232302 0.39930133 0.34523319 0.50234819  0.48417291 0.45702496 0.47508945 0.39693445 0.45000532 0.44589633  0.47476172 0.42761975 0.50206904 0.41641874
0.00039479 0.36283831 0.35232302 0.39930133 0.34523319 0.50234819  0.48417291 0.45702496 0.47508945 0.39693445 0.45000532 0.44589633  0.47476172 0.42761975 0.50206904 0.41641874
0.00039479 0.36283831 0.35232302 0.39930133 0.34523319 0.50234819  0.48417291 0.45702496 0.47508945 0.39693445 0.45000532 0.44589633  0.47476172 0.42761975 0.50206904 0.41641874
0.00039479 0.36283831 0.35232302 0.39930133 0.34523319 0.50234819  0.48417291 0.45702496 0.47508945 0.39693445 0.45000532 0.44589633  0.47476172 0.42761975 0.50206904 0.41641874
0.00039479 0.36283831 0.35232302 0.39930133 0.34523319 0.50234819  0.48417291 0.45702496 0.47508945 0.39693445 0.45000532 0.44589633  0.47476172 0.42761975 0.50206904 0.41641874
