0.00039479 0.36283831 0.35232302 0.39930133 0.34523319 0.50234819  0.48417291 0.45702496 0.47508945 0.39693445 0.45000532 0.44589633  0.47476172 0.42761975 0.50206904 0.41641874
0.00039479 0.36283831 0.35232302 0.39930133 0.34523319 0.50234819  0.48417291 0.45702496 0.47508945 0.39693445 0.45000532 0.44589633  0.47476172 0.42761975 0.50206904 0.41641874
0.00039479 0.36283831 0.35232302 0.39930133 0.34523319 0.50234819  0.48417291 0.45702496 0.47508945 0.39693445 0.45000532 0.44589633  0.47476172 0.42761975 0.50206904 0.41641874
0.00039479 0.36283831 0.35232302 0.39930133 0.34523319 0.50234819  0.48417291 0.45702496 0.47508945 0.39693445 0.45000532 0.44589633  0.47476172 0.42761975 0.50206904 0.41641874
0.00039479 0.36283831 0.35232302 0.39930133 0.34523319 0.50234819  0.48417291 0.45702496 0.47508945 0.39693445 0.45000532 0.44589633  0.47476172 0.42761975 0.50206904 0.41641874
0.00039479 0.36283831 0.35232302 0.39930133 0.34523319 0.50234819  0.48417291 0.45702496 0.47508945 0.39693445 0.45000532 0.44589633  0.47476172 0.42761975 0.50206904 0.41641874
0.00039479 0.36283831 0.35232302 0.39930133 0.34523319 0.50234819  0.48417291 0.45702496 0.47508945 0.39693445 0.45000532 0.44589633  0.47476172 0.42761975 0.50206904 0.41641874
0.00039479 0.36283831 0.35232302 0.39930133 0.34523319 0.50234819  0.48417291 0.45702496 0.47508945 0.39693445 0.45000532 0.44589633  0.47476172 0.42761975 0.50206904 0.41641874
0.00039479 0.36283831 0.35232302 0.39930133 0.34523319 0.50234819  0.48417291 0.45702496 0.47508945 0.39693445 0.45000532 0.44589633  0.47476172 0.42761975 0.50206904 0.41641874
0.00039479 0.36283831 0.35232302 0.39930133 0.34523319 0.50234819  0.48417291 0.45702496 0.47508945 0.39693445 0.45000532 0.44589633  0.47476172 0.42761975 0.50206904 0.41641874
0.00039479 0.36283831 0.35232302 0.39930133 0.34523319 0.50234819  0.48417291 0.45702496 0.47508945 0.39693445 0.45000532 0.44589633  0.47476172 0.42761975 0.50206904 0.41641874
0.00039479 0.36283831 0.35232302 0.39930133 0.34523319 0.50234819  0.48417291 0.45702496 0.47508945 0.39693445 0.45000532 0.44589633  0.47476172 0.42761975 0.50206904 0.41641874
0.00039479 0.36283831 0.35232302 0.39930133 0.34523319 0.50234819  0.48417291 0.45702496 0.47508945 0.39693445 0.45000532 0.44589633  0.47476172 0.42761975 0.50206904 0.41641874
0.00039479 0.36283831 0.35232302 0.39930133 0.34523319 0.50234819  0.48417291 0.45702496 0.47508945 0.39693445 0.45000532 0.44589633  0.47476172 0.42761975 0.50206904 0.41641874
0.00039479 0.36283831 0.35232302 0.39930133 0.34523319 0.50234819  0.48417291 0.45702496 0.47508945 0.39693445 0.45000532 0.44589633  0.47476172 0.42761975 0.50206904 0.41641874
0.00039479 0.36283831 0.35232302 0.39930133 0.34523319 0.50234819  0.48417291 0.45702496 0.47508945 0.39693445 0.45000532 0.44589633  0.47476172 0.42761975 0.50206904 0.41641874
0.00039479 0.36283831 0.35232302 0.39930133 0.34523319 0.50234819  0.48417291 0.45702496 0.47508945 0.39693445 0.45000532 0.44589633  0.47476172 0.42761975 0.50206904 0.41641874
0.00039479 0.36283831 0.35232302 0.39930133 0.34523319 0.50234819  0.48417291 0.45702496 0.47508945 0.39693445 0.45000532 0.44589633  0.47476172 0.42761975 0.50206904 0.41641874
0.00039479 0.36283831 0.35232302 0.39930133 0.34523319 0.50234819  0.48417291 0.45702496 0.47508945 0.39693445 0.45000532 0.44589633  0.47476172 0.42761975 0.50206904 0.41641874
0.00039479 0.36283831 0.35232302 0.39930133 0.34523319 0.50234819  0.48417291 0.45702496 0.47508945 0.39693445 0.45000532 0.44589633  0.47476172 0.42761975 0.50206904 0.41641874
0.00039479 0.36283831 0.35232302 0.39930133 0.34523319 0.50234819  0.48417291 0.45702496 0.47508945 0.39693445 0.45000532 0.44589633  0.47476172 0.42761975 0.50206904 0.41641874
0.00039479 0.36283831 0.35232302 0.39930133 0.34523319 0.50234819  0.48417291 0.45702496 0.47508945 0.39693445 0.45000532 0.44589633  0.47476172 0.42761975 0.50206904 0.41641874
0.00039479 0.36283831 0.35232302 0.39930133 0.34523319 0.50234819  0.48417291 0.45702496 0.47508945 0.39693445 0.45000532 0.44589633  0.47476172 0.42761975 0.50206904 0.41641874
0.00039479 0.36283831 0.35232302 0.39930133 0.34523319 0.50234819  0.48417291 0.45702496 0.47508945 0.39693445 0.45000532 0.44589633  0.47476172 0.42761975 0.50206904 0.41641874
0.00039479 0.36283831 0.35232302 0.39930133 0.34523319 0.50234819  0.48417291 0.45702496 0.47508945 0.39693445 0.45000532 0.44589633  0.47476172 0.42761975 0.50206904 0.41641874
0.00039479 0.36283831 0.35232302 0.39930133 0.34523319 0.50234819  0.48417291 0.45702496 0.47508945 0.39693445 0.45000532 0.44589633  0.47476172 0.42761975 0.50206904 0.41641874
0.00039479 0.36283831 0.35232302 0.39930133 0.34523319 0.50234819  0.48417291 0.45702496 0.47508945 0.39693445 0.45000532 0.44589633  0.47476172 0.42761975 0.50206904 0.41641874
0.00039479 0.36283831 0.35232302 0.39930133 0.34523319 0.50234819  0.48417291 0.45702496 0.47508945 0.39693445 0.45000532 0.44589633  0.47476172 0.42761975 0.50206904 0.41641874
0.00039479 0.36283831 0.35232302 0.39930133 0.34523319 0.50234819  0.48417291 0.45702496 0.47508945 0.39693445 0.45000532 0.44589633  0.47476172 0.42761975 0.50206904 0.41641874
0.00039479 0.36283831 0.35232302 0.39930133 0.34523319 0.50234819  0.48417291 0.45702496 0.47508945 0.39693445 0.45000532 0.44589633  0.47476172 0.42761975 0.50206904 0.41641874
0.00039479 0.36283831 0.35232302 0.39930133 0.34523319 0.50234819  0.48417291 0.45702496 0.47508945 0.39693445 0.45000532 0.44589633  0.47476172 0.42761975 0.50206904 0.41641874
0.00039479 0.36283831 0.35232302 0.39930133 0.34523319 0.50234819  0.48417291 0.45702496 0.47508945 0.39693445 0.45000532 0.44589633  0.47476172 0.42761975 0.50206904 0.41641874
0.00039479 0.36283831 0.35232302 0.39930133 0.34523319 0.50234819  0.48417291 0.45702496 0.47508945 0.39693445 0.45000532 0.44589633  0.47476172 0.42761975 0.50206904 0.41641874
0.00039479 0.36283831 0.35232302 0.39930133 0.34523319 0.50234819  0.48417291 0.45702496 0.47508945 0.39693445 0.45000532 0.44589633  0.47476172 0.42761975 0.50206904 0.41641874
0.00039479 0.36283831 0.35232302 0.39930133 0.34523319 0.50234819  0.48417291 0.45702496 0.47508945 0.39693445 0.45000532 0.44589633  0.47476172 0.42761975 0.50206904 0.41641874
0.00039479 0.36283831 0.35232302 0.39930133 0.34523319 0.50234819  0.48417291 0.45702496 0.47508945 0.39693445 0.45000532 0.44589633  0.47476172 0.42761975 0.50206904 0.41641874
0.00039479 0.36283831 0.35232302 0.39930133 0.34523319 0.50234819  0.48417291 0.45702496 0.47508945 0.39693445 0.45000532 0.44589633  0.47476172 0.42761975 0.50206904 0.41641874
0.00039479 0.36283831 0.35232302 0.39930133 0.34523319 0.50234819  0.48417291 0.45702496 0.47508945 0.39693445 0.45000532 0.44589633  0.47476172 0.42761975 0.50206904 0.41641874
0.00039479 0.36283831 0.35232302 0.39930133 0.34523319 0.50234819  0.48417291 0.45702496 0.47508945 0.39693445 0.45000532 0.44589633  0.47476172 0.42761975 0.50206904 0.41641874
0.00039479 0.36283831 0.35232302 0.39930133 0.34523319 0.50234819  0.48417291 0.45702496 0.47508945 0.39693445 0.45000532 0.44589633  0.47476172 0.42761975 0.50206904 0.41641874
0.00039479 0.36283831 0.35232302 0.39930133 0.34523319 0.50234819  0.48417291 0.45702496 0.47508945 0.39693445 0.45000532 0.44589633  0.47476172 0.42761975 0.50206904 0.41641874
0.00039479 0.36283831 0.35232302 0.39930133 0.34523319 0.50234819  0.48417291 0.45702496 0.47508945 0.39693445 0.45000532 0.44589633  0.47476172 0.42761975 0.50206904 0.41641874
0.00039479 0.36283831 0.35232302 0.39930133 0.34523319 0.50234819  0.48417291 0.45702496 0.47508945 0.39693445 0.45000532 0.44589633  0.47476172 0.42761975 0.50206904 0.41641874
0.00039479 0.36283831 0.35232302 0.39930133 0.34523319 0.50234819  0.48417291 0.45702496 0.47508945 0.39693445 0.45000532 0.44589633  0.47476172 0.42761975 0.50206904 0.41641874
0.00039479 0.36283831 0.35232302 0.39930133 0.34523319 0.50234819  0.48417291 0.45702496 0.47508945 0.39693445 0.45000532 0.44589633  0.47476172 0.42761975 0.50206904 0.41641874
0.00039479 0.36283831 0.35232302 0.39930133 0.34523319 0.50234819  0.48417291 0.45702496 0.47508945 0.39693445 0.45000532 0.44589633  0.47476172 0.42761975 0.50206904 0.41641874
0.09081072 0.48881402 0.28887095 0.49781827 0.37880315 0.42680603  0.4029249  0.50160127 0.53780824 0.38845114 0.48947913 0.43703443  0.46974127 0.50266025 0.62183604 0.38286802
0.20044644 0.62889402 0.22174325 0.59080762 0.39245113 0.40793968  0.31989694 0.52338112 0.61589561 0.41048421 0.52196395 0.44502312  0.43863309 0.51829596 0.70625274 0.3988691 
0.38438991 0.80441982 0.1389571  0.63052601 0.35570899 0.5327666  0.33422335 0.42555785 0.61133757 0.46252145 0.5250024  0.46241813  0.36426426 0.40157421 0.53067538 0.42587196
0.44054965 0.82022789 0.12361278 0.55557381 0.33438396 0.60795342  0.46314807 0.39556488 0.55763478 0.4277996  0.63100969 0.42226633  0.33193637 0.36346912 0.41500279 0.3699135 
0.58108692 0.75256055 0.12394235 0.31353641 0.28926624 0.69493698  0.64085643 0.51238524 0.37699323 0.42387175 0.40951623 0.44861004  0.63806581 0.39214551 0.40029533 0.49172826
0.59787761 0.73134667 0.12022963 0.27059545 0.29584709 0.67845973  0.66056277 0.55335991 0.40061692 0.40211321 0.42785235 0.44404497  0.69609507 0.42322775 0.46911648 0.50576494
0.64435747 0.64775437 0.12333062 0.18911969 0.30038715 0.6125341  0.60379928 0.66600647 0.46724271 0.37695626 0.42620579 0.46062434  0.62268604 0.42771849 0.53159136 0.52892293
0.70259229 0.52540186 0.11035018 0.12306383 0.32573312 0.52969307  0.52135393 0.56346111 0.57153485 0.36701537 0.31962591 0.50573627  0.56217907 0.48219447 0.60864159 0.51218248
0.75500101 0.3959788  0.09496858 0.12721651 0.36291236 0.47253131  0.39032606 0.42928219 0.61687182 0.36024464 0.29584427 0.49735479  0.46131689 0.29342549 0.53318046 0.40450296
0.82190529 0.29404207 0.21431783 0.29963795 0.26728736 0.41929956  0.36399975 0.43289147 0.41462029 0.57289876 0.51342966 0.56889043  0.5132688  0.43074883 0.45613415 0.36041778
0.86204362 0.22297385 0.28514982 0.46638932 0.27230704 0.43983958  0.39925099 0.39511691 0.35331758 0.59980652 0.59378257 0.51392044  0.64289481 0.42733286 0.43634303 0.46513785
0.8879823  0.23839085 0.39208857 0.49019233 0.32196239 0.44035371  0.41321795 0.36502292 0.36995791 0.56669431 0.51491266 0.3161557  0.54962172 0.48222653 0.43313441 0.55568659
0.90651461 0.22977824 0.46232733 0.56071089 0.30792577 0.39313607  0.52112843 0.36174796 0.49363763 0.59857312 0.51327455 0.33757348  0.60992015 0.34266515 0.48802683 0.60695527
0.92632936 0.25481345 0.56787493 0.56728709 0.357798   0.34793703  0.58039614 0.32998658 0.58888378 0.61127257 0.46715179 0.24265092  0.66855802 0.29050719 0.4993355  0.63878546
0.91076313 0.31538507 0.58085704 0.47657447 0.30521479 0.28413161  0.58905374 0.33334162 0.67251184 0.62277562 0.45648483 0.34970481  0.64179902 0.34006141 0.41055958 0.58879376
0.89397191 0.29579581 0.49456467 0.46094357 0.28342579 0.30942105  0.56252502 0.38400392 0.65115287 0.71561288 0.47351583 0.38387264  0.59818583 0.39029661 0.333498   0.55982631
0.88723915 0.28047775 0.45338608 0.46356561 0.26980959 0.31590131  0.56375461 0.40086898 0.63409324 0.74290899 0.48355153 0.40965381  0.62480016 0.37447259 0.36318701 0.49906085
0.8821168  0.28909399 0.43749341 0.43515821 0.24929493 0.32797425  0.50625428 0.38199529 0.54481243 0.66716667 0.4882134  0.41273075  0.58539093 0.42393892 0.41568745 0.45774246
0.844898   0.3249211  0.37578994 0.44900073 0.19297711 0.39111207  0.53705862 0.48170655 0.43674333 0.65072525 0.54643742 0.57232613  0.66116631 0.4573233  0.55328212 0.49986248
0.76462199 0.44129749 0.21276888 0.21995876 0.21340504 0.48287863  0.45142084 0.58041827 0.40982934 0.55016767 0.39578993 0.62838633  0.50046338 0.52961369 0.5761845  0.43761777
0.74337585 0.50135749 0.21535198 0.18363929 0.20629682 0.52126918  0.47059233 0.65323487 0.37334466 0.50105304 0.31937104 0.59501897  0.47356308 0.5428652  0.64447072 0.38670549
0.67408174 0.58802617 0.11093365 0.14606481 0.31629629 0.5722528  0.58541939 0.54936046 0.5362624  0.3816034  0.31403501 0.51218567  0.65974729 0.5810645  0.63028581 0.54542615
0.64124129 0.63533514 0.1134828  0.22208918 0.30933939 0.60791902  0.57941865 0.45185686 0.48942281 0.42156461 0.28888438 0.51470986  0.61987491 0.57291408 0.50013036 0.51910937
0.56114007 0.74295137 0.08886082 0.32842386 0.34983593 0.59637357  0.70445027 0.38716199 0.44780136 0.42564055 0.50227862 0.46136212  0.56733581 0.49583296 0.55846673 0.49361234
0.47519548 0.81056876 0.09654784 0.49702408 0.36448215 0.55085511  0.61469541 0.33360884 0.42118648 0.47317538 0.54490054 0.46542886  0.29218941 0.35246694 0.45807609 0.42316772
0.38351902 0.77780021 0.12553825 0.57817983 0.39071879 0.43675657  0.5001122  0.39749605 0.42237813 0.44932409 0.48576422 0.4666701  0.27275878 0.32479687 0.42488676 0.407229  
0.34555716 0.7559127  0.13245343 0.60937737 0.42057703 0.34062568  0.47288085 0.42125436 0.38005554 0.46070337 0.38529496 0.49145831  0.25922076 0.35192861 0.51929113 0.41435007
0.32835305 0.75873392 0.14640509 0.6329376  0.40649958 0.37092587  0.39939913 0.46147869 0.46475084 0.42830761 0.45909211 0.45987314  0.29176539 0.37514853 0.50789423 0.37155527
0.34555716 0.7559127  0.13245343 0.60937737 0.42057703 0.34062568  0.47288085 0.42125436 0.38005554 0.46070337 0.38529496 0.49145831  0.25922076 0.35192861 0.51929113 0.41435007
0.3829027  0.78833    0.11951599 0.60666731 0.40432563 0.39589255  0.46262605 0.42232088 0.44050331 0.45443576 0.46599454 0.47371304  0.26462892 0.36772054 0.52140544 0.39521267
0.45629848 0.80407354 0.09710843 0.51857932 0.38424446 0.49527585  0.60167809 0.3427797  0.40494569 0.47808893 0.51940683 0.4728624  0.25467343 0.36882748 0.50349181 0.40923842
0.52906469 0.78820068 0.09336626 0.38841304 0.34732777 0.60797626  0.70061735 0.39068725 0.41489499 0.43795197 0.56221965 0.44478585  0.48337353 0.40582652 0.48947905 0.4686588 
0.64332066 0.64630081 0.11468488 0.20120006 0.30586009 0.62414063  0.61976248 0.50934547 0.46646076 0.42371632 0.30214952 0.50525732  0.67808258 0.55438544 0.58853307 0.53434437
0.6946096  0.58852711 0.18269816 0.19060468 0.26259074 0.5460785  0.58562297 0.50715457 0.49140622 0.37409704 0.37165502 0.56079834  0.74251891 0.6804479  0.5748184  0.52774717
0.86452186 0.46149042 0.60102384 0.32597938 0.24721027 0.26954403  0.60750999 0.51155229 0.67934916 0.65120127 0.41945032 0.3525855  0.55733818 0.42711475 0.42402475 0.4004172 
0.89336497 0.44254904 0.67516747 0.34840944 0.33863488 0.25732907  0.61327095 0.41891967 0.75862804 0.61246418 0.38876282 0.34802899  0.60629739 0.33230405 0.41294488 0.39757145
0.91400164 0.37970201 0.6637203  0.39950135 0.38081612 0.26452739  0.59188025 0.33085912 0.74996162 0.63950644 0.38014422 0.30441726  0.62070242 0.31715471 0.38837772 0.46279974
0.91400164 0.37970201 0.6637203  0.39950135 0.38081612 0.26452739  0.59188025 0.33085912 0.74996162 0.63950644 0.38014422 0.30441726  0.62070242 0.31715471 0.38837772 0.46279974
0.91093259 0.36395487 0.63457039 0.41307226 0.33938462 0.24841482  0.61101411 0.33522906 0.76658292 0.65225854 0.38584066 0.3153611  0.63882475 0.30965715 0.38967524 0.48893185
0.91093259 0.36395487 0.63457039 0.41307226 0.33938462 0.24841482  0.61101411 0.33522906 0.76658292 0.65225854 0.38584066 0.3153611  0.63882475 0.30965715 0.38967524 0.48893185
0.88312535 0.26469591 0.42253475 0.47338758 0.25408206 0.31623953  0.56538399 0.40198253 0.62275179 0.73564711 0.51674653 0.46659034  0.65040793 0.35007327 0.37751134 0.52684099
0.86973296 0.25658475 0.35765527 0.45678429 0.2284715  0.36224174  0.47421947 0.38281792 0.47760968 0.62601638 0.56619593 0.55490047  0.66435592 0.36158197 0.47022302 0.44439594
0.86973296 0.25658475 0.35765527 0.45678429 0.2284715  0.36224174  0.47421947 0.38281792 0.47760968 0.62601638 0.56619593 0.55490047  0.66435592 0.36158197 0.47022302 0.44439594
0.84120835 0.2578647  0.24388131 0.37671039 0.26752046 0.4403669  0.35980641 0.41977885 0.33092669 0.59236002 0.55168748 0.53475907  0.57083443 0.47879835 0.4567594  0.34920689
0.84120835 0.2578647  0.24388131 0.37671039 0.26752046 0.4403669  0.35980641 0.41977885 0.33092669 0.59236002 0.55168748 0.53475907  0.57083443 0.47879835 0.4567594  0.34920689
0.82911244 0.26587768 0.21153516 0.34674458 0.29092621 0.44495094  0.36628689 0.43489687 0.38084796 0.58787004 0.52748465 0.51742929  0.50752247 0.45757579 0.45271962 0.42812609
0.82911244 0.26587768 0.21153516 0.34674458 0.29092621 0.44495094  0.36628689 0.43489687 0.38084796 0.58787004 0.52748465 0.51742929  0.50752247 0.45757579 0.45271962 0.42812609
0.81773226 0.27086932 0.17704495 0.31997046 0.32127818 0.46040129  0.36612868 0.4493277  0.41604059 0.56750245 0.48641642 0.48316451  0.46120011 0.40284878 0.47770157 0.46337466
0.81773226 0.27086932 0.17704495 0.31997046 0.32127818 0.46040129  0.36612868 0.4493277  0.41604059 0.56750245 0.48641642 0.48316451  0.46120011 0.40284878 0.47770157 0.46337466
0.81773226 0.27086932 0.17704495 0.31997046 0.32127818 0.46040129  0.36612868 0.4493277  0.41604059 0.56750245 0.48641642 0.48316451  0.46120011 0.40284878 0.47770157 0.46337466
0.78603516 0.32908988 0.12242728 0.21929231 0.35124914 0.49042545  0.36136029 0.44551325 0.53775539 0.44836982 0.36605929 0.4823355  0.46240001 0.32910838 0.43495321 0.48619623
0.77045293 0.38261378 0.11810865 0.13503757 0.33883886 0.48945744  0.34555663 0.43957064 0.56631317 0.37898498 0.25354133 0.50240491  0.4553934  0.28566417 0.47715708 0.3362237 
0.77045293 0.38261378 0.11810865 0.13503757 0.33883886 0.48945744  0.34555663 0.43957064 0.56631317 0.37898498 0.25354133 0.50240491  0.4553934  0.28566417 0.47715708 0.3362237 
0.77045293 0.38261378 0.11810865 0.13503757 0.33883886 0.48945744  0.34555663 0.43957064 0.56631317 0.37898498 0.25354133 0.50240491  0.4553934  0.28566417 0.47715708 0.3362237 
0.74259513 0.43134932 0.10147678 0.12277353 0.34690923 0.49611053  0.42778048 0.44379952 0.59194669 0.38730686 0.23314702 0.52190563  0.48136398 0.35534509 0.62720503 0.43155854
0.74259513 0.43134932 0.10147678 0.12277353 0.34690923 0.49611053  0.42778048 0.44379952 0.59194669 0.38730686 0.23314702 0.52190563  0.48136398 0.35534509 0.62720503 0.43155854
0.69938187 0.52035986 0.08962278 0.14857676 0.35412434 0.55325451  0.52734666 0.38823535 0.58347375 0.37865781 0.2490522  0.52128648  0.69713135 0.51737403 0.61175442 0.48566325
0.6423132  0.63943891 0.10291784 0.20548871 0.32181637 0.60547956  0.62154539 0.42019997 0.51622236 0.38285011 0.32075254 0.50049377  0.73297791 0.62618464 0.54822936 0.52106984
0.59296473 0.69138144 0.07971514 0.26112765 0.3643441  0.55649327  0.71347382 0.38113214 0.51043254 0.39851518 0.47596577 0.4790392  0.64517503 0.60598385 0.66570318 0.51718986
0.59296473 0.69138144 0.07971514 0.26112765 0.3643441  0.55649327  0.71347382 0.38113214 0.51043254 0.39851518 0.47596577 0.4790392  0.64517503 0.60598385 0.66570318 0.51718986
0.59296473 0.69138144 0.07971514 0.26112765 0.3643441  0.55649327  0.71347382 0.38113214 0.51043254 0.39851518 0.47596577 0.4790392  0.64517503 0.60598385 0.66570318 0.51718986
0.67408174 0.58802617 0.11093365 0.14606481 0.31629629 0.5722528  0.58541939 0.54936046 0.5362624  0.3816034  0.31403501 0.51218567  0.65974729 0.5810645  0.63028581 0.54542615
0.68951631 0.56074627 0.11763066 0.12574211 0.30721065 0.55517413  0.55652297 0.61012512 0.53321756 0.38904356 0.29689995 0.51959869  0.56756511 0.51930834 0.68275568 0.54745419
0.68951631 0.56074627 0.11763066 0.12574211 0.30721065 0.55517413  0.55652297 0.61012512 0.53321756 0.38904356 0.29689995 0.51959869  0.56756511 0.51930834 0.68275568 0.54745419
0.71546336 0.49070137 0.10066578 0.12223521 0.34406991 0.5159859  0.48866592 0.4867073  0.60280498 0.36171643 0.29758183 0.50771191  0.57632643 0.45232573 0.57914472 0.48083054
0.80570394 0.34892342 0.20881484 0.21618065 0.25822538 0.42843402  0.35309838 0.43515884 0.44889889 0.50263188 0.37815281 0.58640972  0.50549002 0.38904313 0.51778031 0.19608765
0.86296957 0.33099838 0.41102307 0.35156435 0.189638   0.28711216  0.50821165 0.38730801 0.60673645 0.6290802  0.47053953 0.57003945  0.6217192  0.34762419 0.45628311 0.33574838
0.91168041 0.3985203  0.66766664 0.36926874 0.36775236 0.28963177  0.51157812 0.29369264 0.61768842 0.46354294 0.38690691 0.32593826  0.54254673 0.3549304  0.50078257 0.42885795
0.93270991 0.401662   0.76639588 0.37410828 0.64016472 0.34246242  0.53335423 0.32819871 0.65551746 0.63119526 0.4332909  0.3097794  0.60608105 0.32691209 0.42110365 0.49320521
0.93416173 0.40742148 0.78124445 0.35797697 0.69916979 0.35402295  0.51539721 0.33443272 0.63765824 0.63391144 0.47924673 0.38604843  0.60728956 0.28734443 0.44003403 0.54076906
0.93440661 0.40700172 0.78219949 0.35977513 0.70037698 0.35272487  0.52050428 0.33638206 0.64779221 0.63782922 0.47653645 0.38656011  0.60492179 0.28182308 0.43253768 0.54630023
0.93545379 0.40306552 0.78422998 0.37568284 0.70473394 0.35573012  0.54569188 0.34784777 0.68488063 0.62980149 0.46380715 0.41144271  0.59294548 0.26821863 0.40340523 0.55980164
0.93089343 0.38054995 0.73431963 0.42348576 0.53549281 0.31691612  0.59115482 0.33439305 0.72973495 0.61100757 0.37498704 0.27686727  0.57996981 0.31833689 0.38501579 0.50892568
0.92767937 0.36526089 0.70492291 0.43474746 0.49338551 0.30012345  0.6060305  0.33545623 0.73897011 0.62486707 0.38371478 0.28450266  0.60318978 0.31253235 0.39381737 0.53167162
0.90940073 0.31297828 0.57410942 0.47649557 0.30687804 0.27953584  0.61117102 0.35089401 0.69676275 0.6490785  0.42422537 0.32213044  0.63455166 0.30058205 0.44838816 0.52872556
0.90265439 0.28941146 0.52382609 0.49974142 0.24916479 0.2850776  0.59954501 0.34409821 0.64833788 0.58195916 0.47783779 0.41857242  0.63714633 0.26650009 0.50292992 0.57832933
0.86973296 0.25658475 0.35765527 0.45678429 0.2284715  0.36224174  0.47421947 0.38281792 0.47760968 0.62601638 0.56619593 0.55490047  0.66435592 0.36158197 0.47022302 0.44439594
0.86058527 0.25109218 0.32038097 0.43901854 0.25182508 0.3729657  0.4741741  0.41059298 0.48727323 0.65389033 0.54964415 0.54055258  0.62790666 0.31692559 0.50070849 0.42682636
0.86058527 0.25109218 0.32038097 0.43901854 0.25182508 0.3729657  0.4741741  0.41059298 0.48727323 0.65389033 0.54964415 0.54055258  0.62790666 0.31692559 0.50070849 0.42682636
0.84528455 0.24733886 0.25398796 0.40402689 0.27048069 0.42090266  0.40606072 0.42294164 0.4119124  0.6331611  0.56309832 0.55356487  0.59357533 0.40490685 0.42789867 0.42043753
0.82982817 0.26285634 0.20939109 0.34993627 0.29787243 0.45581725  0.3596482  0.43420969 0.36611931 0.57199243 0.51061925 0.5004943  0.52451207 0.42407134 0.48174135 0.38445546
0.81773226 0.27086932 0.17704495 0.31997046 0.32127818 0.46040129  0.36612868 0.4493277  0.41604059 0.56750245 0.48641642 0.48316451  0.46120011 0.40284878 0.47770157 0.46337466
0.81773226 0.27086932 0.17704495 0.31997046 0.32127818 0.46040129  0.36612868 0.4493277  0.41604059 0.56750245 0.48641642 0.48316451  0.46120011 0.40284878 0.47770157 0.46337466
0.81773226 0.27086932 0.17704495 0.31997046 0.32127818 0.46040129  0.36612868 0.4493277  0.41604059 0.56750245 0.48641642 0.48316451  0.46120011 0.40284878 0.47770157 0.46337466
0.81773226 0.27086932 0.17704495 0.31997046 0.32127818 0.46040129  0.36612868 0.4493277  0.41604059 0.56750245 0.48641642 0.48316451  0.46120011 0.40284878 0.47770157 0.46337466
0.81773226 0.27086932 0.17704495 0.31997046 0.32127818 0.46040129  0.36612868 0.4493277  0.41604059 0.56750245 0.48641642 0.48316451  0.46120011 0.40284878 0.47770157 0.46337466
0.81773226 0.27086932 0.17704495 0.31997046 0.32127818 0.46040129  0.36612868 0.4493277  0.41604059 0.56750245 0.48641642 0.48316451  0.46120011 0.40284878 0.47770157 0.46337466
0.81773226 0.27086932 0.17704495 0.31997046 0.32127818 0.46040129  0.36612868 0.4493277  0.41604059 0.56750245 0.48641642 0.48316451  0.46120011 0.40284878 0.47770157 0.46337466
0.81773226 0.27086932 0.17704495 0.31997046 0.32127818 0.46040129  0.36612868 0.4493277  0.41604059 0.56750245 0.48641642 0.48316451  0.46120011 0.40284878 0.47770157 0.46337466
0.80990599 0.30039116 0.17864326 0.27366126 0.30098763 0.44485237  0.36874383 0.45553228 0.45553373 0.55164914 0.44960254 0.53207554  0.46617427 0.37776033 0.50055839 0.38130875
0.80990599 0.30039116 0.17864326 0.27366126 0.30098763 0.44485237  0.36874383 0.45553228 0.45553373 0.55164914 0.44960254 0.53207554  0.46617427 0.37776033 0.50055839 0.38130875
0.7983599  0.31444399 0.15008086 0.24539655 0.32141272 0.46962897  0.35554157 0.45130186 0.49043327 0.49803431 0.41126116 0.51137234  0.44619824 0.36885844 0.44057874 0.4498364 
0.7983599  0.31444399 0.15008086 0.24539655 0.32141272 0.46962897  0.35554157 0.45130186 0.49043327 0.49803431 0.41126116 0.51137234  0.44619824 0.36885844 0.44057874 0.4498364 
0.7983599  0.31444399 0.15008086 0.24539655 0.32141272 0.46962897  0.35554157 0.45130186 0.49043327 0.49803431 0.41126116 0.51137234  0.44619824 0.36885844 0.44057874 0.4498364 
0.77766008 0.3544494  0.11532598 0.18214421 0.3624777  0.51510882  0.34784378 0.44157604 0.53254084 0.39395625 0.26759632 0.45094377  0.44964707 0.31249113 0.47374255 0.40393201
0.77766008 0.3544494  0.11532598 0.18214421 0.3624777  0.51510882  0.34784378 0.44157604 0.53254084 0.39395625 0.26759632 0.45094377  0.44964707 0.31249113 0.47374255 0.40393201
0.76220816 0.36781441 0.09218591 0.17432315 0.38655121 0.49818269  0.39261321 0.4312876  0.58309949 0.37521591 0.30989926 0.44589365  0.45557056 0.32025246 0.52976594 0.47221128
0.76220816 0.36781441 0.09218591 0.17432315 0.38655121 0.49818269  0.39261321 0.4312876  0.58309949 0.37521591 0.30989926 0.44589365  0.45557056 0.32025246 0.52976594 0.47221128
0.69325528 0.47749852 0.0609218  0.15916287 0.41614905 0.42900963  0.53457213 0.34675423 0.65954213 0.35582461 0.41492731 0.49826999  0.51158184 0.44791408 0.68800245 0.44734128
0.69325528 0.47749852 0.0609218  0.15916287 0.41614905 0.42900963  0.53457213 0.34675423 0.65954213 0.35582461 0.41492731 0.49826999  0.51158184 0.44791408 0.68800245 0.44734128
0.61826486 0.62371514 0.05840427 0.2636396  0.40217215 0.53749498  0.65540108 0.22000703 0.55764389 0.3955696  0.41098296 0.48814002  0.68255909 0.54229337 0.64717178 0.45742696
0.5349484  0.70613879 0.06546414 0.41411908 0.41017975 0.49208797  0.62985307 0.1400336  0.4927197  0.46882209 0.40636501 0.51762799  0.39940587 0.5107325  0.62770054 0.40623383
0.48917706 0.76033278 0.08120483 0.44087268 0.40457274 0.4501514  0.68289425 0.31003608 0.41101993 0.43109728 0.52982786 0.46584003  0.35612153 0.46850856 0.55367667 0.37585654
0.41817652 0.75969294 0.09313994 0.4979929  0.45207298 0.29551937  0.68554882 0.43442082 0.30752397 0.38345289 0.54972064 0.43002695  0.32602695 0.43216329 0.53261774 0.3022976 
0.32546821 0.71917675 0.12861165 0.58154342 0.46397682 0.21583673  0.55450489 0.45376    0.27162548 0.43310599 0.32669273 0.49368129  0.32546316 0.37705995 0.52500059 0.41047972
0.25131911 0.62951689 0.1704211  0.53228877 0.46544878 0.18747662  0.59954955 0.46696893 0.1793834  0.40882877 0.22454731 0.4964436  0.46656905 0.33067341 0.36594996 0.48560668
0.21519266 0.6276046  0.19309272 0.58684673 0.44822806 0.21049364  0.46277938 0.5083421  0.27641245 0.40417525 0.20144857 0.49700712  0.54695375 0.34387846 0.37627268 0.51985804
0.17957741 0.57538208 0.21896089 0.54065689 0.4322978  0.24681633  0.5115697  0.48072502 0.23892101 0.39963593 0.20298965 0.49179386  0.53413259 0.29414188 0.27399972 0.50911882
0.10613348 0.48953733 0.26903981 0.49524318 0.40853494 0.30615278  0.48575365 0.49810806 0.30899182 0.39783119 0.21351558 0.48839679  0.64940211 0.33535279 0.30982575 0.56298057
0.08892937 0.49235855 0.28299146 0.51880341 0.39445748 0.33645297  0.41227192 0.53833239 0.39368712 0.36543542 0.28731273 0.45681163  0.68194675 0.35857271 0.29842885 0.52018578
0.08892937 0.49235855 0.28299146 0.51880341 0.39445748 0.33645297  0.41227192 0.53833239 0.39368712 0.36543542 0.28731273 0.45681163  0.68194675 0.35857271 0.29842885 0.52018578
0.07102051 0.46648761 0.29681783 0.49538875 0.38534053 0.36816237  0.42637893 0.52216562 0.40838993 0.37342912 0.31490181 0.45582256  0.6405316  0.37092096 0.3395245  0.50760399
0.03530472 0.41371177 0.32449245 0.44717499 0.36543573 0.42942868  0.4584486  0.49182641 0.42935187 0.38251683 0.3665383  0.45119726  0.57400726 0.38653202 0.39012683 0.47468522
0.01779563 0.38669558 0.33863985 0.42004769 0.35385851 0.46460162  0.48109267 0.47190843 0.43452283 0.38595027 0.3992976  0.44733029  0.52908455 0.38078184 0.39373238 0.44873962
0.01779563 0.38669558 0.33863985 0.42004769 0.35385851 0.46460162  0.48109267 0.47190843 0.43452283 0.38595027 0.3992976  0.44733029  0.52908455 0.38078184 0.39373238 0.44873962
0.01779563 0.38669558 0.33863985 0.42004769 0.35385851 0.46460162  0.48109267 0.47190843 0.43452283 0.38595027 0.3992976  0.44733029  0.52908455 0.38078184 0.39373238 0.44873962
0.01779563 0.38669558 0.33863985 0.42004769 0.35385851 0.46460162  0.48109267 0.47190843 0.43452283 0.38595027 0.3992976  0.44733029  0.52908455 0.38078184 0.39373238 0.44873962
0.01779563 0.38669558 0.33863985 0.42004769 0.35385851 0.46460162  0.48109267 0.47190843 0.43452283 0.38595027 0.3992976  0.44733029  0.52908455 0.38078184 0.39373238 0.44873962
0.01779563 0.38669558 0.33863985 0.42004769 0.35385851 0.46460162  0.48109267 0.47190843 0.43452283 0.38595027 0.3992976  0.44733029  0.52908455 0.38078184 0.39373238 0.44873962
0.01779563 0.38669558 0.33863985 0.42004769 0.35385851 0.46460162  0.48109267 0.47190843 0.43452283 0.38595027 0.3992976  0.44733029  0.52908455 0.38078184 0.39373238 0.44873962
0.01779563 0.38669558 0.33863985 0.42004769 0.35385851 0.46460162  0.48109267 0.47190843 0.43452283 0.38595027 0.3992976  0.44733029  0.52908455 0.38078184 0.39373238 0.44873962
