0.00039479 0.36283831 0.35232302 0.39930133 0.34523319 0.50234819  0.48417291 0.45702496 0.47508945 0.39693445 0.45000532 0.44589633  0.47476172 0.42761975 0.50206904 0.41641874
0.00039479 0.36283831 0.35232302 0.39930133 0.34523319 0.50234819  0.48417291 0.45702496 0.47508945 0.39693445 0.45000532 0.44589633  0.47476172 0.42761975 0.50206904 0.41641874
0.00039479 0.36283831 0.35232302 0.39930133 0.34523319 0.50234819  0.48417291 0.45702496 0.47508945 0.39693445 0.45000532 0.44589633  0.47476172 0.42761975 0.50206904 0.41641874
0.00039479 0.36283831 0.35232302 0.39930133 0.34523319 0.50234819  0.48417291 0.45702496 0.47508945 0.39693445 0.45000532 0.44589633  0.47476172 0.42761975 0.50206904 0.41641874
0.00039479 0.36283831 0.35232302 0.39930133 0.34523319 0.50234819  0.48417291 0.45702496 0.47508945 0.39693445 0.45000532 0.44589633  0.47476172 0.42761975 0.50206904 0.41641874
0.00039479 0.36283831 0.35232302 0.39930133 0.34523319 0.50234819  0.48417291 0.45702496 0.47508945 0.39693445 0.45000532 0.44589633  0.47476172 0.42761975 0.50206904 0.41641874
0.00039479 0.36283831 0.35232302 0.39930133 0.34523319 0.50234819  0.48417291 0.45702496 0.47508945 0.39693445 0.45000532 0.44589633  0.47476172 0.42761975 0.50206904 0.41641874
0.00039479 0.36283831 0.35232302 0.39930133 0.34523319 0.50234819  0.48417291 0.45702496 0.47508945 0.39693445 0.45000532 0.44589633  0.47476172 0.42761975 0.50206904 0.41641874
0.00039479 0.36283831 0.35232302 0.39930133 0.34523319 0.50234819  0.48417291 0.45702496 0.47508945 0.39693445 0.45000532 0.44589633  0.47476172 0.42761975 0.50206904 0.41641874
0.00039479 0.36283831 0.35232302 0.39930133 0.34523319 0.50234819  0.48417291 0.45702496 0.47508945 0.39693445 0.45000532 0.44589633  0.47476172 0.42761975 0.50206904 0.41641874
0.00039479 0.36283831 0.35232302 0.39930133 0.34523319 0.50234819  0.48417291 0.45702496 0.47508945 0.39693445 0.45000532 0.44589633  0.47476172 0.42761975 0.50206904 0.41641874
0.00039479 0.36283831 0.35232302 0.39930133 0.34523319 0.50234819  0.48417291 0.45702496 0.47508945 0.39693445 0.45000532 0.44589633  0.47476172 0.42761975 0.50206904 0.41641874
0.00039479 0.36283831 0.35232302 0.39930133 0.34523319 0.50234819  0.48417291 0.45702496 0.47508945 0.39693445 0.45000532 0.44589633  0.47476172 0.42761975 0.50206904 0.41641874
0.00039479 0.36283831 0.35232302 0.39930133 0.34523319 0.50234819  0.48417291 0.45702496 0.47508945 0.39693445 0.45000532 0.44589633  0.47476172 0.42761975 0.50206904 0.41641874
0.00039479 0.36283831 0.35232302 0.39930133 0.34523319 0.50234819  0.48417291 0.45702496 0.47508945 0.39693445 0.45000532 0.44589633  0.47476172 0.42761975 0.50206904 0.41641874
0.00039479 0.36283831 0.35232302 0.39930133 0.34523319 0.50234819  0.48417291 0.45702496 0.47508945 0.39693445 0.45000532 0.44589633  0.47476172 0.42761975 0.50206904 0.41641874
0.00039479 0.36283831 0.35232302 0.39930133 0.34523319 0.50234819  0.48417291 0.45702496 0.47508945 0.39693445 0.45000532 0.44589633  0.47476172 0.42761975 0.50206904 0.41641874
0.00039479 0.36283831 0.35232302 0.39930133 0.34523319 0.50234819  0.48417291 0.45702496 0.47508945 0.39693445 0.45000532 0.44589633  0.47476172 0.42761975 0.50206904 0.41641874
0.00039479 0.36283831 0.35232302 0.39930133 0.34523319 0.50234819  0.48417291 0.45702496 0.47508945 0.39693445 0.45000532 0.44589633  0.47476172 0.42761975 0.50206904 0.41641874
0.00039479 0.36283831 0.35232302 0.39930133 0.34523319 0.50234819  0.48417291 0.45702496 0.47508945 0.39693445 0.45000532 0.44589633  0.47476172 0.42761975 0.50206904 0.41641874
0.00039479 0.36283831 0.35232302 0.39930133 0.34523319 0.50234819  0.48417291 0.45702496 0.47508945 0.39693445 0.45000532 0.44589633  0.47476172 0.42761975 0.50206904 0.41641874
0.00039479 0.36283831 0.35232302 0.39930133 0.34523319 0.50234819  0.48417291 0.45702496 0.47508945 0.39693445 0.45000532 0.44589633  0.47476172 0.42761975 0.50206904 0.41641874
0.00039479 0.36283831 0.35232302 0.39930133 0.34523319 0.50234819  0.48417291 0.45702496 0.47508945 0.39693445 0.45000532 0.44589633  0.47476172 0.42761975 0.50206904 0.41641874
0.00039479 0.36283831 0.35232302 0.39930133 0.34523319 0.50234819  0.48417291 0.45702496 0.47508945 0.39693445 0.45000532 0.44589633  0.47476172 0.42761975 0.50206904 0.41641874
0.00039479 0.36283831 0.35232302 0.39930133 0.34523319 0.50234819  0.48417291 0.45702496 0.47508945 0.39693445 0.45000532 0.44589633  0.47476172 0.42761975 0.50206904 0.41641874
0.00039479 0.36283831 0.35232302 0.39930133 0.34523319 0.50234819  0.48417291 0.45702496 0.47508945 0.39693445 0.45000532 0.44589633  0.47476172 0.42761975 0.50206904 0.41641874
0.00039479 0.36283831 0.35232302 0.39930133 0.34523319 0.50234819  0.48417291 0.45702496 0.47508945 0.39693445 0.45000532 0.44589633  0.47476172 0.42761975 0.50206904 0.41641874
0.00039479 0.36283831 0.35232302 0.39930133 0.34523319 0.50234819  0.48417291 0.45702496 0.47508945 0.39693445 0.45000532 0.44589633  0.47476172 0.42761975 0.50206904 0.41641874
0.00039479 0.36283831 0.35232302 0.39930133 0.34523319 0.50234819  0.48417291 0.45702496 0.47508945 0.39693445 0.45000532 0.44589633  0.47476172 0.42761975 0.50206904 0.41641874
0.00039479 0.36283831 0.35232302 0.39930133 0.34523319 0.50234819  0.48417291 0.45702496 0.47508945 0.39693445 0.45000532 0.44589633  0.47476172 0.42761975 0.50206904 0.41641874
0.00039479 0.36283831 0.35232302 0.39930133 0.34523319 0.50234819  0.48417291 0.45702496 0.47508945 0.39693445 0.45000532 0.44589633  0.47476172 0.42761975 0.50206904 0.41641874
0.00039479 0.36283831 0.35232302 0.39930133 0.34523319 0.50234819  0.48417291 0.45702496 0.47508945 0.39693445 0.45000532 0.44589633  0.47476172 0.42761975 0.50206904 0.41641874
0.00039479 0.36283831 0.35232302 0.39930133 0.34523319 0.50234819  0.48417291 0.45702496 0.47508945 0.39693445 0.45000532 0.44589633  0.47476172 0.42761975 0.50206904 0.41641874
0.00039479 0.36283831 0.35232302 0.39930133 0.34523319 0.50234819  0.48417291 0.45702496 0.47508945 0.39693445 0.45000532 0.44589633  0.47476172 0.42761975 0.50206904 0.41641874
0.00039479 0.36283831 0.35232302 0.39930133 0.34523319 0.50234819  0.48417291 0.45702496 0.47508945 0.39693445 0.45000532 0.44589633  0.47476172 0.42761975 0.50206904 0.41641874
0.00039479 0.36283831 0.35232302 0.39930133 0.34523319 0.50234819  0.48417291 0.45702496 0.47508945 0.39693445 0.45000532 0.44589633  0.47476172 0.42761975 0.50206904 0.41641874
0.00039479 0.36283831 0.35232302 0.39930133 0.34523319 0.50234819  0.48417291 0.45702496 0.47508945 0.39693445 0.45000532 0.44589633  0.47476172 0.42761975 0.50206904 0.41641874
0.00039479 0.36283831 0.35232302 0.39930133 0.34523319 0.50234819  0.48417291 0.45702496 0.47508945 0.39693445 0.45000532 0.44589633  0.47476172 0.42761975 0.50206904 0.41641874
0.00039479 0.36283831 0.35232302 0.39930133 0.34523319 0.50234819  0.48417291 0.45702496 0.47508945 0.39693445 0.45000532 0.44589633  0.47476172 0.42761975 0.50206904 0.41641874
0.00039479 0.36283831 0.35232302 0.39930133 0.34523319 0.50234819  0.48417291 0.45702496 0.47508945 0.39693445 0.45000532 0.44589633  0.47476172 0.42761975 0.50206904 0.41641874
0.00039479 0.36283831 0.35232302 0.39930133 0.34523319 0.50234819  0.48417291 0.45702496 0.47508945 0.39693445 0.45000532 0.44589633  0.47476172 0.42761975 0.50206904 0.41641874
0.00039479 0.36283831 0.35232302 0.39930133 0.34523319 0.50234819  0.48417291 0.45702496 0.47508945 0.39693445 0.45000532 0.44589633  0.47476172 0.42761975 0.50206904 0.41641874
0.00039479 0.36283831 0.35232302 0.39930133 0.34523319 0.50234819  0.48417291 0.45702496 0.47508945 0.39693445 0.45000532 0.44589633  0.47476172 0.42761975 0.50206904 0.41641874
0.00039479 0.36283831 0.35232302 0.39930133 0.34523319 0.50234819  0.48417291 0.45702496 0.47508945 0.39693445 0.45000532 0.44589633  0.47476172 0.42761975 0.50206904 0.41641874
0.00039479 0.36283831 0.35232302 0.39930133 0.34523319 0.50234819  0.48417291 0.45702496 0.47508945 0.39693445 0.45000532 0.44589633  0.47476172 0.42761975 0.50206904 0.41641874
0.00039479 0.36283831 0.35232302 0.39930133 0.34523319 0.50234819  0.48417291 0.45702496 0.47508945 0.39693445 0.45000532 0.44589633  0.47476172 0.42761975 0.50206904 0.41641874
0.00039479 0.36283831 0.35232302 0.39930133 0.34523319 0.50234819  0.48417291 0.45702496 0.47508945 0.39693445 0.45000532 0.44589633  0.47476172 0.42761975 0.50206904 0.41641874
0.00039479 0.36283831 0.35232302 0.39930133 0.34523319 0.50234819  0.48417291 0.45702496 0.47508945 0.39693445 0.45000532 0.44589633  0.47476172 0.42761975 0.50206904 0.41641874
0.00039479 0.36283831 0.35232302 0.39930133 0.34523319 0.50234819  0.48417291 0.45702496 0.47508945 0.39693445 0.45000532 0.44589633  0.47476172 0.42761975 0.50206904 0.41641874
0.00039479 0.36283831 0.35232302 0.39930133 0.34523319 0.50234819  0.48417291 0.45702496 0.47508945 0.39693445 0.45000532 0.44589633  0.47476172 0.42761975 0.50206904 0.41641874
0.00039479 0.36283831 0.35232302 0.39930133 0.34523319 0.50234819  0.48417291 0.45702496 0.47508945 0.39693445 0.45000532 0.44589633  0.47476172 0.42761975 0.50206904 0.41641874
0.00039479 0.36283831 0.35232302 0.39930133 0.34523319 0.50234819  0.48417291 0.45702496 0.47508945 0.39693445 0.45000532 0.44589633  0.47476172 0.42761975 0.50206904 0.41641874
0.00039479 0.36283831 0.35232302 0.39930133 0.34523319 0.50234819  0.48417291 0.45702496 0.47508945 0.39693445 0.45000532 0.44589633  0.47476172 0.42761975 0.50206904 0.41641874
0.00039479 0.36283831 0.35232302 0.39930133 0.34523319 0.50234819  0.48417291 0.45702496 0.47508945 0.39693445 0.45000532 0.44589633  0.47476172 0.42761975 0.50206904 0.41641874
0.16373651 0.54803021 0.27474748 0.50725882 0.32460589 0.60315016  0.32787572 0.43077624 0.64135305 0.51143438 0.39362269 0.50974923  0.46561203 0.48725891 0.7601063  0.57481186
0.23810496 0.63610903 0.23231212 0.54705168 0.32619401 0.62454174  0.30196091 0.42808763 0.72475459 0.50079732 0.53792179 0.47997845  0.38278929 0.52280975 0.80350579 0.48501485
0.49551113 0.75882657 0.25686754 0.61420548 0.17370436 0.71251682  0.21874072 0.47867007 0.46198226 0.56013143 0.40657079 0.54334593  0.57814809 0.42675591 0.27356454 0.343431  
0.55644741 0.73187453 0.2938943  0.54477274 0.14018099 0.69681174  0.26660026 0.57000134 0.40676096 0.51856156 0.45258206 0.54246106  0.55305223 0.43953027 0.23051063 0.34635716
0.6191136  0.68068894 0.32847779 0.49286397 0.09828222 0.68178672  0.33528338 0.65909588 0.31925737 0.54455609 0.5428836  0.53205727  0.53824376 0.41933321 0.30918887 0.24386963
0.62500535 0.69337998 0.36271489 0.4895674  0.09416213 0.66801173  0.35079554 0.64904858 0.33186215 0.52002108 0.51551032 0.49205668  0.50090548 0.43884365 0.29272557 0.2670747 
0.65764403 0.66327885 0.35546025 0.44568447 0.09915396 0.62063287  0.39538084 0.66958891 0.24412201 0.55985701 0.42457811 0.53105487  0.37617867 0.35386757 0.35659234 0.31189753
0.68410526 0.65675413 0.37806154 0.43547992 0.09578615 0.57265323  0.5000954  0.6317147  0.20288068 0.56451559 0.42254408 0.5523898  0.41542947 0.33472585 0.43375734 0.30719493
0.76999099 0.56780057 0.43926242 0.3292302  0.10756522 0.45542024  0.61045732 0.66603292 0.32448919 0.61517861 0.37980331 0.52202474  0.55464287 0.43894288 0.6917695  0.29600119
0.76999099 0.56780057 0.43926242 0.3292302  0.10756522 0.45542024  0.61045732 0.66603292 0.32448919 0.61517861 0.37980331 0.52202474  0.55464287 0.43894288 0.6917695  0.29600119
0.78502496 0.53744452 0.43382946 0.30487496 0.11549254 0.4320172  0.59977453 0.61902839 0.36349667 0.60981179 0.33515434 0.54426689  0.57445284 0.51801152 0.7301848  0.30554203
0.78502496 0.53744452 0.43382946 0.30487496 0.11549254 0.4320172  0.59977453 0.61902839 0.36349667 0.60981179 0.33515434 0.54426689  0.57445284 0.51801152 0.7301848  0.30554203
0.79973629 0.50526497 0.42891465 0.28282311 0.12555269 0.39931834  0.57913704 0.60251446 0.41008241 0.58590154 0.34022533 0.54915436  0.57427443 0.5676224  0.71060324 0.30434371
0.80573308 0.47586909 0.42126625 0.32847874 0.10510814 0.39478925  0.57450152 0.59611346 0.37204044 0.5818917  0.45610255 0.62577869  0.60304631 0.56579244 0.69556185 0.36868635
0.80573308 0.47586909 0.42126625 0.32847874 0.10510814 0.39478925  0.57450152 0.59611346 0.37204044 0.5818917  0.45610255 0.62577869  0.60304631 0.56579244 0.69556185 0.36868635
0.80573308 0.47586909 0.42126625 0.32847874 0.10510814 0.39478925  0.57450152 0.59611346 0.37204044 0.5818917  0.45610255 0.62577869  0.60304631 0.56579244 0.69556185 0.36868635
0.79945187 0.47242895 0.3905878  0.31827203 0.10437522 0.4215447  0.53303708 0.59231963 0.30719128 0.55284104 0.47983469 0.64854855  0.6151681  0.62241425 0.66824062 0.34713549
0.79945187 0.47242895 0.3905878  0.31827203 0.10437522 0.4215447  0.53303708 0.59231963 0.30719128 0.55284104 0.47983469 0.64854855  0.6151681  0.62241425 0.66824062 0.34713549
0.79945187 0.47242895 0.3905878  0.31827203 0.10437522 0.4215447  0.53303708 0.59231963 0.30719128 0.55284104 0.47983469 0.64854855  0.6151681  0.62241425 0.66824062 0.34713549
0.79356013 0.45973792 0.3563507  0.3215686  0.10849531 0.43531969  0.51752493 0.60236693 0.2945865  0.57737604 0.50720797 0.68854914  0.65250638 0.60290381 0.68470392 0.32393042
0.78454061 0.45942474 0.32063613 0.29678366 0.12788384 0.45650121  0.49087598 0.61850942 0.28407483 0.58569748 0.49693    0.67879157  0.60605325 0.63426327 0.63921532 0.33909244
0.78826399 0.41923168 0.27367744 0.27818929 0.1695742  0.45351798  0.45814261 0.56953067 0.32500852 0.60827248 0.45833414 0.66641931  0.58375136 0.55973814 0.64020392 0.29017092
0.75624691 0.466657   0.20566758 0.18281067 0.22463361 0.507562  0.43790433 0.57648106 0.40461479 0.4957541  0.29732696 0.5969946  0.48771044 0.51299645 0.61497385 0.35535355
0.73254199 0.48629454 0.14352379 0.1299323  0.284822   0.54380884  0.44356483 0.58512328 0.48712953 0.42572203 0.21105687 0.53369298  0.45758984 0.41851937 0.63433026 0.42696195
0.73254199 0.48629454 0.14352379 0.1299323  0.284822   0.54380884  0.44356483 0.58512328 0.48712953 0.42572203 0.21105687 0.53369298  0.45758984 0.41851937 0.63433026 0.42696195
0.71967093 0.52099502 0.1532082  0.13076093 0.26648521 0.55751601  0.47625283 0.66187709 0.4558594  0.43102097 0.23310094 0.53171735  0.44344248 0.44838812 0.66382713 0.45831389
0.73254199 0.48629454 0.14352379 0.1299323  0.284822   0.54380884  0.44356483 0.58512328 0.48712953 0.42572203 0.21105687 0.53369298  0.45758984 0.41851937 0.63433026 0.42696195
0.78277767 0.36796789 0.14576222 0.16114181 0.30900244 0.46866096  0.33973792 0.44535925 0.51899106 0.42864946 0.2987432  0.53144176  0.43919163 0.32541423 0.48278262 0.29986387
0.78277767 0.36796789 0.14576222 0.16114181 0.30900244 0.46866096  0.33973792 0.44535925 0.51899106 0.42864946 0.2987432  0.53144176  0.43919163 0.32541423 0.48278262 0.29986387
0.78277767 0.36796789 0.14576222 0.16114181 0.30900244 0.46866096  0.33973792 0.44535925 0.51899106 0.42864946 0.2987432  0.53144176  0.43919163 0.32541423 0.48278262 0.29986387
0.8711538  0.28752348 0.39658626 0.39198299 0.33179089 0.34975238  0.48515244 0.42069868 0.58289581 0.81415895 0.47529901 0.37070992  0.61556887 0.45741795 0.31823011 0.41599679
0.8711538  0.28752348 0.39658626 0.39198299 0.33179089 0.34975238  0.48515244 0.42069868 0.58289581 0.81415895 0.47529901 0.37070992  0.61556887 0.45741795 0.31823011 0.41599679
0.91533071 0.35591926 0.64509163 0.41045606 0.47590786 0.31459794  0.56991433 0.35923982 0.70915599 0.75890259 0.40125431 0.25635692  0.6412963  0.39094644 0.31934912 0.4539738 
0.9124876  0.35544252 0.63650818 0.39277696 0.52083314 0.32278682  0.57015083 0.381221   0.70769991 0.82239668 0.39736543 0.25060723  0.65974667 0.37547589 0.32998309 0.3763969 
0.92006749 0.3593858  0.6703165  0.41022715 0.50886157 0.30865777  0.58489153 0.35613585 0.70844531 0.74263481 0.3983615  0.25881011  0.65967468 0.33332932 0.39142918 0.42175103
0.90961329 0.33947113 0.60819225 0.40755633 0.48019042 0.30536108  0.59356802 0.38705045 0.73235917 0.8406239  0.40061091 0.26166796  0.67761937 0.36169607 0.32597907 0.40593689
0.90478944 0.31848439 0.56335971 0.44238219 0.37230677 0.28828749  0.61181408 0.38616979 0.74092715 0.81358749 0.3974129  0.25829062  0.66574594 0.35943588 0.33087158 0.45027985
0.90273194 0.31080037 0.54636212 0.45694953 0.32921512 0.28867361  0.60845806 0.38345618 0.72068925 0.76404438 0.41094468 0.29304744  0.63989527 0.33991966 0.36472057 0.480421  
0.88337023 0.26427615 0.42348979 0.47518575 0.25528925 0.31494144  0.57049106 0.40393187 0.63288576 0.73956488 0.51403625 0.46710202  0.64804016 0.34455192 0.37001499 0.53237216
0.8530525  0.30419852 0.35540434 0.36550257 0.23762633 0.29953817  0.55015447 0.44400405 0.69307603 0.75723147 0.47669916 0.5926152  0.66201744 0.23399103 0.45073143 0.33629212
0.8384231  0.31221491 0.30109432 0.31369825 0.2431799  0.34015465  0.4655564  0.44073464 0.59098896 0.6959799  0.47201938 0.59366015  0.60561615 0.2984834  0.44690818 0.2886527 
0.83653233 0.30846522 0.2890474  0.32081776 0.22728422 0.35294691  0.44785315 0.43093465 0.55002703 0.63138717 0.48849731 0.63116718  0.59217403 0.29636962 0.48149123 0.29221417
0.82036022 0.32700405 0.24659459 0.26353546 0.24772974 0.3769952  0.40807933 0.44288988 0.5189626  0.58609611 0.45288364 0.59503159  0.50612117 0.34903856 0.50631218 0.29990272
0.80269883 0.32855554 0.18142593 0.22655462 0.27734879 0.41920099  0.36645668 0.45352688 0.48930606 0.53667786 0.43554755 0.58353668  0.4719206  0.35093336 0.50397291 0.31360044
0.80269883 0.32855554 0.18142593 0.22655462 0.27734879 0.41920099  0.36645668 0.45352688 0.48930606 0.53667786 0.43554755 0.58353668  0.4719206  0.35093336 0.50397291 0.31360044
0.80269883 0.32855554 0.18142593 0.22655462 0.27734879 0.41920099  0.36645668 0.45352688 0.48930606 0.53667786 0.43554755 0.58353668  0.4719206  0.35093336 0.50397291 0.31360044
0.80269883 0.32855554 0.18142593 0.22655462 0.27734879 0.41920099  0.36645668 0.45352688 0.48930606 0.53667786 0.43554755 0.58353668  0.4719206  0.35093336 0.50397291 0.31360044
0.79115275 0.34260838 0.15286352 0.19828991 0.29777387 0.44397759  0.35325443 0.44929646 0.5242056  0.48306303 0.39720617 0.56283348  0.45194457 0.34203147 0.44399327 0.38212809
0.79115275 0.34260838 0.15286352 0.19828991 0.29777387 0.44397759  0.35325443 0.44929646 0.5242056  0.48306303 0.39720617 0.56283348  0.45194457 0.34203147 0.44399327 0.38212809
0.79115275 0.34260838 0.15286352 0.19828991 0.29777387 0.44397759  0.35325443 0.44929646 0.5242056  0.48306303 0.39720617 0.56283348  0.45194457 0.34203147 0.44399327 0.38212809
0.79115275 0.34260838 0.15286352 0.19828991 0.29777387 0.44397759  0.35325443 0.44929646 0.5242056  0.48306303 0.39720617 0.56283348  0.45194457 0.34203147 0.44399327 0.38212809
0.79115275 0.34260838 0.15286352 0.19828991 0.29777387 0.44397759  0.35325443 0.44929646 0.5242056  0.48306303 0.39720617 0.56283348  0.45194457 0.34203147 0.44399327 0.38212809
0.79115275 0.34260838 0.15286352 0.19828991 0.29777387 0.44397759  0.35325443 0.44929646 0.5242056  0.48306303 0.39720617 0.56283348  0.45194457 0.34203147 0.44399327 0.38212809
0.79115275 0.34260838 0.15286352 0.19828991 0.29777387 0.44397759  0.35325443 0.44929646 0.5242056  0.48306303 0.39720617 0.56283348  0.45194457 0.34203147 0.44399327 0.38212809
0.77045293 0.38261378 0.11810865 0.13503757 0.33883886 0.48945744  0.34555663 0.43957064 0.56631317 0.37898498 0.25354133 0.50240491  0.4553934  0.28566417 0.47715708 0.3362237 
0.77045293 0.38261378 0.11810865 0.13503757 0.33883886 0.48945744  0.34555663 0.43957064 0.56631317 0.37898498 0.25354133 0.50240491  0.4553934  0.28566417 0.47715708 0.3362237 
0.74497106 0.45332872 0.13189733 0.13327288 0.30431326 0.53851772  0.4181801  0.50075198 0.50307075 0.42807538 0.16811814 0.54081816  0.48082654 0.38469764 0.64529573 0.39855099
0.74497106 0.45332872 0.13189733 0.13327288 0.30431326 0.53851772  0.4181801  0.50075198 0.50307075 0.42807538 0.16811814 0.54081816  0.48082654 0.38469764 0.64529573 0.39855099
0.70496823 0.54738125 0.14077073 0.13356318 0.28313715 0.57210026  0.51175355 0.62041356 0.48265891 0.4077839  0.25459702 0.52464881  0.56164162 0.51154702 0.6267323  0.47917493
0.68953366 0.57466115 0.13407372 0.15388587 0.29222279 0.58917893  0.54064997 0.5596489  0.48570375 0.40034374 0.27173207 0.51723578  0.65382379 0.57330318 0.57426243 0.47714689
0.68953366 0.57466115 0.13407372 0.15388587 0.29222279 0.58917893  0.54064997 0.5596489  0.48570375 0.40034374 0.27173207 0.51723578  0.65382379 0.57330318 0.57426243 0.47714689
0.67408174 0.58802617 0.11093365 0.14606481 0.31629629 0.5722528  0.58541939 0.54936046 0.5362624  0.3816034  0.31403501 0.51218567  0.65974729 0.5810645  0.63028581 0.54542615
0.67408174 0.58802617 0.11093365 0.14606481 0.31629629 0.5722528  0.58541939 0.54936046 0.5362624  0.3816034  0.31403501 0.51218567  0.65974729 0.5810645  0.63028581 0.54542615
0.67408174 0.58802617 0.11093365 0.14606481 0.31629629 0.5722528  0.58541939 0.54936046 0.5362624  0.3816034  0.31403501 0.51218567  0.65974729 0.5810645  0.63028581 0.54542615
0.64427324 0.64391389 0.10694877 0.20067492 0.32551647 0.60792044  0.61798002 0.42471276 0.50742813 0.36596029 0.31802755 0.53869806  0.67642519 0.63637211 0.53339884 0.615887  
0.59499625 0.69691442 0.08443954 0.25472192 0.37384642 0.56190037  0.7060482  0.38821009 0.49773185 0.38089479 0.48202335 0.53720307  0.58091716 0.60700391 0.65615399 0.63683601
0.55918094 0.71211453 0.07691131 0.31788908 0.40471262 0.49481829  0.70129726 0.31703876 0.48656448 0.39771423 0.50205083 0.54650347  0.4500167  0.60703826 0.68586852 0.58040574
0.52408196 0.72420053 0.0793053  0.36656898 0.41994334 0.44066483  0.69856458 0.31469072 0.43618972 0.37873449 0.51958986 0.5286479  0.39174976 0.578979   0.59240429 0.51712166
0.38359695 0.761584   0.11131315 0.54273454 0.46126802 0.27565473  0.60831044 0.44847776 0.28060614 0.38194881 0.47107668 0.50976817  0.24375522 0.4011498  0.4917616  0.45192437
0.29015548 0.68323012 0.15084166 0.55876752 0.48422639 0.17347221  0.56846779 0.4851512  0.19623908 0.38355777 0.27270195 0.54553795  0.37584625 0.36733815 0.4127235  0.55310024
0.21612154 0.628337   0.19869789 0.57696694 0.47051359 0.20632339  0.46909004 0.51099425 0.23963844 0.38666276 0.21729131 0.53924471  0.5546772  0.29491896 0.31850618 0.55771736
0.08973815 0.49498429 0.28860282 0.51284015 0.41590374 0.34103259  0.40297805 0.54263834 0.3861229  0.36202773 0.31138303 0.50531033  0.66618902 0.32979705 0.31221585 0.575513  
0.03618569 0.41560949 0.32954375 0.44273845 0.38068156 0.43498901  0.45060179 0.49289398 0.43476806 0.38121629 0.39264649 0.47910196  0.55614751 0.37467084 0.41805017 0.49638769
0.01779563 0.38669558 0.33863985 0.42004769 0.35385851 0.46460162  0.48109267 0.47190843 0.43452283 0.38595027 0.3992976  0.44733029  0.52908455 0.38078184 0.39373238 0.44873962
0.00039479 0.36283831 0.35232302 0.39930133 0.34523319 0.50234819  0.48417291 0.45702496 0.47508945 0.39693445 0.45000532 0.44589633  0.47476172 0.42761975 0.50206904 0.41641874
0.00039479 0.36283831 0.35232302 0.39930133 0.34523319 0.50234819  0.48417291 0.45702496 0.47508945 0.39693445 0.45000532 0.44589633  0.47476172 0.42761975 0.50206904 0.41641874
0.00039479 0.36283831 0.35232302 0.39930133 0.34523319 0.50234819  0.48417291 0.45702496 0.47508945 0.39693445 0.45000532 0.44589633  0.47476172 0.42761975 0.50206904 0.41641874
0.00039479 0.36283831 0.35232302 0.39930133 0.34523319 0.50234819  0.48417291 0.45702496 0.47508945 0.39693445 0.45000532 0.44589633  0.47476172 0.42761975 0.50206904 0.41641874
0.00039479 0.36283831 0.35232302 0.39930133 0.34523319 0.50234819  0.48417291 0.45702496 0.47508945 0.39693445 0.45000532 0.44589633  0.47476172 0.42761975 0.50206904 0.41641874
0.00039479 0.36283831 0.35232302 0.39930133 0.34523319 0.50234819  0.48417291 0.45702496 0.47508945 0.39693445 0.45000532 0.44589633  0.47476172 0.42761975 0.50206904 0.41641874
0.00039479 0.36283831 0.35232302 0.39930133 0.34523319 0.50234819  0.48417291 0.45702496 0.47508945 0.39693445 0.45000532 0.44589633  0.47476172 0.42761975 0.50206904 0.41641874
0.00039479 0.36283831 0.35232302 0.39930133 0.34523319 0.50234819  0.48417291 0.45702496 0.47508945 0.39693445 0.45000532 0.44589633  0.47476172 0.42761975 0.50206904 0.41641874
0.00039479 0.36283831 0.35232302 0.39930133 0.34523319 0.50234819  0.48417291 0.45702496 0.47508945 0.39693445 0.45000532 0.44589633  0.47476172 0.42761975 0.50206904 0.41641874
0.00039479 0.36283831 0.35232302 0.39930133 0.34523319 0.50234819  0.48417291 0.45702496 0.47508945 0.39693445 0.45000532 0.44589633  0.47476172 0.42761975 0.50206904 0.41641874
0.01804755 0.39018449 0.33830903 0.42636341 0.35641219 0.47112218  0.45911565 0.47626972 0.47899245 0.39487759 0.42806648 0.44912887  0.50987727 0.441117   0.51788115 0.43356859
0.07117188 0.46942321 0.29829345 0.49968054 0.38391967 0.39962655  0.38768127 0.52380478 0.51131292 0.39598347 0.3937661  0.4582091  0.56762114 0.49660376 0.61654857 0.47025342
0.14397391 0.56172925 0.25362669 0.56298432 0.38959611 0.38881544  0.33000775 0.5355798  0.56853051 0.41438129 0.41619894 0.46406225  0.51797587 0.513004   0.70072508 0.45870171
0.25371526 0.70118525 0.18632944 0.6586829  0.4048734  0.35840183  0.26064139 0.53585879 0.5942506  0.43813715 0.3904292  0.47975218  0.50427647 0.49076925 0.69064583 0.47549002
0.29082203 0.74719787 0.16258789 0.68412143 0.4126472  0.34081881  0.25984336 0.53401816 0.58778509 0.42852519 0.41939891 0.47200023  0.46984945 0.48043082 0.66770791 0.42820069
0.34720959 0.78459453 0.15213045 0.65689475 0.36931807 0.48964022  0.27451741 0.46296826 0.65629284 0.45591761 0.5081479  0.4650596  0.4348531  0.45893406 0.61771805 0.43198952
0.34720959 0.78459453 0.15213045 0.65689475 0.36931807 0.48964022  0.27451741 0.46296826 0.65629284 0.45591761 0.5081479  0.4650596  0.4348531  0.45893406 0.61771805 0.43198952
0.36549583 0.79542322 0.14048465 0.6481925  0.3740396  0.47635993  0.32774923 0.43131397 0.58312683 0.4653174  0.48102973 0.47293506  0.34439689 0.41693988 0.57910438 0.41248892
0.36549583 0.79542322 0.14048465 0.6481925  0.3740396  0.47635993  0.32774923 0.43131397 0.58312683 0.4653174  0.48102973 0.47293506  0.34439689 0.41693988 0.57910438 0.41248892
0.34720959 0.78459453 0.15213045 0.65689475 0.36931807 0.48964022  0.27451741 0.46296826 0.65629284 0.45591761 0.5081479  0.4650596  0.4348531  0.45893406 0.61771805 0.43198952
0.34720959 0.78459453 0.15213045 0.65689475 0.36931807 0.48964022  0.27451741 0.46296826 0.65629284 0.45591761 0.5081479  0.4650596  0.4348531  0.45893406 0.61771805 0.43198952
0.36610368 0.79359113 0.15060289 0.63922827 0.35098746 0.54604688  0.28099153 0.45721214 0.68450359 0.45312166 0.55212056 0.45454268  0.45472048 0.44356838 0.56928905 0.44537256
0.36610368 0.79359113 0.15060289 0.63922827 0.35098746 0.54604688  0.28099153 0.45721214 0.68450359 0.45312166 0.55212056 0.45454268  0.45472048 0.44356838 0.56928905 0.44537256
0.38500068 0.80008635 0.1500423  0.61767303 0.33122515 0.60162614  0.29400884 0.44804128 0.70074437 0.44820811 0.57761426 0.44710914  0.49223646 0.42720784 0.52387333 0.45930185
0.40343091 0.8007634  0.15511196 0.5957954  0.3058326  0.66343265  0.28722977 0.45309638 0.70901758 0.45371406 0.550006   0.45055164  0.55642592 0.41144441 0.48545025 0.49774096
0.42077982 0.79042591 0.16891652 0.57868462 0.2796124  0.70335716  0.25235995 0.47938356 0.68867285 0.4555569  0.46792939 0.45778789  0.60236558 0.3953406  0.44168353 0.49740989
0.43623174 0.77706089 0.19205659 0.58650568 0.2555389  0.72028329  0.20759052 0.489672   0.6381142  0.47429724 0.42562645 0.462838  0.59644209 0.38757927 0.38566015 0.42913062
0.45351998 0.76763542 0.20636954 0.57002937 0.22917123 0.76204393  0.1711694  0.51896659 0.61766301 0.48069957 0.34741886 0.47216885  0.63848371 0.374273   0.33153462 0.43454   
0.48614375 0.76012338 0.3104802  0.64453505 0.15205993 0.73128559  0.1648925  0.46164268 0.52288555 0.47768319 0.4292417  0.53811131  0.78456729 0.49487896 0.28010697 0.33794182
0.49846849 0.74547748 0.33813377 0.67063929 0.12222351 0.71048911  0.15907379 0.46743129 0.47556344 0.52734768 0.47444357 0.56714816  0.76836552 0.53462903 0.28573251 0.30158199
0.52482773 0.74475    0.43683819 0.72567298 0.08448329 0.66526673  0.18777053 0.43199447 0.44419423 0.50422307 0.52216852 0.59789464  0.80352043 0.52707249 0.38659583 0.27505503
0.53953043 0.71836377 0.44927565 0.72287073 0.06783135 0.65068248  0.15226982 0.473458   0.41739472 0.52746015 0.50067245 0.60496318  0.68532129 0.46391359 0.42369066 0.254194  
0.54686545 0.7227268  0.48212894 0.73852275 0.05465259 0.63785151  0.16190344 0.44642351 0.40800614 0.44378051 0.50437879 0.61265439  0.68761707 0.42728837 0.49263311 0.29401696
0.56465917 0.74949099 0.58010021 0.75345371 0.06298916 0.5986855  0.21527758 0.42276237 0.4947064  0.42139231 0.44024608 0.52584578  0.66535424 0.36193967 0.54759814 0.30707332
0.56465917 0.74949099 0.58010021 0.75345371 0.06298916 0.5986855  0.21527758 0.42276237 0.4947064  0.42139231 0.44024608 0.52584578  0.66535424 0.36193967 0.54759814 0.30707332
0.56465917 0.74949099 0.58010021 0.75345371 0.06298916 0.5986855  0.21527758 0.42276237 0.4947064  0.42139231 0.44024608 0.52584578  0.66535424 0.36193967 0.54759814 0.30707332
0.56366086 0.74928913 0.57766933 0.74762527 0.07730114 0.59169115  0.23742036 0.44177871 0.52615277 0.47850274 0.40573096 0.47695313  0.66560436 0.33321687 0.56671107 0.24229033
0.57260875 0.77791895 0.64157138 0.73655507 0.12143585 0.60817479  0.20863796 0.41494194 0.50605196 0.39815478 0.39859439 0.46626498  0.61400846 0.3552826  0.55703972 0.27665341
0.58462797 0.74166324 0.62859067 0.70574082 0.11949279 0.5702061  0.20904802 0.50956954 0.55324497 0.53243635 0.36493948 0.42815967  0.53708159 0.29707261 0.59036655 0.2394403 
0.64192454 0.69520871 0.69095652 0.58686479 0.14396526 0.52633585  0.20661039 0.70019296 0.61098187 0.53535111 0.32050579 0.34942853  0.5200943  0.30329069 0.63712663 0.27159587
0.66907932 0.72901696 0.75767894 0.51463781 0.27063895 0.56810659  0.23343071 0.68987464 0.56337069 0.47930861 0.36529671 0.33241363  0.49367207 0.29353431 0.63062083 0.22512512
0.72818068 0.72506311 0.79104631 0.36784103 0.39602164 0.55927015  0.35866933 0.77015884 0.60024478 0.56356468 0.42565494 0.23511179  0.62266637 0.35512897 0.58952487 0.14768858
0.72818068 0.72506311 0.79104631 0.36784103 0.39602164 0.55927015  0.35866933 0.77015884 0.60024478 0.56356468 0.42565494 0.23511179  0.62266637 0.35512897 0.58952487 0.14768858
0.75132387 0.71093542 0.81059587 0.33836553 0.4572783  0.54136235  0.44803474 0.78589476 0.64649649 0.58354498 0.48228195 0.28959902  0.68457549 0.30600424 0.6316888  0.2345953 
0.78705182 0.7149262  0.7858368  0.29467378 0.47802056 0.50128394  0.57933217 0.73250876 0.52157748 0.60592478 0.44285179 0.30905184  0.58691696 0.2762278  0.62475153 0.22555412
0.81004957 0.72511715 0.80631258 0.27309758 0.49417142 0.47171949  0.64165944 0.66875968 0.42990084 0.56990255 0.36816024 0.34092273  0.52309808 0.26790892 0.63154351 0.32551164
0.80858215 0.71698305 0.78980942 0.28669889 0.4461722  0.45696832  0.65747063 0.66362863 0.45120715 0.57936954 0.33951807 0.29875394  0.53084838 0.28188343 0.62048338 0.3048094 
0.80652466 0.70929903 0.77281183 0.30126623 0.40308054 0.45735444  0.6541146  0.66091502 0.43096925 0.52982643 0.35304984 0.33351077  0.50499771 0.26236721 0.65433237 0.33495055
0.80652466 0.70929903 0.77281183 0.30126623 0.40308054 0.45735444  0.6541146  0.66091502 0.43096925 0.52982643 0.35304984 0.33351077  0.50499771 0.26236721 0.65433237 0.33495055
0.77824509 0.63086409 0.56719551 0.38477524 0.08752357 0.46202661  0.62300896 0.64392713 0.26982523 0.32463529 0.42493625 0.49020597  0.50887469 0.27754616 0.77605197 0.3797683 
0.77049476 0.51446958 0.35621341 0.30312015 0.11174206 0.47688133  0.51170552 0.6680712  0.25935975 0.51294851 0.47626682 0.62783824  0.62250216 0.51200921 0.66321412 0.23470382
0.78844325 0.44423433 0.3054669  0.27109774 0.15908058 0.4471478  0.46650863 0.61168744 0.32396063 0.5237742  0.45489046 0.61825868  0.58325709 0.47971058 0.65995417 0.19704104
0.78844325 0.44423433 0.3054669  0.27109774 0.15908058 0.4471478  0.46650863 0.61168744 0.32396063 0.5237742  0.45489046 0.61825868  0.58325709 0.47971058 0.65995417 0.19704104
0.80641966 0.34590208 0.20667078 0.21937233 0.26517161 0.43930032  0.34645969 0.43447165 0.43417024 0.48675427 0.36128741 0.56947474  0.52247962 0.35553868 0.54680203 0.15241702
0.80641966 0.34590208 0.20667078 0.21937233 0.26517161 0.43930032  0.34645969 0.43447165 0.43417024 0.48675427 0.36128741 0.56947474  0.52247962 0.35553868 0.54680203 0.15241702
0.78254884 0.3746008  0.1504548  0.16500338 0.31543311 0.4848734  0.33907615 0.42445262 0.51639189 0.38347495 0.27774416 0.5197347  0.51870536 0.30688673 0.48119685 0.25730451
0.78254884 0.3746008  0.1504548  0.16500338 0.31543311 0.4848734  0.33907615 0.42445262 0.51639189 0.38347495 0.27774416 0.5197347  0.51870536 0.30688673 0.48119685 0.25730451
0.77045293 0.38261378 0.11810865 0.13503757 0.33883886 0.48945744  0.34555663 0.43957064 0.56631317 0.37898498 0.25354133 0.50240491  0.4553934  0.28566417 0.47715708 0.3362237 
0.77045293 0.38261378 0.11810865 0.13503757 0.33883886 0.48945744  0.34555663 0.43957064 0.56631317 0.37898498 0.25354133 0.50240491  0.4553934  0.28566417 0.47715708 0.3362237 
0.77045293 0.38261378 0.11810865 0.13503757 0.33883886 0.48945744  0.34555663 0.43957064 0.56631317 0.37898498 0.25354133 0.50240491  0.4553934  0.28566417 0.47715708 0.3362237 
0.74029831 0.42236503 0.08253112 0.13001876 0.3795643  0.48711557  0.42582677 0.38781866 0.64367133 0.33700756 0.31734034 0.49028625  0.57951604 0.35658439 0.49608563 0.425364  
0.62628662 0.54529619 0.03984432 0.26899323 0.46199702 0.39304402  0.581138   0.14218669 0.65459545 0.34824794 0.46562188 0.49050634  0.5279373  0.53189292 0.64452497 0.37680677
0.62628662 0.54529619 0.03984432 0.26899323 0.46199702 0.39304402  0.581138   0.14218669 0.65459545 0.34824794 0.46562188 0.49050634  0.5279373  0.53189292 0.64452497 0.37680677
0.4328668  0.73032079 0.08617592 0.47929326 0.46005479 0.27864111  0.67785172 0.36477934 0.33753617 0.39346686 0.48219882 0.45934612  0.34327823 0.50644066 0.59289688 0.30925998
0.41817652 0.75969294 0.09313994 0.4979929  0.45207298 0.29551937  0.68554882 0.43442082 0.30752397 0.38345289 0.54972064 0.43002695  0.32602695 0.43216329 0.53261774 0.3022976 
0.14355037 0.5229741  0.24644129 0.4935869  0.41436966 0.30365141  0.54467914 0.44998359 0.25076917 0.41181624 0.23968257 0.49066789  0.47174686 0.2996688  0.3125306  0.49611039
0.03544839 0.41404176 0.32462587 0.44710978 0.36503751 0.43337561  0.45603541 0.49115319 0.43842582 0.38389341 0.37735876 0.45056284  0.56420009 0.3942791  0.4095445  0.46588946
0.00039479 0.36283831 0.35232302 0.39930133 0.34523319 0.50234819  0.48417291 0.45702496 0.47508945 0.39693445 0.45000532 0.44589633  0.47476172 0.42761975 0.50206904 0.41641874
0.00039479 0.36283831 0.35232302 0.39930133 0.34523319 0.50234819  0.48417291 0.45702496 0.47508945 0.39693445 0.45000532 0.44589633  0.47476172 0.42761975 0.50206904 0.41641874
0.00039479 0.36283831 0.35232302 0.39930133 0.34523319 0.50234819  0.48417291 0.45702496 0.47508945 0.39693445 0.45000532 0.44589633  0.47476172 0.42761975 0.50206904 0.41641874
0.00039479 0.36283831 0.35232302 0.39930133 0.34523319 0.50234819  0.48417291 0.45702496 0.47508945 0.39693445 0.45000532 0.44589633  0.47476172 0.42761975 0.50206904 0.41641874
0.00039479 0.36283831 0.35232302 0.39930133 0.34523319 0.50234819  0.48417291 0.45702496 0.47508945 0.39693445 0.45000532 0.44589633  0.47476172 0.42761975 0.50206904 0.41641874
0.00039479 0.36283831 0.35232302 0.39930133 0.34523319 0.50234819  0.48417291 0.45702496 0.47508945 0.39693445 0.45000532 0.44589633  0.47476172 0.42761975 0.50206904 0.41641874
0.00039479 0.36283831 0.35232302 0.39930133 0.34523319 0.50234819  0.48417291 0.45702496 0.47508945 0.39693445 0.45000532 0.44589633  0.47476172 0.42761975 0.50206904 0.41641874
0.00039479 0.36283831 0.35232302 0.39930133 0.34523319 0.50234819  0.48417291 0.45702496 0.47508945 0.39693445 0.45000532 0.44589633  0.47476172 0.42761975 0.50206904 0.41641874
0.00039479 0.36283831 0.35232302 0.39930133 0.34523319 0.50234819  0.48417291 0.45702496 0.47508945 0.39693445 0.45000532 0.44589633  0.47476172 0.42761975 0.50206904 0.41641874
0.00039479 0.36283831 0.35232302 0.39930133 0.34523319 0.50234819  0.48417291 0.45702496 0.47508945 0.39693445 0.45000532 0.44589633  0.47476172 0.42761975 0.50206904 0.41641874
0.00039479 0.36283831 0.35232302 0.39930133 0.34523319 0.50234819  0.48417291 0.45702496 0.47508945 0.39693445 0.45000532 0.44589633  0.47476172 0.42761975 0.50206904 0.41641874
0.00039479 0.36283831 0.35232302 0.39930133 0.34523319 0.50234819  0.48417291 0.45702496 0.47508945 0.39693445 0.45000532 0.44589633  0.47476172 0.42761975 0.50206904 0.41641874
0.00039479 0.36283831 0.35232302 0.39930133 0.34523319 0.50234819  0.48417291 0.45702496 0.47508945 0.39693445 0.45000532 0.44589633  0.47476172 0.42761975 0.50206904 0.41641874
0.36280062 0.63089764 0.18549878 0.40394205 0.35891863 0.48861124  0.42319022 0.71558487 0.70162998 0.25165065 0.77428525 0.34569174  0.68858341 0.52809307 0.6176707  0.35341846
0.46482163 0.65539916 0.1315311  0.38917797 0.39338769 0.42864229  0.45541162 0.72642936 0.68038772 0.21056992 0.82078562 0.31576331  0.75340828 0.47119785 0.53101343 0.36989758
0.54780127 0.5800493  0.13567686 0.27901684 0.36427351 0.43041457  0.43538279 0.82872529 0.68374993 0.20823523 0.80299198 0.32901645  0.59698104 0.39567803 0.50420169 0.37653184
0.54780127 0.5800493  0.13567686 0.27901684 0.36427351 0.43041457  0.43538279 0.82872529 0.68374993 0.20823523 0.80299198 0.32901645  0.59698104 0.39567803 0.50420169 0.37653184
0.54571461 0.59196138 0.17589309 0.38917508 0.30072862 0.51583263  0.45151668 0.90989872 0.73318453 0.35663442 0.72626119 0.49309776  0.51845103 0.36735509 0.65568564 0.54755978
0.57916955 0.57806317 0.20304205 0.33274196 0.24290126 0.58821068  0.34948522 0.95027299 0.65612087 0.38857609 0.5836524  0.46414405  0.61859636 0.33956944 0.59085795 0.56600022
0.53519835 0.64873521 0.21164735 0.3948272  0.21445439 0.69401305  0.16072445 0.85076427 0.6601745  0.43968879 0.3803073  0.46295115  0.5075824  0.25810994 0.5777492  0.53841185
0.45545314 0.76512327 0.18568805 0.52091878 0.24777108 0.75039337  0.22746884 0.57479437 0.67111582 0.43963384 0.39730258 0.45437584  0.7111182  0.39776341 0.39626654 0.52081042
0.40343091 0.8007634  0.15511196 0.5957954  0.3058326  0.66343265  0.28722977 0.45309638 0.70901758 0.45371406 0.550006   0.45055164  0.55642592 0.41144441 0.48545025 0.49774096
0.32811976 0.77340442 0.14455354 0.66746248 0.4073788  0.36600498  0.32396566 0.48794279 0.54226391 0.43316245 0.4604083  0.4647857  0.35048856 0.43172892 0.60043666 0.38374561
0.23498221 0.67680939 0.18339787 0.63910937 0.44131209 0.22508138  0.37103392 0.55950527 0.39201674 0.35382199 0.33456542 0.44719383  0.56364208 0.40646009 0.39823271 0.40025142
0.19797194 0.64329213 0.2067118  0.63759506 0.43384906 0.24235597  0.31208334 0.59833454 0.47332288 0.3467646  0.3439906  0.44273949  0.68693868 0.46604942 0.46173992 0.44171225
0.14347525 0.56553498 0.24713741 0.57254398 0.40882343 0.31445813  0.35223028 0.56579386 0.48695249 0.35904811 0.37478899 0.44240401  0.64750281 0.47677931 0.50047319 0.43834425
0.05321358 0.43958271 0.31066608 0.47058965 0.37455268 0.39771928  0.4443416  0.50799319 0.41464906 0.37452314 0.33894922 0.45218633  0.61542241 0.37418377 0.34903118 0.48726701
0.00039479 0.36283831 0.35232302 0.39930133 0.34523319 0.50234819  0.48417291 0.45702496 0.47508945 0.39693445 0.45000532 0.44589633  0.47476172 0.42761975 0.50206904 0.41641874
0.00039479 0.36283831 0.35232302 0.39930133 0.34523319 0.50234819  0.48417291 0.45702496 0.47508945 0.39693445 0.45000532 0.44589633  0.47476172 0.42761975 0.50206904 0.41641874
0.00039479 0.36283831 0.35232302 0.39930133 0.34523319 0.50234819  0.48417291 0.45702496 0.47508945 0.39693445 0.45000532 0.44589633  0.47476172 0.42761975 0.50206904 0.41641874
0.00039479 0.36283831 0.35232302 0.39930133 0.34523319 0.50234819  0.48417291 0.45702496 0.47508945 0.39693445 0.45000532 0.44589633  0.47476172 0.42761975 0.50206904 0.41641874
0.00039479 0.36283831 0.35232302 0.39930133 0.34523319 0.50234819  0.48417291 0.45702496 0.47508945 0.39693445 0.45000532 0.44589633  0.47476172 0.42761975 0.50206904 0.41641874
0.00039479 0.36283831 0.35232302 0.39930133 0.34523319 0.50234819  0.48417291 0.45702496 0.47508945 0.39693445 0.45000532 0.44589633  0.47476172 0.42761975 0.50206904 0.41641874
0.00039479 0.36283831 0.35232302 0.39930133 0.34523319 0.50234819  0.48417291 0.45702496 0.47508945 0.39693445 0.45000532 0.44589633  0.47476172 0.42761975 0.50206904 0.41641874
0.00039479 0.36283831 0.35232302 0.39930133 0.34523319 0.50234819  0.48417291 0.45702496 0.47508945 0.39693445 0.45000532 0.44589633  0.47476172 0.42761975 0.50206904 0.41641874
0.00039479 0.36283831 0.35232302 0.39930133 0.34523319 0.50234819  0.48417291 0.45702496 0.47508945 0.39693445 0.45000532 0.44589633  0.47476172 0.42761975 0.50206904 0.41641874
0.00039479 0.36283831 0.35232302 0.39930133 0.34523319 0.50234819  0.48417291 0.45702496 0.47508945 0.39693445 0.45000532 0.44589633  0.47476172 0.42761975 0.50206904 0.41641874
0.0177474  0.38984345 0.33852207 0.42635267 0.35697043 0.47086435  0.45750391 0.47765391 0.48169648 0.39463854 0.42895995 0.44917931  0.51265071 0.44991576 0.53083289 0.43501917
0.08964684 0.49485247 0.28501929 0.51844865 0.3914583  0.38170643  0.37853114 0.52945821 0.51669095 0.38770116 0.41308523 0.45034598  0.55486718 0.50910823 0.62252298 0.43846357
0.23567999 0.68187105 0.19016709 0.6399866  0.42154371 0.3034459  0.30670578 0.57695507 0.55519778 0.35479999 0.47480076 0.42383161  0.58454245 0.48657481 0.51976101 0.39577999
0.34569035 0.75940792 0.1364176  0.6162973  0.41239675 0.35821343  0.42464651 0.45766341 0.44811394 0.42952756 0.4249905  0.46946772  0.4024419  0.38945072 0.47580183 0.42445211
0.54564088 0.76284559 0.09917237 0.34737322 0.33813776 0.60996929  0.67293142 0.49033608 0.45484053 0.40522183 0.57156256 0.43396524  0.56119527 0.41389655 0.50704421 0.50571278
0.64433644 0.65056177 0.12128142 0.1924719  0.29830883 0.6283547  0.61673967 0.61287892 0.45066917 0.41088047 0.35361299 0.48505604  0.64011572 0.45238498 0.61145207 0.53708363
0.74029831 0.42236503 0.08253112 0.13001876 0.3795643  0.48711557  0.42582677 0.38781866 0.64367133 0.33700756 0.31734034 0.49028625  0.57951604 0.35658439 0.49608563 0.425364  
0.75500101 0.3959788  0.09496858 0.12721651 0.36291236 0.47253131  0.39032606 0.42928219 0.61687182 0.36024464 0.29584427 0.49735479  0.46131689 0.29342549 0.53318046 0.40450296
0.78540703 0.27833058 0.07714832 0.30867408 0.4587802  0.57743838  0.37622958 0.41928673 0.451094   0.37974409 0.36085262 0.28710955  0.48043276 0.30074621 0.60177083 0.60144743
0.79600235 0.23350319 0.06697943 0.40037547 0.51312806 0.65385598  0.41572653 0.45340828 0.41987252 0.35067229 0.31243578 0.23519009  0.48902407 0.31758766 0.70827301 0.57018847
0.7999243  0.21680584 0.06448215 0.43800745 0.53454427 0.68227344  0.44063796 0.47448422 0.42798535 0.34064545 0.2853728  0.22928475  0.47183348 0.35638064 0.70455434 0.55918981
0.8024689  0.20520608 0.06240434 0.47026271 0.55342578 0.70834289  0.47314104 0.50080158 0.45388958 0.31822459 0.24520803 0.2539498  0.44756472 0.38565794 0.69014112 0.5057549 
0.80790304 0.17951283 0.06143052 0.54971925 0.58725989 0.76044971  0.55854833 0.57039534 0.52995669 0.26875198 0.16887645 0.35496748  0.38376599 0.45560494 0.59850996 0.39593142
0.80921181 0.17343531 0.06056031 0.56920197 0.59875967 0.77617838  0.58373087 0.59130502 0.55925193 0.24874916 0.13297522 0.38693243  0.34594788 0.49683526 0.55563879 0.35073587
0.80921181 0.17343531 0.06056031 0.56920197 0.59875967 0.77617838  0.58373087 0.59130502 0.55925193 0.24874916 0.13297522 0.38693243  0.34594788 0.49683526 0.55563879 0.35073587
0.80921181 0.17343531 0.06056031 0.56920197 0.59875967 0.77617838  0.58373087 0.59130502 0.55925193 0.24874916 0.13297522 0.38693243  0.34594788 0.49683526 0.55563879 0.35073587
0.79450911 0.19982154 0.04812285 0.57200422 0.61541161 0.79076263  0.61923159 0.54984149 0.58605145 0.22551208 0.1544713  0.37986389  0.46414703 0.55999416 0.51854396 0.37159691
0.75748801 0.23075494 0.02033504 0.57201437 0.65490923 0.68839657  0.65724604 0.46807887 0.60208381 0.23385143 0.33830717 0.32601889  0.39105856 0.570807   0.64159794 0.40309381
0.75748801 0.23075494 0.02033504 0.57201437 0.65490923 0.68839657  0.65724604 0.46807887 0.60208381 0.23385143 0.33830717 0.32601889  0.39105856 0.570807   0.64159794 0.40309381
0.72512218 0.28911467 0.0067441  0.59965845 0.66186243 0.70743773  0.68583532 0.3170696  0.58438474 0.22418642 0.39117286 0.28068655  0.56202752 0.62920051 0.60197342 0.41582661
0.67871968 0.31759222 0.00263984 0.55410533 0.67606071 0.54010096  0.68279994 0.33104586 0.56146981 0.18024586 0.44842372 0.26826294  0.52776741 0.59709968 0.67151216 0.29248543
0.59823247 0.44451432 0.01817414 0.5120481  0.62222576 0.44702828  0.71626424 0.23986892 0.53481075 0.21300839 0.40088228 0.35255995  0.57449466 0.62660099 0.64822524 0.200342  
0.44446041 0.55362865 0.06987159 0.50979924 0.5616094  0.26923676  0.69640278 0.20346546 0.36301006 0.31727362 0.26123628 0.47085588  0.4619335  0.52100264 0.52522027 0.20732037
0.40280515 0.59573785 0.09569161 0.44168836 0.50004245 0.24047331  0.6637497  0.20719832 0.31317046 0.36802778 0.36361906 0.46361989  0.46133874 0.40064326 0.43426383 0.29187528
0.071349   0.4201327  0.29938177 0.40893689 0.38138329 0.39098084  0.6007938  0.41112425 0.25179658 0.42071498 0.26868464 0.48818366  0.43749249 0.28645943 0.30010116 0.48780273
0.03585866 0.41212524 0.32497922 0.44119937 0.36258431 0.43456132  0.47408025 0.48300288 0.40965789 0.37891942 0.36959995 0.44872305  0.56049334 0.35167352 0.32731793 0.46450854
0.01779563 0.38669558 0.33863985 0.42004769 0.35385851 0.46460162  0.48109267 0.47190843 0.43452283 0.38595027 0.3992976  0.44733029  0.52908455 0.38078184 0.39373238 0.44873962
0.00039479 0.36283831 0.35232302 0.39930133 0.34523319 0.50234819  0.48417291 0.45702496 0.47508945 0.39693445 0.45000532 0.44589633  0.47476172 0.42761975 0.50206904 0.41641874
0.00039479 0.36283831 0.35232302 0.39930133 0.34523319 0.50234819  0.48417291 0.45702496 0.47508945 0.39693445 0.45000532 0.44589633  0.47476172 0.42761975 0.50206904 0.41641874
0.00039479 0.36283831 0.35232302 0.39930133 0.34523319 0.50234819  0.48417291 0.45702496 0.47508945 0.39693445 0.45000532 0.44589633  0.47476172 0.42761975 0.50206904 0.41641874
0.00039479 0.36283831 0.35232302 0.39930133 0.34523319 0.50234819  0.48417291 0.45702496 0.47508945 0.39693445 0.45000532 0.44589633  0.47476172 0.42761975 0.50206904 0.41641874
0.00039479 0.36283831 0.35232302 0.39930133 0.34523319 0.50234819  0.48417291 0.45702496 0.47508945 0.39693445 0.45000532 0.44589633  0.47476172 0.42761975 0.50206904 0.41641874
0.00039479 0.36283831 0.35232302 0.39930133 0.34523319 0.50234819  0.48417291 0.45702496 0.47508945 0.39693445 0.45000532 0.44589633  0.47476172 0.42761975 0.50206904 0.41641874
0.00039479 0.36283831 0.35232302 0.39930133 0.34523319 0.50234819  0.48417291 0.45702496 0.47508945 0.39693445 0.45000532 0.44589633  0.47476172 0.42761975 0.50206904 0.41641874
0.00039479 0.36283831 0.35232302 0.39930133 0.34523319 0.50234819  0.48417291 0.45702496 0.47508945 0.39693445 0.45000532 0.44589633  0.47476172 0.42761975 0.50206904 0.41641874
0.00039479 0.36283831 0.35232302 0.39930133 0.34523319 0.50234819  0.48417291 0.45702496 0.47508945 0.39693445 0.45000532 0.44589633  0.47476172 0.42761975 0.50206904 0.41641874
0.00039479 0.36283831 0.35232302 0.39930133 0.34523319 0.50234819  0.48417291 0.45702496 0.47508945 0.39693445 0.45000532 0.44589633  0.47476172 0.42761975 0.50206904 0.41641874
0.00039479 0.36283831 0.35232302 0.39930133 0.34523319 0.50234819  0.48417291 0.45702496 0.47508945 0.39693445 0.45000532 0.44589633  0.47476172 0.42761975 0.50206904 0.41641874
0.00039479 0.36283831 0.35232302 0.39930133 0.34523319 0.50234819  0.48417291 0.45702496 0.47508945 0.39693445 0.45000532 0.44589633  0.47476172 0.42761975 0.50206904 0.41641874
0.00039479 0.36283831 0.35232302 0.39930133 0.34523319 0.50234819  0.48417291 0.45702496 0.47508945 0.39693445 0.45000532 0.44589633  0.47476172 0.42761975 0.50206904 0.41641874
0.00039479 0.36283831 0.35232302 0.39930133 0.34523319 0.50234819  0.48417291 0.45702496 0.47508945 0.39693445 0.45000532 0.44589633  0.47476172 0.42761975 0.50206904 0.41641874
0.00039479 0.36283831 0.35232302 0.39930133 0.34523319 0.50234819  0.48417291 0.45702496 0.47508945 0.39693445 0.45000532 0.44589633  0.47476172 0.42761975 0.50206904 0.41641874
0.00039479 0.36283831 0.35232302 0.39930133 0.34523319 0.50234819  0.48417291 0.45702496 0.47508945 0.39693445 0.45000532 0.44589633  0.47476172 0.42761975 0.50206904 0.41641874
0.00039479 0.36283831 0.35232302 0.39930133 0.34523319 0.50234819  0.48417291 0.45702496 0.47508945 0.39693445 0.45000532 0.44589633  0.47476172 0.42761975 0.50206904 0.41641874
0.00039479 0.36283831 0.35232302 0.39930133 0.34523319 0.50234819  0.48417291 0.45702496 0.47508945 0.39693445 0.45000532 0.44589633  0.47476172 0.42761975 0.50206904 0.41641874
0.00039479 0.36283831 0.35232302 0.39930133 0.34523319 0.50234819  0.48417291 0.45702496 0.47508945 0.39693445 0.45000532 0.44589633  0.47476172 0.42761975 0.50206904 0.41641874
0.00039479 0.36283831 0.35232302 0.39930133 0.34523319 0.50234819  0.48417291 0.45702496 0.47508945 0.39693445 0.45000532 0.44589633  0.47476172 0.42761975 0.50206904 0.41641874
