0.00039479 0.36283831 0.35232302 0.39930133 0.34523319 0.50234819  0.48417291 0.45702496 0.47508945 0.39693445 0.45000532 0.44589633  0.47476172 0.42761975 0.50206904 0.41641874
0.00039479 0.36283831 0.35232302 0.39930133 0.34523319 0.50234819  0.48417291 0.45702496 0.47508945 0.39693445 0.45000532 0.44589633  0.47476172 0.42761975 0.50206904 0.41641874
0.00039479 0.36283831 0.35232302 0.39930133 0.34523319 0.50234819  0.48417291 0.45702496 0.47508945 0.39693445 0.45000532 0.44589633  0.47476172 0.42761975 0.50206904 0.41641874
0.00039479 0.36283831 0.35232302 0.39930133 0.34523319 0.50234819  0.48417291 0.45702496 0.47508945 0.39693445 0.45000532 0.44589633  0.47476172 0.42761975 0.50206904 0.41641874
0.00039479 0.36283831 0.35232302 0.39930133 0.34523319 0.50234819  0.48417291 0.45702496 0.47508945 0.39693445 0.45000532 0.44589633  0.47476172 0.42761975 0.50206904 0.41641874
0.00039479 0.36283831 0.35232302 0.39930133 0.34523319 0.50234819  0.48417291 0.45702496 0.47508945 0.39693445 0.45000532 0.44589633  0.47476172 0.42761975 0.50206904 0.41641874
0.00039479 0.36283831 0.35232302 0.39930133 0.34523319 0.50234819  0.48417291 0.45702496 0.47508945 0.39693445 0.45000532 0.44589633  0.47476172 0.42761975 0.50206904 0.41641874
0.00039479 0.36283831 0.35232302 0.39930133 0.34523319 0.50234819  0.48417291 0.45702496 0.47508945 0.39693445 0.45000532 0.44589633  0.47476172 0.42761975 0.50206904 0.41641874
0.00039479 0.36283831 0.35232302 0.39930133 0.34523319 0.50234819  0.48417291 0.45702496 0.47508945 0.39693445 0.45000532 0.44589633  0.47476172 0.42761975 0.50206904 0.41641874
0.00039479 0.36283831 0.35232302 0.39930133 0.34523319 0.50234819  0.48417291 0.45702496 0.47508945 0.39693445 0.45000532 0.44589633  0.47476172 0.42761975 0.50206904 0.41641874
0.00039479 0.36283831 0.35232302 0.39930133 0.34523319 0.50234819  0.48417291 0.45702496 0.47508945 0.39693445 0.45000532 0.44589633  0.47476172 0.42761975 0.50206904 0.41641874
0.00039479 0.36283831 0.35232302 0.39930133 0.34523319 0.50234819  0.48417291 0.45702496 0.47508945 0.39693445 0.45000532 0.44589633  0.47476172 0.42761975 0.50206904 0.41641874
0.00039479 0.36283831 0.35232302 0.39930133 0.34523319 0.50234819  0.48417291 0.45702496 0.47508945 0.39693445 0.45000532 0.44589633  0.47476172 0.42761975 0.50206904 0.41641874
0.00039479 0.36283831 0.35232302 0.39930133 0.34523319 0.50234819  0.48417291 0.45702496 0.47508945 0.39693445 0.45000532 0.44589633  0.47476172 0.42761975 0.50206904 0.41641874
0.00039479 0.36283831 0.35232302 0.39930133 0.34523319 0.50234819  0.48417291 0.45702496 0.47508945 0.39693445 0.45000532 0.44589633  0.47476172 0.42761975 0.50206904 0.41641874
0.00039479 0.36283831 0.35232302 0.39930133 0.34523319 0.50234819  0.48417291 0.45702496 0.47508945 0.39693445 0.45000532 0.44589633  0.47476172 0.42761975 0.50206904 0.41641874
0.00039479 0.36283831 0.35232302 0.39930133 0.34523319 0.50234819  0.48417291 0.45702496 0.47508945 0.39693445 0.45000532 0.44589633  0.47476172 0.42761975 0.50206904 0.41641874
0.00039479 0.36283831 0.35232302 0.39930133 0.34523319 0.50234819  0.48417291 0.45702496 0.47508945 0.39693445 0.45000532 0.44589633  0.47476172 0.42761975 0.50206904 0.41641874
0.00039479 0.36283831 0.35232302 0.39930133 0.34523319 0.50234819  0.48417291 0.45702496 0.47508945 0.39693445 0.45000532 0.44589633  0.47476172 0.42761975 0.50206904 0.41641874
0.00039479 0.36283831 0.35232302 0.39930133 0.34523319 0.50234819  0.48417291 0.45702496 0.47508945 0.39693445 0.45000532 0.44589633  0.47476172 0.42761975 0.50206904 0.41641874
0.00039479 0.36283831 0.35232302 0.39930133 0.34523319 0.50234819  0.48417291 0.45702496 0.47508945 0.39693445 0.45000532 0.44589633  0.47476172 0.42761975 0.50206904 0.41641874
0.00039479 0.36283831 0.35232302 0.39930133 0.34523319 0.50234819  0.48417291 0.45702496 0.47508945 0.39693445 0.45000532 0.44589633  0.47476172 0.42761975 0.50206904 0.41641874
0.00039479 0.36283831 0.35232302 0.39930133 0.34523319 0.50234819  0.48417291 0.45702496 0.47508945 0.39693445 0.45000532 0.44589633  0.47476172 0.42761975 0.50206904 0.41641874
0.00039479 0.36283831 0.35232302 0.39930133 0.34523319 0.50234819  0.48417291 0.45702496 0.47508945 0.39693445 0.45000532 0.44589633  0.47476172 0.42761975 0.50206904 0.41641874
0.00039479 0.36283831 0.35232302 0.39930133 0.34523319 0.50234819  0.48417291 0.45702496 0.47508945 0.39693445 0.45000532 0.44589633  0.47476172 0.42761975 0.50206904 0.41641874
0.00039479 0.36283831 0.35232302 0.39930133 0.34523319 0.50234819  0.48417291 0.45702496 0.47508945 0.39693445 0.45000532 0.44589633  0.47476172 0.42761975 0.50206904 0.41641874
0.00039479 0.36283831 0.35232302 0.39930133 0.34523319 0.50234819  0.48417291 0.45702496 0.47508945 0.39693445 0.45000532 0.44589633  0.47476172 0.42761975 0.50206904 0.41641874
0.00039479 0.36283831 0.35232302 0.39930133 0.34523319 0.50234819  0.48417291 0.45702496 0.47508945 0.39693445 0.45000532 0.44589633  0.47476172 0.42761975 0.50206904 0.41641874
0.00039479 0.36283831 0.35232302 0.39930133 0.34523319 0.50234819  0.48417291 0.45702496 0.47508945 0.39693445 0.45000532 0.44589633  0.47476172 0.42761975 0.50206904 0.41641874
0.00039479 0.36283831 0.35232302 0.39930133 0.34523319 0.50234819  0.48417291 0.45702496 0.47508945 0.39693445 0.45000532 0.44589633  0.47476172 0.42761975 0.50206904 0.41641874
0.00039479 0.36283831 0.35232302 0.39930133 0.34523319 0.50234819  0.48417291 0.45702496 0.47508945 0.39693445 0.45000532 0.44589633  0.47476172 0.42761975 0.50206904 0.41641874
0.00039479 0.36283831 0.35232302 0.39930133 0.34523319 0.50234819  0.48417291 0.45702496 0.47508945 0.39693445 0.45000532 0.44589633  0.47476172 0.42761975 0.50206904 0.41641874
0.00039479 0.36283831 0.35232302 0.39930133 0.34523319 0.50234819  0.48417291 0.45702496 0.47508945 0.39693445 0.45000532 0.44589633  0.47476172 0.42761975 0.50206904 0.41641874
0.00039479 0.36283831 0.35232302 0.39930133 0.34523319 0.50234819  0.48417291 0.45702496 0.47508945 0.39693445 0.45000532 0.44589633  0.47476172 0.42761975 0.50206904 0.41641874
0.00039479 0.36283831 0.35232302 0.39930133 0.34523319 0.50234819  0.48417291 0.45702496 0.47508945 0.39693445 0.45000532 0.44589633  0.47476172 0.42761975 0.50206904 0.41641874
0.00039479 0.36283831 0.35232302 0.39930133 0.34523319 0.50234819  0.48417291 0.45702496 0.47508945 0.39693445 0.45000532 0.44589633  0.47476172 0.42761975 0.50206904 0.41641874
0.00039479 0.36283831 0.35232302 0.39930133 0.34523319 0.50234819  0.48417291 0.45702496 0.47508945 0.39693445 0.45000532 0.44589633  0.47476172 0.42761975 0.50206904 0.41641874
0.00039479 0.36283831 0.35232302 0.39930133 0.34523319 0.50234819  0.48417291 0.45702496 0.47508945 0.39693445 0.45000532 0.44589633  0.47476172 0.42761975 0.50206904 0.41641874
0.00039479 0.36283831 0.35232302 0.39930133 0.34523319 0.50234819  0.48417291 0.45702496 0.47508945 0.39693445 0.45000532 0.44589633  0.47476172 0.42761975 0.50206904 0.41641874
0.09023244 0.49236475 0.28737694 0.51116499 0.38323286 0.40853402  0.37459399 0.5252841  0.55157557 0.39175863 0.45414848 0.44725069  0.52920979 0.52883252 0.67326219 0.41221402
0.25494241 0.68435026 0.20291857 0.62626789 0.370743   0.4832307  0.2472436  0.47658857 0.68810784 0.4896209  0.44623614 0.49501527  0.41719588 0.57094922 0.89199564 0.45131853
0.39805664 0.89533771 0.39977863 0.52692996 0.80657061 0.65785317  0.13477869 0.41441991 0.54461061 0.35908892 0.74708558 0.73732617  0.47814411 0.40315039 0.57887796 0.5519238 
0.52275867 0.86048341 0.49735824 0.39579621 0.63457625 0.82952544  0.14107802 0.55089371 0.51782831 0.30185687 0.61386881 0.69007477  0.8027953  0.45912072 0.37889737 0.64011872
0.6414014  0.86468838 0.64766852 0.35408693 0.65401923 0.82746062  0.24247613 0.51463056 0.26718991 0.17476573 0.66702108 0.76278042  0.63566714 0.26105126 0.37809814 0.53681613
0.74085672 0.79830418 0.71923554 0.17801632 0.72193661 0.71513022  0.38246937 0.64700744 0.27983269 0.17628651 0.64650704 0.7106141  0.64613487 0.25911225 0.66008087 0.53504627
0.75806083 0.79548295 0.70528389 0.15445609 0.73601407 0.68483003  0.4559511  0.60678311 0.19513739 0.20868227 0.57270989 0.74219927  0.61359023 0.23589233 0.67147777 0.57784107
0.79888556 0.74854235 0.79159171 0.19115678 0.70868691 0.62252864  0.43448012 0.66365967 0.10831413 0.38622052 0.6168334  0.76132829  0.52603597 0.23748409 0.74663616 0.41869558
0.82863086 0.68600674 0.78124394 0.14474969 0.72667438 0.56642674  0.40315984 0.6001412  0.19390736 0.35694345 0.57725541 0.78845791  0.54566753 0.36616361 0.7654699  0.4270381 
0.87535366 0.58871865 0.78871291 0.14222754 0.74903103 0.46580508  0.37286877 0.47233411 0.36357574 0.34689218 0.54564434 0.71530779  0.5262941  0.30088437 0.68017878 0.36610918
0.89845646 0.51112957 0.74719896 0.16401296 0.72741422 0.44031975  0.31802272 0.30229871 0.39986978 0.2935033  0.47270045 0.71507062  0.54514717 0.24123866 0.68072412 0.29663696
0.89545078 0.50044607 0.72617216 0.18051929 0.68002504 0.43839269  0.31714127 0.29664443 0.38769418 0.26002814 0.48257502 0.7300368  0.54293119 0.23357081 0.70417191 0.28924274
0.8899787  0.47552313 0.67329408 0.21472714 0.56173927 0.40985797  0.35407915 0.29013119 0.40778134 0.24174604 0.43181927 0.65757564  0.55213257 0.26308597 0.70187372 0.25087433
0.87875726 0.42800604 0.56565142 0.29440715 0.27872199 0.35643636  0.40599129 0.27842978 0.44104507 0.19260837 0.35291015 0.54240023  0.51913273 0.32190701 0.68227339 0.25389995
0.86637127 0.39641282 0.47965437 0.31294973 0.18892906 0.35851928  0.39307276 0.27949155 0.39775279 0.18041158 0.38766774 0.58160794  0.56440004 0.37193365 0.65398955 0.27556292
0.86238615 0.38432464 0.45210917 0.31758285 0.16872818 0.35400193  0.40084261 0.28917531 0.40657023 0.2355931  0.3974185  0.58871911  0.60085436 0.38822267 0.62666557 0.25905241
0.871867   0.31167161 0.4044328  0.40892117 0.22478672 0.43148368  0.37156197 0.29342632 0.30145311 0.24880297 0.43893126 0.51884661  0.66802899 0.32411754 0.73799056 0.28301758
0.87969327 0.28214977 0.40283448 0.45523037 0.24507727 0.4470326  0.36894683 0.28722174 0.26195997 0.26465628 0.47574514 0.46993559  0.66305483 0.34920599 0.71513375 0.36508349
0.86637306 0.22906797 0.29632959 0.47015473 0.28794537 0.49685156  0.35921573 0.3661278  0.23404791 0.49042593 0.49419375 0.41759972  0.67082022 0.43088335 0.60541358 0.31652047
0.8538998  0.19978478 0.21710487 0.47259293 0.36041332 0.56844281  0.34987099 0.42166533 0.21645307 0.5109244  0.43851822 0.35815388  0.59455804 0.42234313 0.6554092  0.29878117
0.8186488  0.23347514 0.12639868 0.39144985 0.4410268  0.62946624  0.34232924 0.42607713 0.33386735 0.38727749 0.31390675 0.27414907  0.54446142 0.31896417 0.61478597 0.43891723
0.79872662 0.27100996 0.09565085 0.31517484 0.444142   0.61850136  0.35142487 0.44739973 0.42328177 0.3669342  0.25289004 0.3057303  0.48612362 0.27265316 0.63360301 0.43577051
0.77606755 0.31253936 0.07529345 0.26024714 0.44457665 0.57592384  0.39390715 0.43510588 0.50761275 0.33322258 0.28113798 0.35214133  0.49779344 0.25358751 0.69304092 0.43634146
0.71690616 0.44485817 0.06165504 0.220127   0.42130459 0.55227791  0.47023019 0.24867584 0.60631094 0.30676695 0.34801445 0.41734146  0.74373808 0.41816456 0.47882549 0.43129926
0.67450782 0.49472555 0.04086436 0.21026904 0.44713394 0.43654687  0.54843452 0.19884068 0.69068795 0.30436628 0.50829165 0.45665511  0.63879066 0.46993896 0.52078587 0.40618146
0.51389139 0.69279776 0.06274025 0.45531219 0.43891983 0.44537717  0.60137374 0.11604045 0.4567716  0.47168593 0.38499724 0.5078784  0.37387589 0.41716078 0.60821736 0.35195801
0.50102033 0.72749824 0.07242466 0.45614081 0.42058304 0.45908435  0.63406174 0.19279425 0.42550147 0.47698487 0.40704131 0.50590277  0.35972853 0.44702953 0.63771423 0.38330995
0.34391966 0.74259745 0.11720176 0.59649984 0.46605604 0.21469693  0.53777597 0.46058264 0.30386251 0.42963433 0.36341965 0.48645295  0.31100395 0.40821756 0.57554391 0.37795929
0.25202684 0.67434936 0.16960942 0.61702511 0.45533956 0.19576513  0.43953367 0.52049908 0.31032409 0.39343403 0.24945222 0.48544795  0.53090789 0.38229279 0.4287716  0.4620085 
0.15998701 0.56640355 0.22951142 0.56117181 0.43411566 0.23595453  0.43356543 0.53864601 0.32012812 0.3840791  0.1946431  0.48748584  0.70667503 0.37172686 0.34310998 0.55667853
0.01779563 0.38669558 0.33863985 0.42004769 0.35385851 0.46460162  0.48109267 0.47190843 0.43452283 0.38595027 0.3992976  0.44733029  0.52908455 0.38078184 0.39373238 0.44873962
0.01779563 0.38669558 0.33863985 0.42004769 0.35385851 0.46460162  0.48109267 0.47190843 0.43452283 0.38595027 0.3992976  0.44733029  0.52908455 0.38078184 0.39373238 0.44873962
0.00039479 0.36283831 0.35232302 0.39930133 0.34523319 0.50234819  0.48417291 0.45702496 0.47508945 0.39693445 0.45000532 0.44589633  0.47476172 0.42761975 0.50206904 0.41641874
0.00039479 0.36283831 0.35232302 0.39930133 0.34523319 0.50234819  0.48417291 0.45702496 0.47508945 0.39693445 0.45000532 0.44589633  0.47476172 0.42761975 0.50206904 0.41641874
0.00039479 0.36283831 0.35232302 0.39930133 0.34523319 0.50234819  0.48417291 0.45702496 0.47508945 0.39693445 0.45000532 0.44589633  0.47476172 0.42761975 0.50206904 0.41641874
0.00039479 0.36283831 0.35232302 0.39930133 0.34523319 0.50234819  0.48417291 0.45702496 0.47508945 0.39693445 0.45000532 0.44589633  0.47476172 0.42761975 0.50206904 0.41641874
0.00039479 0.36283831 0.35232302 0.39930133 0.34523319 0.50234819  0.48417291 0.45702496 0.47508945 0.39693445 0.45000532 0.44589633  0.47476172 0.42761975 0.50206904 0.41641874
0.00039479 0.36283831 0.35232302 0.39930133 0.34523319 0.50234819  0.48417291 0.45702496 0.47508945 0.39693445 0.45000532 0.44589633  0.47476172 0.42761975 0.50206904 0.41641874
0.00039479 0.36283831 0.35232302 0.39930133 0.34523319 0.50234819  0.48417291 0.45702496 0.47508945 0.39693445 0.45000532 0.44589633  0.47476172 0.42761975 0.50206904 0.41641874
0.00039479 0.36283831 0.35232302 0.39930133 0.34523319 0.50234819  0.48417291 0.45702496 0.47508945 0.39693445 0.45000532 0.44589633  0.47476172 0.42761975 0.50206904 0.41641874
0.00039479 0.36283831 0.35232302 0.39930133 0.34523319 0.50234819  0.48417291 0.45702496 0.47508945 0.39693445 0.45000532 0.44589633  0.47476172 0.42761975 0.50206904 0.41641874
0.00039479 0.36283831 0.35232302 0.39930133 0.34523319 0.50234819  0.48417291 0.45702496 0.47508945 0.39693445 0.45000532 0.44589633  0.47476172 0.42761975 0.50206904 0.41641874
0.00039479 0.36283831 0.35232302 0.39930133 0.34523319 0.50234819  0.48417291 0.45702496 0.47508945 0.39693445 0.45000532 0.44589633  0.47476172 0.42761975 0.50206904 0.41641874
0.00039479 0.36283831 0.35232302 0.39930133 0.34523319 0.50234819  0.48417291 0.45702496 0.47508945 0.39693445 0.45000532 0.44589633  0.47476172 0.42761975 0.50206904 0.41641874
0.00039479 0.36283831 0.35232302 0.39930133 0.34523319 0.50234819  0.48417291 0.45702496 0.47508945 0.39693445 0.45000532 0.44589633  0.47476172 0.42761975 0.50206904 0.41641874
0.00039479 0.36283831 0.35232302 0.39930133 0.34523319 0.50234819  0.48417291 0.45702496 0.47508945 0.39693445 0.45000532 0.44589633  0.47476172 0.42761975 0.50206904 0.41641874
0.00039479 0.36283831 0.35232302 0.39930133 0.34523319 0.50234819  0.48417291 0.45702496 0.47508945 0.39693445 0.45000532 0.44589633  0.47476172 0.42761975 0.50206904 0.41641874
0.00039479 0.36283831 0.35232302 0.39930133 0.34523319 0.50234819  0.48417291 0.45702496 0.47508945 0.39693445 0.45000532 0.44589633  0.47476172 0.42761975 0.50206904 0.41641874
0.00039479 0.36283831 0.35232302 0.39930133 0.34523319 0.50234819  0.48417291 0.45702496 0.47508945 0.39693445 0.45000532 0.44589633  0.47476172 0.42761975 0.50206904 0.41641874
0.00039479 0.36283831 0.35232302 0.39930133 0.34523319 0.50234819  0.48417291 0.45702496 0.47508945 0.39693445 0.45000532 0.44589633  0.47476172 0.42761975 0.50206904 0.41641874
0.00039479 0.36283831 0.35232302 0.39930133 0.34523319 0.50234819  0.48417291 0.45702496 0.47508945 0.39693445 0.45000532 0.44589633  0.47476172 0.42761975 0.50206904 0.41641874
0.00039479 0.36283831 0.35232302 0.39930133 0.34523319 0.50234819  0.48417291 0.45702496 0.47508945 0.39693445 0.45000532 0.44589633  0.47476172 0.42761975 0.50206904 0.41641874
0.12395152 0.51573332 0.25559881 0.51888776 0.41790437 0.28076926  0.46513947 0.51406691 0.31455051 0.39340552 0.20530521 0.48858413  0.67314613 0.35097288 0.32534225 0.5648578 
0.31543213 0.61356249 0.1281841  0.54563211 0.50008335 0.14959479  0.54820398 0.32389499 0.25624582 0.40323859 0.17340645 0.51465981  0.49120072 0.41049076 0.47055151 0.38734628
0.31543213 0.61356249 0.1281841  0.54563211 0.50008335 0.14959479  0.54820398 0.32389499 0.25624582 0.40323859 0.17340645 0.51465981  0.49120072 0.41049076 0.47055151 0.38734628
0.57805164 0.57006958 0.03718847 0.47280113 0.54134863 0.515672  0.77536086 0.27380801 0.57466503 0.29474562 0.31783012 0.49973936  0.45651868 0.68814416 0.63741191 0.20843146
0.64688657 0.53181779 0.04112063 0.3818432  0.49873101 0.62068593  0.74250065 0.28983876 0.65916922 0.2947542  0.26699847 0.51774707  0.58747841 0.73469772 0.6127589  0.31291082
0.66772375 0.46636897 0.02651332 0.42260996 0.54401199 0.62925075  0.70041821 0.23742815 0.65390543 0.26688152 0.28973144 0.4480039  0.5990585  0.67521953 0.59457668 0.29767861
0.68867488 0.41892392 0.02374387 0.43623904 0.56901006 0.64679361  0.70885999 0.31645865 0.66264657 0.23530398 0.27697488 0.43346571  0.58285273 0.66437245 0.69741441 0.2940315 
0.68202363 0.44821712 0.02923477 0.36414725 0.5279129  0.58834465  0.65373964 0.26662468 0.63945207 0.27743938 0.3495279  0.40874452  0.64098473 0.58232124 0.71760918 0.37351123
0.66779588 0.50661864 0.04113669 0.25081495 0.46085666 0.49981186  0.60323851 0.22497799 0.6490161  0.31573158 0.41674863 0.44586556  0.66547795 0.53661528 0.67980919 0.41790529
0.66210193 0.53009608 0.04737255 0.20582606 0.43113082 0.46012609  0.58588894 0.21335801 0.66576282 0.3314285  0.4455944  0.48120594  0.65883775 0.53185857 0.61481044 0.43323704
0.64902595 0.56544049 0.05465303 0.20850435 0.41260835 0.48560715  0.62105799 0.26002202 0.62744553 0.35345668 0.42286845 0.49506836  0.6642238  0.56897244 0.68892453 0.46850874
0.61826486 0.62371514 0.05840427 0.2636396  0.40217215 0.53749498  0.65540108 0.22000703 0.55764389 0.3955696  0.41098296 0.48814002  0.68255909 0.54229337 0.64717178 0.45742696
0.6053938  0.65841562 0.06808867 0.26446823 0.38383536 0.55120216  0.68808908 0.29676084 0.52637376 0.40086854 0.43302704 0.48616438  0.66841173 0.57216212 0.67666865 0.4887789 
0.6053938  0.65841562 0.06808867 0.26446823 0.38383536 0.55120216  0.68808908 0.29676084 0.52637376 0.40086854 0.43302704 0.48616438  0.66841173 0.57216212 0.67666865 0.4887789 
0.6053938  0.65841562 0.06808867 0.26446823 0.38383536 0.55120216  0.68808908 0.29676084 0.52637376 0.40086854 0.43302704 0.48616438  0.66841173 0.57216212 0.67666865 0.4887789 
0.63879247 0.62198303 0.0830568  0.21427404 0.35799121 0.5719377  0.63951367 0.37957694 0.52924492 0.38450872 0.35776492 0.4954415  0.6961945  0.53312649 0.69423624 0.50072793
0.66637486 0.55510299 0.06845759 0.19139357 0.38638814 0.52553166  0.58618817 0.28630919 0.6071008  0.35529953 0.34079183 0.50230461  0.71016346 0.55286862 0.64515781 0.46817767
0.72789242 0.45773556 0.08903931 0.12557578 0.36356117 0.51069479  0.46328119 0.40233599 0.6187462  0.36406978 0.2546431  0.51483709  0.59956313 0.418504   0.5901102  0.45241958
0.72789242 0.45773556 0.08903931 0.12557578 0.36356117 0.51069479  0.46328119 0.40233599 0.6187462  0.36406978 0.2546431  0.51483709  0.59956313 0.418504   0.5901102  0.45241958
0.74029831 0.42236503 0.08253112 0.13001876 0.3795643  0.48711557  0.42582677 0.38781866 0.64367133 0.33700756 0.31734034 0.49028625  0.57951604 0.35658439 0.49608563 0.425364  
0.75500101 0.3959788  0.09496858 0.12721651 0.36291236 0.47253131  0.39032606 0.42928219 0.61687182 0.36024464 0.29584427 0.49735479  0.46131689 0.29342549 0.53318046 0.40450296
0.75500101 0.3959788  0.09496858 0.12721651 0.36291236 0.47253131  0.39032606 0.42928219 0.61687182 0.36024464 0.29584427 0.49735479  0.46131689 0.29342549 0.53318046 0.40450296
0.75500101 0.3959788  0.09496858 0.12721651 0.36291236 0.47253131  0.39032606 0.42928219 0.61687182 0.36024464 0.29584427 0.49735479  0.46131689 0.29342549 0.53318046 0.40450296
0.77606755 0.31253936 0.07529345 0.26024714 0.44457665 0.57592384  0.39390715 0.43510588 0.50761275 0.33322258 0.28113798 0.35214133  0.49779344 0.25358751 0.69304092 0.43634146
0.77606755 0.31253936 0.07529345 0.26024714 0.44457665 0.57592384  0.39390715 0.43510588 0.50761275 0.33322258 0.28113798 0.35214133  0.49779344 0.25358751 0.69304092 0.43634146
0.79110097 0.25485314 0.07091246 0.35366298 0.48850605 0.61712415  0.39357915 0.43090671 0.43434728 0.36404717 0.33200685 0.25176917  0.48707295 0.30550293 0.66676958 0.58611568
0.81145427 0.22013817 0.09011951 0.40819653 0.48905456 0.67078211  0.3709571  0.46369673 0.36931387 0.36941263 0.27013284 0.2402402  0.48310058 0.30982634 0.65224962 0.50190921
0.81145427 0.22013817 0.09011951 0.40819653 0.48905456 0.67078211  0.3709571  0.46369673 0.36931387 0.36941263 0.27013284 0.2402402  0.48310058 0.30982634 0.65224962 0.50190921
0.81792082 0.19184106 0.08554442 0.47808378 0.52935228 0.72526902  0.42837162 0.51109002 0.40333093 0.33696493 0.2029051  0.25899991  0.44164123 0.37789661 0.63411773 0.43747564
0.81792082 0.19184106 0.08554442 0.47808378 0.52935228 0.72526902  0.42837162 0.51109002 0.40333093 0.33696493 0.2029051  0.25899991  0.44164123 0.37789661 0.63411773 0.43747564
0.8024689  0.20520608 0.06240434 0.47026271 0.55342578 0.70834289  0.47314104 0.50080158 0.45388958 0.31822459 0.24520803 0.2539498  0.44756472 0.38565794 0.69014112 0.5057549 
0.8024689  0.20520608 0.06240434 0.47026271 0.55342578 0.70834289  0.47314104 0.50080158 0.45388958 0.31822459 0.24520803 0.2539498  0.44756472 0.38565794 0.69014112 0.5057549 
0.8024689  0.20520608 0.06240434 0.47026271 0.55342578 0.70834289  0.47314104 0.50080158 0.45388958 0.31822459 0.24520803 0.2539498  0.44756472 0.38565794 0.69014112 0.5057549 
0.8024689  0.20520608 0.06240434 0.47026271 0.55342578 0.70834289  0.47314104 0.50080158 0.45388958 0.31822459 0.24520803 0.2539498  0.44756472 0.38565794 0.69014112 0.5057549 
0.7877662  0.23159231 0.04996688 0.47306497 0.57007772 0.72292714  0.50864176 0.45933805 0.48068909 0.29498752 0.26670411 0.24688126  0.56576387 0.44881684 0.65304629 0.52661594
0.76265169 0.27053962 0.03725225 0.44323208 0.57615484 0.66561757  0.54767802 0.43624804 0.54063342 0.27273188 0.30809782 0.28646143  0.5286964  0.43703466 0.73002863 0.43914065
0.68796296 0.4411437  0.02730166 0.29870298 0.5036183  0.51027852  0.5588707  0.20471405 0.63036014 0.28282486 0.47945289 0.36543398  0.66239699 0.45233136 0.6417165  0.41088921
0.60538371 0.50868156 0.02379932 0.3962495  0.53991689 0.41533392  0.62225344 0.13015777 0.54430068 0.30417091 0.46584377 0.37482369  0.56946283 0.5402401  0.67947821 0.31998701
0.59762251 0.53878597 0.03112615 0.35280445 0.51315838 0.38128804  0.62916683 0.13590438 0.58788176 0.31001541 0.46583676 0.43070444  0.5524967  0.56260442 0.62354634 0.29994751
0.50992888 0.62183276 0.06214085 0.38321467 0.47587079 0.32595475  0.66216836 0.16794486 0.4302256  0.36297056 0.3989835  0.47371556  0.53815493 0.52594154 0.54424835 0.30885823
0.43536433 0.58996113 0.08044331 0.44983763 0.5091582  0.20952608  0.60514532 0.15556774 0.3624567  0.40332908 0.22255381 0.52391624  0.49947784 0.5115788  0.59333497 0.34625099
0.33307592 0.59091745 0.13151507 0.48447446 0.48545279 0.21384456  0.60182749 0.28586735 0.26647233 0.44550704 0.14882398 0.54047995  0.50633314 0.43052168 0.57916612 0.45339421
0.17363394 0.46611906 0.2256006  0.42204949 0.44375303 0.29596855  0.66617174 0.31807852 0.17307866 0.42102667 0.22355341 0.49783973  0.42050865 0.25763076 0.32042635 0.43893045
0.12486738 0.4629885  0.2607994  0.4112153  0.41188278 0.32870458  0.65790918 0.40284652 0.19851049 0.42905668 0.25302025 0.49962289  0.43533878 0.30337803 0.33564788 0.49490234
0.071349   0.4201327  0.29938177 0.40893689 0.38138329 0.39098084  0.6007938  0.41112425 0.25179658 0.42071498 0.26868464 0.48818366  0.43749249 0.28645943 0.30010116 0.48780273
0.03566193 0.38544674 0.32471073 0.39689277 0.36803644 0.44200769  0.55064222 0.42789507 0.36552921 0.42229936 0.34651052 0.47887424  0.47362588 0.37529151 0.44705148 0.47498246
0.03566193 0.38544674 0.32471073 0.39689277 0.36803644 0.44200769  0.55064222 0.42789507 0.36552921 0.42229936 0.34651052 0.47887424  0.47362588 0.37529151 0.44705148 0.47498246
0.01845781 0.38826797 0.33866239 0.420453   0.35395898 0.47230789  0.4771605  0.46811941 0.45022451 0.3899036  0.42030767 0.44728908  0.50617052 0.39851143 0.43565458 0.43218766
0.01845781 0.38826797 0.33866239 0.420453   0.35395898 0.47230789  0.4771605  0.46811941 0.45022451 0.3899036  0.42030767 0.44728908  0.50617052 0.39851143 0.43565458 0.43218766
0.00039479 0.36283831 0.35232302 0.39930133 0.34523319 0.50234819  0.48417291 0.45702496 0.47508945 0.39693445 0.45000532 0.44589633  0.47476172 0.42761975 0.50206904 0.41641874
0.00039479 0.36283831 0.35232302 0.39930133 0.34523319 0.50234819  0.48417291 0.45702496 0.47508945 0.39693445 0.45000532 0.44589633  0.47476172 0.42761975 0.50206904 0.41641874
