0.00039479 0.36283831 0.35232302 0.39930133 0.34523319 0.50234819  0.48417291 0.45702496 0.47508945 0.39693445 0.45000532 0.44589633  0.47476172 0.42761975 0.50206904 0.41641874
0.00039479 0.36283831 0.35232302 0.39930133 0.34523319 0.50234819  0.48417291 0.45702496 0.47508945 0.39693445 0.45000532 0.44589633  0.47476172 0.42761975 0.50206904 0.41641874
0.00039479 0.36283831 0.35232302 0.39930133 0.34523319 0.50234819  0.48417291 0.45702496 0.47508945 0.39693445 0.45000532 0.44589633  0.47476172 0.42761975 0.50206904 0.41641874
0.00039479 0.36283831 0.35232302 0.39930133 0.34523319 0.50234819  0.48417291 0.45702496 0.47508945 0.39693445 0.45000532 0.44589633  0.47476172 0.42761975 0.50206904 0.41641874
0.00039479 0.36283831 0.35232302 0.39930133 0.34523319 0.50234819  0.48417291 0.45702496 0.47508945 0.39693445 0.45000532 0.44589633  0.47476172 0.42761975 0.50206904 0.41641874
0.00039479 0.36283831 0.35232302 0.39930133 0.34523319 0.50234819  0.48417291 0.45702496 0.47508945 0.39693445 0.45000532 0.44589633  0.47476172 0.42761975 0.50206904 0.41641874
0.00039479 0.36283831 0.35232302 0.39930133 0.34523319 0.50234819  0.48417291 0.45702496 0.47508945 0.39693445 0.45000532 0.44589633  0.47476172 0.42761975 0.50206904 0.41641874
0.00039479 0.36283831 0.35232302 0.39930133 0.34523319 0.50234819  0.48417291 0.45702496 0.47508945 0.39693445 0.45000532 0.44589633  0.47476172 0.42761975 0.50206904 0.41641874
0.00039479 0.36283831 0.35232302 0.39930133 0.34523319 0.50234819  0.48417291 0.45702496 0.47508945 0.39693445 0.45000532 0.44589633  0.47476172 0.42761975 0.50206904 0.41641874
0.00039479 0.36283831 0.35232302 0.39930133 0.34523319 0.50234819  0.48417291 0.45702496 0.47508945 0.39693445 0.45000532 0.44589633  0.47476172 0.42761975 0.50206904 0.41641874
0.00039479 0.36283831 0.35232302 0.39930133 0.34523319 0.50234819  0.48417291 0.45702496 0.47508945 0.39693445 0.45000532 0.44589633  0.47476172 0.42761975 0.50206904 0.41641874
0.00039479 0.36283831 0.35232302 0.39930133 0.34523319 0.50234819  0.48417291 0.45702496 0.47508945 0.39693445 0.45000532 0.44589633  0.47476172 0.42761975 0.50206904 0.41641874
0.00039479 0.36283831 0.35232302 0.39930133 0.34523319 0.50234819  0.48417291 0.45702496 0.47508945 0.39693445 0.45000532 0.44589633  0.47476172 0.42761975 0.50206904 0.41641874
0.00039479 0.36283831 0.35232302 0.39930133 0.34523319 0.50234819  0.48417291 0.45702496 0.47508945 0.39693445 0.45000532 0.44589633  0.47476172 0.42761975 0.50206904 0.41641874
0.00039479 0.36283831 0.35232302 0.39930133 0.34523319 0.50234819  0.48417291 0.45702496 0.47508945 0.39693445 0.45000532 0.44589633  0.47476172 0.42761975 0.50206904 0.41641874
0.00039479 0.36283831 0.35232302 0.39930133 0.34523319 0.50234819  0.48417291 0.45702496 0.47508945 0.39693445 0.45000532 0.44589633  0.47476172 0.42761975 0.50206904 0.41641874
0.00039479 0.36283831 0.35232302 0.39930133 0.34523319 0.50234819  0.48417291 0.45702496 0.47508945 0.39693445 0.45000532 0.44589633  0.47476172 0.42761975 0.50206904 0.41641874
0.00039479 0.36283831 0.35232302 0.39930133 0.34523319 0.50234819  0.48417291 0.45702496 0.47508945 0.39693445 0.45000532 0.44589633  0.47476172 0.42761975 0.50206904 0.41641874
0.00039479 0.36283831 0.35232302 0.39930133 0.34523319 0.50234819  0.48417291 0.45702496 0.47508945 0.39693445 0.45000532 0.44589633  0.47476172 0.42761975 0.50206904 0.41641874
0.00039479 0.36283831 0.35232302 0.39930133 0.34523319 0.50234819  0.48417291 0.45702496 0.47508945 0.39693445 0.45000532 0.44589633  0.47476172 0.42761975 0.50206904 0.41641874
0.00039479 0.36283831 0.35232302 0.39930133 0.34523319 0.50234819  0.48417291 0.45702496 0.47508945 0.39693445 0.45000532 0.44589633  0.47476172 0.42761975 0.50206904 0.41641874
0.00039479 0.36283831 0.35232302 0.39930133 0.34523319 0.50234819  0.48417291 0.45702496 0.47508945 0.39693445 0.45000532 0.44589633  0.47476172 0.42761975 0.50206904 0.41641874
0.00039479 0.36283831 0.35232302 0.39930133 0.34523319 0.50234819  0.48417291 0.45702496 0.47508945 0.39693445 0.45000532 0.44589633  0.47476172 0.42761975 0.50206904 0.41641874
0.00039479 0.36283831 0.35232302 0.39930133 0.34523319 0.50234819  0.48417291 0.45702496 0.47508945 0.39693445 0.45000532 0.44589633  0.47476172 0.42761975 0.50206904 0.41641874
0.00039479 0.36283831 0.35232302 0.39930133 0.34523319 0.50234819  0.48417291 0.45702496 0.47508945 0.39693445 0.45000532 0.44589633  0.47476172 0.42761975 0.50206904 0.41641874
0.00039479 0.36283831 0.35232302 0.39930133 0.34523319 0.50234819  0.48417291 0.45702496 0.47508945 0.39693445 0.45000532 0.44589633  0.47476172 0.42761975 0.50206904 0.41641874
0.00039479 0.36283831 0.35232302 0.39930133 0.34523319 0.50234819  0.48417291 0.45702496 0.47508945 0.39693445 0.45000532 0.44589633  0.47476172 0.42761975 0.50206904 0.41641874
0.00039479 0.36283831 0.35232302 0.39930133 0.34523319 0.50234819  0.48417291 0.45702496 0.47508945 0.39693445 0.45000532 0.44589633  0.47476172 0.42761975 0.50206904 0.41641874
0.00039479 0.36283831 0.35232302 0.39930133 0.34523319 0.50234819  0.48417291 0.45702496 0.47508945 0.39693445 0.45000532 0.44589633  0.47476172 0.42761975 0.50206904 0.41641874
0.00039479 0.36283831 0.35232302 0.39930133 0.34523319 0.50234819  0.48417291 0.45702496 0.47508945 0.39693445 0.45000532 0.44589633  0.47476172 0.42761975 0.50206904 0.41641874
0.00039479 0.36283831 0.35232302 0.39930133 0.34523319 0.50234819  0.48417291 0.45702496 0.47508945 0.39693445 0.45000532 0.44589633  0.47476172 0.42761975 0.50206904 0.41641874
0.00039479 0.36283831 0.35232302 0.39930133 0.34523319 0.50234819  0.48417291 0.45702496 0.47508945 0.39693445 0.45000532 0.44589633  0.47476172 0.42761975 0.50206904 0.41641874
0.00039479 0.36283831 0.35232302 0.39930133 0.34523319 0.50234819  0.48417291 0.45702496 0.47508945 0.39693445 0.45000532 0.44589633  0.47476172 0.42761975 0.50206904 0.41641874
0.00039479 0.36283831 0.35232302 0.39930133 0.34523319 0.50234819  0.48417291 0.45702496 0.47508945 0.39693445 0.45000532 0.44589633  0.47476172 0.42761975 0.50206904 0.41641874
0.00039479 0.36283831 0.35232302 0.39930133 0.34523319 0.50234819  0.48417291 0.45702496 0.47508945 0.39693445 0.45000532 0.44589633  0.47476172 0.42761975 0.50206904 0.41641874
0.00039479 0.36283831 0.35232302 0.39930133 0.34523319 0.50234819  0.48417291 0.45702496 0.47508945 0.39693445 0.45000532 0.44589633  0.47476172 0.42761975 0.50206904 0.41641874
0.00039479 0.36283831 0.35232302 0.39930133 0.34523319 0.50234819  0.48417291 0.45702496 0.47508945 0.39693445 0.45000532 0.44589633  0.47476172 0.42761975 0.50206904 0.41641874
0.00039479 0.36283831 0.35232302 0.39930133 0.34523319 0.50234819  0.48417291 0.45702496 0.47508945 0.39693445 0.45000532 0.44589633  0.47476172 0.42761975 0.50206904 0.41641874
0.00039479 0.36283831 0.35232302 0.39930133 0.34523319 0.50234819  0.48417291 0.45702496 0.47508945 0.39693445 0.45000532 0.44589633  0.47476172 0.42761975 0.50206904 0.41641874
0.00039479 0.36283831 0.35232302 0.39930133 0.34523319 0.50234819  0.48417291 0.45702496 0.47508945 0.39693445 0.45000532 0.44589633  0.47476172 0.42761975 0.50206904 0.41641874
0.00039479 0.36283831 0.35232302 0.39930133 0.34523319 0.50234819  0.48417291 0.45702496 0.47508945 0.39693445 0.45000532 0.44589633  0.47476172 0.42761975 0.50206904 0.41641874
0.00039479 0.36283831 0.35232302 0.39930133 0.34523319 0.50234819  0.48417291 0.45702496 0.47508945 0.39693445 0.45000532 0.44589633  0.47476172 0.42761975 0.50206904 0.41641874
0.00039479 0.36283831 0.35232302 0.39930133 0.34523319 0.50234819  0.48417291 0.45702496 0.47508945 0.39693445 0.45000532 0.44589633  0.47476172 0.42761975 0.50206904 0.41641874
0.00039479 0.36283831 0.35232302 0.39930133 0.34523319 0.50234819  0.48417291 0.45702496 0.47508945 0.39693445 0.45000532 0.44589633  0.47476172 0.42761975 0.50206904 0.41641874
0.00039479 0.36283831 0.35232302 0.39930133 0.34523319 0.50234819  0.48417291 0.45702496 0.47508945 0.39693445 0.45000532 0.44589633  0.47476172 0.42761975 0.50206904 0.41641874
0.00039479 0.36283831 0.35232302 0.39930133 0.34523319 0.50234819  0.48417291 0.45702496 0.47508945 0.39693445 0.45000532 0.44589633  0.47476172 0.42761975 0.50206904 0.41641874
0.03555663 0.41720068 0.32416163 0.4534907  0.36798941 0.43594923  0.43647159 0.49618771 0.47382149 0.39144415 0.39530718 0.45299584  0.55479998 0.44686718 0.51427561 0.45951419
0.08948736 0.49521366 0.28518251 0.51992462 0.39140831 0.38269037  0.37354917 0.53067635 0.51969359 0.39491743 0.40176919 0.45701493  0.55467763 0.50816085 0.64166497 0.45742585
0.16337192 0.5880865  0.24179244 0.57761263 0.39371526 0.39951352  0.31601888 0.52670774 0.61311572 0.4222776  0.48353405 0.45872036  0.43612896 0.55411201 0.80132477 0.40805464
0.23546869 0.68593294 0.18895413 0.6531419  0.42292483 0.29602295  0.29753797 0.56167746 0.52484122 0.39392647 0.39323258 0.45911503  0.53043535 0.44822238 0.56058447 0.44676599
0.31020173 0.73395546 0.17947381 0.62258095 0.35540359 0.52105117  0.28348001 0.46305735 0.63648009 0.4724462  0.44762032 0.48037312  0.47709568 0.41692011 0.56276549 0.5237262 
0.3481665  0.75334159 0.17352559 0.58749465 0.32411365 0.61635466  0.31725455 0.4358843  0.66683272 0.45894933 0.52961062 0.45866831  0.50828231 0.38879352 0.4713744  0.51715139
0.42201915 0.79701824 0.14598123 0.55230272 0.30672183 0.66752219  0.40568293 0.39646629 0.58890091 0.46205691 0.54702184 0.45061704  0.39437397 0.33677073 0.40288185 0.45885869
0.47626812 0.81147946 0.14299539 0.51721986 0.28262374 0.71152057  0.41994787 0.42991457 0.5454568  0.43970787 0.52519383 0.43503968  0.43816745 0.33439942 0.32245419 0.41376199
0.51082114 0.79832075 0.14284829 0.47654885 0.27048099 0.72114489  0.45855977 0.41597741 0.44041677 0.47394649 0.36932006 0.47386109  0.45156248 0.29507569 0.29008437 0.45622571
0.56149755 0.75776939 0.16725595 0.39953766 0.23887481 0.75185596  0.4590991  0.53696331 0.39161528 0.44098587 0.3629513  0.44857015  0.59242612 0.33342517 0.25263103 0.41801573
0.62295845 0.75238751 0.25308403 0.36260078 0.2073671  0.67191382  0.61180273 0.4704205  0.29418318 0.41057073 0.39746003 0.46227224  0.67757566 0.50327802 0.27234124 0.42897508
0.62875209 0.76539969 0.28751147 0.36458481 0.20944051 0.67264956  0.60064828 0.44689575 0.28720185 0.34215273 0.39656563 0.46255797  0.64630143 0.51817906 0.26773632 0.4861378 
0.74012902 0.68299303 0.52182259 0.41525416 0.10111455 0.5258189  0.62024363 0.51013194 0.19807317 0.28975797 0.48155    0.48758217  0.67366874 0.45633353 0.6467064  0.32395331
0.76499905 0.67477092 0.58867266 0.39208395 0.13482315 0.4977327  0.61518369 0.5713784  0.24675803 0.31431883 0.43444064 0.46125145  0.54904312 0.34512024 0.72143106 0.32473256
0.76979438 0.68758123 0.62066922 0.38823954 0.15120854 0.49147409  0.62617202 0.56686999 0.27122306 0.30301125 0.39903112 0.41264453  0.518019   0.33129848 0.73593907 0.3171123 
0.76979438 0.68758123 0.62066922 0.38823954 0.15120854 0.49147409  0.62617202 0.56686999 0.27122306 0.30301125 0.39903112 0.41264453  0.518019   0.33129848 0.73593907 0.3171123 
0.76979438 0.68758123 0.62066922 0.38823954 0.15120854 0.49147409  0.62617202 0.56686999 0.27122306 0.30301125 0.39903112 0.41264453  0.518019   0.33129848 0.73593907 0.3171123 
0.76979438 0.68758123 0.62066922 0.38823954 0.15120854 0.49147409  0.62617202 0.56686999 0.27122306 0.30301125 0.39903112 0.41264453  0.518019   0.33129848 0.73593907 0.3171123 
0.78551315 0.66226358 0.62752145 0.36189904 0.14531241 0.47743629  0.60375163 0.63950156 0.26804721 0.31996721 0.38549908 0.42229555  0.46294526 0.30911016 0.75666122 0.3291885 
0.7823589  0.64664593 0.59804684 0.37495327 0.1032511  0.46168839  0.62137958 0.64281359 0.28116668 0.33189717 0.39174125 0.43326943  0.48326692 0.30194547 0.76172765 0.35198815
0.77344976 0.61805377 0.53519895 0.38861965 0.07113818 0.46828522  0.61202062 0.64843554 0.24536019 0.33594286 0.46034577 0.53881289  0.53989881 0.29136792 0.76154396 0.38738855
0.76716856 0.61461364 0.5045205  0.37841294 0.07040525 0.49504066  0.57055619 0.64464171 0.18051103 0.3068922  0.48407791 0.56158275  0.5520206  0.34798973 0.73422274 0.3658377 
0.7466412  0.58969622 0.40079828 0.34623067 0.0896345  0.51920824  0.55853795 0.72154237 0.1863713  0.51769057 0.48847153 0.56070803  0.56553232 0.40284012 0.62791709 0.24956637
0.74074946 0.57700519 0.36656118 0.34952724 0.09375459 0.53298323  0.5430258  0.73158966 0.17376652 0.54222558 0.51584481 0.60070861  0.6028706  0.38332968 0.64438038 0.2263613 
0.68733125 0.60488979 0.20286613 0.22583346 0.21711018 0.62591213  0.50878973 0.77991902 0.29033268 0.45477405 0.36440358 0.49259834  0.4698716  0.26665379 0.58875402 0.36408979
0.67523534 0.61290278 0.17051998 0.19586766 0.24051593 0.63049618  0.51527021 0.79503703 0.34025396 0.45028408 0.34020075 0.47526855  0.40655964 0.24543123 0.58471424 0.44300899
0.68992563 0.58353063 0.16355596 0.17716802 0.24849775 0.61361791  0.50757311 0.72539555 0.37026617 0.46029804 0.27267893 0.50458772  0.42381091 0.31970859 0.64499339 0.44997137
0.71967093 0.52099502 0.1532082  0.13076093 0.26648521 0.55751601  0.47625283 0.66187709 0.4558594  0.43102097 0.23310094 0.53171735  0.44344248 0.44838812 0.66382713 0.45831389
0.74442474 0.4733833  0.1692353  0.16020574 0.25614006 0.53142842  0.44504939 0.5832944  0.42447851 0.48303881 0.23536408 0.56787937  0.45047741 0.45431645 0.68041814 0.3935431 
0.82377652 0.33509633 0.25697418 0.27279559 0.22066257 0.41321924  0.34697753 0.39197255 0.42942814 0.48004665 0.47902901 0.62877594  0.59802815 0.46263743 0.39256563 0.2855299 
0.8353226  0.3210435  0.28553659 0.3010603  0.20023749 0.38844264  0.36017978 0.39620297 0.3945286  0.53366148 0.51737039 0.64947914  0.61800418 0.47153932 0.45254527 0.21700225
0.85035603 0.26335728 0.2811556  0.39447614 0.24416688 0.42964295  0.35985178 0.3920038  0.32126313 0.56448607 0.56823926 0.54910697  0.60728368 0.52345474 0.42627393 0.36677647
0.91189344 0.20628141 0.46050112 0.62152788 0.33700566 0.43325973  0.57323512 0.39994629 0.52853392 0.57145101 0.46722386 0.36476636  0.57290649 0.40442615 0.44991467 0.57731541
0.93267579 0.2259742  0.56513538 0.64532502 0.39369926 0.40143407  0.65012329 0.38384861 0.63756586 0.56550157 0.4016128  0.29760041  0.61019907 0.38334052 0.4351522  0.57677738
0.94103054 0.24269676 0.61806607 0.64352078 0.45558612 0.39372158  0.69736654 0.39708927 0.73129508 0.6028221  0.33388869 0.2348255  0.59249227 0.36702361 0.38565332 0.55629327
0.94103054 0.24269676 0.61806607 0.64352078 0.45558612 0.39372158  0.69736654 0.39708927 0.73129508 0.6028221  0.33388869 0.2348255  0.59249227 0.36702361 0.38565332 0.55629327
0.94386744 0.2604679  0.64754214 0.60898318 0.51511013 0.4005377  0.66008174 0.38863564 0.69074731 0.60623706 0.3548534  0.234019  0.57920408 0.35819544 0.42040587 0.55897178
0.91651269 0.25977714 0.54407559 0.55497947 0.40170295 0.35834235  0.64888264 0.42664905 0.71211436 0.73665528 0.38933719 0.28904539  0.59801268 0.36036922 0.36234991 0.51114314
0.91651269 0.25977714 0.54407559 0.55497947 0.40170295 0.35834235  0.64888264 0.42664905 0.71211436 0.73665528 0.38933719 0.28904539  0.59801268 0.36036922 0.36234991 0.51114314
0.90882533 0.28983947 0.54997169 0.50938994 0.37612599 0.3286537  0.65367141 0.42550986 0.75731743 0.74234927 0.37664163 0.34158192  0.58724998 0.3834278  0.3269917  0.48245815
0.90752764 0.29573113 0.54960529 0.48985415 0.36746761 0.31694307  0.62943797 0.40683891 0.72989584 0.75625824 0.39938595 0.31334367  0.61316236 0.35820969 0.3643281  0.50596274
0.88115555 0.23530752 0.38580036 0.51431614 0.27961836 0.35843199  0.57478327 0.43310576 0.61825984 0.75015527 0.51705683 0.50068559  0.67055561 0.36935582 0.39025596 0.49263726
0.87554568 0.24363709 0.3672049  0.48729676 0.26578339 0.37786695  0.51683414 0.41369385 0.52668444 0.68058227 0.52265503 0.5114881  0.66060745 0.40248873 0.43192131 0.42983583
0.82573041 0.24364613 0.18465431 0.38491893 0.34565462 0.46935452  0.43729442 0.47356644 0.50513913 0.5982767  0.47076428 0.49606497  0.46675042 0.36775026 0.44512218 0.52360664
0.79304697 0.34442384 0.17555287 0.26970217 0.31762929 0.52153243  0.41759317 0.48718835 0.43350689 0.51427095 0.26137935 0.5193293  0.45627783 0.46185567 0.62965364 0.31510145
0.72951914 0.46669373 0.10875725 0.12545181 0.32838676 0.52159159  0.46294952 0.49046353 0.5536294  0.40933504 0.21042107 0.53576805  0.48675003 0.39245896 0.70131912 0.46683025
0.59199455 0.67152462 0.12170771 0.26404983 0.30665152 0.64078209  0.62314004 0.40435141 0.42099263 0.42982578 0.24289039 0.51025037  0.72513742 0.53844225 0.48386461 0.54667718
0.47157748 0.77206873 0.08826509 0.48406337 0.39427553 0.46334612  0.62397197 0.302594   0.42444762 0.44245107 0.51325387 0.47232739  0.30920301 0.42976728 0.49371215 0.38088269
0.32546821 0.71917675 0.12861165 0.58154342 0.46397682 0.21583673  0.55450489 0.45376    0.27162548 0.43310599 0.32669273 0.49368129  0.32546316 0.37705995 0.52500059 0.41047972
0.23327347 0.65309628 0.18045701 0.60951465 0.45476184 0.19507644  0.43340448 0.52662139 0.31410894 0.39886705 0.22585266 0.49135872  0.5533292  0.39711828 0.45748894 0.48966568
0.12459746 0.54515415 0.25607956 0.56609884 0.41368336 0.28803295  0.37147083 0.56583291 0.40867482 0.36207347 0.27427045 0.45890045  0.70689224 0.39242581 0.3523091  0.52595864
0.07056619 0.46658785 0.29686513 0.497641   0.38628993 0.36623544  0.4176726  0.52862213 0.42125609 0.37222723 0.31790385 0.45546932  0.6533114  0.39647978 0.37779503 0.50586743
0.07056619 0.46658785 0.29686513 0.497641   0.38628993 0.36623544  0.4176726  0.52862213 0.42125609 0.37222723 0.31790385 0.45546932  0.6533114  0.39647978 0.37779503 0.50586743
0.07056619 0.46658785 0.29686513 0.497641   0.38628993 0.36623544  0.4176726  0.52862213 0.42125609 0.37222723 0.31790385 0.45546932  0.6533114  0.39647978 0.37779503 0.50586743
0.05265734 0.44071691 0.3106915  0.47422633 0.37717297 0.39794484  0.43177961 0.51245536 0.4359589  0.38022092 0.34549293 0.45448025  0.61189625 0.40882803 0.41889068 0.49328565
0.07157805 0.46806334 0.29686685 0.49476619 0.3856925  0.36636314  0.4165818  0.53019424 0.42052416 0.37140537 0.31152166 0.47388297  0.62039336 0.41851563 0.35256331 0.56314922
0.07157805 0.46806334 0.29686685 0.49476619 0.3856925  0.36636314  0.4165818  0.53019424 0.42052416 0.37140537 0.31152166 0.47388297  0.62039336 0.41851563 0.35256331 0.56314922
0.07157805 0.46806334 0.29686685 0.49476619 0.3856925  0.36636314  0.4165818  0.53019424 0.42052416 0.37140537 0.31152166 0.47388297  0.62039336 0.41851563 0.35256331 0.56314922
0.08989352 0.4938538  0.2837559  0.51501027 0.39318114 0.34942696  0.4024497  0.53706581 0.42890483 0.37033933 0.31952475 0.4726888  0.60744985 0.43007272 0.37767971 0.55032166
0.16278309 0.58150537 0.23256501 0.56877754 0.41968266 0.2751579  0.41252732 0.53685061 0.36161029 0.36814061 0.28442544 0.47735522  0.54449473 0.39417951 0.32958348 0.52019313
0.18159973 0.6028131  0.22240268 0.57520923 0.41820652 0.28903149  0.41186382 0.52823843 0.38663058 0.36683373 0.33888049 0.46727622  0.49448437 0.40122879 0.34470865 0.48174743
0.32865873 0.73568369 0.13795725 0.58196635 0.43215915 0.29950413  0.51750907 0.46182994 0.35730022 0.37652146 0.47710356 0.45187259  0.31627146 0.38861257 0.35444449 0.38918086
0.4388542  0.78643515 0.1051469  0.50417411 0.39872035 0.46447174  0.61745206 0.36261804 0.36264189 0.4433018  0.5162139  0.49484941  0.27868085 0.37800332 0.39593869 0.47587787
0.4899115  0.76592571 0.08964863 0.45187021 0.39537203 0.49000087  0.62280868 0.32185672 0.42918251 0.45717489 0.48263878 0.52295664  0.31137766 0.48635501 0.55368207 0.51038971
0.59397659 0.69285693 0.07971686 0.25825284 0.36374667 0.55662096  0.71238302 0.38270425 0.5097006  0.39769333 0.46958358 0.49745285  0.612257   0.62801969 0.64047145 0.57447164
0.64466349 0.64699887 0.10899795 0.19158234 0.31153485 0.61911715  0.62738648 0.49481494 0.49212058 0.38773584 0.31611387 0.51606083  0.68208139 0.5756778  0.60391351 0.59183005
0.65836296 0.61334382 0.10408142 0.1724053  0.32219242 0.58629059  0.60783979 0.47672889 0.53943825 0.36464744 0.32756704 0.50253464  0.71482103 0.60325283 0.60956367 0.53334995
0.67408174 0.58802617 0.11093365 0.14606481 0.31629629 0.5722528  0.58541939 0.54936046 0.5362624  0.3816034  0.31403501 0.51218567  0.65974729 0.5810645  0.63028581 0.54542615
0.68951631 0.56074627 0.11763066 0.12574211 0.30721065 0.55517413  0.55652297 0.61012512 0.53321756 0.38904356 0.29689995 0.51959869  0.56756511 0.51930834 0.68275568 0.54745419
0.75500101 0.3959788  0.09496858 0.12721651 0.36291236 0.47253131  0.39032606 0.42928219 0.61687182 0.36024464 0.29584427 0.49735479  0.46131689 0.29342549 0.53318046 0.40450296
0.75500101 0.3959788  0.09496858 0.12721651 0.36291236 0.47253131  0.39032606 0.42928219 0.61687182 0.36024464 0.29584427 0.49735479  0.46131689 0.29342549 0.53318046 0.40450296
0.75500101 0.3959788  0.09496858 0.12721651 0.36291236 0.47253131  0.39032606 0.42928219 0.61687182 0.36024464 0.29584427 0.49735479  0.46131689 0.29342549 0.53318046 0.40450296
0.77045293 0.38261378 0.11810865 0.13503757 0.33883886 0.48945744  0.34555663 0.43957064 0.56631317 0.37898498 0.25354133 0.50240491  0.4553934  0.28566417 0.47715708 0.3362237 
0.7782792  0.35309195 0.11651033 0.18134677 0.35912941 0.50500637  0.34294148 0.43336606 0.52682003 0.39483829 0.29035522 0.45349388  0.45041924 0.31075262 0.45430026 0.41828961
0.78548636 0.32492756 0.11372766 0.22845341 0.38276825 0.53065775  0.34522863 0.43537146 0.4930477  0.40980957 0.3044102  0.40203274  0.44467291 0.33757959 0.45088574 0.48599792
0.78548636 0.32492756 0.11372766 0.22845341 0.38276825 0.53065775  0.34522863 0.43537146 0.4930477  0.40980957 0.3044102  0.40203274  0.44467291 0.33757959 0.45088574 0.48599792
0.78940831 0.30823021 0.11123037 0.26608538 0.40418446 0.55907522  0.37014007 0.4564474  0.50116053 0.39978273 0.27734723 0.3961274  0.42748232 0.37637257 0.44716707 0.47499927
0.8047809  0.24826821 0.0977911  0.35412712 0.45612291 0.62278197  0.35637158 0.45065112 0.40864818 0.38845759 0.29148671 0.28625432  0.45731867 0.33177787 0.54202877 0.52216951
0.8047809  0.24826821 0.0977911  0.35412712 0.45612291 0.62278197  0.35637158 0.45065112 0.40864818 0.38845759 0.29148671 0.28625432  0.45731867 0.33177787 0.54202877 0.52216951
0.81047484 0.22479077 0.09155524 0.39911602 0.48584876 0.66246775  0.37372115 0.46227109 0.39190146 0.37276068 0.26264094 0.25091394  0.46395887 0.33653459 0.60702753 0.50683777
0.81047484 0.22479077 0.09155524 0.39911602 0.48584876 0.66246775  0.37372115 0.46227109 0.39190146 0.37276068 0.26264094 0.25091394  0.46395887 0.33653459 0.60702753 0.50683777
0.81047484 0.22479077 0.09155524 0.39911602 0.48584876 0.66246775  0.37372115 0.46227109 0.39190146 0.37276068 0.26264094 0.25091394  0.46395887 0.33653459 0.60702753 0.50683777
0.81537622 0.20344082 0.08762222 0.44582851 0.51047077 0.69919957  0.39586853 0.48477267 0.3774267  0.35938579 0.24306986 0.23433486  0.46590999 0.34861932 0.64853095 0.49091055
0.7999243  0.21680584 0.06448215 0.43800745 0.53454427 0.68227344  0.44063796 0.47448422 0.42798535 0.34064545 0.2853728  0.22928475  0.47183348 0.35638064 0.70455434 0.55918981
0.79502292 0.23815579 0.06841517 0.39129495 0.50992226 0.64554162  0.41849058 0.45198265 0.44246011 0.35402034 0.30494387 0.24586382  0.46988236 0.34429591 0.66305091 0.57511703
0.78032022 0.26454202 0.05597771 0.39409721 0.5265742  0.66012587  0.45399129 0.41051912 0.46925962 0.33078326 0.32643995 0.23879528  0.5880815  0.40745481 0.62595608 0.59597807
0.768572   0.31076121 0.06007332 0.31015603 0.48486744 0.61615948  0.43169501 0.39564776 0.50063993 0.32495679 0.31668905 0.29361165  0.61024625 0.34357338 0.65253156 0.52491081
0.768572   0.31076121 0.06007332 0.31015603 0.48486744 0.61615948  0.43169501 0.39564776 0.50063993 0.32495679 0.31668905 0.29361165  0.61024625 0.34357338 0.65253156 0.52491081
0.64605217 0.55619117 0.04620898 0.23890947 0.43075476 0.47931506  0.59959454 0.15682909 0.64254693 0.34963116 0.4387799  0.47916506  0.67699464 0.55479038 0.55347613 0.42095693
0.61023686 0.57139129 0.03868074 0.30207664 0.46162096 0.41223299  0.5948436  0.08565776 0.63137955 0.3664506  0.45880737 0.48846546  0.54609418 0.55482473 0.58319067 0.36452666
0.4977431  0.69051569 0.064706   0.44141325 0.45175363 0.36587799  0.63380941 0.18783111 0.44972785 0.43299736 0.41674646 0.5026409  0.36165221 0.53011601 0.64847317 0.34305713
0.4328668  0.73032079 0.08617592 0.47929326 0.46005479 0.27864111  0.67785172 0.36477934 0.33753617 0.39346686 0.48219882 0.45934612  0.34327823 0.50644066 0.59289688 0.30925998
0.28867797 0.67378748 0.14802215 0.55246646 0.46905491 0.18677754  0.59735122 0.46247295 0.20307565 0.39303605 0.30159513 0.4753648  0.41516159 0.34592679 0.36388875 0.40286959
0.21682648 0.60489335 0.20068923 0.52516401 0.43007376 0.28399947  0.55891184 0.44812889 0.2650022  0.3995059  0.33932331 0.4669923  0.36156483 0.33197925 0.36878762 0.40473085
0.14217894 0.52729067 0.24430848 0.51042169 0.4233654  0.27616187  0.51229138 0.47778751 0.26551632 0.41186272 0.20094421 0.497372  0.54247623 0.33955996 0.36618799 0.53667105
0.10732207 0.50276571 0.27227412 0.50691984 0.39810894 0.33768808  0.46386691 0.49876709 0.34630862 0.38152381 0.29668021 0.46255429  0.53990532 0.34928263 0.33897897 0.4767264 
0.05362019 0.43950223 0.3113815  0.46741907 0.37292436 0.4124925  0.4443165  0.49869798 0.43773254 0.3814508  0.37454139 0.4500031  0.56106375 0.39808911 0.41524324 0.46185766
0.05362019 0.43950223 0.3113815  0.46741907 0.37292436 0.4124925  0.4443165  0.49869798 0.43773254 0.3814508  0.37454139 0.4500031  0.56106375 0.39808911 0.41524324 0.46185766
0.01790387 0.3898545  0.33817562 0.42642862 0.35681041 0.46717525  0.46152885 0.47694295 0.46991849 0.39350101 0.41724602 0.4497633  0.51968443 0.43336993 0.49846349 0.44236435
0.00039479 0.36283831 0.35232302 0.39930133 0.34523319 0.50234819  0.48417291 0.45702496 0.47508945 0.39693445 0.45000532 0.44589633  0.47476172 0.42761975 0.50206904 0.41641874
0.00039479 0.36283831 0.35232302 0.39930133 0.34523319 0.50234819  0.48417291 0.45702496 0.47508945 0.39693445 0.45000532 0.44589633  0.47476172 0.42761975 0.50206904 0.41641874
0.00039479 0.36283831 0.35232302 0.39930133 0.34523319 0.50234819  0.48417291 0.45702496 0.47508945 0.39693445 0.45000532 0.44589633  0.47476172 0.42761975 0.50206904 0.41641874
0.00039479 0.36283831 0.35232302 0.39930133 0.34523319 0.50234819  0.48417291 0.45702496 0.47508945 0.39693445 0.45000532 0.44589633  0.47476172 0.42761975 0.50206904 0.41641874
0.00039479 0.36283831 0.35232302 0.39930133 0.34523319 0.50234819  0.48417291 0.45702496 0.47508945 0.39693445 0.45000532 0.44589633  0.47476172 0.42761975 0.50206904 0.41641874
0.00039479 0.36283831 0.35232302 0.39930133 0.34523319 0.50234819  0.48417291 0.45702496 0.47508945 0.39693445 0.45000532 0.44589633  0.47476172 0.42761975 0.50206904 0.41641874
0.00039479 0.36283831 0.35232302 0.39930133 0.34523319 0.50234819  0.48417291 0.45702496 0.47508945 0.39693445 0.45000532 0.44589633  0.47476172 0.42761975 0.50206904 0.41641874
0.00039479 0.36283831 0.35232302 0.39930133 0.34523319 0.50234819  0.48417291 0.45702496 0.47508945 0.39693445 0.45000532 0.44589633  0.47476172 0.42761975 0.50206904 0.41641874
0.00039479 0.36283831 0.35232302 0.39930133 0.34523319 0.50234819  0.48417291 0.45702496 0.47508945 0.39693445 0.45000532 0.44589633  0.47476172 0.42761975 0.50206904 0.41641874
0.00039479 0.36283831 0.35232302 0.39930133 0.34523319 0.50234819  0.48417291 0.45702496 0.47508945 0.39693445 0.45000532 0.44589633  0.47476172 0.42761975 0.50206904 0.41641874
0.00039479 0.36283831 0.35232302 0.39930133 0.34523319 0.50234819  0.48417291 0.45702496 0.47508945 0.39693445 0.45000532 0.44589633  0.47476172 0.42761975 0.50206904 0.41641874
0.00039479 0.36283831 0.35232302 0.39930133 0.34523319 0.50234819  0.48417291 0.45702496 0.47508945 0.39693445 0.45000532 0.44589633  0.47476172 0.42761975 0.50206904 0.41641874
0.00039479 0.36283831 0.35232302 0.39930133 0.34523319 0.50234819  0.48417291 0.45702496 0.47508945 0.39693445 0.45000532 0.44589633  0.47476172 0.42761975 0.50206904 0.41641874
0.00039479 0.36283831 0.35232302 0.39930133 0.34523319 0.50234819  0.48417291 0.45702496 0.47508945 0.39693445 0.45000532 0.44589633  0.47476172 0.42761975 0.50206904 0.41641874
0.00039479 0.36283831 0.35232302 0.39930133 0.34523319 0.50234819  0.48417291 0.45702496 0.47508945 0.39693445 0.45000532 0.44589633  0.47476172 0.42761975 0.50206904 0.41641874
0.00039479 0.36283831 0.35232302 0.39930133 0.34523319 0.50234819  0.48417291 0.45702496 0.47508945 0.39693445 0.45000532 0.44589633  0.47476172 0.42761975 0.50206904 0.41641874
0.00039479 0.36283831 0.35232302 0.39930133 0.34523319 0.50234819  0.48417291 0.45702496 0.47508945 0.39693445 0.45000532 0.44589633  0.47476172 0.42761975 0.50206904 0.41641874
