0.00039479 0.36283831 0.35232302 0.39930133 0.34523319 0.50234819  0.48417291 0.45702496 0.47508945 0.39693445 0.45000532 0.44589633  0.47476172 0.42761975 0.50206904 0.41641874
0.00039479 0.36283831 0.35232302 0.39930133 0.34523319 0.50234819  0.48417291 0.45702496 0.47508945 0.39693445 0.45000532 0.44589633  0.47476172 0.42761975 0.50206904 0.41641874
0.00039479 0.36283831 0.35232302 0.39930133 0.34523319 0.50234819  0.48417291 0.45702496 0.47508945 0.39693445 0.45000532 0.44589633  0.47476172 0.42761975 0.50206904 0.41641874
0.00039479 0.36283831 0.35232302 0.39930133 0.34523319 0.50234819  0.48417291 0.45702496 0.47508945 0.39693445 0.45000532 0.44589633  0.47476172 0.42761975 0.50206904 0.41641874
0.00039479 0.36283831 0.35232302 0.39930133 0.34523319 0.50234819  0.48417291 0.45702496 0.47508945 0.39693445 0.45000532 0.44589633  0.47476172 0.42761975 0.50206904 0.41641874
0.00039479 0.36283831 0.35232302 0.39930133 0.34523319 0.50234819  0.48417291 0.45702496 0.47508945 0.39693445 0.45000532 0.44589633  0.47476172 0.42761975 0.50206904 0.41641874
0.00039479 0.36283831 0.35232302 0.39930133 0.34523319 0.50234819  0.48417291 0.45702496 0.47508945 0.39693445 0.45000532 0.44589633  0.47476172 0.42761975 0.50206904 0.41641874
0.00039479 0.36283831 0.35232302 0.39930133 0.34523319 0.50234819  0.48417291 0.45702496 0.47508945 0.39693445 0.45000532 0.44589633  0.47476172 0.42761975 0.50206904 0.41641874
0.00039479 0.36283831 0.35232302 0.39930133 0.34523319 0.50234819  0.48417291 0.45702496 0.47508945 0.39693445 0.45000532 0.44589633  0.47476172 0.42761975 0.50206904 0.41641874
0.00039479 0.36283831 0.35232302 0.39930133 0.34523319 0.50234819  0.48417291 0.45702496 0.47508945 0.39693445 0.45000532 0.44589633  0.47476172 0.42761975 0.50206904 0.41641874
0.00039479 0.36283831 0.35232302 0.39930133 0.34523319 0.50234819  0.48417291 0.45702496 0.47508945 0.39693445 0.45000532 0.44589633  0.47476172 0.42761975 0.50206904 0.41641874
0.00039479 0.36283831 0.35232302 0.39930133 0.34523319 0.50234819  0.48417291 0.45702496 0.47508945 0.39693445 0.45000532 0.44589633  0.47476172 0.42761975 0.50206904 0.41641874
0.00039479 0.36283831 0.35232302 0.39930133 0.34523319 0.50234819  0.48417291 0.45702496 0.47508945 0.39693445 0.45000532 0.44589633  0.47476172 0.42761975 0.50206904 0.41641874
0.00039479 0.36283831 0.35232302 0.39930133 0.34523319 0.50234819  0.48417291 0.45702496 0.47508945 0.39693445 0.45000532 0.44589633  0.47476172 0.42761975 0.50206904 0.41641874
0.00039479 0.36283831 0.35232302 0.39930133 0.34523319 0.50234819  0.48417291 0.45702496 0.47508945 0.39693445 0.45000532 0.44589633  0.47476172 0.42761975 0.50206904 0.41641874
0.00039479 0.36283831 0.35232302 0.39930133 0.34523319 0.50234819  0.48417291 0.45702496 0.47508945 0.39693445 0.45000532 0.44589633  0.47476172 0.42761975 0.50206904 0.41641874
0.00039479 0.36283831 0.35232302 0.39930133 0.34523319 0.50234819  0.48417291 0.45702496 0.47508945 0.39693445 0.45000532 0.44589633  0.47476172 0.42761975 0.50206904 0.41641874
0.00039479 0.36283831 0.35232302 0.39930133 0.34523319 0.50234819  0.48417291 0.45702496 0.47508945 0.39693445 0.45000532 0.44589633  0.47476172 0.42761975 0.50206904 0.41641874
0.00039479 0.36283831 0.35232302 0.39930133 0.34523319 0.50234819  0.48417291 0.45702496 0.47508945 0.39693445 0.45000532 0.44589633  0.47476172 0.42761975 0.50206904 0.41641874
0.00039479 0.36283831 0.35232302 0.39930133 0.34523319 0.50234819  0.48417291 0.45702496 0.47508945 0.39693445 0.45000532 0.44589633  0.47476172 0.42761975 0.50206904 0.41641874
0.00039479 0.36283831 0.35232302 0.39930133 0.34523319 0.50234819  0.48417291 0.45702496 0.47508945 0.39693445 0.45000532 0.44589633  0.47476172 0.42761975 0.50206904 0.41641874
0.00039479 0.36283831 0.35232302 0.39930133 0.34523319 0.50234819  0.48417291 0.45702496 0.47508945 0.39693445 0.45000532 0.44589633  0.47476172 0.42761975 0.50206904 0.41641874
0.00039479 0.36283831 0.35232302 0.39930133 0.34523319 0.50234819  0.48417291 0.45702496 0.47508945 0.39693445 0.45000532 0.44589633  0.47476172 0.42761975 0.50206904 0.41641874
0.00039479 0.36283831 0.35232302 0.39930133 0.34523319 0.50234819  0.48417291 0.45702496 0.47508945 0.39693445 0.45000532 0.44589633  0.47476172 0.42761975 0.50206904 0.41641874
0.00039479 0.36283831 0.35232302 0.39930133 0.34523319 0.50234819  0.48417291 0.45702496 0.47508945 0.39693445 0.45000532 0.44589633  0.47476172 0.42761975 0.50206904 0.41641874
0.00039479 0.36283831 0.35232302 0.39930133 0.34523319 0.50234819  0.48417291 0.45702496 0.47508945 0.39693445 0.45000532 0.44589633  0.47476172 0.42761975 0.50206904 0.41641874
0.00039479 0.36283831 0.35232302 0.39930133 0.34523319 0.50234819  0.48417291 0.45702496 0.47508945 0.39693445 0.45000532 0.44589633  0.47476172 0.42761975 0.50206904 0.41641874
0.00039479 0.36283831 0.35232302 0.39930133 0.34523319 0.50234819  0.48417291 0.45702496 0.47508945 0.39693445 0.45000532 0.44589633  0.47476172 0.42761975 0.50206904 0.41641874
0.00039479 0.36283831 0.35232302 0.39930133 0.34523319 0.50234819  0.48417291 0.45702496 0.47508945 0.39693445 0.45000532 0.44589633  0.47476172 0.42761975 0.50206904 0.41641874
0.00039479 0.36283831 0.35232302 0.39930133 0.34523319 0.50234819  0.48417291 0.45702496 0.47508945 0.39693445 0.45000532 0.44589633  0.47476172 0.42761975 0.50206904 0.41641874
0.00039479 0.36283831 0.35232302 0.39930133 0.34523319 0.50234819  0.48417291 0.45702496 0.47508945 0.39693445 0.45000532 0.44589633  0.47476172 0.42761975 0.50206904 0.41641874
0.00039479 0.36283831 0.35232302 0.39930133 0.34523319 0.50234819  0.48417291 0.45702496 0.47508945 0.39693445 0.45000532 0.44589633  0.47476172 0.42761975 0.50206904 0.41641874
0.00039479 0.36283831 0.35232302 0.39930133 0.34523319 0.50234819  0.48417291 0.45702496 0.47508945 0.39693445 0.45000532 0.44589633  0.47476172 0.42761975 0.50206904 0.41641874
0.00039479 0.36283831 0.35232302 0.39930133 0.34523319 0.50234819  0.48417291 0.45702496 0.47508945 0.39693445 0.45000532 0.44589633  0.47476172 0.42761975 0.50206904 0.41641874
0.00039479 0.36283831 0.35232302 0.39930133 0.34523319 0.50234819  0.48417291 0.45702496 0.47508945 0.39693445 0.45000532 0.44589633  0.47476172 0.42761975 0.50206904 0.41641874
0.00039479 0.36283831 0.35232302 0.39930133 0.34523319 0.50234819  0.48417291 0.45702496 0.47508945 0.39693445 0.45000532 0.44589633  0.47476172 0.42761975 0.50206904 0.41641874
0.00039479 0.36283831 0.35232302 0.39930133 0.34523319 0.50234819  0.48417291 0.45702496 0.47508945 0.39693445 0.45000532 0.44589633  0.47476172 0.42761975 0.50206904 0.41641874
0.00039479 0.36283831 0.35232302 0.39930133 0.34523319 0.50234819  0.48417291 0.45702496 0.47508945 0.39693445 0.45000532 0.44589633  0.47476172 0.42761975 0.50206904 0.41641874
0.03722225 0.38648637 0.35075882 0.39436354 0.30603248 0.63250328  0.45275035 0.37858204 0.53087274 0.48301266 0.39229284 0.49276134  0.43045935 0.41839089 0.58133663 0.50495038
0.12652695 0.51324314 0.28938598 0.50468123 0.33544786 0.56367967  0.3355337  0.42966079 0.60476164 0.51529638 0.34164693 0.52146032  0.45868816 0.4910675  0.7834189  0.57425639
0.23766232 0.65053313 0.22242979 0.57967458 0.34660384 0.56699528  0.27875787 0.4406664  0.72878087 0.50012162 0.53067604 0.48326704  0.34846271 0.56933303 0.9024781  0.43911138
0.42384616 0.7679816  0.25487259 0.60311259 0.21713406 0.71676556  0.25409247 0.42530161 0.68427683 0.4635942  0.58012614 0.5070612  0.62691634 0.54435945 0.48419396 0.45315047
0.4687429  0.73626611 0.32416337 0.62378868 0.14343461 0.76903215  0.16797275 0.44675921 0.56345217 0.48866737 0.47994942 0.53667735  0.73024446 0.54171687 0.38844363 0.30562094
0.49846849 0.74547748 0.33813377 0.67063929 0.12222351 0.71048911  0.15907379 0.46743129 0.47556344 0.52734768 0.47444357 0.56714816  0.76836552 0.53462903 0.28573251 0.30158199
0.53071948 0.75744104 0.47107529 0.72237641 0.0803632  0.65149174  0.20328268 0.42194718 0.45679901 0.47968807 0.49479524 0.55789406  0.76618216 0.54658293 0.37013254 0.29826011
0.64662167 0.78152345 0.57673791 0.60602791 0.07114713 0.61960697  0.48073841 0.4294726  0.39275826 0.30151076 0.52369847 0.42359279  0.73270216 0.42698109 0.40373952 0.29182035
0.68155427 0.74066763 0.62786895 0.57905855 0.06179495 0.58168545  0.42732961 0.52719238 0.38737894 0.32088042 0.44965782 0.38946743  0.49129672 0.28824427 0.50781223 0.2653671 
0.73092238 0.67751894 0.6288245  0.47644396 0.06657207 0.53526396  0.4501259  0.66379495 0.39399129 0.30827993 0.45951428 0.39467197  0.46498462 0.28186541 0.6498332  0.28469726
0.76515478 0.64946715 0.6119985  0.3985135  0.08917364 0.49198858  0.54789786 0.68303792 0.36586198 0.2995014  0.4655384  0.40168427  0.51581156 0.32516539 0.75033075 0.30919336
0.7823589  0.64664593 0.59804684 0.37495327 0.1032511  0.46168839  0.62137958 0.64281359 0.28116668 0.33189717 0.39174125 0.43326943  0.48326692 0.30194547 0.76172765 0.35198815
0.7823589  0.64664593 0.59804684 0.37495327 0.1032511  0.46168839  0.62137958 0.64281359 0.28116668 0.33189717 0.39174125 0.43326943  0.48326692 0.30194547 0.76172765 0.35198815
0.7823589  0.64664593 0.59804684 0.37495327 0.1032511  0.46168839  0.62137958 0.64281359 0.28116668 0.33189717 0.39174125 0.43326943  0.48326692 0.30194547 0.76172765 0.35198815
0.7823589  0.64664593 0.59804684 0.37495327 0.1032511  0.46168839  0.62137958 0.64281359 0.28116668 0.33189717 0.39174125 0.43326943  0.48326692 0.30194547 0.76172765 0.35198815
0.7823589  0.64664593 0.59804684 0.37495327 0.1032511  0.46168839  0.62137958 0.64281359 0.28116668 0.33189717 0.39174125 0.43326943  0.48326692 0.30194547 0.76172765 0.35198815
0.8121042  0.58411032 0.58769907 0.32854618 0.12123856 0.40558649  0.5900593  0.57929512 0.36675991 0.3026201  0.35216326 0.46039906  0.50289848 0.430625   0.78056139 0.36033068
0.82044167 0.53244312 0.5740557  0.40283274 0.09724269 0.36177708  0.65145949 0.58750867 0.44161872 0.39057287 0.49523208 0.56753313  0.5640001  0.34895142 0.72723563 0.54160567
0.8558185  0.41954573 0.52130645 0.3897422  0.12336472 0.30209715  0.5601506  0.46119425 0.5104083  0.362804   0.54854297 0.60704596  0.58684235 0.33801708 0.60486811 0.49386102
0.85002486 0.40653356 0.48687901 0.38775817 0.12129131 0.30136141  0.57130505 0.484719   0.51738964 0.431222   0.54943737 0.60676023  0.61811659 0.32311604 0.60947303 0.4366983 
0.85002486 0.40653356 0.48687901 0.38775817 0.12129131 0.30136141  0.57130505 0.484719   0.51738964 0.431222   0.54943737 0.60676023  0.61811659 0.32311604 0.60947303 0.4366983 
0.85556092 0.36747004 0.44434132 0.37127752 0.15280686 0.3004852  0.52898343 0.43499968 0.55804835 0.5096027  0.52368695 0.60104466  0.62996817 0.32987252 0.51103372 0.36552339
0.84227046 0.3472368  0.37366273 0.36002788 0.16505085 0.32633255  0.4999322  0.4713884  0.53493393 0.59283844 0.55826579 0.64814746  0.65183971 0.34348828 0.48552888 0.32303268
0.83519444 0.3158641  0.28397686 0.3080795  0.20420253 0.37798507  0.38678336 0.40783553 0.41470383 0.55321399 0.51109658 0.6448888  0.62800804 0.39552348 0.52851933 0.18427065
0.79115275 0.34260838 0.15286352 0.19828991 0.29777387 0.44397759  0.35325443 0.44929646 0.5242056  0.48306303 0.39720617 0.56283348  0.45194457 0.34203147 0.44399327 0.38212809
0.72789242 0.45773556 0.08903931 0.12557578 0.36356117 0.51069479  0.46328119 0.40233599 0.6187462  0.36406978 0.2546431  0.51483709  0.59956313 0.418504   0.5901102  0.45241958
0.72789242 0.45773556 0.08903931 0.12557578 0.36356117 0.51069479  0.46328119 0.40233599 0.6187462  0.36406978 0.2546431  0.51483709  0.59956313 0.418504   0.5901102  0.45241958
0.63297619 0.59153558 0.05348946 0.24158776 0.41223229 0.50479612  0.63476359 0.20349309 0.60422963 0.37165934 0.41605394 0.49302748  0.68238069 0.59190425 0.62759022 0.45622864
0.50421104 0.72997673 0.07577188 0.41651744 0.41250006 0.42674836  0.67221146 0.26303155 0.45002741 0.42573046 0.4851789  0.48808218  0.3759315  0.54757721 0.59209198 0.38539738
0.32539205 0.72242557 0.12454503 0.58656137 0.47532714 0.18079891  0.55850099 0.47628372 0.26619709 0.39639963 0.35782634 0.47006674  0.37563455 0.40452496 0.48794117 0.36248795
0.21531276 0.62571127 0.19308654 0.5829302  0.44906733 0.20174376  0.47838391 0.50668831 0.24720266 0.39007045 0.19322101 0.49074601  0.57043493 0.32369462 0.30471918 0.50239014
0.10628198 0.51936369 0.26919051 0.54585476 0.40619473 0.30496913  0.38560293 0.55896134 0.40029415 0.36313951 0.26626736 0.46009462  0.71983574 0.38086872 0.3271927  0.5387862 
0.05265734 0.44071691 0.3106915  0.47422633 0.37717297 0.39794484  0.43177961 0.51245536 0.4359589  0.38022092 0.34549293 0.45448025  0.61189625 0.40882803 0.41889068 0.49328565
0.05265734 0.44071691 0.3106915  0.47422633 0.37717297 0.39794484  0.43177961 0.51245536 0.4359589  0.38022092 0.34549293 0.45448025  0.61189625 0.40882803 0.41889068 0.49328565
0.05265734 0.44071691 0.3106915  0.47422633 0.37717297 0.39794484  0.43177961 0.51245536 0.4359589  0.38022092 0.34549293 0.45448025  0.61189625 0.40882803 0.41889068 0.49328565
0.05265734 0.44071691 0.3106915  0.47422633 0.37717297 0.39794484  0.43177961 0.51245536 0.4359589  0.38022092 0.34549293 0.45448025  0.61189625 0.40882803 0.41889068 0.49328565
0.05265734 0.44071691 0.3106915  0.47422633 0.37717297 0.39794484  0.43177961 0.51245536 0.4359589  0.38022092 0.34549293 0.45448025  0.61189625 0.40882803 0.41889068 0.49328565
0.07056619 0.46658785 0.29686513 0.497641   0.38628993 0.36623544  0.4176726  0.52862213 0.42125609 0.37222723 0.31790385 0.45546932  0.6533114  0.39647978 0.37779503 0.50586743
0.12506288 0.544345   0.25643952 0.56269207 0.41131555 0.29413328  0.37752565 0.56116281 0.40762648 0.35994372 0.28710546 0.4558048  0.69274726 0.38574989 0.33906175 0.50923543
0.12506288 0.544345   0.25643952 0.56269207 0.41131555 0.29413328  0.37752565 0.56116281 0.40762648 0.35994372 0.28710546 0.4558048  0.69274726 0.38574989 0.33906175 0.50923543
0.2345208  0.67933821 0.18299878 0.6480313  0.4427636  0.22423684  0.34319384 0.57366837 0.43104127 0.36299962 0.33637673 0.45254522  0.57141463 0.45149581 0.49663536 0.41435045
0.27206149 0.7233345  0.16116831 0.66467956 0.44402897 0.23411613  0.3482491  0.55788121 0.44792144 0.35935034 0.40852476 0.4390451  0.48856389 0.44094993 0.48686699 0.35394452
0.30927383 0.75225658 0.1442667  0.65504957 0.43595785 0.27179525  0.38622864 0.52253868 0.44031081 0.38425855 0.4495288  0.44329042  0.35075091 0.41921974 0.53247061 0.32470508
0.30927383 0.75225658 0.1442667  0.65504957 0.43595785 0.27179525  0.38622864 0.52253868 0.44031081 0.38425855 0.4495288  0.44329042  0.35075091 0.41921974 0.53247061 0.32470508
0.36587227 0.79504554 0.12960758 0.63436296 0.39705116 0.40951031  0.40342744 0.45029915 0.51109971 0.41625263 0.55231562 0.43837353  0.27097683 0.39454007 0.51246217 0.31853074
0.38418056 0.80417342 0.13092631 0.62862403 0.37523959 0.48014103  0.38645378 0.41167251 0.53785078 0.45699091 0.51644047 0.46079417  0.27121451 0.3915171  0.53710526 0.36777814
0.42129061 0.81182429 0.11544882 0.58452251 0.37038901 0.50637519  0.46531882 0.36726416 0.48063429 0.48576886 0.48023379 0.50027605  0.22561921 0.37496735 0.47484143 0.48123776
0.42129061 0.81182429 0.11544882 0.58452251 0.37038901 0.50637519  0.46531882 0.36726416 0.48063429 0.48576886 0.48023379 0.50027605  0.22561921 0.37496735 0.47484143 0.48123776
0.42231028 0.81588178 0.1201715  0.58099159 0.38048876 0.5116546  0.458984   0.37277    0.46866555 0.46897032 0.49267356 0.54002627  0.19427937 0.35395157 0.49052397 0.54360213
0.42231028 0.81588178 0.1201715  0.58099159 0.38048876 0.5116546  0.458984   0.37277    0.46866555 0.46897032 0.49267356 0.54002627  0.19427937 0.35395157 0.49052397 0.54360213
0.42257999 0.80731655 0.11362738 0.55290201 0.39953762 0.45685035  0.53316051 0.41021599 0.41724695 0.40675024 0.57365157 0.49702826  0.19738019 0.36065278 0.43762314 0.46917775
0.42257999 0.80731655 0.11362738 0.55290201 0.39953762 0.45685035  0.53316051 0.41021599 0.41724695 0.40675024 0.57365157 0.49702826  0.19738019 0.36065278 0.43762314 0.46917775
0.45833    0.80960652 0.10183284 0.51217359 0.39374678 0.50068295  0.59425247 0.34985765 0.39224501 0.46046853 0.52546442 0.53102627  0.19041555 0.36984754 0.49394262 0.52888458
0.45833    0.80960652 0.10183284 0.51217359 0.39374678 0.50068295  0.59425247 0.34985765 0.39224501 0.46046853 0.52546442 0.53102627  0.19041555 0.36984754 0.49394262 0.52888458
0.477227   0.81610174 0.10127225 0.49061835 0.37398447 0.55626221  0.60726979 0.34068678 0.40848579 0.45555499 0.55095812 0.52359273  0.22793153 0.353487   0.4485269  0.54281387
0.49482658 0.80436579 0.09421199 0.44742767 0.38428167 0.54306749  0.66619207 0.34812886 0.3950581  0.4442012  0.56753211 0.51710537  0.27485005 0.39222829 0.50849142 0.53778772
0.51340328 0.79462435 0.09793889 0.39951361 0.39786668 0.55319025  0.69453718 0.39445088 0.39026333 0.4121485  0.61117323 0.52804633  0.34687361 0.40300176 0.5268586  0.58036407
0.53109621 0.79373367 0.09809066 0.38200731 0.35683009 0.61338336  0.69319173 0.3977652  0.40219431 0.42033157 0.56827723 0.50294972  0.41911565 0.40684658 0.47992986 0.58830495
0.56331195 0.75216764 0.09280559 0.3025906  0.35423718 0.5997408  0.72799346 0.50034331 0.43750639 0.39313746 0.59691913 0.44743745  0.60040864 0.44347043 0.57229006 0.52551563
0.57827445 0.72075359 0.08667916 0.27982729 0.35636228 0.57337153  0.72117092 0.45077362 0.48042033 0.38850122 0.54348759 0.44972003  0.62792376 0.53170648 0.60542403 0.51022748
0.62760188 0.67161847 0.10783265 0.22754056 0.31175622 0.63817842  0.64218288 0.4367139  0.46963661 0.40676036 0.31568156 0.4956063  0.73315632 0.57657376 0.56781093 0.52226816
0.64365164 0.64552337 0.10899623 0.19445715 0.31213228 0.61898945  0.62847728 0.49324283 0.49285251 0.3885577  0.32249606 0.49764718  0.71499943 0.55364195 0.62914523 0.53454827
0.68366309 0.54567752 0.08277055 0.17491726 0.36002047 0.56729231  0.54976705 0.31560378 0.58664961 0.36170185 0.26258424 0.51163546  0.75220509 0.53956235 0.59103227 0.47358705
0.74029831 0.42236503 0.08253112 0.13001876 0.3795643  0.48711557  0.42582677 0.38781866 0.64367133 0.33700756 0.31734034 0.49028625  0.57951604 0.35658439 0.49608563 0.425364  
0.74029831 0.42236503 0.08253112 0.13001876 0.3795643  0.48711557  0.42582677 0.38781866 0.64367133 0.33700756 0.31734034 0.49028625  0.57951604 0.35658439 0.49608563 0.425364  
0.75500101 0.3959788  0.09496858 0.12721651 0.36291236 0.47253131  0.39032606 0.42928219 0.61687182 0.36024464 0.29584427 0.49735479  0.46131689 0.29342549 0.53318046 0.40450296
0.77821413 0.35250937 0.11078182 0.17848262 0.36559738 0.52350332  0.33864324 0.43382403 0.52273208 0.37314048 0.25354835 0.44652416  0.47235953 0.26329985 0.53308895 0.3562632 
0.80655289 0.24148812 0.09405253 0.36148404 0.46443255 0.63405028  0.34880972 0.44119515 0.38378863 0.38278751 0.28970392 0.25681928  0.48114946 0.29774161 0.6107462  0.51783642
0.81145427 0.22013817 0.09011951 0.40819653 0.48905456 0.67078211  0.3709571  0.46369673 0.36931387 0.36941263 0.27013284 0.2402402  0.48310058 0.30982634 0.65224962 0.50190921
0.81145427 0.22013817 0.09011951 0.40819653 0.48905456 0.67078211  0.3709571  0.46369673 0.36931387 0.36941263 0.27013284 0.2402402  0.48310058 0.30982634 0.65224962 0.50190921
0.81145427 0.22013817 0.09011951 0.40819653 0.48905456 0.67078211  0.3709571  0.46369673 0.36931387 0.36941263 0.27013284 0.2402402  0.48310058 0.30982634 0.65224962 0.50190921
0.81537622 0.20344082 0.08762222 0.44582851 0.51047077 0.69919957  0.39586853 0.48477267 0.3774267  0.35938579 0.24306986 0.23433486  0.46590999 0.34861932 0.64853095 0.49091055
0.81537622 0.20344082 0.08762222 0.44582851 0.51047077 0.69919957  0.39586853 0.48477267 0.3774267  0.35938579 0.24306986 0.23433486  0.46590999 0.34861932 0.64853095 0.49091055
0.81537622 0.20344082 0.08762222 0.44582851 0.51047077 0.69919957  0.39586853 0.48477267 0.3774267  0.35938579 0.24306986 0.23433486  0.46590999 0.34861932 0.64853095 0.49091055
0.81792082 0.19184106 0.08554442 0.47808378 0.52935228 0.72526902  0.42837162 0.51109002 0.40333093 0.33696493 0.2029051  0.25899991  0.44164123 0.37789661 0.63411773 0.43747564
0.81792082 0.19184106 0.08554442 0.47808378 0.52935228 0.72526902  0.42837162 0.51109002 0.40333093 0.33696493 0.2029051  0.25899991  0.44164123 0.37789661 0.63411773 0.43747564
0.81792082 0.19184106 0.08554442 0.47808378 0.52935228 0.72526902  0.42837162 0.51109002 0.40333093 0.33696493 0.2029051  0.25899991  0.44164123 0.37789661 0.63411773 0.43747564
0.8024689  0.20520608 0.06240434 0.47026271 0.55342578 0.70834289  0.47314104 0.50080158 0.45388958 0.31822459 0.24520803 0.2539498  0.44756472 0.38565794 0.69014112 0.5057549 
0.8024689  0.20520608 0.06240434 0.47026271 0.55342578 0.70834289  0.47314104 0.50080158 0.45388958 0.31822459 0.24520803 0.2539498  0.44756472 0.38565794 0.69014112 0.5057549 
0.8024689  0.20520608 0.06240434 0.47026271 0.55342578 0.70834289  0.47314104 0.50080158 0.45388958 0.31822459 0.24520803 0.2539498  0.44756472 0.38565794 0.69014112 0.5057549 
0.7877662  0.23159231 0.04996688 0.47306497 0.57007772 0.72292714  0.50864176 0.45933805 0.48068909 0.29498752 0.26670411 0.24688126  0.56576387 0.44881684 0.65304629 0.52661594
0.77993993 0.26111415 0.0515652  0.42675577 0.54978717 0.70737822  0.5112569  0.46554263 0.52018223 0.2791342  0.22989023 0.29579228  0.57073802 0.42372839 0.6759031  0.44455003
0.69909206 0.39628197 0.02202171 0.3834416  0.54867336 0.56434737  0.58606928 0.2277954  0.60470064 0.2877693  0.4664449  0.3080675  0.63946007 0.51795131 0.63458331 0.46759887
0.67555708 0.47651423 0.03380986 0.29426    0.48761518 0.53385774  0.59632512 0.21923138 0.60543502 0.30988708 0.41675565 0.38998481  0.68244408 0.51425096 0.73574107 0.43794479
0.58244955 0.63891525 0.05087603 0.32680677 0.43303835 0.47041291  0.65065014 0.1488357  0.54647652 0.41238904 0.43101044 0.49744041  0.55165864 0.54232772 0.67688632 0.40099669
0.51061708 0.65331382 0.05598856 0.43669587 0.46865872 0.35134341  0.60766461 0.10766256 0.46902802 0.42558083 0.37622343 0.50769992  0.39344818 0.49925241 0.62198958 0.31225144
0.44529587 0.69735497 0.07454945 0.48263384 0.47954606 0.27334999  0.65246699 0.28040804 0.35347739 0.39582021 0.43926009 0.4664713  0.36651492 0.47261893 0.60386236 0.28084902
0.34391966 0.74259745 0.11720176 0.59649984 0.46605604 0.21469693  0.53777597 0.46058264 0.30386251 0.42963433 0.36341965 0.48645295  0.31100395 0.40821756 0.57554391 0.37795929
0.26970184 0.65284095 0.15834769 0.54751073 0.47048107 0.1738879  0.59303276 0.47230327 0.18105801 0.40155921 0.23582404 0.49211276  0.4649824  0.33793013 0.36790557 0.46027757
0.23289892 0.61755371 0.18156006 0.54342387 0.46046989 0.19523248  0.55333064 0.47737007 0.2234794  0.41407232 0.20951714 0.50411676  0.51719421 0.35653158 0.40733992 0.50456171
0.16090298 0.54997924 0.23264034 0.52063825 0.42610691 0.27216757  0.51801014 0.47061254 0.2573762  0.40952032 0.2186372  0.49395088  0.50963585 0.32196481 0.34129445 0.51471081
0.08822462 0.46366638 0.28286618 0.47182852 0.39941799 0.33786217  0.49986066 0.48194129 0.32369463 0.40582488 0.24110466 0.48740772  0.60798696 0.34770104 0.3509214  0.55039879
0.07102051 0.46648761 0.29681783 0.49538875 0.38534053 0.36816237  0.42637893 0.52216562 0.40838993 0.37342912 0.31490181 0.45582256  0.6405316  0.37092096 0.3395245  0.50760399
0.05336775 0.43914143 0.31083182 0.46832666 0.37416152 0.39938838  0.45143619 0.50292086 0.40448693 0.37548598 0.33684065 0.45259001  0.60541605 0.3574237  0.32371238 0.49045415
0.05336775 0.43914143 0.31083182 0.46832666 0.37416152 0.39938838  0.45143619 0.50292086 0.40448693 0.37548598 0.33684065 0.45259001  0.60541605 0.3574237  0.32371238 0.49045415
0.01845781 0.38826797 0.33866239 0.420453   0.35395898 0.47230789  0.4771605  0.46811941 0.45022451 0.3899036  0.42030767 0.44728908  0.50617052 0.39851143 0.43565458 0.43218766
0.01779563 0.38669558 0.33863985 0.42004769 0.35385851 0.46460162  0.48109267 0.47190843 0.43452283 0.38595027 0.3992976  0.44733029  0.52908455 0.38078184 0.39373238 0.44873962
0.01779563 0.38669558 0.33863985 0.42004769 0.35385851 0.46460162  0.48109267 0.47190843 0.43452283 0.38595027 0.3992976  0.44733029  0.52908455 0.38078184 0.39373238 0.44873962
0.01779563 0.38669558 0.33863985 0.42004769 0.35385851 0.46460162  0.48109267 0.47190843 0.43452283 0.38595027 0.3992976  0.44733029  0.52908455 0.38078184 0.39373238 0.44873962
0.00039479 0.36283831 0.35232302 0.39930133 0.34523319 0.50234819  0.48417291 0.45702496 0.47508945 0.39693445 0.45000532 0.44589633  0.47476172 0.42761975 0.50206904 0.41641874
0.00039479 0.36283831 0.35232302 0.39930133 0.34523319 0.50234819  0.48417291 0.45702496 0.47508945 0.39693445 0.45000532 0.44589633  0.47476172 0.42761975 0.50206904 0.41641874
0.00039479 0.36283831 0.35232302 0.39930133 0.34523319 0.50234819  0.48417291 0.45702496 0.47508945 0.39693445 0.45000532 0.44589633  0.47476172 0.42761975 0.50206904 0.41641874
0.00039479 0.36283831 0.35232302 0.39930133 0.34523319 0.50234819  0.48417291 0.45702496 0.47508945 0.39693445 0.45000532 0.44589633  0.47476172 0.42761975 0.50206904 0.41641874
0.00039479 0.36283831 0.35232302 0.39930133 0.34523319 0.50234819  0.48417291 0.45702496 0.47508945 0.39693445 0.45000532 0.44589633  0.47476172 0.42761975 0.50206904 0.41641874
0.00039479 0.36283831 0.35232302 0.39930133 0.34523319 0.50234819  0.48417291 0.45702496 0.47508945 0.39693445 0.45000532 0.44589633  0.47476172 0.42761975 0.50206904 0.41641874
0.00039479 0.36283831 0.35232302 0.39930133 0.34523319 0.50234819  0.48417291 0.45702496 0.47508945 0.39693445 0.45000532 0.44589633  0.47476172 0.42761975 0.50206904 0.41641874
0.00039479 0.36283831 0.35232302 0.39930133 0.34523319 0.50234819  0.48417291 0.45702496 0.47508945 0.39693445 0.45000532 0.44589633  0.47476172 0.42761975 0.50206904 0.41641874
0.00039479 0.36283831 0.35232302 0.39930133 0.34523319 0.50234819  0.48417291 0.45702496 0.47508945 0.39693445 0.45000532 0.44589633  0.47476172 0.42761975 0.50206904 0.41641874
0.00039479 0.36283831 0.35232302 0.39930133 0.34523319 0.50234819  0.48417291 0.45702496 0.47508945 0.39693445 0.45000532 0.44589633  0.47476172 0.42761975 0.50206904 0.41641874
