0.00039479 0.36283831 0.35232302 0.39930133 0.34523319 0.50234819  0.48417291 0.45702496 0.47508945 0.39693445 0.45000532 0.44589633  0.47476172 0.42761975 0.50206904 0.41641874
0.00039479 0.36283831 0.35232302 0.39930133 0.34523319 0.50234819  0.48417291 0.45702496 0.47508945 0.39693445 0.45000532 0.44589633  0.47476172 0.42761975 0.50206904 0.41641874
0.00039479 0.36283831 0.35232302 0.39930133 0.34523319 0.50234819  0.48417291 0.45702496 0.47508945 0.39693445 0.45000532 0.44589633  0.47476172 0.42761975 0.50206904 0.41641874
0.00039479 0.36283831 0.35232302 0.39930133 0.34523319 0.50234819  0.48417291 0.45702496 0.47508945 0.39693445 0.45000532 0.44589633  0.47476172 0.42761975 0.50206904 0.41641874
0.00039479 0.36283831 0.35232302 0.39930133 0.34523319 0.50234819  0.48417291 0.45702496 0.47508945 0.39693445 0.45000532 0.44589633  0.47476172 0.42761975 0.50206904 0.41641874
0.00039479 0.36283831 0.35232302 0.39930133 0.34523319 0.50234819  0.48417291 0.45702496 0.47508945 0.39693445 0.45000532 0.44589633  0.47476172 0.42761975 0.50206904 0.41641874
0.00039479 0.36283831 0.35232302 0.39930133 0.34523319 0.50234819  0.48417291 0.45702496 0.47508945 0.39693445 0.45000532 0.44589633  0.47476172 0.42761975 0.50206904 0.41641874
0.00039479 0.36283831 0.35232302 0.39930133 0.34523319 0.50234819  0.48417291 0.45702496 0.47508945 0.39693445 0.45000532 0.44589633  0.47476172 0.42761975 0.50206904 0.41641874
0.00039479 0.36283831 0.35232302 0.39930133 0.34523319 0.50234819  0.48417291 0.45702496 0.47508945 0.39693445 0.45000532 0.44589633  0.47476172 0.42761975 0.50206904 0.41641874
0.00039479 0.36283831 0.35232302 0.39930133 0.34523319 0.50234819  0.48417291 0.45702496 0.47508945 0.39693445 0.45000532 0.44589633  0.47476172 0.42761975 0.50206904 0.41641874
0.00039479 0.36283831 0.35232302 0.39930133 0.34523319 0.50234819  0.48417291 0.45702496 0.47508945 0.39693445 0.45000532 0.44589633  0.47476172 0.42761975 0.50206904 0.41641874
0.00039479 0.36283831 0.35232302 0.39930133 0.34523319 0.50234819  0.48417291 0.45702496 0.47508945 0.39693445 0.45000532 0.44589633  0.47476172 0.42761975 0.50206904 0.41641874
0.00039479 0.36283831 0.35232302 0.39930133 0.34523319 0.50234819  0.48417291 0.45702496 0.47508945 0.39693445 0.45000532 0.44589633  0.47476172 0.42761975 0.50206904 0.41641874
0.00039479 0.36283831 0.35232302 0.39930133 0.34523319 0.50234819  0.48417291 0.45702496 0.47508945 0.39693445 0.45000532 0.44589633  0.47476172 0.42761975 0.50206904 0.41641874
0.00039479 0.36283831 0.35232302 0.39930133 0.34523319 0.50234819  0.48417291 0.45702496 0.47508945 0.39693445 0.45000532 0.44589633  0.47476172 0.42761975 0.50206904 0.41641874
0.00039479 0.36283831 0.35232302 0.39930133 0.34523319 0.50234819  0.48417291 0.45702496 0.47508945 0.39693445 0.45000532 0.44589633  0.47476172 0.42761975 0.50206904 0.41641874
0.00039479 0.36283831 0.35232302 0.39930133 0.34523319 0.50234819  0.48417291 0.45702496 0.47508945 0.39693445 0.45000532 0.44589633  0.47476172 0.42761975 0.50206904 0.41641874
0.00039479 0.36283831 0.35232302 0.39930133 0.34523319 0.50234819  0.48417291 0.45702496 0.47508945 0.39693445 0.45000532 0.44589633  0.47476172 0.42761975 0.50206904 0.41641874
0.00039479 0.36283831 0.35232302 0.39930133 0.34523319 0.50234819  0.48417291 0.45702496 0.47508945 0.39693445 0.45000532 0.44589633  0.47476172 0.42761975 0.50206904 0.41641874
0.00039479 0.36283831 0.35232302 0.39930133 0.34523319 0.50234819  0.48417291 0.45702496 0.47508945 0.39693445 0.45000532 0.44589633  0.47476172 0.42761975 0.50206904 0.41641874
0.00039479 0.36283831 0.35232302 0.39930133 0.34523319 0.50234819  0.48417291 0.45702496 0.47508945 0.39693445 0.45000532 0.44589633  0.47476172 0.42761975 0.50206904 0.41641874
0.00039479 0.36283831 0.35232302 0.39930133 0.34523319 0.50234819  0.48417291 0.45702496 0.47508945 0.39693445 0.45000532 0.44589633  0.47476172 0.42761975 0.50206904 0.41641874
0.00039479 0.36283831 0.35232302 0.39930133 0.34523319 0.50234819  0.48417291 0.45702496 0.47508945 0.39693445 0.45000532 0.44589633  0.47476172 0.42761975 0.50206904 0.41641874
0.00039479 0.36283831 0.35232302 0.39930133 0.34523319 0.50234819  0.48417291 0.45702496 0.47508945 0.39693445 0.45000532 0.44589633  0.47476172 0.42761975 0.50206904 0.41641874
0.00039479 0.36283831 0.35232302 0.39930133 0.34523319 0.50234819  0.48417291 0.45702496 0.47508945 0.39693445 0.45000532 0.44589633  0.47476172 0.42761975 0.50206904 0.41641874
0.00039479 0.36283831 0.35232302 0.39930133 0.34523319 0.50234819  0.48417291 0.45702496 0.47508945 0.39693445 0.45000532 0.44589633  0.47476172 0.42761975 0.50206904 0.41641874
0.00039479 0.36283831 0.35232302 0.39930133 0.34523319 0.50234819  0.48417291 0.45702496 0.47508945 0.39693445 0.45000532 0.44589633  0.47476172 0.42761975 0.50206904 0.41641874
0.00039479 0.36283831 0.35232302 0.39930133 0.34523319 0.50234819  0.48417291 0.45702496 0.47508945 0.39693445 0.45000532 0.44589633  0.47476172 0.42761975 0.50206904 0.41641874
0.00039479 0.36283831 0.35232302 0.39930133 0.34523319 0.50234819  0.48417291 0.45702496 0.47508945 0.39693445 0.45000532 0.44589633  0.47476172 0.42761975 0.50206904 0.41641874
0.00039479 0.36283831 0.35232302 0.39930133 0.34523319 0.50234819  0.48417291 0.45702496 0.47508945 0.39693445 0.45000532 0.44589633  0.47476172 0.42761975 0.50206904 0.41641874
0.00039479 0.36283831 0.35232302 0.39930133 0.34523319 0.50234819  0.48417291 0.45702496 0.47508945 0.39693445 0.45000532 0.44589633  0.47476172 0.42761975 0.50206904 0.41641874
0.00039479 0.36283831 0.35232302 0.39930133 0.34523319 0.50234819  0.48417291 0.45702496 0.47508945 0.39693445 0.45000532 0.44589633  0.47476172 0.42761975 0.50206904 0.41641874
0.00039479 0.36283831 0.35232302 0.39930133 0.34523319 0.50234819  0.48417291 0.45702496 0.47508945 0.39693445 0.45000532 0.44589633  0.47476172 0.42761975 0.50206904 0.41641874
0.00039479 0.36283831 0.35232302 0.39930133 0.34523319 0.50234819  0.48417291 0.45702496 0.47508945 0.39693445 0.45000532 0.44589633  0.47476172 0.42761975 0.50206904 0.41641874
0.00039479 0.36283831 0.35232302 0.39930133 0.34523319 0.50234819  0.48417291 0.45702496 0.47508945 0.39693445 0.45000532 0.44589633  0.47476172 0.42761975 0.50206904 0.41641874
0.00039479 0.36283831 0.35232302 0.39930133 0.34523319 0.50234819  0.48417291 0.45702496 0.47508945 0.39693445 0.45000532 0.44589633  0.47476172 0.42761975 0.50206904 0.41641874
0.00039479 0.36283831 0.35232302 0.39930133 0.34523319 0.50234819  0.48417291 0.45702496 0.47508945 0.39693445 0.45000532 0.44589633  0.47476172 0.42761975 0.50206904 0.41641874
0.00039479 0.36283831 0.35232302 0.39930133 0.34523319 0.50234819  0.48417291 0.45702496 0.47508945 0.39693445 0.45000532 0.44589633  0.47476172 0.42761975 0.50206904 0.41641874
0.00039479 0.36283831 0.35232302 0.39930133 0.34523319 0.50234819  0.48417291 0.45702496 0.47508945 0.39693445 0.45000532 0.44589633  0.47476172 0.42761975 0.50206904 0.41641874
0.00039479 0.36283831 0.35232302 0.39930133 0.34523319 0.50234819  0.48417291 0.45702496 0.47508945 0.39693445 0.45000532 0.44589633  0.47476172 0.42761975 0.50206904 0.41641874
0.00039479 0.36283831 0.35232302 0.39930133 0.34523319 0.50234819  0.48417291 0.45702496 0.47508945 0.39693445 0.45000532 0.44589633  0.47476172 0.42761975 0.50206904 0.41641874
0.00039479 0.36283831 0.35232302 0.39930133 0.34523319 0.50234819  0.48417291 0.45702496 0.47508945 0.39693445 0.45000532 0.44589633  0.47476172 0.42761975 0.50206904 0.41641874
0.00039479 0.36283831 0.35232302 0.39930133 0.34523319 0.50234819  0.48417291 0.45702496 0.47508945 0.39693445 0.45000532 0.44589633  0.47476172 0.42761975 0.50206904 0.41641874
0.00039479 0.36283831 0.35232302 0.39930133 0.34523319 0.50234819  0.48417291 0.45702496 0.47508945 0.39693445 0.45000532 0.44589633  0.47476172 0.42761975 0.50206904 0.41641874
0.00039479 0.36283831 0.35232302 0.39930133 0.34523319 0.50234819  0.48417291 0.45702496 0.47508945 0.39693445 0.45000532 0.44589633  0.47476172 0.42761975 0.50206904 0.41641874
0.00039479 0.36283831 0.35232302 0.39930133 0.34523319 0.50234819  0.48417291 0.45702496 0.47508945 0.39693445 0.45000532 0.44589633  0.47476172 0.42761975 0.50206904 0.41641874
0.03525649 0.41685964 0.32437467 0.45347996 0.36854765 0.43569141  0.43485985 0.4975719  0.47652552 0.39120509 0.39620065 0.45304628  0.55757342 0.45566594 0.52722734 0.46096477
0.10907336 0.5140314  0.27680372 0.51695676 0.38299616 0.42196719  0.38080358 0.50858939 0.56869264 0.39528638 0.50898342 0.4389647  0.44467344 0.53010082 0.69534515 0.37500682
0.12672612 0.54137758 0.26278974 0.54401884 0.39417517 0.39074118  0.35574632 0.52783416 0.57259564 0.39322951 0.48704457 0.44219725  0.47978899 0.54359807 0.71115727 0.39215667
0.18315931 0.58592393 0.24753035 0.52833414 0.35658353 0.51951233  0.35238591 0.49195589 0.66611664 0.41890573 0.6047381  0.43297655  0.40612109 0.52521727 0.72167343 0.39605657
0.21972895 0.63588167 0.22246644 0.56694588 0.36747393 0.49324685  0.31665456 0.51335319 0.70120832 0.41124745 0.63236118 0.42588511  0.41263245 0.56319621 0.77478151 0.36396278
0.23824812 0.65040185 0.2195835  0.56774702 0.3500848  0.55277122  0.30220565 0.47353691 0.73024055 0.45658738 0.61052386 0.45032948  0.3680924  0.55699033 0.82940602 0.40324701
0.23810496 0.63610903 0.23231212 0.54705168 0.32619401 0.62454174  0.30196091 0.42808763 0.72475459 0.50079732 0.53792179 0.47997845  0.38278929 0.52280975 0.80350579 0.48501485
0.23810496 0.63610903 0.23231212 0.54705168 0.32619401 0.62454174  0.30196091 0.42808763 0.72475459 0.50079732 0.53792179 0.47997845  0.38278929 0.52280975 0.80350579 0.48501485
0.21998677 0.60957199 0.24596615 0.52339636 0.31738282 0.64966742  0.32096334 0.41351297 0.72189993 0.50498394 0.54702562 0.47984156  0.36181871 0.51598841 0.80094102 0.4845882 
0.21998677 0.60957199 0.24596615 0.52339636 0.31738282 0.64966742  0.32096334 0.41351297 0.72189993 0.50498394 0.54702562 0.47984156  0.36181871 0.51598841 0.80094102 0.4845882 
0.22670731 0.66111834 0.45212792 0.41657924 0.68746705 0.74818965  0.2165903  0.37522696 0.5787542  0.47128566 0.70860216 0.75288089  0.46003329 0.47501706 0.71962625 0.6035893 
0.2093547  0.6341132  0.46592887 0.38952789 0.6757298  0.77967349  0.2432593  0.35459801 0.57214717 0.47358158 0.72964754 0.7495979  0.4221443  0.45272105 0.6908624  0.58498888
0.0871143  0.53797883 0.56222285 0.34362162 0.8043497  0.57025408  0.30653305 0.43145898 0.37080062 0.29694335 0.657567   0.69421565  0.48078867 0.42253437 0.54511044 0.47936503
0.04998219 0.49088065 0.58549613 0.31694584 0.7983372  0.57331667  0.32132865 0.43319959 0.33739966 0.29931626 0.59510886 0.70548881  0.54374254 0.403928   0.50486886 0.5306383 
0.04998219 0.49088065 0.58549613 0.31694584 0.7983372  0.57331667  0.32132865 0.43319959 0.33739966 0.29931626 0.59510886 0.70548881  0.54374254 0.403928   0.50486886 0.5306383 
0.02777346 0.44758453 0.56216765 0.30621166 0.72319807 0.59402512  0.36426596 0.41847214 0.36558952 0.35253792 0.60695082 0.66100309  0.52601306 0.43442625 0.47072572 0.47111656
0.01912664 0.41349126 0.48225944 0.35118972 0.53384999 0.53732777  0.43596737 0.4283401  0.43664384 0.4073322  0.47802145 0.46921012  0.52236138 0.4862187  0.45159766 0.34824642
0.00039479 0.36283831 0.35232302 0.39930133 0.34523319 0.50234819  0.48417291 0.45702496 0.47508945 0.39693445 0.45000532 0.44589633  0.47476172 0.42761975 0.50206904 0.41641874
0.00039479 0.36283831 0.35232302 0.39930133 0.34523319 0.50234819  0.48417291 0.45702496 0.47508945 0.39693445 0.45000532 0.44589633  0.47476172 0.42761975 0.50206904 0.41641874
0.00039479 0.36283831 0.35232302 0.39930133 0.34523319 0.50234819  0.48417291 0.45702496 0.47508945 0.39693445 0.45000532 0.44589633  0.47476172 0.42761975 0.50206904 0.41641874
0.00039479 0.36283831 0.35232302 0.39930133 0.34523319 0.50234819  0.48417291 0.45702496 0.47508945 0.39693445 0.45000532 0.44589633  0.47476172 0.42761975 0.50206904 0.41641874
0.10901491 0.48769277 0.28602314 0.4664938  0.36662022 0.45704277  0.45831237 0.47402117 0.47083533 0.40357812 0.44056253 0.45114092  0.44897324 0.43730374 0.53881019 0.43415844
0.32844866 0.73084578 0.16993782 0.58409367 0.3585836  0.51554628  0.38969761 0.41893656 0.52617815 0.47586189 0.43821991 0.47952881  0.34629747 0.36709831 0.50704624 0.48147505
0.3657507  0.754097   0.15304428 0.56048173 0.3585624  0.52737845  0.45261923 0.41058094 0.4933705  0.45203768 0.50101574 0.45553031  0.31679559 0.35318139 0.45389496 0.43433785
0.47467965 0.76029201 0.15126673 0.43904327 0.29545132 0.67708772  0.47855249 0.53022258 0.53726613 0.38977053 0.57745954 0.40558696  0.52235178 0.38901694 0.3774917  0.43072126
0.56185721 0.74931634 0.12405028 0.34749738 0.29929311 0.6541694  0.59438356 0.55128755 0.4075898  0.45033866 0.46148681 0.45751218  0.4901339  0.34731972 0.40481968 0.50916169
0.62652997 0.66751469 0.11839761 0.24414103 0.29927925 0.64061788  0.60005614 0.46837079 0.44283707 0.44547486 0.2838134  0.50982239  0.62005332 0.5233032  0.51971193 0.52030769
0.62652997 0.66751469 0.11839761 0.24414103 0.29927925 0.64061788  0.60005614 0.46837079 0.44283707 0.44547486 0.2838134  0.50982239  0.62005332 0.5233032  0.51971193 0.52030769
0.67408174 0.58802617 0.11093365 0.14606481 0.31629629 0.5722528  0.58541939 0.54936046 0.5362624  0.3816034  0.31403501 0.51218567  0.65974729 0.5810645  0.63028581 0.54542615
0.67408174 0.58802617 0.11093365 0.14606481 0.31629629 0.5722528  0.58541939 0.54936046 0.5362624  0.3816034  0.31403501 0.51218567  0.65974729 0.5810645  0.63028581 0.54542615
0.67408174 0.58802617 0.11093365 0.14606481 0.31629629 0.5722528  0.58541939 0.54936046 0.5362624  0.3816034  0.31403501 0.51218567  0.65974729 0.5810645  0.63028581 0.54542615
0.67408174 0.58802617 0.11093365 0.14606481 0.31629629 0.5722528  0.58541939 0.54936046 0.5362624  0.3816034  0.31403501 0.51218567  0.65974729 0.5810645  0.63028581 0.54542615
0.67408174 0.58802617 0.11093365 0.14606481 0.31629629 0.5722528  0.58541939 0.54936046 0.5362624  0.3816034  0.31403501 0.51218567  0.65974729 0.5810645  0.63028581 0.54542615
0.65803198 0.61412126 0.10977007 0.17914822 0.31592023 0.59144177  0.59912499 0.49283154 0.5130465  0.39980607 0.3072205  0.51014479  0.67790418 0.60399631 0.56895151 0.53314605
0.61081119 0.69283235 0.11154538 0.27048153 0.30517538 0.65465568  0.62247654 0.39573923 0.44601292 0.4285189  0.29734544 0.50017137  0.67512706 0.54549152 0.49898978 0.50823148
0.59577721 0.7231884  0.11697834 0.29483677 0.29724806 0.67805872  0.63315933 0.44274376 0.40700544 0.43388572 0.34199441 0.47792921  0.65531709 0.46642287 0.46057448 0.49869064
0.54613843 0.77463399 0.11719805 0.37383787 0.30518924 0.66820719  0.61680396 0.47865598 0.41076565 0.4333827  0.47501885 0.44786116  0.54520764 0.36950805 0.38409753 0.49708548
0.5114926  0.78429312 0.14426298 0.4323876  0.27509106 0.72530551  0.46525662 0.54061202 0.54721396 0.38800691 0.561128   0.40469863  0.58495459 0.38051023 0.34102423 0.44383127
0.5114926  0.78429312 0.14426298 0.4323876  0.27509106 0.72530551  0.46525662 0.54061202 0.54721396 0.38800691 0.561128   0.40469863  0.58495459 0.38051023 0.34102423 0.44383127
0.5114926  0.78429312 0.14426298 0.4323876  0.27509106 0.72530551  0.46525662 0.54061202 0.54721396 0.38800691 0.561128   0.40469863  0.58495459 0.38051023 0.34102423 0.44383127
0.52884152 0.77395563 0.15806754 0.41527683 0.24887085 0.76523002  0.4303868  0.5668992  0.52686922 0.38984976 0.47905139 0.41193488  0.63089425 0.36440641 0.29725751 0.44350019
0.52884152 0.77395563 0.15806754 0.41527683 0.24887085 0.76523002  0.4303868  0.5668992  0.52686922 0.38984976 0.47905139 0.41193488  0.63089425 0.36440641 0.29725751 0.44350019
0.58883142 0.77214887 0.34929023 0.49242946 0.1392087  0.72214612  0.38435994 0.50719832 0.38975573 0.35779522 0.51130266 0.45491965  0.6229281  0.53019002 0.17032404 0.40154991
0.61664611 0.73881823 0.38848861 0.49605477 0.10990682 0.70352428  0.35545906 0.56471187 0.33665859 0.37924116 0.52197345 0.48190046  0.63116632 0.52922426 0.19508595 0.33470692
0.63864789 0.78212296 0.51810934 0.50337681 0.14639301 0.69403064  0.35937443 0.50691038 0.33600164 0.23219271 0.47903706 0.41457903  0.6029994  0.49103684 0.28660577 0.34323573
0.68255723 0.76697785 0.6580732  0.52767097 0.16352804 0.62182654  0.37705409 0.54742269 0.33122949 0.33837203 0.48197873 0.4004376  0.49643606 0.3960713  0.43098903 0.26968857
0.72594902 0.73775316 0.74271605 0.46176816 0.23798909 0.57582312  0.35645192 0.66091599 0.40174349 0.3270234  0.45239738 0.39614809  0.35703833 0.24189641 0.58783733 0.30466797
0.72594902 0.73775316 0.74271605 0.46176816 0.23798909 0.57582312  0.35645192 0.66091599 0.40174349 0.3270234  0.45239738 0.39614809  0.35703833 0.24189641 0.58783733 0.30466797
0.75869816 0.69618134 0.71338445 0.3937068  0.19263031 0.53364884  0.44677528 0.70724309 0.41762827 0.26836633 0.4730854  0.36895805  0.44246866 0.30829601 0.72822407 0.33106862
0.78698445 0.64780083 0.66205429 0.3621265  0.15941765 0.49537558  0.51480296 0.60040065 0.37393727 0.24240389 0.38202366 0.41291839  0.47628685 0.39031842 0.83286744 0.3098666 
0.81523742 0.60253537 0.61512448 0.31884415 0.16122154 0.43715499  0.58537174 0.52285555 0.3370669  0.32461436 0.27332829 0.47385687  0.5000065  0.46245617 0.85535567 0.34569172
0.78145826 0.58216533 0.48542651 0.35568075 0.09540002 0.47183802  0.58107272 0.46723104 0.25257556 0.30409919 0.38904218 0.60573105  0.68126402 0.5630919  0.78044732 0.38031288
0.70865108 0.66226909 0.38427755 0.36731625 0.13927155 0.57598249  0.57117493 0.48094285 0.25052238 0.39675302 0.40200895 0.55969324  0.68388539 0.57694946 0.46522583 0.38701545
0.64035592 0.70975926 0.41723916 0.50214008 0.0985001  0.66546449  0.3744109  0.47892789 0.37718247 0.38093369 0.4647296  0.52097719  0.69487072 0.57214217 0.3008537  0.32650727
0.60432137 0.75346413 0.36083504 0.46995053 0.13974324 0.72432076  0.36127777 0.55892326 0.3839807  0.32957667 0.47677158 0.45286361  0.64736808 0.48947419 0.18946041 0.37106675
0.63133639 0.70944608 0.3815246  0.47735513 0.11788864 0.68664601  0.34776196 0.49507039 0.3666708  0.38925512 0.45445163 0.51121963  0.64841759 0.60350162 0.2553651  0.34166929
0.63133639 0.70944608 0.3815246  0.47735513 0.11788864 0.68664601  0.34776196 0.49507039 0.3666708  0.38925512 0.45445163 0.51121963  0.64841759 0.60350162 0.2553651  0.34166929
0.71247402 0.65079703 0.44216199 0.43611742 0.08968195 0.5638723  0.47119473 0.49216555 0.20150124 0.37330706 0.34369567 0.58631249  0.44703822 0.3995997  0.50243414 0.40075145
0.7873702  0.6074988  0.5561622  0.35542282 0.13752239 0.48664629  0.51321263 0.48259544 0.22412901 0.32862981 0.31413383 0.54979872  0.48512315 0.50181751 0.74470529 0.31772444
0.7873702  0.6074988  0.5561622  0.35542282 0.13752239 0.48664629  0.51321263 0.48259544 0.22412901 0.32862981 0.31413383 0.54979872  0.48512315 0.50181751 0.74470529 0.31772444
0.81523742 0.60253537 0.61512448 0.31884415 0.16122154 0.43715499  0.58537174 0.52285555 0.3370669  0.32461436 0.27332829 0.47385687  0.5000065  0.46245617 0.85535567 0.34569172
0.81523742 0.60253537 0.61512448 0.31884415 0.16122154 0.43715499  0.58537174 0.52285555 0.3370669  0.32461436 0.27332829 0.47385687  0.5000065  0.46245617 0.85535567 0.34569172
0.81523742 0.60253537 0.61512448 0.31884415 0.16122154 0.43715499  0.58537174 0.52285555 0.3370669  0.32461436 0.27332829 0.47385687  0.5000065  0.46245617 0.85535567 0.34569172
0.79844673 0.62374925 0.6188372  0.36178512 0.1546407  0.45363224  0.5656654  0.48188087 0.31344321 0.3463729  0.25499217 0.47842194  0.44197724 0.43137393 0.78653452 0.33165504
0.79844673 0.62374925 0.6188372  0.36178512 0.1546407  0.45363224  0.5656654  0.48188087 0.31344321 0.3463729  0.25499217 0.47842194  0.44197724 0.43137393 0.78653452 0.33165504
0.77132044 0.6335939  0.55499862 0.38850623 0.13714633 0.50583526  0.52691823 0.42606652 0.20091311 0.34683247 0.30731933 0.54775785  0.50328004 0.52474932 0.68337098 0.30544434
0.7336309  0.65389829 0.47538299 0.44052518 0.10190556 0.51904763  0.60409667 0.316397   0.2326665  0.31130752 0.38178462 0.5989487  0.72248235 0.57853254 0.64494476 0.36480896
0.6802132  0.65736643 0.27973022 0.329189   0.19078485 0.60996981  0.55804594 0.39942113 0.31023675 0.42714801 0.29235701 0.53857638  0.68576669 0.61609043 0.42754533 0.36858714
0.62075944 0.6831903  0.17409185 0.35145908 0.24739892 0.68019248  0.51230434 0.38346757 0.35896069 0.46310301 0.26267134 0.52903863  0.685597   0.52021148 0.38704165 0.36605917
0.54350431 0.76022699 0.10726706 0.3957933  0.31879218 0.64421723  0.59912815 0.33989087 0.43799016 0.46116257 0.39604722 0.48782862  0.49964595 0.42525878 0.44602695 0.48031626
0.48942191 0.77287706 0.09618104 0.47411329 0.36540203 0.53937669  0.59374511 0.27477858 0.43126115 0.49149125 0.40579779 0.50870746  0.35376278 0.42634655 0.52836116 0.45518617
0.38237318 0.78597433 0.12336321 0.61302049 0.39930697 0.41137438  0.44904502 0.38586924 0.42551065 0.4941492  0.37451576 0.50746932  0.26757454 0.3750049  0.57715973 0.43552741
0.27055445 0.69452124 0.16226615 0.62696358 0.44606846 0.22966316  0.41880866 0.504798   0.34798951 0.42666873 0.25504553 0.50183416  0.46627729 0.38598538 0.51637434 0.47747984
0.17933176 0.60527085 0.21975006 0.59516828 0.42895275 0.2481356  0.3911942  0.55420417 0.36254181 0.36791836 0.26082638 0.46570641  0.62369563 0.38039317 0.36660852 0.48652193
0.03544839 0.41404176 0.32462587 0.44710978 0.36503751 0.43337561  0.45603541 0.49115319 0.43842582 0.38389341 0.37735876 0.45056284  0.56420009 0.3942791  0.4095445  0.46588946
0.01779563 0.38669558 0.33863985 0.42004769 0.35385851 0.46460162  0.48109267 0.47190843 0.43452283 0.38595027 0.3992976  0.44733029  0.52908455 0.38078184 0.39373238 0.44873962
0.00039479 0.36283831 0.35232302 0.39930133 0.34523319 0.50234819  0.48417291 0.45702496 0.47508945 0.39693445 0.45000532 0.44589633  0.47476172 0.42761975 0.50206904 0.41641874
0.00039479 0.36283831 0.35232302 0.39930133 0.34523319 0.50234819  0.48417291 0.45702496 0.47508945 0.39693445 0.45000532 0.44589633  0.47476172 0.42761975 0.50206904 0.41641874
0.00039479 0.36283831 0.35232302 0.39930133 0.34523319 0.50234819  0.48417291 0.45702496 0.47508945 0.39693445 0.45000532 0.44589633  0.47476172 0.42761975 0.50206904 0.41641874
0.00039479 0.36283831 0.35232302 0.39930133 0.34523319 0.50234819  0.48417291 0.45702496 0.47508945 0.39693445 0.45000532 0.44589633  0.47476172 0.42761975 0.50206904 0.41641874
0.00039479 0.36283831 0.35232302 0.39930133 0.34523319 0.50234819  0.48417291 0.45702496 0.47508945 0.39693445 0.45000532 0.44589633  0.47476172 0.42761975 0.50206904 0.41641874
0.00039479 0.36283831 0.35232302 0.39930133 0.34523319 0.50234819  0.48417291 0.45702496 0.47508945 0.39693445 0.45000532 0.44589633  0.47476172 0.42761975 0.50206904 0.41641874
0.00039479 0.36283831 0.35232302 0.39930133 0.34523319 0.50234819  0.48417291 0.45702496 0.47508945 0.39693445 0.45000532 0.44589633  0.47476172 0.42761975 0.50206904 0.41641874
0.03570449 0.41256652 0.32481348 0.44346236 0.36297546 0.43289222  0.46698566 0.4880752  0.41982002 0.37795658 0.37170853 0.44831936  0.5704997  0.36843359 0.35263673 0.4613214 
0.05305711 0.43957166 0.31101253 0.47051371 0.37471271 0.40140838  0.44031666 0.50870415 0.42642705 0.37566067 0.35066315 0.45160235  0.60838869 0.3907296  0.38140058 0.47992183
0.14305123 0.56910915 0.24572    0.58245331 0.41255235 0.30390511  0.33476267 0.57625232 0.49113518 0.36934732 0.34309238 0.45354069  0.66987048 0.47539655 0.52022434 0.48306229
0.21623457 0.66850952 0.19464458 0.65673355 0.43804207 0.23751713  0.28996202 0.60532266 0.50420728 0.35359983 0.36349489 0.44466976  0.66187085 0.49348998 0.53524902 0.43385105
0.19811638 0.64197248 0.2082986  0.63307823 0.42923088 0.26264281  0.30896445 0.590748   0.50135262 0.35778645 0.37259872 0.44453287  0.64090027 0.48666864 0.53268426 0.43342441
0.27247091 0.71696935 0.16747907 0.65096271 0.42594667 0.29313984  0.34652652 0.52760548 0.4827322  0.39677166 0.42322191 0.45529441  0.40296271 0.43782119 0.57190496 0.36898921
0.2905891  0.74350638 0.15382504 0.67461803 0.43475786 0.26801415  0.32752409 0.54218014 0.48558686 0.39258504 0.41411807 0.45543131  0.42393328 0.44464253 0.57446973 0.36941585
0.30983353 0.76257574 0.15619934 0.67616474 0.40265727 0.37928527  0.27073384 0.51959709 0.61542993 0.42376266 0.48752646 0.45691024  0.44094478 0.47372309 0.63905033 0.40324622
0.30983353 0.76257574 0.15619934 0.67616474 0.40265727 0.37928527  0.27073384 0.51959709 0.61542993 0.42376266 0.48752646 0.45691024  0.44094478 0.47372309 0.63905033 0.40324622
0.32814182 0.77170362 0.15751807 0.67042581 0.3808457  0.44991599  0.25376018 0.48097045 0.64218099 0.46450094 0.4516513  0.47933088  0.44118245 0.47070012 0.66369342 0.45249362
0.40228891 0.79066087 0.16435525 0.60119672 0.30485748 0.64338678  0.25758773 0.47733587 0.68029318 0.45461044 0.49940667 0.45643999  0.53427808 0.41390157 0.4697478  0.46471123
0.45141241 0.89375488 0.46070919 0.53874353 0.57998658 0.65452476  0.21774712 0.41318109 0.67791591 0.51347706 0.46753668 0.33632443  0.59301527 0.58832106 0.32848263 0.31951454
0.55581289 0.94989372 0.65338596 0.50842576 0.60021005 0.66400046  0.35335678 0.32035547 0.61291206 0.41973648 0.35760329 0.28223185  0.45115012 0.35792854 0.27248882 0.35163144
0.57439089 0.95045637 0.64816057 0.47459726 0.59744735 0.67982693  0.41055963 0.31917482 0.58824453 0.39825468 0.40270615 0.26165448  0.45448862 0.36160678 0.24423107 0.32645448
0.59984809 0.95927141 0.75743391 0.49562692 0.65975919 0.66222989  0.41726241 0.30633588 0.55679705 0.45090377 0.48414973 0.33796774  0.55323864 0.3391782  0.28495164 0.28877287
0.61768749 0.94796223 0.75624293 0.45208419 0.65770016 0.67073926  0.45104114 0.35091712 0.55566004 0.4215282  0.51250311 0.32036959  0.63331478 0.36955993 0.29481315 0.30085099
0.63583908 0.93987025 0.77597605 0.43072337 0.64183051 0.70520918  0.42459409 0.38329798 0.55460476 0.45957511 0.42106867 0.30387649  0.68540409 0.3552738  0.23114181 0.29808049
0.65343866 0.9281343  0.7689158  0.38753269 0.65212771 0.69201446  0.48351637 0.39074006 0.54117707 0.44822132 0.43764266 0.29738913  0.73232261 0.39401508 0.29110633 0.29305434
0.69419851 0.87921402 0.8176306  0.41222436 0.54850163 0.6381453  0.51823646 0.46392299 0.47583766 0.52165113 0.49303184 0.28209655  0.7900537  0.47516049 0.36154003 0.18838222
0.72884433 0.86955489 0.79056567 0.35367463 0.57859982 0.58104698  0.6697838  0.40196695 0.33938936 0.56702691 0.40692269 0.32525908  0.75030674 0.46415831 0.40461333 0.24163644
0.72884433 0.86955489 0.79056567 0.35367463 0.57859982 0.58104698  0.6697838  0.40196695 0.33938936 0.56702691 0.40692269 0.32525908  0.75030674 0.46415831 0.40461333 0.24163644
0.72737692 0.8614208  0.77406251 0.36727594 0.53060059 0.56629581  0.68559499 0.3968359  0.36069567 0.5764939  0.37828051 0.28309029  0.75805704 0.47813282 0.39355319 0.2209342 
0.71505218 0.87606669 0.74640894 0.3411717  0.56043701 0.58709229  0.6914137  0.39104729 0.40801778 0.52682941 0.33307865 0.25405344  0.7742588  0.43838275 0.38792766 0.25729403
0.70531279 0.85139902 0.67943448 0.36529147 0.48643581 0.59801453  0.69085425 0.39550041 0.36744899 0.49122658 0.32822655 0.27424977  0.7971851  0.42162958 0.43162915 0.1752943 
0.68036332 0.7991421  0.52473695 0.40902783 0.28461652 0.563244  0.74671679 0.42052481 0.44024111 0.48776881 0.28544473 0.23813027  0.77616665 0.36924902 0.44927303 0.27977425
0.57341026 0.7583689  0.17816098 0.43615554 0.24931968 0.69349413  0.54429777 0.39685821 0.27475615 0.49880303 0.35548195 0.501331  0.54866714 0.35949594 0.32974167 0.31446052
0.55581068 0.77010484 0.18522123 0.47934623 0.23902247 0.70668885  0.48537548 0.38941613 0.28818384 0.51015682 0.33890796 0.50781836  0.50174862 0.32075466 0.26977716 0.31948667
0.476184   0.81808372 0.11473078 0.51013595 0.32306887 0.63945974  0.52985071 0.36039565 0.48121269 0.46570131 0.52960427 0.45729399  0.36358119 0.32448577 0.38797662 0.45114741
0.45775376 0.81740666 0.10966112 0.53201358 0.34846142 0.57765323  0.53662979 0.35534054 0.47293948 0.46019537 0.55721253 0.45385149  0.29939173 0.3402492  0.42639969 0.4127083 
0.43917576 0.81684401 0.11488651 0.56584208 0.35122413 0.56182676  0.47942694 0.35652119 0.49760701 0.48167717 0.51210968 0.47442886  0.29605323 0.33657096 0.45465744 0.43788527
0.40307465 0.81317002 0.12939876 0.61095755 0.35690898 0.53654769  0.3929279  0.40591639 0.56606153 0.45419495 0.56041313 0.45027724  0.29108188 0.37615142 0.48867626 0.38116118
0.36587227 0.79504554 0.12960758 0.63436296 0.39705116 0.40951031  0.40342744 0.45029915 0.51109971 0.41625263 0.55231562 0.43837353  0.27097683 0.39454007 0.51246217 0.31853074
0.36587227 0.79504554 0.12960758 0.63436296 0.39705116 0.40951031  0.40342744 0.45029915 0.51109971 0.41625263 0.55231562 0.43837353  0.27097683 0.39454007 0.51246217 0.31853074
0.3468045  0.78215462 0.1349952  0.64789402 0.40857879 0.36978608  0.38267021 0.46830133 0.49698787 0.42483595 0.49581903 0.45264481  0.27730618 0.40630613 0.55843754 0.33903484
0.3468045  0.78215462 0.1349952  0.64789402 0.40857879 0.36978608  0.38267021 0.46830133 0.49698787 0.42483595 0.49581903 0.45264481  0.27730618 0.40630613 0.55843754 0.33903484
0.3468045  0.78215462 0.1349952  0.64789402 0.40857879 0.36978608  0.38267021 0.46830133 0.49698787 0.42483595 0.49581903 0.45264481  0.27730618 0.40630613 0.55843754 0.33903484
0.3468045  0.78215462 0.1349952  0.64789402 0.40857879 0.36978608  0.38267021 0.46830133 0.49698787 0.42483595 0.49581903 0.45264481  0.27730618 0.40630613 0.55843754 0.33903484
0.3468045  0.78215462 0.1349952  0.64789402 0.40857879 0.36978608  0.38267021 0.46830133 0.49698787 0.42483595 0.49581903 0.45264481  0.27730618 0.40630613 0.55843754 0.33903484
0.3468045  0.78215462 0.1349952  0.64789402 0.40857879 0.36978608  0.38267021 0.46830133 0.49698787 0.42483595 0.49581903 0.45264481  0.27730618 0.40630613 0.55843754 0.33903484
0.32828533 0.76763445 0.13787814 0.64709288 0.42596792 0.31026171  0.39711911 0.50811761 0.46795564 0.37949602 0.51765635 0.42820043  0.32184623 0.41251202 0.50381303 0.29975061
0.32828533 0.76763445 0.13787814 0.64709288 0.42596792 0.31026171  0.39711911 0.50811761 0.46795564 0.37949602 0.51765635 0.42820043  0.32184623 0.41251202 0.50381303 0.29975061
0.32828533 0.76763445 0.13787814 0.64709288 0.42596792 0.31026171  0.39711911 0.50811761 0.46795564 0.37949602 0.51765635 0.42820043  0.32184623 0.41251202 0.50381303 0.29975061
0.32828533 0.76763445 0.13787814 0.64709288 0.42596792 0.31026171  0.39711911 0.50811761 0.46795564 0.37949602 0.51765635 0.42820043  0.32184623 0.41251202 0.50381303 0.29975061
0.32828533 0.76763445 0.13787814 0.64709288 0.42596792 0.31026171  0.39711911 0.50811761 0.46795564 0.37949602 0.51765635 0.42820043  0.32184623 0.41251202 0.50381303 0.29975061
0.30927383 0.75225658 0.1442667  0.65504957 0.43595785 0.27179525  0.38622864 0.52253868 0.44031081 0.38425855 0.4495288  0.44329042  0.35075091 0.41921974 0.53247061 0.32470508
0.30927383 0.75225658 0.1442667  0.65504957 0.43595785 0.27179525  0.38622864 0.52253868 0.44031081 0.38425855 0.4495288  0.44329042  0.35075091 0.41921974 0.53247061 0.32470508
0.27206149 0.7233345  0.16116831 0.66467956 0.44402897 0.23411613  0.3482491  0.55788121 0.44792144 0.35935034 0.40852476 0.4390451  0.48856389 0.44094993 0.48686699 0.35394452
0.27206149 0.7233345  0.16116831 0.66467956 0.44402897 0.23411613  0.3482491  0.55788121 0.44792144 0.35935034 0.40852476 0.4390451  0.48856389 0.44094993 0.48686699 0.35394452
0.27206149 0.7233345  0.16116831 0.66467956 0.44402897 0.23411613  0.3482491  0.55788121 0.44792144 0.35935034 0.40852476 0.4390451  0.48856389 0.44094993 0.48686699 0.35394452
0.27206149 0.7233345  0.16116831 0.66467956 0.44402897 0.23411613  0.3482491  0.55788121 0.44792144 0.35935034 0.40852476 0.4390451  0.48856389 0.44094993 0.48686699 0.35394452
0.25333745 0.70064593 0.17283645 0.654463   0.44128746 0.23811043  0.34253033 0.56505619 0.45606156 0.36169274 0.39083178 0.44246622  0.52140427 0.45854508 0.51176053 0.37590475
0.25333745 0.70064593 0.17283645 0.654463   0.44128746 0.23811043  0.34253033 0.56505619 0.45606156 0.36169274 0.39083178 0.44246622  0.52140427 0.45854508 0.51176053 0.37590475
0.2345208  0.67933821 0.18299878 0.6480313  0.4427636  0.22423684  0.34319384 0.57366837 0.43104127 0.36299962 0.33637673 0.45254522  0.57141463 0.45149581 0.49663536 0.41435045
0.21625817 0.65412082 0.19506601 0.62889281 0.43857058 0.22907568  0.36531516 0.56668024 0.40015686 0.35616439 0.31687244 0.45061495  0.59648246 0.42405524 0.42312625 0.42221165
0.19797194 0.64329213 0.2067118  0.63759506 0.43384906 0.24235597  0.31208334 0.59833454 0.47332288 0.3467646  0.3439906  0.44273949  0.68693868 0.46604942 0.46173992 0.44171225
0.19797194 0.64329213 0.2067118  0.63759506 0.43384906 0.24235597  0.31208334 0.59833454 0.47332288 0.3467646  0.3439906  0.44273949  0.68693868 0.46604942 0.46173992 0.44171225
0.12475926 0.54532726 0.25696668 0.56602093 0.41052312 0.30406096  0.35647356 0.56821154 0.4558955  0.36560271 0.31768151 0.45410007  0.68451924 0.44518632 0.45053904 0.49662044
0.1071065  0.51798108 0.27098066 0.53895884 0.39934412 0.33528698  0.38153081 0.54896678 0.4519925  0.36765957 0.33962035 0.45086753  0.64940369 0.43168907 0.43472692 0.47947059
0.1071065  0.51798108 0.27098066 0.53895884 0.39934412 0.33528698  0.38153081 0.54896678 0.4519925  0.36765957 0.33962035 0.45086753  0.64940369 0.43168907 0.43472692 0.47947059
0.08868438 0.49312488 0.2832111  0.52129632 0.39510112 0.34110976  0.39867016 0.54319679 0.42411075 0.36804061 0.30880001 0.45560621  0.67428197 0.40330112 0.3803598  0.50629408
0.05316535 0.44273058 0.31054829 0.47689463 0.3776646  0.40398201  0.42075284 0.51373867 0.46182271 0.3832114  0.36861157 0.45403535  0.59898857 0.44331769 0.48613169 0.47354656
0.05316535 0.44273058 0.31054829 0.47689463 0.3776646  0.40398201  0.42075284 0.51373867 0.46182271 0.3832114  0.36861157 0.45403535  0.59898857 0.44331769 0.48613169 0.47354656
0.05316535 0.44273058 0.31054829 0.47689463 0.3776646  0.40398201  0.42075284 0.51373867 0.46182271 0.3832114  0.36861157 0.45403535  0.59898857 0.44331769 0.48613169 0.47354656
