0.00039479 0.36283831 0.35232302 0.39930133 0.34523319 0.50234819  0.48417291 0.45702496 0.47508945 0.39693445 0.45000532 0.44589633  0.47476172 0.42761975 0.50206904 0.41641874
0.00039479 0.36283831 0.35232302 0.39930133 0.34523319 0.50234819  0.48417291 0.45702496 0.47508945 0.39693445 0.45000532 0.44589633  0.47476172 0.42761975 0.50206904 0.41641874
0.00039479 0.36283831 0.35232302 0.39930133 0.34523319 0.50234819  0.48417291 0.45702496 0.47508945 0.39693445 0.45000532 0.44589633  0.47476172 0.42761975 0.50206904 0.41641874
0.00039479 0.36283831 0.35232302 0.39930133 0.34523319 0.50234819  0.48417291 0.45702496 0.47508945 0.39693445 0.45000532 0.44589633  0.47476172 0.42761975 0.50206904 0.41641874
0.00039479 0.36283831 0.35232302 0.39930133 0.34523319 0.50234819  0.48417291 0.45702496 0.47508945 0.39693445 0.45000532 0.44589633  0.47476172 0.42761975 0.50206904 0.41641874
0.00039479 0.36283831 0.35232302 0.39930133 0.34523319 0.50234819  0.48417291 0.45702496 0.47508945 0.39693445 0.45000532 0.44589633  0.47476172 0.42761975 0.50206904 0.41641874
0.00039479 0.36283831 0.35232302 0.39930133 0.34523319 0.50234819  0.48417291 0.45702496 0.47508945 0.39693445 0.45000532 0.44589633  0.47476172 0.42761975 0.50206904 0.41641874
0.00039479 0.36283831 0.35232302 0.39930133 0.34523319 0.50234819  0.48417291 0.45702496 0.47508945 0.39693445 0.45000532 0.44589633  0.47476172 0.42761975 0.50206904 0.41641874
0.00039479 0.36283831 0.35232302 0.39930133 0.34523319 0.50234819  0.48417291 0.45702496 0.47508945 0.39693445 0.45000532 0.44589633  0.47476172 0.42761975 0.50206904 0.41641874
0.00039479 0.36283831 0.35232302 0.39930133 0.34523319 0.50234819  0.48417291 0.45702496 0.47508945 0.39693445 0.45000532 0.44589633  0.47476172 0.42761975 0.50206904 0.41641874
0.00039479 0.36283831 0.35232302 0.39930133 0.34523319 0.50234819  0.48417291 0.45702496 0.47508945 0.39693445 0.45000532 0.44589633  0.47476172 0.42761975 0.50206904 0.41641874
0.00039479 0.36283831 0.35232302 0.39930133 0.34523319 0.50234819  0.48417291 0.45702496 0.47508945 0.39693445 0.45000532 0.44589633  0.47476172 0.42761975 0.50206904 0.41641874
0.00039479 0.36283831 0.35232302 0.39930133 0.34523319 0.50234819  0.48417291 0.45702496 0.47508945 0.39693445 0.45000532 0.44589633  0.47476172 0.42761975 0.50206904 0.41641874
0.00039479 0.36283831 0.35232302 0.39930133 0.34523319 0.50234819  0.48417291 0.45702496 0.47508945 0.39693445 0.45000532 0.44589633  0.47476172 0.42761975 0.50206904 0.41641874
0.00039479 0.36283831 0.35232302 0.39930133 0.34523319 0.50234819  0.48417291 0.45702496 0.47508945 0.39693445 0.45000532 0.44589633  0.47476172 0.42761975 0.50206904 0.41641874
0.00039479 0.36283831 0.35232302 0.39930133 0.34523319 0.50234819  0.48417291 0.45702496 0.47508945 0.39693445 0.45000532 0.44589633  0.47476172 0.42761975 0.50206904 0.41641874
0.00039479 0.36283831 0.35232302 0.39930133 0.34523319 0.50234819  0.48417291 0.45702496 0.47508945 0.39693445 0.45000532 0.44589633  0.47476172 0.42761975 0.50206904 0.41641874
0.00039479 0.36283831 0.35232302 0.39930133 0.34523319 0.50234819  0.48417291 0.45702496 0.47508945 0.39693445 0.45000532 0.44589633  0.47476172 0.42761975 0.50206904 0.41641874
0.00039479 0.36283831 0.35232302 0.39930133 0.34523319 0.50234819  0.48417291 0.45702496 0.47508945 0.39693445 0.45000532 0.44589633  0.47476172 0.42761975 0.50206904 0.41641874
0.00039479 0.36283831 0.35232302 0.39930133 0.34523319 0.50234819  0.48417291 0.45702496 0.47508945 0.39693445 0.45000532 0.44589633  0.47476172 0.42761975 0.50206904 0.41641874
0.00039479 0.36283831 0.35232302 0.39930133 0.34523319 0.50234819  0.48417291 0.45702496 0.47508945 0.39693445 0.45000532 0.44589633  0.47476172 0.42761975 0.50206904 0.41641874
0.00039479 0.36283831 0.35232302 0.39930133 0.34523319 0.50234819  0.48417291 0.45702496 0.47508945 0.39693445 0.45000532 0.44589633  0.47476172 0.42761975 0.50206904 0.41641874
0.00039479 0.36283831 0.35232302 0.39930133 0.34523319 0.50234819  0.48417291 0.45702496 0.47508945 0.39693445 0.45000532 0.44589633  0.47476172 0.42761975 0.50206904 0.41641874
0.00039479 0.36283831 0.35232302 0.39930133 0.34523319 0.50234819  0.48417291 0.45702496 0.47508945 0.39693445 0.45000532 0.44589633  0.47476172 0.42761975 0.50206904 0.41641874
0.00039479 0.36283831 0.35232302 0.39930133 0.34523319 0.50234819  0.48417291 0.45702496 0.47508945 0.39693445 0.45000532 0.44589633  0.47476172 0.42761975 0.50206904 0.41641874
0.00039479 0.36283831 0.35232302 0.39930133 0.34523319 0.50234819  0.48417291 0.45702496 0.47508945 0.39693445 0.45000532 0.44589633  0.47476172 0.42761975 0.50206904 0.41641874
0.00039479 0.36283831 0.35232302 0.39930133 0.34523319 0.50234819  0.48417291 0.45702496 0.47508945 0.39693445 0.45000532 0.44589633  0.47476172 0.42761975 0.50206904 0.41641874
0.00039479 0.36283831 0.35232302 0.39930133 0.34523319 0.50234819  0.48417291 0.45702496 0.47508945 0.39693445 0.45000532 0.44589633  0.47476172 0.42761975 0.50206904 0.41641874
0.00039479 0.36283831 0.35232302 0.39930133 0.34523319 0.50234819  0.48417291 0.45702496 0.47508945 0.39693445 0.45000532 0.44589633  0.47476172 0.42761975 0.50206904 0.41641874
0.00039479 0.36283831 0.35232302 0.39930133 0.34523319 0.50234819  0.48417291 0.45702496 0.47508945 0.39693445 0.45000532 0.44589633  0.47476172 0.42761975 0.50206904 0.41641874
0.00039479 0.36283831 0.35232302 0.39930133 0.34523319 0.50234819  0.48417291 0.45702496 0.47508945 0.39693445 0.45000532 0.44589633  0.47476172 0.42761975 0.50206904 0.41641874
0.00039479 0.36283831 0.35232302 0.39930133 0.34523319 0.50234819  0.48417291 0.45702496 0.47508945 0.39693445 0.45000532 0.44589633  0.47476172 0.42761975 0.50206904 0.41641874
0.00039479 0.36283831 0.35232302 0.39930133 0.34523319 0.50234819  0.48417291 0.45702496 0.47508945 0.39693445 0.45000532 0.44589633  0.47476172 0.42761975 0.50206904 0.41641874
0.00039479 0.36283831 0.35232302 0.39930133 0.34523319 0.50234819  0.48417291 0.45702496 0.47508945 0.39693445 0.45000532 0.44589633  0.47476172 0.42761975 0.50206904 0.41641874
0.00039479 0.36283831 0.35232302 0.39930133 0.34523319 0.50234819  0.48417291 0.45702496 0.47508945 0.39693445 0.45000532 0.44589633  0.47476172 0.42761975 0.50206904 0.41641874
0.00039479 0.36283831 0.35232302 0.39930133 0.34523319 0.50234819  0.48417291 0.45702496 0.47508945 0.39693445 0.45000532 0.44589633  0.47476172 0.42761975 0.50206904 0.41641874
0.00039479 0.36283831 0.35232302 0.39930133 0.34523319 0.50234819  0.48417291 0.45702496 0.47508945 0.39693445 0.45000532 0.44589633  0.47476172 0.42761975 0.50206904 0.41641874
0.00039479 0.36283831 0.35232302 0.39930133 0.34523319 0.50234819  0.48417291 0.45702496 0.47508945 0.39693445 0.45000532 0.44589633  0.47476172 0.42761975 0.50206904 0.41641874
0.00039479 0.36283831 0.35232302 0.39930133 0.34523319 0.50234819  0.48417291 0.45702496 0.47508945 0.39693445 0.45000532 0.44589633  0.47476172 0.42761975 0.50206904 0.41641874
0.0177474  0.38984345 0.33852207 0.42635267 0.35697043 0.47086435  0.45750391 0.47765391 0.48169648 0.39463854 0.42895995 0.44917931  0.51265071 0.44991576 0.53083289 0.43501917
0.05385162 0.44061033 0.31309819 0.46837117 0.37022865 0.43849854  0.41571774 0.50372131 0.51783651 0.38911002 0.44374802 0.44518352  0.53330705 0.49457062 0.59718832 0.41964858
0.10786162 0.51748761 0.27322336 0.53437575 0.39564935 0.36461119  0.36755445 0.5435483  0.51719482 0.3742204  0.41316161 0.44485655  0.59761369 0.51439886 0.59810315 0.42069172
0.16234858 0.5943664  0.23421881 0.59717298 0.41644795 0.31112678  0.31719402 0.57357476 0.54175708 0.37199591 0.41307992 0.44658173  0.6010175  0.54104826 0.65563301 0.41258474
0.21623457 0.66850952 0.19464458 0.65673355 0.43804207 0.23751713  0.28996202 0.60532266 0.50420728 0.35359983 0.36349489 0.44466976  0.66187085 0.49348998 0.53524902 0.43385105
0.25377526 0.71250581 0.1728141  0.67338181 0.43930744 0.24739641  0.29501728 0.58953551 0.52108745 0.34995056 0.43564292 0.43116964  0.5790201  0.4829441  0.52548066 0.37344512
0.3096006  0.75888425 0.14743648 0.66666134 0.42476793 0.30648061  0.33841456 0.52775907 0.51323169 0.38782252 0.48224562 0.44034132  0.39502861 0.4379348  0.54581215 0.34446138
0.40197047 0.80122092 0.11412836 0.59313625 0.39279801 0.43561678  0.48338328 0.40431869 0.45461516 0.44585244 0.52249113 0.45944177  0.25829957 0.35595448 0.47543007 0.37470857
0.51122529 0.79950986 0.09455724 0.43195576 0.3493868  0.5994669  0.66683861 0.34610602 0.416032   0.46732754 0.53386627 0.462384  0.40329739 0.37544479 0.47961754 0.45658068
0.57793076 0.72173749 0.0851481  0.2854829  0.35641678 0.57989631  0.7241566  0.42813667 0.47142505 0.403882   0.52061474 0.45679705  0.62536507 0.5269152  0.62728787 0.50764902
0.64101405 0.62368131 0.09027685 0.18951608 0.34841263 0.54636608  0.64270961 0.45044172 0.55978299 0.3628046  0.40964366 0.4952984  0.66888137 0.61935665 0.65333039 0.53368102
0.68951631 0.56074627 0.11763066 0.12574211 0.30721065 0.55517413  0.55652297 0.61012512 0.53321756 0.38904356 0.29689995 0.51959869  0.56756511 0.51930834 0.68275568 0.54745419
0.77037179 0.40333841 0.15227042 0.15669883 0.29299932 0.49224018  0.37719233 0.45987658 0.49406593 0.45571168 0.23604596 0.55599259  0.45923872 0.38733384 0.57680718 0.32691945
0.79415785 0.36297625 0.18025243 0.18791594 0.27865047 0.45321061  0.33989613 0.43092842 0.48379843 0.44901705 0.33981143 0.56570653  0.485514   0.38014125 0.45780067 0.2646153 
0.80974008 0.30945235 0.18457107 0.27217067 0.29106074 0.45417862  0.35569979 0.43687103 0.45524065 0.5184019  0.45232939 0.54563712  0.4925206  0.42358546 0.4155968  0.41458783
0.84415187 0.2840613  0.28304655 0.36121376 0.26345254 0.420452  0.38184441 0.39707452 0.38378919 0.53546109 0.51666315 0.4917766  0.50663345 0.52174261 0.40577086 0.46890074
0.89447223 0.29696287 0.49203848 0.47386398 0.21877629 0.32322521  0.51127494 0.31828117 0.50267697 0.46636288 0.50212843 0.45855234  0.61917239 0.3357403  0.55034598 0.49892948
0.90418781 0.2932777  0.52396863 0.51347999 0.24226591 0.35237842  0.52503192 0.31583236 0.50380847 0.38791804 0.47417106 0.45293273  0.57070756 0.38943431 0.54202239 0.54509354
0.90656611 0.29731406 0.53871834 0.50497247 0.25148189 0.33222413  0.54318395 0.32617057 0.54706499 0.44634146 0.4567568  0.40770013  0.55468862 0.40788152 0.51827444 0.56301513
0.90656611 0.29731406 0.53871834 0.50497247 0.25148189 0.33222413  0.54318395 0.32617057 0.54706499 0.44634146 0.4567568  0.40770013  0.55468862 0.40788152 0.51827444 0.56301513
0.90656611 0.29731406 0.53871834 0.50497247 0.25148189 0.33222413  0.54318395 0.32617057 0.54706499 0.44634146 0.4567568  0.40770013  0.55468862 0.40788152 0.51827444 0.56301513
0.90656611 0.29731406 0.53871834 0.50497247 0.25148189 0.33222413  0.54318395 0.32617057 0.54706499 0.44634146 0.4567568  0.40770013  0.55468862 0.40788152 0.51827444 0.56301513
0.90656611 0.29731406 0.53871834 0.50497247 0.25148189 0.33222413  0.54318395 0.32617057 0.54706499 0.44634146 0.4567568  0.40770013  0.55468862 0.40788152 0.51827444 0.56301513
0.90656611 0.29731406 0.53871834 0.50497247 0.25148189 0.33222413  0.54318395 0.32617057 0.54706499 0.44634146 0.4567568  0.40770013  0.55468862 0.40788152 0.51827444 0.56301513
0.90418781 0.2932777  0.52396863 0.51347999 0.24226591 0.35237842  0.52503192 0.31583236 0.50380847 0.38791804 0.47417106 0.45293273  0.57070756 0.38943431 0.54202239 0.54509354
0.90007401 0.27749585 0.4931173  0.52330197 0.22653837 0.35271664  0.52666129 0.31694591 0.49246702 0.38065616 0.50736606 0.50986927  0.59631533 0.365035   0.55634672 0.57287369
0.86918924 0.25966415 0.34860998 0.45359649 0.24207447 0.4231039  0.42692431 0.38688995 0.35249241 0.5216028  0.52408097 0.5129586  0.59920794 0.5503987  0.45158057 0.36382087
0.86526729 0.27636149 0.35110727 0.41596451 0.22065826 0.39468644  0.40201288 0.36581401 0.34437958 0.53162963 0.55114395 0.51886395  0.61639853 0.51160572 0.45529924 0.37481952
0.86526729 0.27636149 0.35110727 0.41596451 0.22065826 0.39468644  0.40201288 0.36581401 0.34437958 0.53162963 0.55114395 0.51886395  0.61639853 0.51160572 0.45529924 0.37481952
0.86918924 0.25966415 0.34860998 0.45359649 0.24207447 0.4231039  0.42692431 0.38688995 0.35249241 0.5216028  0.52408097 0.5129586  0.59920794 0.5503987  0.45158057 0.36382087
0.86918924 0.25966415 0.34860998 0.45359649 0.24207447 0.4231039  0.42692431 0.38688995 0.35249241 0.5216028  0.52408097 0.5129586  0.59920794 0.5503987  0.45158057 0.36382087
0.86918924 0.25966415 0.34860998 0.45359649 0.24207447 0.4231039  0.42692431 0.38688995 0.35249241 0.5216028  0.52408097 0.5129586  0.59920794 0.5503987  0.45158057 0.36382087
0.90007401 0.27749585 0.4931173  0.52330197 0.22653837 0.35271664  0.52666129 0.31694591 0.49246702 0.38065616 0.50736606 0.50986927  0.59631533 0.365035   0.55634672 0.57287369
0.90656611 0.29731406 0.53871834 0.50497247 0.25148189 0.33222413  0.54318395 0.32617057 0.54706499 0.44634146 0.4567568  0.40770013  0.55468862 0.40788152 0.51827444 0.56301513
0.90656611 0.29731406 0.53871834 0.50497247 0.25148189 0.33222413  0.54318395 0.32617057 0.54706499 0.44634146 0.4567568  0.40770013  0.55468862 0.40788152 0.51827444 0.56301513
0.90656611 0.29731406 0.53871834 0.50497247 0.25148189 0.33222413  0.54318395 0.32617057 0.54706499 0.44634146 0.4567568  0.40770013  0.55468862 0.40788152 0.51827444 0.56301513
0.90656611 0.29731406 0.53871834 0.50497247 0.25148189 0.33222413  0.54318395 0.32617057 0.54706499 0.44634146 0.4567568  0.40770013  0.55468862 0.40788152 0.51827444 0.56301513
0.90656611 0.29731406 0.53871834 0.50497247 0.25148189 0.33222413  0.54318395 0.32617057 0.54706499 0.44634146 0.4567568  0.40770013  0.55468862 0.40788152 0.51827444 0.56301513
0.90656611 0.29731406 0.53871834 0.50497247 0.25148189 0.33222413  0.54318395 0.32617057 0.54706499 0.44634146 0.4567568  0.40770013  0.55468862 0.40788152 0.51827444 0.56301513
0.90656611 0.29731406 0.53871834 0.50497247 0.25148189 0.33222413  0.54318395 0.32617057 0.54706499 0.44634146 0.4567568  0.40770013  0.55468862 0.40788152 0.51827444 0.56301513
0.90656611 0.29731406 0.53871834 0.50497247 0.25148189 0.33222413  0.54318395 0.32617057 0.54706499 0.44634146 0.4567568  0.40770013  0.55468862 0.40788152 0.51827444 0.56301513
0.90656611 0.29731406 0.53871834 0.50497247 0.25148189 0.33222413  0.54318395 0.32617057 0.54706499 0.44634146 0.4567568  0.40770013  0.55468862 0.40788152 0.51827444 0.56301513
0.90656611 0.29731406 0.53871834 0.50497247 0.25148189 0.33222413  0.54318395 0.32617057 0.54706499 0.44634146 0.4567568  0.40770013  0.55468862 0.40788152 0.51827444 0.56301513
0.9024523  0.28153221 0.50786701 0.51479444 0.23575435 0.33256235  0.54481332 0.32728411 0.53572354 0.43907958 0.4899518  0.46463667  0.58029639 0.3834822  0.53259876 0.59079527
0.88932365 0.26415701 0.44058628 0.49715838 0.24685971 0.34465757  0.54633416 0.37784335 0.55209345 0.59117722 0.48713985 0.45665973  0.60927485 0.40520639 0.46826124 0.49380959
0.87954665 0.25257844 0.38939508 0.49111969 0.24576763 0.37688422  0.51464305 0.39384657 0.49832729 0.59145454 0.51175968 0.50899455  0.60982705 0.41988539 0.45004106 0.45660236
0.87954665 0.25257844 0.38939508 0.49111969 0.24576763 0.37688422  0.51464305 0.39384657 0.49832729 0.59145454 0.51175968 0.50899455  0.60982705 0.41988539 0.45004106 0.45660236
0.83303439 0.24918033 0.20903787 0.38437656 0.31234242 0.47336841  0.39119833 0.45597281 0.38896079 0.5778432  0.50042167 0.51152395  0.49033188 0.49636877 0.44900096 0.41712743
0.80173305 0.29358431 0.13888395 0.29218963 0.37434805 0.53827873  0.36432135 0.46223601 0.45383842 0.44944722 0.32254909 0.42516425  0.41128055 0.41612263 0.45279261 0.43863944
0.75925368 0.34798146 0.07565284 0.26106657 0.44490991 0.55673334  0.45041021 0.40469543 0.57851869 0.35780532 0.34114623 0.38400875  0.55160495 0.44729279 0.46609563 0.56413957
0.64657732 0.48113055 0.03426105 0.39183492 0.52149292 0.48712632  0.63095705 0.16865075 0.56912108 0.36492297 0.49019405 0.36944505  0.5848941  0.6612622  0.5619092  0.52129338
0.47320091 0.63229843 0.05943209 0.45744997 0.50581016 0.23623978  0.60909619 0.1566497  0.42375501 0.38515445 0.37256704 0.49068909  0.40047225 0.52181883 0.61278079 0.25903792
0.28443152 0.62500094 0.15122664 0.53125165 0.4776736  0.16477558  0.5747131  0.40309743 0.23727736 0.41846169 0.18784582 0.52102408  0.45894205 0.43333873 0.48059622 0.46574557
0.26974123 0.65437309 0.15819066 0.54995129 0.46969178 0.18165384  0.5824102  0.47273892 0.20726515 0.40844773 0.25536764 0.49170491  0.44169077 0.35906136 0.42031708 0.45878319
0.08822462 0.46366638 0.28286618 0.47182852 0.39941799 0.33786217  0.49986066 0.48194129 0.32369463 0.40582488 0.24110466 0.48740772  0.60798696 0.34770104 0.3509214  0.55039879
0.01779563 0.38669558 0.33863985 0.42004769 0.35385851 0.46460162  0.48109267 0.47190843 0.43452283 0.38595027 0.3992976  0.44733029  0.52908455 0.38078184 0.39373238 0.44873962
0.01779563 0.38669558 0.33863985 0.42004769 0.35385851 0.46460162  0.48109267 0.47190843 0.43452283 0.38595027 0.3992976  0.44733029  0.52908455 0.38078184 0.39373238 0.44873962
0.00039479 0.36283831 0.35232302 0.39930133 0.34523319 0.50234819  0.48417291 0.45702496 0.47508945 0.39693445 0.45000532 0.44589633  0.47476172 0.42761975 0.50206904 0.41641874
0.00039479 0.36283831 0.35232302 0.39930133 0.34523319 0.50234819  0.48417291 0.45702496 0.47508945 0.39693445 0.45000532 0.44589633  0.47476172 0.42761975 0.50206904 0.41641874
0.00039479 0.36283831 0.35232302 0.39930133 0.34523319 0.50234819  0.48417291 0.45702496 0.47508945 0.39693445 0.45000532 0.44589633  0.47476172 0.42761975 0.50206904 0.41641874
0.00039479 0.36283831 0.35232302 0.39930133 0.34523319 0.50234819  0.48417291 0.45702496 0.47508945 0.39693445 0.45000532 0.44589633  0.47476172 0.42761975 0.50206904 0.41641874
0.00039479 0.36283831 0.35232302 0.39930133 0.34523319 0.50234819  0.48417291 0.45702496 0.47508945 0.39693445 0.45000532 0.44589633  0.47476172 0.42761975 0.50206904 0.41641874
0.03514825 0.41370071 0.3248389  0.44709904 0.36559576 0.43311778  0.45442367 0.49253738 0.44112986 0.38365436 0.37825223 0.45061328  0.56697354 0.40307785 0.42249623 0.46734004
0.14221416 0.5409507  0.24353158 0.53802626 0.42209738 0.27593042  0.44301815 0.52105503 0.34543491 0.40024076 0.2248095  0.49051441  0.6480783  0.37841345 0.39885136 0.5569966 
0.38199893 0.77086623 0.10542558 0.57501209 0.44453848 0.29288762  0.56942368 0.42815939 0.34561919 0.41628848 0.48804379 0.45709169  0.27576993 0.38974378 0.50091096 0.33250072
0.66732163 0.56287691 0.08073303 0.18773938 0.3702844  0.54602886  0.58285396 0.37846211 0.55723274 0.40072522 0.32605783 0.50916277  0.65137009 0.48386697 0.6751027  0.48719264
0.74259513 0.43134932 0.10147678 0.12277353 0.34690923 0.49611053  0.42778048 0.44379952 0.59194669 0.38730686 0.23314702 0.52190563  0.48136398 0.35534509 0.62720503 0.43155854
0.79934574 0.26965251 0.0968352  0.3143774  0.4407937  0.6083989  0.34652257 0.43918975 0.41756096 0.36781624 0.27564893 0.30828042  0.48689579 0.27091464 0.61416072 0.45012811
0.8387988  0.18742988 0.15736982 0.45300109 0.40294248 0.56379382  0.36970977 0.45515139 0.30678152 0.5404804  0.47171013 0.33795105  0.49767666 0.3630108  0.63756203 0.49521316
0.84370017 0.16607993 0.15343679 0.49971359 0.42756449 0.60052565  0.39185715 0.47765297 0.29230676 0.52710552 0.45213906 0.32137197  0.49962778 0.37509553 0.67906545 0.47928594
0.85831193 0.14872237 0.19177275 0.56201462 0.4018315  0.58579463  0.43181245 0.47229584 0.30543302 0.55862269 0.50502334 0.39006683  0.57191725 0.37824243 0.63616611 0.48891723
0.87686799 0.11901312 0.23389585 0.65287387 0.39447623 0.58242725  0.50486276 0.48652148 0.36126101 0.58732924 0.51708535 0.46348032  0.64307729 0.34417074 0.58618342 0.44465347
0.88224682 0.09551629 0.23206963 0.71369085 0.42355612 0.62255091  0.55696945 0.52471981 0.39615731 0.56020712 0.47103466 0.49067319  0.60606363 0.40593173 0.54807126 0.4150136 
0.88224682 0.09551629 0.23206963 0.71369085 0.42355612 0.62255091  0.55696945 0.52471981 0.39615731 0.56020712 0.47103466 0.49067319  0.60606363 0.40593173 0.54807126 0.4150136 
0.8834593  0.08975411 0.23211133 0.73270996 0.43158469 0.63462621  0.57969699 0.54233285 0.42007707 0.54547601 0.44883607 0.51894149  0.58235058 0.43148271 0.51450377 0.38817655
0.8834593  0.08975411 0.23211133 0.73270996 0.43158469 0.63462621  0.57969699 0.54233285 0.42007707 0.54547601 0.44883607 0.51894149  0.58235058 0.43148271 0.51450377 0.38817655
0.8793831  0.10027996 0.22200467 0.70539346 0.42862446 0.65409045  0.53344268 0.53917006 0.33909136 0.50467493 0.43742523 0.50013568  0.55960967 0.50537421 0.5433645  0.31694592
0.87054753 0.09367183 0.18543666 0.7108746  0.47785794 0.69561025  0.56578755 0.57991825 0.40018821 0.46188648 0.35619223 0.49053596  0.48901855 0.4799245  0.55393323 0.29875957
0.83983312 0.14607347 0.12034099 0.56035522 0.49631586 0.69186446  0.45879695 0.53842889 0.38514313 0.42631188 0.32437134 0.34769678  0.41447935 0.4598149  0.56738643 0.45654298
0.83983312 0.14607347 0.12034099 0.56035522 0.49631586 0.69186446  0.45879695 0.53842889 0.38514313 0.42631188 0.32437134 0.34769678  0.41447935 0.4598149  0.56738643 0.45654298
0.83024556 0.17719517 0.11319799 0.50418802 0.49951586 0.70447254  0.4225529  0.51687863 0.35600882 0.38662942 0.24810697 0.28803676  0.42543946 0.41764668 0.63974327 0.40111581
0.81792082 0.19184106 0.08554442 0.47808378 0.52935228 0.72526902  0.42837162 0.51109002 0.40333093 0.33696493 0.2029051  0.25899991  0.44164123 0.37789661 0.63411773 0.43747564
0.81537622 0.20344082 0.08762222 0.44582851 0.51047077 0.69919957  0.39586853 0.48477267 0.3774267  0.35938579 0.24306986 0.23433486  0.46590999 0.34861932 0.64853095 0.49091055
0.79503718 0.2841702  0.099266   0.30821013 0.44037828 0.61725794  0.38319139 0.46852535 0.48032586 0.362388   0.21169459 0.3538173  0.4560628  0.33367651 0.59095452 0.39764111
0.77614688 0.35913635 0.11187279 0.18002646 0.3685647  0.52914322  0.3629062  0.45119061 0.54956644 0.36328806 0.22469556 0.46706453  0.46203359 0.29042088 0.54215583 0.32089196
0.72789242 0.45773556 0.08903931 0.12557578 0.36356117 0.51069479  0.46328119 0.40233599 0.6187462  0.36406978 0.2546431  0.51483709  0.59956313 0.418504   0.5901102  0.45241958
0.72789242 0.45773556 0.08903931 0.12557578 0.36356117 0.51069479  0.46328119 0.40233599 0.6187462  0.36406978 0.2546431  0.51483709  0.59956313 0.418504   0.5901102  0.45241958
0.71481644 0.49307996 0.09631979 0.12825407 0.3450387  0.53617585  0.49845024 0.449      0.58042891 0.38609797 0.23191715 0.52869951  0.60494917 0.45561787 0.66422429 0.48769129
0.68723405 0.55996    0.110919   0.15113453 0.31664177 0.58258188  0.55177573 0.54226775 0.50257303 0.41530716 0.24889024 0.5218364  0.59098022 0.43587574 0.71330272 0.52024155
0.67480498 0.59292582 0.12254547 0.14779396 0.29715051 0.58787299  0.57716046 0.62663905 0.48663181 0.41295381 0.29182897 0.51471122  0.56774352 0.46969747 0.70233725 0.54865251
0.62964615 0.67993392 0.12824543 0.21117154 0.29032701 0.64523296  0.62443677 0.6825204  0.42065696 0.40086651 0.42113481 0.45573688  0.62286445 0.37810761 0.55117293 0.53012125
0.56370184 0.76843772 0.12148377 0.35482595 0.2947399  0.68966142  0.62932641 0.44626902 0.37409907 0.44619714 0.40193544 0.46135294  0.57135481 0.37641643 0.39158679 0.4737371 
0.52826285 0.79148284 0.12973501 0.44155936 0.28650172 0.69434677  0.53662539 0.39424571 0.38866377 0.4869265  0.35700807 0.48543846  0.44436016 0.30729342 0.32176077 0.46668513
0.45675279 0.78975063 0.17367113 0.54263984 0.25444472 0.7488989  0.27464338 0.48903668 0.62294561 0.45363273 0.42513252 0.45497785  0.57122483 0.35661154 0.34555888 0.45810849
0.45351998 0.76763542 0.20636954 0.57002937 0.22917123 0.76204393  0.1711694  0.51896659 0.61766301 0.48069957 0.34741886 0.47216885  0.63848371 0.374273   0.33153462 0.43454   
0.45351998 0.76763542 0.20636954 0.57002937 0.22917123 0.76204393  0.1711694  0.51896659 0.61766301 0.48069957 0.34741886 0.47216885  0.63848371 0.374273   0.33153462 0.43454   
0.45351998 0.76763542 0.20636954 0.57002937 0.22917123 0.76204393  0.1711694  0.51896659 0.61766301 0.48069957 0.34741886 0.47216885  0.63848371 0.374273   0.33153462 0.43454   
0.54142394 0.88610014 0.66544933 0.58244674 0.47431596 0.7131059  0.19873093 0.39131994 0.6424175  0.45090314 0.3093412  0.34215741  0.7738766  0.43251855 0.33641115 0.25260911
0.54875895 0.89046318 0.69830262 0.59809876 0.4611372  0.70027494  0.20836455 0.36428546 0.63302892 0.3672235  0.31304754 0.34984862  0.77617238 0.39589333 0.40535359 0.29243207
0.5546507  0.90315422 0.73253972 0.59480219 0.45701711 0.68649995  0.2238767  0.35423816 0.6456337  0.34268849 0.28567427 0.30984803  0.73883411 0.41540377 0.3888903  0.31563714
0.59338085 0.92060116 0.73425914 0.52780391 0.50345361 0.72085869  0.32397292 0.33854711 0.55438381 0.3034132  0.39483003 0.31929855  0.66123994 0.37968471 0.32969356 0.26645163
0.67263676 0.85539833 0.84110171 0.43328406 0.55958201 0.67694641  0.35015218 0.5539191  0.50430549 0.48349248 0.54225675 0.38015624  0.77782971 0.4373469  0.39937438 0.24632243
0.72730254 0.83956639 0.85268596 0.32102591 0.67325677 0.6421252  0.43971219 0.6034627  0.45390541 0.53949507 0.58564542 0.44237694  0.75054315 0.37577473 0.46213803 0.26545447
0.7595278  0.79107261 0.85567026 0.25776225 0.67075198 0.60856929  0.43052211 0.70520203 0.47448425 0.52517668 0.58684649 0.44522489  0.71639024 0.34510081 0.58342905 0.28151919
0.78978144 0.75409878 0.84294752 0.22709001 0.65422509 0.57997916  0.45538377 0.71513387 0.35496981 0.49680104 0.56951634 0.50137783  0.57754665 0.29204586 0.68678332 0.27467903
0.78978144 0.75409878 0.84294752 0.22709001 0.65422509 0.57997916  0.45538377 0.71513387 0.35496981 0.49680104 0.56951634 0.50137783  0.57754665 0.29204586 0.68678332 0.27467903
0.80698555 0.75127756 0.82899586 0.20352978 0.66830255 0.54967897  0.52886549 0.67490954 0.27027451 0.52919681 0.49571919 0.53296299  0.54500202 0.26882594 0.69818022 0.31747383
0.80698555 0.75127756 0.82899586 0.20352978 0.66830255 0.54967897  0.52886549 0.67490954 0.27027451 0.52919681 0.49571919 0.53296299  0.54500202 0.26882594 0.69818022 0.31747383
0.80686064 0.74804859 0.82184674 0.21193209 0.62927928 0.53599108  0.54293384 0.67197586 0.28405727 0.52302359 0.46279103 0.48439415  0.53329721 0.28636778 0.69394339 0.29959931
0.80409449 0.7333246  0.78945527 0.24139569 0.52303858 0.51312286  0.5661288  0.6577988  0.30006222 0.48876239 0.40777182 0.41366497  0.52214368 0.31528898 0.69890786 0.26356071
0.82656684 0.64821143 0.72288063 0.21811078 0.44323035 0.43238718  0.57334726 0.61067213 0.42183407 0.51311666 0.30590156 0.34429907  0.54557116 0.46743964 0.70736581 0.18832003
0.83489371 0.60271474 0.67362171 0.21255179 0.4217953  0.43114585  0.55526798 0.5403762  0.41740721 0.51988873 0.26554475 0.425962  0.61529569 0.53955882 0.76406894 0.16085031
0.84283409 0.45589927 0.4984914  0.31417757 0.1482787  0.34912246  0.52728898 0.41087412 0.46199942 0.34646306 0.31941272 0.53448225  0.58579309 0.3986194  0.75615882 0.27128682
0.81441348 0.37659414 0.28338375 0.26648843 0.19942797 0.42624767  0.41072127 0.41841565 0.38456415 0.52586265 0.34993637 0.6380479  0.6353022  0.44082584 0.66133325 0.12906201
0.82681936 0.34122362 0.27687556 0.2709314  0.2154311  0.40266845  0.37326685 0.40389832 0.40948928 0.49880042 0.41263361 0.61349707  0.6152551  0.37890624 0.56730868 0.10200643
0.81543918 0.34621525 0.24238534 0.24415728 0.24578307 0.4181188  0.37310864 0.41832915 0.44468191 0.47843284 0.37156538 0.5792323  0.56893274 0.32417922 0.59229063 0.137255  
0.83157546 0.29075133 0.24215982 0.32475043 0.26131302 0.4274813  0.37971175 0.41651976 0.40631537 0.52700191 0.47003537 0.55474328  0.59865181 0.31843214 0.60943316 0.23955872
0.8508947  0.1794169  0.18971596 0.4829669  0.37953673 0.55920978  0.36322929 0.44003338 0.25686024 0.54497038 0.49591296 0.35528084  0.56098862 0.38423336 0.6416018  0.41629396
0.8508947  0.1794169  0.18971596 0.4829669  0.37953673 0.55920978  0.36322929 0.44003338 0.25686024 0.54497038 0.49591296 0.35528084  0.56098862 0.38423336 0.6416018  0.41629396
0.85971803 0.1413696  0.18328565 0.56731137 0.42557495 0.62435907  0.4102881  0.48361089 0.25049832 0.52156866 0.44927891 0.33279642  0.54574915 0.43511107 0.67938656 0.38936809
0.85971803 0.1413696  0.18328565 0.56731137 0.42557495 0.62435907  0.4102881  0.48361089 0.25049832 0.52156866 0.44927891 0.33279642  0.54574915 0.43511107 0.67938656 0.38936809
0.85971803 0.1413696  0.18328565 0.56731137 0.42557495 0.62435907  0.4102881  0.48361089 0.25049832 0.52156866 0.44927891 0.33279642  0.54574915 0.43511107 0.67938656 0.38936809
0.86226263 0.12976984 0.18120785 0.59956664 0.44445646 0.65042852  0.44279118 0.50992825 0.27640254 0.4991478  0.40911414 0.35746147  0.52148039 0.46438837 0.66497334 0.33593318
0.83784199 0.15242872 0.12120813 0.54349659 0.49769862 0.67580905  0.45509038 0.51925765 0.37364593 0.44499333 0.33970945 0.31109484  0.47437019 0.40341574 0.65530802 0.45121221
0.83784199 0.15242872 0.12120813 0.54349659 0.49769862 0.67580905  0.45509038 0.51925765 0.37364593 0.44499333 0.33970945 0.31109484  0.47437019 0.40341574 0.65530802 0.45121221
0.82946691 0.17778823 0.11410682 0.50634849 0.50892719 0.70049242  0.44157387 0.51532044 0.36843138 0.39057976 0.24124648 0.27970311  0.46161726 0.3867985  0.69409737 0.36894799
0.81792082 0.19184106 0.08554442 0.47808378 0.52935228 0.72526902  0.42837162 0.51109002 0.40333093 0.33696493 0.2029051  0.25899991  0.44164123 0.37789661 0.63411773 0.43747564
0.81792082 0.19184106 0.08554442 0.47808378 0.52935228 0.72526902  0.42837162 0.51109002 0.40333093 0.33696493 0.2029051  0.25899991  0.44164123 0.37789661 0.63411773 0.43747564
0.81792082 0.19184106 0.08554442 0.47808378 0.52935228 0.72526902  0.42837162 0.51109002 0.40333093 0.33696493 0.2029051  0.25899991  0.44164123 0.37789661 0.63411773 0.43747564
0.81792082 0.19184106 0.08554442 0.47808378 0.52935228 0.72526902  0.42837162 0.51109002 0.40333093 0.33696493 0.2029051  0.25899991  0.44164123 0.37789661 0.63411773 0.43747564
0.81792082 0.19184106 0.08554442 0.47808378 0.52935228 0.72526902  0.42837162 0.51109002 0.40333093 0.33696493 0.2029051  0.25899991  0.44164123 0.37789661 0.63411773 0.43747564
0.81792082 0.19184106 0.08554442 0.47808378 0.52935228 0.72526902  0.42837162 0.51109002 0.40333093 0.33696493 0.2029051  0.25899991  0.44164123 0.37789661 0.63411773 0.43747564
0.81792082 0.19184106 0.08554442 0.47808378 0.52935228 0.72526902  0.42837162 0.51109002 0.40333093 0.33696493 0.2029051  0.25899991  0.44164123 0.37789661 0.63411773 0.43747564
0.79464263 0.23472791 0.06400266 0.42395352 0.53313523 0.69279396  0.47575619 0.50700616 0.49338272 0.30237128 0.20839415 0.30286082  0.45253888 0.36056949 0.71299793 0.42368899
0.72036924 0.36799891 0.02898296 0.40515666 0.54608155 0.64266519  0.57179626 0.27977047 0.57251362 0.24339132 0.35177291 0.32676387  0.69888923 0.45535919 0.66396981 0.36832676
0.72036924 0.36799891 0.02898296 0.40515666 0.54608155 0.64266519  0.57179626 0.27977047 0.57251362 0.24339132 0.35177291 0.32676387  0.69888923 0.45535919 0.66396981 0.36832676
0.57721724 0.59444296 0.04227682 0.32986741 0.47337239 0.37430113  0.63245475 0.14079834 0.55804274 0.34962257 0.48961155 0.46115735  0.54603491 0.50823682 0.57812915 0.31647757
0.50160613 0.72736696 0.06957837 0.44421326 0.424064   0.44486029  0.65750952 0.22566477 0.42696115 0.43345063 0.48688913 0.4729652  0.37935823 0.43468683 0.56464215 0.34744558
0.34445982 0.73531648 0.11915741 0.57303031 0.46379951 0.22052313  0.57925822 0.45828153 0.28030893 0.38781631 0.41432293 0.45579546  0.3693052  0.3927589  0.4419658  0.34198385
0.14250229 0.52334902 0.24553364 0.50175215 0.41884699 0.27902594  0.53085694 0.47317229 0.24020446 0.39972237 0.19856762 0.49199186  0.5601327  0.30941409 0.28611943 0.51960144
0.14250229 0.52334902 0.24553364 0.50175215 0.41884699 0.27902594  0.53085694 0.47317229 0.24020446 0.39972237 0.19856762 0.49199186  0.5601327  0.30941409 0.28611943 0.51960144
0.05336775 0.43914143 0.31083182 0.46832666 0.37416152 0.39938838  0.45143619 0.50292086 0.40448693 0.37548598 0.33684065 0.45259001  0.60541605 0.3574237  0.32371238 0.49045415
0.01779563 0.38669558 0.33863985 0.42004769 0.35385851 0.46460162  0.48109267 0.47190843 0.43452283 0.38595027 0.3992976  0.44733029  0.52908455 0.38078184 0.39373238 0.44873962
0.00039479 0.36283831 0.35232302 0.39930133 0.34523319 0.50234819  0.48417291 0.45702496 0.47508945 0.39693445 0.45000532 0.44589633  0.47476172 0.42761975 0.50206904 0.41641874
0.00039479 0.36283831 0.35232302 0.39930133 0.34523319 0.50234819  0.48417291 0.45702496 0.47508945 0.39693445 0.45000532 0.44589633  0.47476172 0.42761975 0.50206904 0.41641874
0.00039479 0.36283831 0.35232302 0.39930133 0.34523319 0.50234819  0.48417291 0.45702496 0.47508945 0.39693445 0.45000532 0.44589633  0.47476172 0.42761975 0.50206904 0.41641874
0.00039479 0.36283831 0.35232302 0.39930133 0.34523319 0.50234819  0.48417291 0.45702496 0.47508945 0.39693445 0.45000532 0.44589633  0.47476172 0.42761975 0.50206904 0.41641874
0.00039479 0.36283831 0.35232302 0.39930133 0.34523319 0.50234819  0.48417291 0.45702496 0.47508945 0.39693445 0.45000532 0.44589633  0.47476172 0.42761975 0.50206904 0.41641874
0.00039479 0.36283831 0.35232302 0.39930133 0.34523319 0.50234819  0.48417291 0.45702496 0.47508945 0.39693445 0.45000532 0.44589633  0.47476172 0.42761975 0.50206904 0.41641874
0.00039479 0.36283831 0.35232302 0.39930133 0.34523319 0.50234819  0.48417291 0.45702496 0.47508945 0.39693445 0.45000532 0.44589633  0.47476172 0.42761975 0.50206904 0.41641874
0.00039479 0.36283831 0.35232302 0.39930133 0.34523319 0.50234819  0.48417291 0.45702496 0.47508945 0.39693445 0.45000532 0.44589633  0.47476172 0.42761975 0.50206904 0.41641874
0.00039479 0.36283831 0.35232302 0.39930133 0.34523319 0.50234819  0.48417291 0.45702496 0.47508945 0.39693445 0.45000532 0.44589633  0.47476172 0.42761975 0.50206904 0.41641874
0.00039479 0.36283831 0.35232302 0.39930133 0.34523319 0.50234819  0.48417291 0.45702496 0.47508945 0.39693445 0.45000532 0.44589633  0.47476172 0.42761975 0.50206904 0.41641874
0.00039479 0.36283831 0.35232302 0.39930133 0.34523319 0.50234819  0.48417291 0.45702496 0.47508945 0.39693445 0.45000532 0.44589633  0.47476172 0.42761975 0.50206904 0.41641874
0.00039479 0.36283831 0.35232302 0.39930133 0.34523319 0.50234819  0.48417291 0.45702496 0.47508945 0.39693445 0.45000532 0.44589633  0.47476172 0.42761975 0.50206904 0.41641874
0.00039479 0.36283831 0.35232302 0.39930133 0.34523319 0.50234819  0.48417291 0.45702496 0.47508945 0.39693445 0.45000532 0.44589633  0.47476172 0.42761975 0.50206904 0.41641874
0.00039479 0.36283831 0.35232302 0.39930133 0.34523319 0.50234819  0.48417291 0.45702496 0.47508945 0.39693445 0.45000532 0.44589633  0.47476172 0.42761975 0.50206904 0.41641874
0.00039479 0.36283831 0.35232302 0.39930133 0.34523319 0.50234819  0.48417291 0.45702496 0.47508945 0.39693445 0.45000532 0.44589633  0.47476172 0.42761975 0.50206904 0.41641874
0.00039479 0.36283831 0.35232302 0.39930133 0.34523319 0.50234819  0.48417291 0.45702496 0.47508945 0.39693445 0.45000532 0.44589633  0.47476172 0.42761975 0.50206904 0.41641874
0.00039479 0.36283831 0.35232302 0.39930133 0.34523319 0.50234819  0.48417291 0.45702496 0.47508945 0.39693445 0.45000532 0.44589633  0.47476172 0.42761975 0.50206904 0.41641874
0.00039479 0.36283831 0.35232302 0.39930133 0.34523319 0.50234819  0.48417291 0.45702496 0.47508945 0.39693445 0.45000532 0.44589633  0.47476172 0.42761975 0.50206904 0.41641874
0.00039479 0.36283831 0.35232302 0.39930133 0.34523319 0.50234819  0.48417291 0.45702496 0.47508945 0.39693445 0.45000532 0.44589633  0.47476172 0.42761975 0.50206904 0.41641874
0.00039479 0.36283831 0.35232302 0.39930133 0.34523319 0.50234819  0.48417291 0.45702496 0.47508945 0.39693445 0.45000532 0.44589633  0.47476172 0.42761975 0.50206904 0.41641874
0.00039479 0.36283831 0.35232302 0.39930133 0.34523319 0.50234819  0.48417291 0.45702496 0.47508945 0.39693445 0.45000532 0.44589633  0.47476172 0.42761975 0.50206904 0.41641874
