0.00039479 0.36283831 0.35232302 0.39930133 0.34523319 0.50234819  0.48417291 0.45702496 0.47508945 0.39693445 0.45000532 0.44589633  0.47476172 0.42761975 0.50206904 0.41641874
0.00039479 0.36283831 0.35232302 0.39930133 0.34523319 0.50234819  0.48417291 0.45702496 0.47508945 0.39693445 0.45000532 0.44589633  0.47476172 0.42761975 0.50206904 0.41641874
0.00039479 0.36283831 0.35232302 0.39930133 0.34523319 0.50234819  0.48417291 0.45702496 0.47508945 0.39693445 0.45000532 0.44589633  0.47476172 0.42761975 0.50206904 0.41641874
0.00039479 0.36283831 0.35232302 0.39930133 0.34523319 0.50234819  0.48417291 0.45702496 0.47508945 0.39693445 0.45000532 0.44589633  0.47476172 0.42761975 0.50206904 0.41641874
0.00039479 0.36283831 0.35232302 0.39930133 0.34523319 0.50234819  0.48417291 0.45702496 0.47508945 0.39693445 0.45000532 0.44589633  0.47476172 0.42761975 0.50206904 0.41641874
0.00039479 0.36283831 0.35232302 0.39930133 0.34523319 0.50234819  0.48417291 0.45702496 0.47508945 0.39693445 0.45000532 0.44589633  0.47476172 0.42761975 0.50206904 0.41641874
0.00039479 0.36283831 0.35232302 0.39930133 0.34523319 0.50234819  0.48417291 0.45702496 0.47508945 0.39693445 0.45000532 0.44589633  0.47476172 0.42761975 0.50206904 0.41641874
0.00039479 0.36283831 0.35232302 0.39930133 0.34523319 0.50234819  0.48417291 0.45702496 0.47508945 0.39693445 0.45000532 0.44589633  0.47476172 0.42761975 0.50206904 0.41641874
0.00039479 0.36283831 0.35232302 0.39930133 0.34523319 0.50234819  0.48417291 0.45702496 0.47508945 0.39693445 0.45000532 0.44589633  0.47476172 0.42761975 0.50206904 0.41641874
0.00039479 0.36283831 0.35232302 0.39930133 0.34523319 0.50234819  0.48417291 0.45702496 0.47508945 0.39693445 0.45000532 0.44589633  0.47476172 0.42761975 0.50206904 0.41641874
0.00039479 0.36283831 0.35232302 0.39930133 0.34523319 0.50234819  0.48417291 0.45702496 0.47508945 0.39693445 0.45000532 0.44589633  0.47476172 0.42761975 0.50206904 0.41641874
0.00039479 0.36283831 0.35232302 0.39930133 0.34523319 0.50234819  0.48417291 0.45702496 0.47508945 0.39693445 0.45000532 0.44589633  0.47476172 0.42761975 0.50206904 0.41641874
0.00039479 0.36283831 0.35232302 0.39930133 0.34523319 0.50234819  0.48417291 0.45702496 0.47508945 0.39693445 0.45000532 0.44589633  0.47476172 0.42761975 0.50206904 0.41641874
0.00039479 0.36283831 0.35232302 0.39930133 0.34523319 0.50234819  0.48417291 0.45702496 0.47508945 0.39693445 0.45000532 0.44589633  0.47476172 0.42761975 0.50206904 0.41641874
0.00039479 0.36283831 0.35232302 0.39930133 0.34523319 0.50234819  0.48417291 0.45702496 0.47508945 0.39693445 0.45000532 0.44589633  0.47476172 0.42761975 0.50206904 0.41641874
0.00039479 0.36283831 0.35232302 0.39930133 0.34523319 0.50234819  0.48417291 0.45702496 0.47508945 0.39693445 0.45000532 0.44589633  0.47476172 0.42761975 0.50206904 0.41641874
0.00039479 0.36283831 0.35232302 0.39930133 0.34523319 0.50234819  0.48417291 0.45702496 0.47508945 0.39693445 0.45000532 0.44589633  0.47476172 0.42761975 0.50206904 0.41641874
0.00039479 0.36283831 0.35232302 0.39930133 0.34523319 0.50234819  0.48417291 0.45702496 0.47508945 0.39693445 0.45000532 0.44589633  0.47476172 0.42761975 0.50206904 0.41641874
0.00039479 0.36283831 0.35232302 0.39930133 0.34523319 0.50234819  0.48417291 0.45702496 0.47508945 0.39693445 0.45000532 0.44589633  0.47476172 0.42761975 0.50206904 0.41641874
0.00039479 0.36283831 0.35232302 0.39930133 0.34523319 0.50234819  0.48417291 0.45702496 0.47508945 0.39693445 0.45000532 0.44589633  0.47476172 0.42761975 0.50206904 0.41641874
0.00039479 0.36283831 0.35232302 0.39930133 0.34523319 0.50234819  0.48417291 0.45702496 0.47508945 0.39693445 0.45000532 0.44589633  0.47476172 0.42761975 0.50206904 0.41641874
0.00039479 0.36283831 0.35232302 0.39930133 0.34523319 0.50234819  0.48417291 0.45702496 0.47508945 0.39693445 0.45000532 0.44589633  0.47476172 0.42761975 0.50206904 0.41641874
0.00039479 0.36283831 0.35232302 0.39930133 0.34523319 0.50234819  0.48417291 0.45702496 0.47508945 0.39693445 0.45000532 0.44589633  0.47476172 0.42761975 0.50206904 0.41641874
0.00039479 0.36283831 0.35232302 0.39930133 0.34523319 0.50234819  0.48417291 0.45702496 0.47508945 0.39693445 0.45000532 0.44589633  0.47476172 0.42761975 0.50206904 0.41641874
0.00039479 0.36283831 0.35232302 0.39930133 0.34523319 0.50234819  0.48417291 0.45702496 0.47508945 0.39693445 0.45000532 0.44589633  0.47476172 0.42761975 0.50206904 0.41641874
0.00039479 0.36283831 0.35232302 0.39930133 0.34523319 0.50234819  0.48417291 0.45702496 0.47508945 0.39693445 0.45000532 0.44589633  0.47476172 0.42761975 0.50206904 0.41641874
0.00039479 0.36283831 0.35232302 0.39930133 0.34523319 0.50234819  0.48417291 0.45702496 0.47508945 0.39693445 0.45000532 0.44589633  0.47476172 0.42761975 0.50206904 0.41641874
0.00039479 0.36283831 0.35232302 0.39930133 0.34523319 0.50234819  0.48417291 0.45702496 0.47508945 0.39693445 0.45000532 0.44589633  0.47476172 0.42761975 0.50206904 0.41641874
0.00039479 0.36283831 0.35232302 0.39930133 0.34523319 0.50234819  0.48417291 0.45702496 0.47508945 0.39693445 0.45000532 0.44589633  0.47476172 0.42761975 0.50206904 0.41641874
0.00039479 0.36283831 0.35232302 0.39930133 0.34523319 0.50234819  0.48417291 0.45702496 0.47508945 0.39693445 0.45000532 0.44589633  0.47476172 0.42761975 0.50206904 0.41641874
0.00039479 0.36283831 0.35232302 0.39930133 0.34523319 0.50234819  0.48417291 0.45702496 0.47508945 0.39693445 0.45000532 0.44589633  0.47476172 0.42761975 0.50206904 0.41641874
0.00039479 0.36283831 0.35232302 0.39930133 0.34523319 0.50234819  0.48417291 0.45702496 0.47508945 0.39693445 0.45000532 0.44589633  0.47476172 0.42761975 0.50206904 0.41641874
0.00039479 0.36283831 0.35232302 0.39930133 0.34523319 0.50234819  0.48417291 0.45702496 0.47508945 0.39693445 0.45000532 0.44589633  0.47476172 0.42761975 0.50206904 0.41641874
0.00039479 0.36283831 0.35232302 0.39930133 0.34523319 0.50234819  0.48417291 0.45702496 0.47508945 0.39693445 0.45000532 0.44589633  0.47476172 0.42761975 0.50206904 0.41641874
0.00039479 0.36283831 0.35232302 0.39930133 0.34523319 0.50234819  0.48417291 0.45702496 0.47508945 0.39693445 0.45000532 0.44589633  0.47476172 0.42761975 0.50206904 0.41641874
0.00039479 0.36283831 0.35232302 0.39930133 0.34523319 0.50234819  0.48417291 0.45702496 0.47508945 0.39693445 0.45000532 0.44589633  0.47476172 0.42761975 0.50206904 0.41641874
0.00039479 0.36283831 0.35232302 0.39930133 0.34523319 0.50234819  0.48417291 0.45702496 0.47508945 0.39693445 0.45000532 0.44589633  0.47476172 0.42761975 0.50206904 0.41641874
0.00039479 0.36283831 0.35232302 0.39930133 0.34523319 0.50234819  0.48417291 0.45702496 0.47508945 0.39693445 0.45000532 0.44589633  0.47476172 0.42761975 0.50206904 0.41641874
0.00039479 0.36283831 0.35232302 0.39930133 0.34523319 0.50234819  0.48417291 0.45702496 0.47508945 0.39693445 0.45000532 0.44589633  0.47476172 0.42761975 0.50206904 0.41641874
0.00039479 0.36283831 0.35232302 0.39930133 0.34523319 0.50234819  0.48417291 0.45702496 0.47508945 0.39693445 0.45000532 0.44589633  0.47476172 0.42761975 0.50206904 0.41641874
0.00039479 0.36283831 0.35232302 0.39930133 0.34523319 0.50234819  0.48417291 0.45702496 0.47508945 0.39693445 0.45000532 0.44589633  0.47476172 0.42761975 0.50206904 0.41641874
0.00039479 0.36283831 0.35232302 0.39930133 0.34523319 0.50234819  0.48417291 0.45702496 0.47508945 0.39693445 0.45000532 0.44589633  0.47476172 0.42761975 0.50206904 0.41641874
0.00039479 0.36283831 0.35232302 0.39930133 0.34523319 0.50234819  0.48417291 0.45702496 0.47508945 0.39693445 0.45000532 0.44589633  0.47476172 0.42761975 0.50206904 0.41641874
0.00039479 0.36283831 0.35232302 0.39930133 0.34523319 0.50234819  0.48417291 0.45702496 0.47508945 0.39693445 0.45000532 0.44589633  0.47476172 0.42761975 0.50206904 0.41641874
0.00039479 0.36283831 0.35232302 0.39930133 0.34523319 0.50234819  0.48417291 0.45702496 0.47508945 0.39693445 0.45000532 0.44589633  0.47476172 0.42761975 0.50206904 0.41641874
0.00039479 0.36283831 0.35232302 0.39930133 0.34523319 0.50234819  0.48417291 0.45702496 0.47508945 0.39693445 0.45000532 0.44589633  0.47476172 0.42761975 0.50206904 0.41641874
0.00039479 0.36283831 0.35232302 0.39930133 0.34523319 0.50234819  0.48417291 0.45702496 0.47508945 0.39693445 0.45000532 0.44589633  0.47476172 0.42761975 0.50206904 0.41641874
0.00039479 0.36283831 0.35232302 0.39930133 0.34523319 0.50234819  0.48417291 0.45702496 0.47508945 0.39693445 0.45000532 0.44589633  0.47476172 0.42761975 0.50206904 0.41641874
0.00039479 0.36283831 0.35232302 0.39930133 0.34523319 0.50234819  0.48417291 0.45702496 0.47508945 0.39693445 0.45000532 0.44589633  0.47476172 0.42761975 0.50206904 0.41641874
0.00039479 0.36283831 0.35232302 0.39930133 0.34523319 0.50234819  0.48417291 0.45702496 0.47508945 0.39693445 0.45000532 0.44589633  0.47476172 0.42761975 0.50206904 0.41641874
0.00039479 0.36283831 0.35232302 0.39930133 0.34523319 0.50234819  0.48417291 0.45702496 0.47508945 0.39693445 0.45000532 0.44589633  0.47476172 0.42761975 0.50206904 0.41641874
0.00039479 0.36283831 0.35232302 0.39930133 0.34523319 0.50234819  0.48417291 0.45702496 0.47508945 0.39693445 0.45000532 0.44589633  0.47476172 0.42761975 0.50206904 0.41641874
0.00039479 0.36283831 0.35232302 0.39930133 0.34523319 0.50234819  0.48417291 0.45702496 0.47508945 0.39693445 0.45000532 0.44589633  0.47476172 0.42761975 0.50206904 0.41641874
0.05295748 0.44105795 0.31047847 0.47423707 0.37661473 0.39820267  0.43339135 0.51107118 0.43325487 0.38045997 0.34459946 0.45442981  0.6091228  0.40002928 0.40593895 0.49183507
0.19822993 0.63976902 0.2113469  0.62904768 0.42015797 0.28797215  0.31534082 0.56451965 0.47193918 0.39561439 0.3079572  0.47393271  0.605324   0.41278515 0.49109218 0.51203518
0.41955001 0.77793185 0.12340498 0.53519908 0.36101258 0.54483626  0.50530479 0.34909661 0.48945544 0.51025324 0.45311022 0.50247795  0.36361993 0.36695477 0.52637735 0.51838457
0.51122529 0.79950986 0.09455724 0.43195576 0.3493868  0.5994669  0.66683861 0.34610602 0.416032   0.46732754 0.53386627 0.462384  0.40329739 0.37544479 0.47961754 0.45658068
0.58058938 0.74077215 0.10591668 0.28707176 0.32221476 0.63669908  0.69698389 0.52406533 0.42106811 0.39571088 0.50605994 0.43471412  0.65405345 0.43653402 0.52324201 0.50035556
0.58058938 0.74077215 0.10591668 0.28707176 0.32221476 0.63669908  0.69698389 0.52406533 0.42106811 0.39571088 0.50605994 0.43471412  0.65405345 0.43653402 0.52324201 0.50035556
0.58058938 0.74077215 0.10591668 0.28707176 0.32221476 0.63669908  0.69698389 0.52406533 0.42106811 0.39571088 0.50605994 0.43471412  0.65405345 0.43653402 0.52324201 0.50035556
0.58058938 0.74077215 0.10591668 0.28707176 0.32221476 0.63669908  0.69698389 0.52406533 0.42106811 0.39571088 0.50605994 0.43471412  0.65405345 0.43653402 0.52324201 0.50035556
0.58058938 0.74077215 0.10591668 0.28707176 0.32221476 0.63669908  0.69698389 0.52406533 0.42106811 0.39571088 0.50605994 0.43471412  0.65405345 0.43653402 0.52324201 0.50035556
0.54536489 0.76795849 0.10464908 0.37190402 0.32974744 0.62291415  0.65167513 0.41336788 0.41931096 0.44741184 0.47012577 0.46505517  0.50726631 0.39042321 0.50467196 0.47028629
0.51122529 0.79950986 0.09455724 0.43195576 0.3493868  0.5994669  0.66683861 0.34610602 0.416032   0.46732754 0.53386627 0.462384  0.40329739 0.37544479 0.47961754 0.45658068
0.49264729 0.79894721 0.09978263 0.46578427 0.35214951 0.58364043  0.60963576 0.34728667 0.44069953 0.48880934 0.48876341 0.48296137  0.39995889 0.37176655 0.50787529 0.48175765
0.45636297 0.80193296 0.11640123 0.52854341 0.34065232 0.59305405  0.49200893 0.35948605 0.49940327 0.50848963 0.43677869 0.50158963  0.42622275 0.35844806 0.48990989 0.53149457
0.40343091 0.8007634  0.15511196 0.5957954  0.3058326  0.66343265  0.28722977 0.45309638 0.70901758 0.45371406 0.550006   0.45055164  0.55642592 0.41144441 0.48545025 0.49774096
0.43806806 0.78100043 0.18322947 0.56220831 0.25324473 0.7451178  0.21593883 0.50867814 0.66822166 0.46195923 0.38972179 0.46711874  0.6444072  0.38203433 0.387558   0.50281926
0.45351998 0.76763542 0.20636954 0.57002937 0.22917123 0.76204393  0.1711694  0.51896659 0.61766301 0.48069957 0.34741886 0.47216885  0.63848371 0.374273   0.33153462 0.43454   
0.47404784 0.76813636 0.27813405 0.61456924 0.17546567 0.73586963  0.17137298 0.4767607  0.57280683 0.47319321 0.40503887 0.52078152  0.72125533 0.4736564  0.2760672  0.41686101
0.50989699 0.77234179 0.41548955 0.69951824 0.11136873 0.68520075  0.21471414 0.39212427 0.53451828 0.32698138 0.43602045 0.54845787  0.84878293 0.39376808 0.43650615 0.3818884 
0.51569063 0.78535397 0.44991699 0.70150227 0.11344214 0.68593649  0.20355969 0.36859952 0.52753695 0.25856338 0.43512605 0.5487436  0.81750869 0.40866912 0.43190123 0.43905112
0.51569063 0.78535397 0.44991699 0.70150227 0.11344214 0.68593649  0.20355969 0.36859952 0.52753695 0.25856338 0.43512605 0.5487436  0.81750869 0.40866912 0.43190123 0.43905112
0.51569063 0.78535397 0.44991699 0.70150227 0.11344214 0.68593649  0.20355969 0.36859952 0.52753695 0.25856338 0.43512605 0.5487436  0.81750869 0.40866912 0.43190123 0.43905112
0.51569063 0.78535397 0.44991699 0.70150227 0.11344214 0.68593649  0.20355969 0.36859952 0.52753695 0.25856338 0.43512605 0.5487436  0.81750869 0.40866912 0.43190123 0.43905112
0.51569063 0.78535397 0.44991699 0.70150227 0.11344214 0.68593649  0.20355969 0.36859952 0.52753695 0.25856338 0.43512605 0.5487436  0.81750869 0.40866912 0.43190123 0.43905112
0.51967575 0.79744214 0.47746218 0.69686914 0.13364302 0.69045384  0.19578984 0.35891576 0.51871951 0.20338186 0.4253753  0.54163243  0.78105437 0.3923801  0.4592252  0.45556163
0.51967575 0.79744214 0.47746218 0.69686914 0.13364302 0.69045384  0.19578984 0.35891576 0.51871951 0.20338186 0.4253753  0.54163243  0.78105437 0.3923801  0.4592252  0.45556163
0.51967575 0.79744214 0.47746218 0.69686914 0.13364302 0.69045384  0.19578984 0.35891576 0.51871951 0.20338186 0.4253753  0.54163243  0.78105437 0.3923801  0.4592252  0.45556163
0.51967575 0.79744214 0.47746218 0.69686914 0.13364302 0.69045384  0.19578984 0.35891576 0.51871951 0.20338186 0.4253753  0.54163243  0.78105437 0.3923801  0.4592252  0.45556163
0.52447108 0.81025245 0.50945874 0.69302473 0.15002841 0.68419524  0.20677817 0.35440736 0.54318454 0.19207429 0.38996578 0.49302551  0.75003025 0.37855834 0.47373321 0.44794137
0.52447108 0.81025245 0.50945874 0.69302473 0.15002841 0.68419524  0.20677817 0.35440736 0.54318454 0.19207429 0.38996578 0.49302551  0.75003025 0.37855834 0.47373321 0.44794137
0.52447108 0.81025245 0.50945874 0.69302473 0.15002841 0.68419524  0.20677817 0.35440736 0.54318454 0.19207429 0.38996578 0.49302551  0.75003025 0.37855834 0.47373321 0.44794137
0.55700107 0.77325353 0.58113706 0.7286939  0.11368431 0.61807894  0.22594415 0.40389514 0.54633465 0.29797685 0.38307894 0.49802739  0.63968534 0.26767951 0.59812891 0.38010354
0.55700107 0.77325353 0.58113706 0.7286939  0.11368431 0.61807894  0.22594415 0.40389514 0.54633465 0.29797685 0.38307894 0.49802739  0.63968534 0.26767951 0.59812891 0.38010354
0.55700107 0.77325353 0.58113706 0.7286939  0.11368431 0.61807894  0.22594415 0.40389514 0.54633465 0.29797685 0.38307894 0.49802739  0.63968534 0.26767951 0.59812891 0.38010354
0.5599516  0.78578896 0.60698105 0.71299884 0.160683   0.62700356  0.2150262  0.40235157 0.53789724 0.29305294 0.37829566 0.49256342  0.62686148 0.26711    0.60415795 0.35968936
0.5599516  0.78578896 0.60698105 0.71299884 0.160683   0.62700356  0.2150262  0.40235157 0.53789724 0.29305294 0.37829566 0.49256342  0.62686148 0.26711    0.60415795 0.35968936
0.55700107 0.77325353 0.58113706 0.7286939  0.11368431 0.61807894  0.22594415 0.40389514 0.54633465 0.29797685 0.38307894 0.49802739  0.63968534 0.26767951 0.59812891 0.38010354
0.55700107 0.77325353 0.58113706 0.7286939  0.11368431 0.61807894  0.22594415 0.40389514 0.54633465 0.29797685 0.38307894 0.49802739  0.63968534 0.26767951 0.59812891 0.38010354
0.55700107 0.77325353 0.58113706 0.7286939  0.11368431 0.61807894  0.22594415 0.40389514 0.54633465 0.29797685 0.38307894 0.49802739  0.63968534 0.26767951 0.59812891 0.38010354
0.56932581 0.75860764 0.60879063 0.75479815 0.08384789 0.59728246  0.22012543 0.40968375 0.49901254 0.34764134 0.42828081 0.52706423  0.62348358 0.30742957 0.60375445 0.34374371
0.54229837 0.79963976 0.5686996  0.73149616 0.13033625 0.6326632  0.26144486 0.36243161 0.57313417 0.27473978 0.40457502 0.49095885  0.75788449 0.33083841 0.56103407 0.40096458
0.50256198 0.76797876 0.38263626 0.68386622 0.1245475  0.69803171  0.20508052 0.41915876 0.54390686 0.41066102 0.4323141  0.54076666  0.84648715 0.4303933  0.3675637  0.34206543
0.47463541 0.75993561 0.27443026 0.62478012 0.18637694 0.73627837  0.19133787 0.48770607 0.5782534  0.47686811 0.38189966 0.4992562  0.74824879 0.36413611 0.38106299 0.34045878
0.45451797 0.78788958 0.1804108  0.57780343 0.26026043 0.70700301  0.26082234 0.45801771 0.56494819 0.48369703 0.39850829 0.47071346  0.50598587 0.3455851  0.34704648 0.40963002
0.42171714 0.81159209 0.14346617 0.58709314 0.31055413 0.65015237  0.34046159 0.42144209 0.63585157 0.46311384 0.52288784 0.4584271  0.4659697  0.36945024 0.44683659 0.47824036
0.42171714 0.81159209 0.14346617 0.58709314 0.31055413 0.65015237  0.34046159 0.42144209 0.63585157 0.46311384 0.52288784 0.4584271  0.4659697  0.36945024 0.44683659 0.47824036
0.42171714 0.81159209 0.14346617 0.58709314 0.31055413 0.65015237  0.34046159 0.42144209 0.63585157 0.46311384 0.52288784 0.4584271  0.4659697  0.36945024 0.44683659 0.47824036
0.34642805 0.7825323  0.14587228 0.66172356 0.38556723 0.43663571  0.306992   0.44931615 0.56901498 0.47390073 0.42453314 0.48720633  0.35072624 0.42870594 0.62507975 0.43299302
0.32741656 0.76715444 0.15226084 0.66968024 0.39555716 0.39816925  0.29610152 0.46373722 0.54137015 0.47866325 0.35640559 0.50229632  0.37963091 0.43541367 0.65373732 0.45794749
0.25375492 0.69676163 0.17730833 0.64443965 0.42764636 0.28274267  0.35076979 0.53002316 0.45167521 0.40332626 0.36611442 0.46699048  0.43997914 0.4062282  0.5219708  0.42726539
0.25375492 0.69676163 0.17730833 0.64443965 0.42764636 0.28274267  0.35076979 0.53002316 0.45167521 0.40332626 0.36611442 0.46699048  0.43997914 0.4062282  0.5219708  0.42726539
0.23522731 0.67658974 0.1846516  0.63450118 0.43691746 0.24884464  0.3714948  0.54572423 0.41400979 0.37009156 0.36052111 0.45060427  0.50460974 0.4025356  0.43436807 0.41179406
0.17926451 0.60773726 0.21871252 0.6001904  0.4314091  0.24478814  0.38357889 0.5557414  0.36924787 0.37412188 0.25755274 0.46884308  0.61233876 0.38469353 0.38976931 0.49902348
0.16097828 0.59690857 0.23035831 0.60889265 0.42668757 0.25806842  0.33034707 0.5873957  0.44241388 0.36472209 0.2846709  0.46096762  0.70279498 0.42668771 0.42838298 0.51852408
0.16097828 0.59690857 0.23035831 0.60889265 0.42668757 0.25806842  0.33034707 0.5873957  0.44241388 0.36472209 0.2846709  0.46096762  0.70279498 0.42668771 0.42838298 0.51852408
0.12459746 0.54515415 0.25607956 0.56609884 0.41368336 0.28803295  0.37147083 0.56583291 0.40867482 0.36207347 0.27427045 0.45890045  0.70689224 0.39242581 0.3523091  0.52595864
0.12459746 0.54515415 0.25607956 0.56609884 0.41368336 0.28803295  0.37147083 0.56583291 0.40867482 0.36207347 0.27427045 0.45890045  0.70689224 0.39242581 0.3523091  0.52595864
0.05295748 0.44105795 0.31047847 0.47423707 0.37661473 0.39820267  0.43339135 0.51107118 0.43325487 0.38045997 0.34459946 0.45442981  0.6091228  0.40002928 0.40593895 0.49183507
0.03530472 0.41371177 0.32449245 0.44717499 0.36543573 0.42942868  0.4584486  0.49182641 0.42935187 0.38251683 0.3665383  0.45119726  0.57400726 0.38653202 0.39012683 0.47468522
0.03530472 0.41371177 0.32449245 0.44717499 0.36543573 0.42942868  0.4584486  0.49182641 0.42935187 0.38251683 0.3665383  0.45119726  0.57400726 0.38653202 0.39012683 0.47468522
0.03530472 0.41371177 0.32449245 0.44717499 0.36543573 0.42942868  0.4584486  0.49182641 0.42935187 0.38251683 0.3665383  0.45119726  0.57400726 0.38653202 0.39012683 0.47468522
0.01790387 0.3898545  0.33817562 0.42642862 0.35681041 0.46717525  0.46152885 0.47694295 0.46991849 0.39350101 0.41724602 0.4497633  0.51968443 0.43336993 0.49846349 0.44236435
0.01790387 0.3898545  0.33817562 0.42642862 0.35681041 0.46717525  0.46152885 0.47694295 0.46991849 0.39350101 0.41724602 0.4497633  0.51968443 0.43336993 0.49846349 0.44236435
0.00039479 0.36283831 0.35232302 0.39930133 0.34523319 0.50234819  0.48417291 0.45702496 0.47508945 0.39693445 0.45000532 0.44589633  0.47476172 0.42761975 0.50206904 0.41641874
0.00039479 0.36283831 0.35232302 0.39930133 0.34523319 0.50234819  0.48417291 0.45702496 0.47508945 0.39693445 0.45000532 0.44589633  0.47476172 0.42761975 0.50206904 0.41641874
0.00039479 0.36283831 0.35232302 0.39930133 0.34523319 0.50234819  0.48417291 0.45702496 0.47508945 0.39693445 0.45000532 0.44589633  0.47476172 0.42761975 0.50206904 0.41641874
0.00039479 0.36283831 0.35232302 0.39930133 0.34523319 0.50234819  0.48417291 0.45702496 0.47508945 0.39693445 0.45000532 0.44589633  0.47476172 0.42761975 0.50206904 0.41641874
0.00039479 0.36283831 0.35232302 0.39930133 0.34523319 0.50234819  0.48417291 0.45702496 0.47508945 0.39693445 0.45000532 0.44589633  0.47476172 0.42761975 0.50206904 0.41641874
