0.00039479 0.36283831 0.35232302 0.39930133 0.34523319 0.50234819  0.48417291 0.45702496 0.47508945 0.39693445 0.45000532 0.44589633  0.47476172 0.42761975 0.50206904 0.41641874
0.00039479 0.36283831 0.35232302 0.39930133 0.34523319 0.50234819  0.48417291 0.45702496 0.47508945 0.39693445 0.45000532 0.44589633  0.47476172 0.42761975 0.50206904 0.41641874
0.00039479 0.36283831 0.35232302 0.39930133 0.34523319 0.50234819  0.48417291 0.45702496 0.47508945 0.39693445 0.45000532 0.44589633  0.47476172 0.42761975 0.50206904 0.41641874
0.00039479 0.36283831 0.35232302 0.39930133 0.34523319 0.50234819  0.48417291 0.45702496 0.47508945 0.39693445 0.45000532 0.44589633  0.47476172 0.42761975 0.50206904 0.41641874
0.00039479 0.36283831 0.35232302 0.39930133 0.34523319 0.50234819  0.48417291 0.45702496 0.47508945 0.39693445 0.45000532 0.44589633  0.47476172 0.42761975 0.50206904 0.41641874
0.00039479 0.36283831 0.35232302 0.39930133 0.34523319 0.50234819  0.48417291 0.45702496 0.47508945 0.39693445 0.45000532 0.44589633  0.47476172 0.42761975 0.50206904 0.41641874
0.00039479 0.36283831 0.35232302 0.39930133 0.34523319 0.50234819  0.48417291 0.45702496 0.47508945 0.39693445 0.45000532 0.44589633  0.47476172 0.42761975 0.50206904 0.41641874
0.00039479 0.36283831 0.35232302 0.39930133 0.34523319 0.50234819  0.48417291 0.45702496 0.47508945 0.39693445 0.45000532 0.44589633  0.47476172 0.42761975 0.50206904 0.41641874
0.00039479 0.36283831 0.35232302 0.39930133 0.34523319 0.50234819  0.48417291 0.45702496 0.47508945 0.39693445 0.45000532 0.44589633  0.47476172 0.42761975 0.50206904 0.41641874
0.00039479 0.36283831 0.35232302 0.39930133 0.34523319 0.50234819  0.48417291 0.45702496 0.47508945 0.39693445 0.45000532 0.44589633  0.47476172 0.42761975 0.50206904 0.41641874
0.00039479 0.36283831 0.35232302 0.39930133 0.34523319 0.50234819  0.48417291 0.45702496 0.47508945 0.39693445 0.45000532 0.44589633  0.47476172 0.42761975 0.50206904 0.41641874
0.00039479 0.36283831 0.35232302 0.39930133 0.34523319 0.50234819  0.48417291 0.45702496 0.47508945 0.39693445 0.45000532 0.44589633  0.47476172 0.42761975 0.50206904 0.41641874
0.00039479 0.36283831 0.35232302 0.39930133 0.34523319 0.50234819  0.48417291 0.45702496 0.47508945 0.39693445 0.45000532 0.44589633  0.47476172 0.42761975 0.50206904 0.41641874
0.00039479 0.36283831 0.35232302 0.39930133 0.34523319 0.50234819  0.48417291 0.45702496 0.47508945 0.39693445 0.45000532 0.44589633  0.47476172 0.42761975 0.50206904 0.41641874
0.00039479 0.36283831 0.35232302 0.39930133 0.34523319 0.50234819  0.48417291 0.45702496 0.47508945 0.39693445 0.45000532 0.44589633  0.47476172 0.42761975 0.50206904 0.41641874
0.00039479 0.36283831 0.35232302 0.39930133 0.34523319 0.50234819  0.48417291 0.45702496 0.47508945 0.39693445 0.45000532 0.44589633  0.47476172 0.42761975 0.50206904 0.41641874
0.00039479 0.36283831 0.35232302 0.39930133 0.34523319 0.50234819  0.48417291 0.45702496 0.47508945 0.39693445 0.45000532 0.44589633  0.47476172 0.42761975 0.50206904 0.41641874
0.00039479 0.36283831 0.35232302 0.39930133 0.34523319 0.50234819  0.48417291 0.45702496 0.47508945 0.39693445 0.45000532 0.44589633  0.47476172 0.42761975 0.50206904 0.41641874
0.00039479 0.36283831 0.35232302 0.39930133 0.34523319 0.50234819  0.48417291 0.45702496 0.47508945 0.39693445 0.45000532 0.44589633  0.47476172 0.42761975 0.50206904 0.41641874
0.00039479 0.36283831 0.35232302 0.39930133 0.34523319 0.50234819  0.48417291 0.45702496 0.47508945 0.39693445 0.45000532 0.44589633  0.47476172 0.42761975 0.50206904 0.41641874
0.00039479 0.36283831 0.35232302 0.39930133 0.34523319 0.50234819  0.48417291 0.45702496 0.47508945 0.39693445 0.45000532 0.44589633  0.47476172 0.42761975 0.50206904 0.41641874
0.00039479 0.36283831 0.35232302 0.39930133 0.34523319 0.50234819  0.48417291 0.45702496 0.47508945 0.39693445 0.45000532 0.44589633  0.47476172 0.42761975 0.50206904 0.41641874
0.00039479 0.36283831 0.35232302 0.39930133 0.34523319 0.50234819  0.48417291 0.45702496 0.47508945 0.39693445 0.45000532 0.44589633  0.47476172 0.42761975 0.50206904 0.41641874
0.00039479 0.36283831 0.35232302 0.39930133 0.34523319 0.50234819  0.48417291 0.45702496 0.47508945 0.39693445 0.45000532 0.44589633  0.47476172 0.42761975 0.50206904 0.41641874
0.00039479 0.36283831 0.35232302 0.39930133 0.34523319 0.50234819  0.48417291 0.45702496 0.47508945 0.39693445 0.45000532 0.44589633  0.47476172 0.42761975 0.50206904 0.41641874
0.00039479 0.36283831 0.35232302 0.39930133 0.34523319 0.50234819  0.48417291 0.45702496 0.47508945 0.39693445 0.45000532 0.44589633  0.47476172 0.42761975 0.50206904 0.41641874
0.00039479 0.36283831 0.35232302 0.39930133 0.34523319 0.50234819  0.48417291 0.45702496 0.47508945 0.39693445 0.45000532 0.44589633  0.47476172 0.42761975 0.50206904 0.41641874
0.00039479 0.36283831 0.35232302 0.39930133 0.34523319 0.50234819  0.48417291 0.45702496 0.47508945 0.39693445 0.45000532 0.44589633  0.47476172 0.42761975 0.50206904 0.41641874
0.00039479 0.36283831 0.35232302 0.39930133 0.34523319 0.50234819  0.48417291 0.45702496 0.47508945 0.39693445 0.45000532 0.44589633  0.47476172 0.42761975 0.50206904 0.41641874
0.00039479 0.36283831 0.35232302 0.39930133 0.34523319 0.50234819  0.48417291 0.45702496 0.47508945 0.39693445 0.45000532 0.44589633  0.47476172 0.42761975 0.50206904 0.41641874
0.00039479 0.36283831 0.35232302 0.39930133 0.34523319 0.50234819  0.48417291 0.45702496 0.47508945 0.39693445 0.45000532 0.44589633  0.47476172 0.42761975 0.50206904 0.41641874
0.00039479 0.36283831 0.35232302 0.39930133 0.34523319 0.50234819  0.48417291 0.45702496 0.47508945 0.39693445 0.45000532 0.44589633  0.47476172 0.42761975 0.50206904 0.41641874
0.00039479 0.36283831 0.35232302 0.39930133 0.34523319 0.50234819  0.48417291 0.45702496 0.47508945 0.39693445 0.45000532 0.44589633  0.47476172 0.42761975 0.50206904 0.41641874
0.00039479 0.36283831 0.35232302 0.39930133 0.34523319 0.50234819  0.48417291 0.45702496 0.47508945 0.39693445 0.45000532 0.44589633  0.47476172 0.42761975 0.50206904 0.41641874
0.00039479 0.36283831 0.35232302 0.39930133 0.34523319 0.50234819  0.48417291 0.45702496 0.47508945 0.39693445 0.45000532 0.44589633  0.47476172 0.42761975 0.50206904 0.41641874
0.00039479 0.36283831 0.35232302 0.39930133 0.34523319 0.50234819  0.48417291 0.45702496 0.47508945 0.39693445 0.45000532 0.44589633  0.47476172 0.42761975 0.50206904 0.41641874
0.00039479 0.36283831 0.35232302 0.39930133 0.34523319 0.50234819  0.48417291 0.45702496 0.47508945 0.39693445 0.45000532 0.44589633  0.47476172 0.42761975 0.50206904 0.41641874
0.00039479 0.36283831 0.35232302 0.39930133 0.34523319 0.50234819  0.48417291 0.45702496 0.47508945 0.39693445 0.45000532 0.44589633  0.47476172 0.42761975 0.50206904 0.41641874
0.03631018 0.41540188 0.32624181 0.4455019  0.36060521 0.46628334  0.43699433 0.48325785 0.50987685 0.40171282 0.44757077 0.45105915  0.48480944 0.46855757 0.59139026 0.42570739
0.18151871 0.58805707 0.25209162 0.56095549 0.35058127 0.53159141  0.282663   0.45682807 0.66773508 0.50725706 0.40009035 0.50963019  0.44032125 0.55743439 0.8908941  0.51533911
0.29048372 0.72132606 0.18420955 0.64406776 0.37123965 0.45797691  0.24428856 0.50542255 0.62586674 0.47011679 0.35534839 0.49740406  0.57280524 0.47258804 0.65369036 0.55123706
0.34703591 0.78070022 0.15599052 0.65275933 0.36251509 0.50632265  0.2602343  0.47521433 0.67039174 0.46170498 0.49562397 0.46881395  0.46104983 0.45533444 0.61526442 0.46587666
0.42171714 0.81159209 0.14346617 0.58709314 0.31055413 0.65015237  0.34046159 0.42144209 0.63585157 0.46311384 0.52288784 0.4584271  0.4659697  0.36945024 0.44683659 0.47824036
0.49042484 0.87400413 0.28086752 0.4293573  0.61963099 0.80641526  0.30640038 0.42331745 0.44139276 0.40392167 0.69277123 0.67972629  0.45027601 0.27323617 0.33533945 0.51350797
0.66833696 0.90796981 0.66933129 0.29560725 0.73203273 0.76335956  0.44868828 0.38100185 0.21419768 0.3142426  0.46284074 0.55007616  0.69542988 0.38810204 0.30301098 0.38595648
0.68688473 0.89923335 0.66630024 0.25047758 0.74662747 0.75247802  0.50513599 0.3913846  0.19270769 0.28682085 0.48307194 0.56337944  0.7187137  0.41499495 0.3733767  0.4184657 
0.72841371 0.85301499 0.70515432 0.20598106 0.72792364 0.70078145  0.52907088 0.48884835 0.22366719 0.27369683 0.49815399 0.57822296  0.76812235 0.39252941 0.50840859 0.42941656
0.77325603 0.79838426 0.78508473 0.25185708 0.68637688 0.61157466  0.57022176 0.43301973 0.23630691 0.41604077 0.49044328 0.6345123  0.77702609 0.45883691 0.66161414 0.35304232
0.81797799 0.70352509 0.76472221 0.18270787 0.6614196  0.52028271  0.5417388  0.42015584 0.36696109 0.37845578 0.42109443 0.59532332  0.79043065 0.59397484 0.72714416 0.31825505
0.83070532 0.66322909 0.74540049 0.21662408 0.50115445 0.46822878  0.5494289  0.45153409 0.38334696 0.37938207 0.30067683 0.45389233  0.63199901 0.58595248 0.74537826 0.25319775
0.83983433 0.55237834 0.61140472 0.26178596 0.39184487 0.46410315  0.45733007 0.27449003 0.3332382  0.24902596 0.29543442 0.57296714  0.66214164 0.53284409 0.76418044 0.24250002
0.83829488 0.39399196 0.38995283 0.31445242 0.15477174 0.3906204  0.43393933 0.33726468 0.37602166 0.35560833 0.36298893 0.65298479  0.68951397 0.4157308  0.74175836 0.20574019
0.81454164 0.38177354 0.28494348 0.25946923 0.19546293 0.43670524  0.38411769 0.40678309 0.36438893 0.50631013 0.35621018 0.64263824  0.62529833 0.51684168 0.58535918 0.16179361
0.82694752 0.34640302 0.27843528 0.26391221 0.21146606 0.41312602  0.34666327 0.39226576 0.38931405 0.47924791 0.41890742 0.61808741  0.60525124 0.45492208 0.49133462 0.13473804
0.80625376 0.35496327 0.21259858 0.21788174 0.25524472 0.44862657  0.33341565 0.4158104  0.43387715 0.45350703 0.36401426 0.58303632  0.54882596 0.40136381 0.46184044 0.18569611
0.80263478 0.32985049 0.17078154 0.23455267 0.31235521 0.4981228  0.32634404 0.42449463 0.4254887  0.42729494 0.32295305 0.4928908  0.51946972 0.32427247 0.54275426 0.24098418
0.80343997 0.28622165 0.12941686 0.29668239 0.38912565 0.56804399  0.35246124 0.45323802 0.42489092 0.42207932 0.28395943 0.38875949  0.45705163 0.3346336  0.60029872 0.37227994
0.79111523 0.30086754 0.10176329 0.27057815 0.41896207 0.58884048  0.35827996 0.44744941 0.47221303 0.37241484 0.23875757 0.35972264  0.47325339 0.29488353 0.59467318 0.40863977
0.79111523 0.30086754 0.10176329 0.27057815 0.41896207 0.58884048  0.35827996 0.44744941 0.47221303 0.37241484 0.23875757 0.35972264  0.47325339 0.29488353 0.59467318 0.40863977
0.79111523 0.30086754 0.10176329 0.27057815 0.41896207 0.58884048  0.35827996 0.44744941 0.47221303 0.37241484 0.23875757 0.35972264  0.47325339 0.29488353 0.59467318 0.40863977
0.79111523 0.30086754 0.10176329 0.27057815 0.41896207 0.58884048  0.35827996 0.44744941 0.47221303 0.37241484 0.23875757 0.35972264  0.47325339 0.29488353 0.59467318 0.40863977
0.77566331 0.31423256 0.07862322 0.26275709 0.44303557 0.57191434  0.40304938 0.43716097 0.52277168 0.3536745  0.2810605  0.35467253  0.47917689 0.30264486 0.65069657 0.47691903
0.74805951 0.39226062 0.07520428 0.17346381 0.40632282 0.52116145  0.41891338 0.38207206 0.60009025 0.33116306 0.31734736 0.43440551  0.59648217 0.33422007 0.5520175  0.4454035 
0.69673908 0.51033311 0.07549007 0.17223897 0.37854294 0.54181124  0.514598   0.26893977 0.6249669  0.33967367 0.28531019 0.49777304  0.74681904 0.50244848 0.51691819 0.43831534
0.64605217 0.55619117 0.04620898 0.23890947 0.43075476 0.47931506  0.59959454 0.15682909 0.64254693 0.34963116 0.4387799  0.47916506  0.67699464 0.55479038 0.55347613 0.42095693
0.58244955 0.63891525 0.05087603 0.32680677 0.43303835 0.47041291  0.65065014 0.1488357  0.54647652 0.41238904 0.43101044 0.49744041  0.55165864 0.54232772 0.67688632 0.40099669
0.47884902 0.68151909 0.06623355 0.45907973 0.47008424 0.30947132  0.62733529 0.19358723 0.4215171  0.43579332 0.3727738  0.51315782  0.34178484 0.54548169 0.69690217 0.32967409
0.35860995 0.7132253  0.11023775 0.5778002  0.47403785 0.19781867  0.53007887 0.39094116 0.33387471 0.4396483  0.29589783 0.51577212  0.32825522 0.48249493 0.63582305 0.38492167
0.32539205 0.72242557 0.12454503 0.58656137 0.47532714 0.18079891  0.55850099 0.47628372 0.26619709 0.39639963 0.35782634 0.47006674  0.37563455 0.40452496 0.48794117 0.36248795
0.23346228 0.6512996  0.18111435 0.60533258 0.45264804 0.19877549  0.43879688 0.52645591 0.31546157 0.38856016 0.24307528 0.48220011  0.56393782 0.40083532 0.43452315 0.46500645
0.17827324 0.57723224 0.21786563 0.55246956 0.43883719 0.22267424  0.48679725 0.50699171 0.24696211 0.39347889 0.16752494 0.4953613  0.61621882 0.32973268 0.30449631 0.53717793
0.08862922 0.49201751 0.2832045  0.51879267 0.39501572 0.33619514  0.41066018 0.53971658 0.39639115 0.36519637 0.2882062  0.45686207  0.68472019 0.36737147 0.31138058 0.52163636
0.01779563 0.38669558 0.33863985 0.42004769 0.35385851 0.46460162  0.48109267 0.47190843 0.43452283 0.38595027 0.3992976  0.44733029  0.52908455 0.38078184 0.39373238 0.44873962
0.01779563 0.38669558 0.33863985 0.42004769 0.35385851 0.46460162  0.48109267 0.47190843 0.43452283 0.38595027 0.3992976  0.44733029  0.52908455 0.38078184 0.39373238 0.44873962
0.00039479 0.36283831 0.35232302 0.39930133 0.34523319 0.50234819  0.48417291 0.45702496 0.47508945 0.39693445 0.45000532 0.44589633  0.47476172 0.42761975 0.50206904 0.41641874
0.00039479 0.36283831 0.35232302 0.39930133 0.34523319 0.50234819  0.48417291 0.45702496 0.47508945 0.39693445 0.45000532 0.44589633  0.47476172 0.42761975 0.50206904 0.41641874
0.00039479 0.36283831 0.35232302 0.39930133 0.34523319 0.50234819  0.48417291 0.45702496 0.47508945 0.39693445 0.45000532 0.44589633  0.47476172 0.42761975 0.50206904 0.41641874
0.00039479 0.36283831 0.35232302 0.39930133 0.34523319 0.50234819  0.48417291 0.45702496 0.47508945 0.39693445 0.45000532 0.44589633  0.47476172 0.42761975 0.50206904 0.41641874
0.00039479 0.36283831 0.35232302 0.39930133 0.34523319 0.50234819  0.48417291 0.45702496 0.47508945 0.39693445 0.45000532 0.44589633  0.47476172 0.42761975 0.50206904 0.41641874
0.00039479 0.36283831 0.35232302 0.39930133 0.34523319 0.50234819  0.48417291 0.45702496 0.47508945 0.39693445 0.45000532 0.44589633  0.47476172 0.42761975 0.50206904 0.41641874
0.00039479 0.36283831 0.35232302 0.39930133 0.34523319 0.50234819  0.48417291 0.45702496 0.47508945 0.39693445 0.45000532 0.44589633  0.47476172 0.42761975 0.50206904 0.41641874
0.00039479 0.36283831 0.35232302 0.39930133 0.34523319 0.50234819  0.48417291 0.45702496 0.47508945 0.39693445 0.45000532 0.44589633  0.47476172 0.42761975 0.50206904 0.41641874
0.00039479 0.36283831 0.35232302 0.39930133 0.34523319 0.50234819  0.48417291 0.45702496 0.47508945 0.39693445 0.45000532 0.44589633  0.47476172 0.42761975 0.50206904 0.41641874
0.00039479 0.36283831 0.35232302 0.39930133 0.34523319 0.50234819  0.48417291 0.45702496 0.47508945 0.39693445 0.45000532 0.44589633  0.47476172 0.42761975 0.50206904 0.41641874
0.00039479 0.36283831 0.35232302 0.39930133 0.34523319 0.50234819  0.48417291 0.45702496 0.47508945 0.39693445 0.45000532 0.44589633  0.47476172 0.42761975 0.50206904 0.41641874
0.00039479 0.36283831 0.35232302 0.39930133 0.34523319 0.50234819  0.48417291 0.45702496 0.47508945 0.39693445 0.45000532 0.44589633  0.47476172 0.42761975 0.50206904 0.41641874
0.00039479 0.36283831 0.35232302 0.39930133 0.34523319 0.50234819  0.48417291 0.45702496 0.47508945 0.39693445 0.45000532 0.44589633  0.47476172 0.42761975 0.50206904 0.41641874
0.00039479 0.36283831 0.35232302 0.39930133 0.34523319 0.50234819  0.48417291 0.45702496 0.47508945 0.39693445 0.45000532 0.44589633  0.47476172 0.42761975 0.50206904 0.41641874
0.00039479 0.36283831 0.35232302 0.39930133 0.34523319 0.50234819  0.48417291 0.45702496 0.47508945 0.39693445 0.45000532 0.44589633  0.47476172 0.42761975 0.50206904 0.41641874
0.00039479 0.36283831 0.35232302 0.39930133 0.34523319 0.50234819  0.48417291 0.45702496 0.47508945 0.39693445 0.45000532 0.44589633  0.47476172 0.42761975 0.50206904 0.41641874
0.00039479 0.36283831 0.35232302 0.39930133 0.34523319 0.50234819  0.48417291 0.45702496 0.47508945 0.39693445 0.45000532 0.44589633  0.47476172 0.42761975 0.50206904 0.41641874
0.00039479 0.36283831 0.35232302 0.39930133 0.34523319 0.50234819  0.48417291 0.45702496 0.47508945 0.39693445 0.45000532 0.44589633  0.47476172 0.42761975 0.50206904 0.41641874
0.00039479 0.36283831 0.35232302 0.39930133 0.34523319 0.50234819  0.48417291 0.45702496 0.47508945 0.39693445 0.45000532 0.44589633  0.47476172 0.42761975 0.50206904 0.41641874
0.00039479 0.36283831 0.35232302 0.39930133 0.34523319 0.50234819  0.48417291 0.45702496 0.47508945 0.39693445 0.45000532 0.44589633  0.47476172 0.42761975 0.50206904 0.41641874
0.00039479 0.36283831 0.35232302 0.39930133 0.34523319 0.50234819  0.48417291 0.45702496 0.47508945 0.39693445 0.45000532 0.44589633  0.47476172 0.42761975 0.50206904 0.41641874
0.00039479 0.36283831 0.35232302 0.39930133 0.34523319 0.50234819  0.48417291 0.45702496 0.47508945 0.39693445 0.45000532 0.44589633  0.47476172 0.42761975 0.50206904 0.41641874
0.00039479 0.36283831 0.35232302 0.39930133 0.34523319 0.50234819  0.48417291 0.45702496 0.47508945 0.39693445 0.45000532 0.44589633  0.47476172 0.42761975 0.50206904 0.41641874
0.00039479 0.36283831 0.35232302 0.39930133 0.34523319 0.50234819  0.48417291 0.45702496 0.47508945 0.39693445 0.45000532 0.44589633  0.47476172 0.42761975 0.50206904 0.41641874
0.00039479 0.36283831 0.35232302 0.39930133 0.34523319 0.50234819  0.48417291 0.45702496 0.47508945 0.39693445 0.45000532 0.44589633  0.47476172 0.42761975 0.50206904 0.41641874
0.00039479 0.36283831 0.35232302 0.39930133 0.34523319 0.50234819  0.48417291 0.45702496 0.47508945 0.39693445 0.45000532 0.44589633  0.47476172 0.42761975 0.50206904 0.41641874
0.00039479 0.36283831 0.35232302 0.39930133 0.34523319 0.50234819  0.48417291 0.45702496 0.47508945 0.39693445 0.45000532 0.44589633  0.47476172 0.42761975 0.50206904 0.41641874
0.00039479 0.36283831 0.35232302 0.39930133 0.34523319 0.50234819  0.48417291 0.45702496 0.47508945 0.39693445 0.45000532 0.44589633  0.47476172 0.42761975 0.50206904 0.41641874
0.00039479 0.36283831 0.35232302 0.39930133 0.34523319 0.50234819  0.48417291 0.45702496 0.47508945 0.39693445 0.45000532 0.44589633  0.47476172 0.42761975 0.50206904 0.41641874
0.00039479 0.36283831 0.35232302 0.39930133 0.34523319 0.50234819  0.48417291 0.45702496 0.47508945 0.39693445 0.45000532 0.44589633  0.47476172 0.42761975 0.50206904 0.41641874
0.00039479 0.36283831 0.35232302 0.39930133 0.34523319 0.50234819  0.48417291 0.45702496 0.47508945 0.39693445 0.45000532 0.44589633  0.47476172 0.42761975 0.50206904 0.41641874
0.00039479 0.36283831 0.35232302 0.39930133 0.34523319 0.50234819  0.48417291 0.45702496 0.47508945 0.39693445 0.45000532 0.44589633  0.47476172 0.42761975 0.50206904 0.41641874
0.00039479 0.36283831 0.35232302 0.39930133 0.34523319 0.50234819  0.48417291 0.45702496 0.47508945 0.39693445 0.45000532 0.44589633  0.47476172 0.42761975 0.50206904 0.41641874
0.00039479 0.36283831 0.35232302 0.39930133 0.34523319 0.50234819  0.48417291 0.45702496 0.47508945 0.39693445 0.45000532 0.44589633  0.47476172 0.42761975 0.50206904 0.41641874
0.00039479 0.36283831 0.35232302 0.39930133 0.34523319 0.50234819  0.48417291 0.45702496 0.47508945 0.39693445 0.45000532 0.44589633  0.47476172 0.42761975 0.50206904 0.41641874
0.00039479 0.36283831 0.35232302 0.39930133 0.34523319 0.50234819  0.48417291 0.45702496 0.47508945 0.39693445 0.45000532 0.44589633  0.47476172 0.42761975 0.50206904 0.41641874
0.00039479 0.36283831 0.35232302 0.39930133 0.34523319 0.50234819  0.48417291 0.45702496 0.47508945 0.39693445 0.45000532 0.44589633  0.47476172 0.42761975 0.50206904 0.41641874
