0.00039479 0.36283831 0.35232302 0.39930133 0.34523319 0.50234819  0.48417291 0.45702496 0.47508945 0.39693445 0.45000532 0.44589633  0.47476172 0.42761975 0.50206904 0.41641874
0.00039479 0.36283831 0.35232302 0.39930133 0.34523319 0.50234819  0.48417291 0.45702496 0.47508945 0.39693445 0.45000532 0.44589633  0.47476172 0.42761975 0.50206904 0.41641874
0.00039479 0.36283831 0.35232302 0.39930133 0.34523319 0.50234819  0.48417291 0.45702496 0.47508945 0.39693445 0.45000532 0.44589633  0.47476172 0.42761975 0.50206904 0.41641874
0.00039479 0.36283831 0.35232302 0.39930133 0.34523319 0.50234819  0.48417291 0.45702496 0.47508945 0.39693445 0.45000532 0.44589633  0.47476172 0.42761975 0.50206904 0.41641874
0.00039479 0.36283831 0.35232302 0.39930133 0.34523319 0.50234819  0.48417291 0.45702496 0.47508945 0.39693445 0.45000532 0.44589633  0.47476172 0.42761975 0.50206904 0.41641874
0.00039479 0.36283831 0.35232302 0.39930133 0.34523319 0.50234819  0.48417291 0.45702496 0.47508945 0.39693445 0.45000532 0.44589633  0.47476172 0.42761975 0.50206904 0.41641874
0.00039479 0.36283831 0.35232302 0.39930133 0.34523319 0.50234819  0.48417291 0.45702496 0.47508945 0.39693445 0.45000532 0.44589633  0.47476172 0.42761975 0.50206904 0.41641874
0.00039479 0.36283831 0.35232302 0.39930133 0.34523319 0.50234819  0.48417291 0.45702496 0.47508945 0.39693445 0.45000532 0.44589633  0.47476172 0.42761975 0.50206904 0.41641874
0.00039479 0.36283831 0.35232302 0.39930133 0.34523319 0.50234819  0.48417291 0.45702496 0.47508945 0.39693445 0.45000532 0.44589633  0.47476172 0.42761975 0.50206904 0.41641874
0.00039479 0.36283831 0.35232302 0.39930133 0.34523319 0.50234819  0.48417291 0.45702496 0.47508945 0.39693445 0.45000532 0.44589633  0.47476172 0.42761975 0.50206904 0.41641874
0.00039479 0.36283831 0.35232302 0.39930133 0.34523319 0.50234819  0.48417291 0.45702496 0.47508945 0.39693445 0.45000532 0.44589633  0.47476172 0.42761975 0.50206904 0.41641874
0.00039479 0.36283831 0.35232302 0.39930133 0.34523319 0.50234819  0.48417291 0.45702496 0.47508945 0.39693445 0.45000532 0.44589633  0.47476172 0.42761975 0.50206904 0.41641874
0.00039479 0.36283831 0.35232302 0.39930133 0.34523319 0.50234819  0.48417291 0.45702496 0.47508945 0.39693445 0.45000532 0.44589633  0.47476172 0.42761975 0.50206904 0.41641874
0.00039479 0.36283831 0.35232302 0.39930133 0.34523319 0.50234819  0.48417291 0.45702496 0.47508945 0.39693445 0.45000532 0.44589633  0.47476172 0.42761975 0.50206904 0.41641874
0.00039479 0.36283831 0.35232302 0.39930133 0.34523319 0.50234819  0.48417291 0.45702496 0.47508945 0.39693445 0.45000532 0.44589633  0.47476172 0.42761975 0.50206904 0.41641874
0.00039479 0.36283831 0.35232302 0.39930133 0.34523319 0.50234819  0.48417291 0.45702496 0.47508945 0.39693445 0.45000532 0.44589633  0.47476172 0.42761975 0.50206904 0.41641874
0.00039479 0.36283831 0.35232302 0.39930133 0.34523319 0.50234819  0.48417291 0.45702496 0.47508945 0.39693445 0.45000532 0.44589633  0.47476172 0.42761975 0.50206904 0.41641874
0.00039479 0.36283831 0.35232302 0.39930133 0.34523319 0.50234819  0.48417291 0.45702496 0.47508945 0.39693445 0.45000532 0.44589633  0.47476172 0.42761975 0.50206904 0.41641874
0.00039479 0.36283831 0.35232302 0.39930133 0.34523319 0.50234819  0.48417291 0.45702496 0.47508945 0.39693445 0.45000532 0.44589633  0.47476172 0.42761975 0.50206904 0.41641874
0.00039479 0.36283831 0.35232302 0.39930133 0.34523319 0.50234819  0.48417291 0.45702496 0.47508945 0.39693445 0.45000532 0.44589633  0.47476172 0.42761975 0.50206904 0.41641874
0.00039479 0.36283831 0.35232302 0.39930133 0.34523319 0.50234819  0.48417291 0.45702496 0.47508945 0.39693445 0.45000532 0.44589633  0.47476172 0.42761975 0.50206904 0.41641874
0.00039479 0.36283831 0.35232302 0.39930133 0.34523319 0.50234819  0.48417291 0.45702496 0.47508945 0.39693445 0.45000532 0.44589633  0.47476172 0.42761975 0.50206904 0.41641874
0.00039479 0.36283831 0.35232302 0.39930133 0.34523319 0.50234819  0.48417291 0.45702496 0.47508945 0.39693445 0.45000532 0.44589633  0.47476172 0.42761975 0.50206904 0.41641874
0.00039479 0.36283831 0.35232302 0.39930133 0.34523319 0.50234819  0.48417291 0.45702496 0.47508945 0.39693445 0.45000532 0.44589633  0.47476172 0.42761975 0.50206904 0.41641874
0.00039479 0.36283831 0.35232302 0.39930133 0.34523319 0.50234819  0.48417291 0.45702496 0.47508945 0.39693445 0.45000532 0.44589633  0.47476172 0.42761975 0.50206904 0.41641874
0.00039479 0.36283831 0.35232302 0.39930133 0.34523319 0.50234819  0.48417291 0.45702496 0.47508945 0.39693445 0.45000532 0.44589633  0.47476172 0.42761975 0.50206904 0.41641874
0.00039479 0.36283831 0.35232302 0.39930133 0.34523319 0.50234819  0.48417291 0.45702496 0.47508945 0.39693445 0.45000532 0.44589633  0.47476172 0.42761975 0.50206904 0.41641874
0.00039479 0.36283831 0.35232302 0.39930133 0.34523319 0.50234819  0.48417291 0.45702496 0.47508945 0.39693445 0.45000532 0.44589633  0.47476172 0.42761975 0.50206904 0.41641874
0.00039479 0.36283831 0.35232302 0.39930133 0.34523319 0.50234819  0.48417291 0.45702496 0.47508945 0.39693445 0.45000532 0.44589633  0.47476172 0.42761975 0.50206904 0.41641874
0.00039479 0.36283831 0.35232302 0.39930133 0.34523319 0.50234819  0.48417291 0.45702496 0.47508945 0.39693445 0.45000532 0.44589633  0.47476172 0.42761975 0.50206904 0.41641874
0.00039479 0.36283831 0.35232302 0.39930133 0.34523319 0.50234819  0.48417291 0.45702496 0.47508945 0.39693445 0.45000532 0.44589633  0.47476172 0.42761975 0.50206904 0.41641874
0.00039479 0.36283831 0.35232302 0.39930133 0.34523319 0.50234819  0.48417291 0.45702496 0.47508945 0.39693445 0.45000532 0.44589633  0.47476172 0.42761975 0.50206904 0.41641874
0.00039479 0.36283831 0.35232302 0.39930133 0.34523319 0.50234819  0.48417291 0.45702496 0.47508945 0.39693445 0.45000532 0.44589633  0.47476172 0.42761975 0.50206904 0.41641874
0.00039479 0.36283831 0.35232302 0.39930133 0.34523319 0.50234819  0.48417291 0.45702496 0.47508945 0.39693445 0.45000532 0.44589633  0.47476172 0.42761975 0.50206904 0.41641874
0.00039479 0.36283831 0.35232302 0.39930133 0.34523319 0.50234819  0.48417291 0.45702496 0.47508945 0.39693445 0.45000532 0.44589633  0.47476172 0.42761975 0.50206904 0.41641874
0.00039479 0.36283831 0.35232302 0.39930133 0.34523319 0.50234819  0.48417291 0.45702496 0.47508945 0.39693445 0.45000532 0.44589633  0.47476172 0.42761975 0.50206904 0.41641874
0.00039479 0.36283831 0.35232302 0.39930133 0.34523319 0.50234819  0.48417291 0.45702496 0.47508945 0.39693445 0.45000532 0.44589633  0.47476172 0.42761975 0.50206904 0.41641874
0.00039479 0.36283831 0.35232302 0.39930133 0.34523319 0.50234819  0.48417291 0.45702496 0.47508945 0.39693445 0.45000532 0.44589633  0.47476172 0.42761975 0.50206904 0.41641874
0.00039479 0.36283831 0.35232302 0.39930133 0.34523319 0.50234819  0.48417291 0.45702496 0.47508945 0.39693445 0.45000532 0.44589633  0.47476172 0.42761975 0.50206904 0.41641874
0.00039479 0.36283831 0.35232302 0.39930133 0.34523319 0.50234819  0.48417291 0.45702496 0.47508945 0.39693445 0.45000532 0.44589633  0.47476172 0.42761975 0.50206904 0.41641874
0.00039479 0.36283831 0.35232302 0.39930133 0.34523319 0.50234819  0.48417291 0.45702496 0.47508945 0.39693445 0.45000532 0.44589633  0.47476172 0.42761975 0.50206904 0.41641874
0.00039479 0.36283831 0.35232302 0.39930133 0.34523319 0.50234819  0.48417291 0.45702496 0.47508945 0.39693445 0.45000532 0.44589633  0.47476172 0.42761975 0.50206904 0.41641874
0.00039479 0.36283831 0.35232302 0.39930133 0.34523319 0.50234819  0.48417291 0.45702496 0.47508945 0.39693445 0.45000532 0.44589633  0.47476172 0.42761975 0.50206904 0.41641874
0.00039479 0.36283831 0.35232302 0.39930133 0.34523319 0.50234819  0.48417291 0.45702496 0.47508945 0.39693445 0.45000532 0.44589633  0.47476172 0.42761975 0.50206904 0.41641874
0.00039479 0.36283831 0.35232302 0.39930133 0.34523319 0.50234819  0.48417291 0.45702496 0.47508945 0.39693445 0.45000532 0.44589633  0.47476172 0.42761975 0.50206904 0.41641874
0.00039479 0.36283831 0.35232302 0.39930133 0.34523319 0.50234819  0.48417291 0.45702496 0.47508945 0.39693445 0.45000532 0.44589633  0.47476172 0.42761975 0.50206904 0.41641874
0.00039479 0.36283831 0.35232302 0.39930133 0.34523319 0.50234819  0.48417291 0.45702496 0.47508945 0.39693445 0.45000532 0.44589633  0.47476172 0.42761975 0.50206904 0.41641874
0.10928549 0.50841282 0.2825714  0.50665115 0.36623642 0.4728014  0.37421066 0.48601675 0.59797739 0.42958711 0.50657364 0.45654508  0.39298634 0.52223633 0.75783148 0.40330572
0.42211565 0.8095136  0.14555362 0.57622693 0.30703259 0.66721375  0.34593432 0.43345492 0.66374153 0.44538756 0.58541673 0.43841075  0.48324354 0.38602163 0.44345113 0.45303018
0.59787761 0.73134667 0.12022963 0.27059545 0.29584709 0.67845973  0.66056277 0.55335991 0.40061692 0.40211321 0.42785235 0.44404497  0.69609507 0.42322775 0.46911648 0.50576494
0.64373366 0.65236289 0.14621634 0.22113    0.26421338 0.63275901  0.57374524 0.72821967 0.36759671 0.4497464  0.37568918 0.46817756  0.43064002 0.27612436 0.57940332 0.49900814
0.65978342 0.62626779 0.14737991 0.18804659 0.26458943 0.61357004  0.56003964 0.78474859 0.39081261 0.43154374 0.38250368 0.47021844  0.41248313 0.25319255 0.64073763 0.51128825
0.72790484 0.46072147 0.10844079 0.14147317 0.33892742 0.51298879  0.43547758 0.513441   0.56193449 0.37729289 0.30066884 0.49258646  0.46411271 0.28106773 0.56692588 0.42459616
0.75576264 0.41198593 0.12507267 0.15373721 0.33085704 0.50633571  0.35325373 0.50921212 0.53630096 0.36897101 0.32106315 0.47308574  0.43814212 0.2113868  0.41687793 0.32926132
0.77045293 0.38261378 0.11810865 0.13503757 0.33883886 0.48945744  0.34555663 0.43957064 0.56631317 0.37898498 0.25354133 0.50240491  0.4553934  0.28566417 0.47715708 0.3362237 
0.77045293 0.38261378 0.11810865 0.13503757 0.33883886 0.48945744  0.34555663 0.43957064 0.56631317 0.37898498 0.25354133 0.50240491  0.4553934  0.28566417 0.47715708 0.3362237 
0.77045293 0.38261378 0.11810865 0.13503757 0.33883886 0.48945744  0.34555663 0.43957064 0.56631317 0.37898498 0.25354133 0.50240491  0.4553934  0.28566417 0.47715708 0.3362237 
0.75576264 0.41198593 0.12507267 0.15373721 0.33085704 0.50633571  0.35325373 0.50921212 0.53630096 0.36897101 0.32106315 0.47308574  0.43814212 0.2113868  0.41687793 0.32926132
0.72832278 0.47771251 0.13701382 0.17364948 0.3069266  0.55331797  0.40139094 0.57073398 0.47236835 0.40140005 0.30301488 0.47539442  0.43837925 0.19423776 0.4724872  0.34677606
0.67011399 0.59694036 0.12991942 0.22752236 0.30089206 0.64011994  0.51511858 0.51981683 0.41744069 0.40714545 0.31024606 0.46764981  0.61721658 0.26708798 0.50836587 0.39203092
0.62937929 0.69188656 0.14453327 0.2453331  0.27214964 0.67619689  0.60208774 0.62017728 0.37327417 0.40265089 0.39236392 0.45113597  0.67201469 0.39253462 0.4744274  0.44976578
0.62937929 0.69188656 0.14453327 0.2453331  0.27214964 0.67619689  0.60208774 0.62017728 0.37327417 0.40265089 0.39236392 0.45113597  0.67201469 0.39253462 0.4744274  0.44976578
0.62937929 0.69188656 0.14453327 0.2453331  0.27214964 0.67619689  0.60208774 0.62017728 0.37327417 0.40265089 0.39236392 0.45113597  0.67201469 0.39253462 0.4744274  0.44976578
0.69329193 0.8535182  0.58679673 0.23894434 0.57945307 0.69536097  0.57494245 0.44343414 0.29075039 0.3363259  0.36219482 0.33426414  0.74614457 0.56722917 0.33975664 0.29307325
0.72823854 0.85295536 0.72647417 0.3045065  0.57955487 0.62376735  0.65103082 0.41092114 0.30682727 0.33638368 0.42330695 0.39812613  0.82096494 0.4331118  0.54604455 0.28011225
0.76189785 0.8052923  0.7465369  0.23796309 0.58993047 0.57774833  0.63260806 0.54988162 0.36782924 0.3997297  0.40011149 0.372311  0.76117643 0.39010545 0.59351796 0.3009071 
0.76261238 0.80948405 0.75646759 0.2262031  0.6332915  0.58769546  0.62008467 0.55437484 0.35362779 0.405123   0.43077959 0.42004092  0.77043752 0.37014604 0.60394267 0.31797272
0.79274998 0.77159461 0.80556789 0.22347712 0.60358542 0.52966603  0.60352156 0.63126631 0.34651735 0.52065106 0.44143215 0.41125819  0.64603464 0.36658715 0.63829012 0.30156251
0.79037168 0.76755825 0.79081818 0.23198465 0.59436944 0.54982032  0.58536953 0.62092811 0.30326084 0.46222764 0.4588464  0.45649079  0.66205358 0.34813995 0.66203808 0.28364093
0.80557045 0.7455164  0.81321539 0.21757016 0.62560843 0.54880771  0.53406229 0.66534396 0.26247323 0.49298884 0.47308518 0.51584906  0.55660861 0.26821667 0.70301292 0.28055569
0.80536516 0.74633394 0.81011556 0.21837935 0.62965432 0.56552654  0.50845085 0.66022544 0.20979124 0.40965103 0.50850804 0.60168586  0.51147922 0.23464626 0.75650284 0.35215075
0.82052405 0.71920686 0.81183171 0.1856218  0.6766049  0.55581139  0.48369971 0.61615458 0.23501597 0.41045743 0.49678723 0.67249685  0.542994   0.29617307 0.79915497 0.37956611
0.83523538 0.6870273  0.8069169  0.16356995 0.68666505 0.52311253  0.46306222 0.59964065 0.28160171 0.38654718 0.50185821 0.67738432  0.54281559 0.34578395 0.77957341 0.3783678 
0.84930469 0.6500818  0.78284402 0.16488486 0.60773268 0.47897473  0.48524    0.52411317 0.33938476 0.3828638  0.36567338 0.60584492  0.53560789 0.45436753 0.83173571 0.34967986
0.86049026 0.6108141  0.76421253 0.17036655 0.60612789 0.46134098  0.4604602  0.44267789 0.38237496 0.39630994 0.32468437 0.55949079  0.58144252 0.45595541 0.78333197 0.25029432
0.87133405 0.56196195 0.72856016 0.19463581 0.52428988 0.40715785  0.45596322 0.3882431  0.4569944  0.37435538 0.28624958 0.4549797  0.56558954 0.45122881 0.69360174 0.18496552
0.88950465 0.46498349 0.64728421 0.26168299 0.37150846 0.35836825  0.40733998 0.27466398 0.47531518 0.21814351 0.29257333 0.44612291  0.48727932 0.33640804 0.67310962 0.1933616 
0.85659251 0.37131247 0.41768173 0.31559882 0.16665477 0.35326619  0.41199706 0.31270006 0.41355157 0.3040111  0.39831289 0.58843338  0.6321286  0.37332163 0.6312705  0.20188969
0.85907585 0.33326192 0.39054594 0.35604349 0.1595463  0.3423578  0.41000142 0.32668456 0.40616133 0.38295967 0.52414914 0.65982569  0.68221981 0.37042844 0.60894444 0.26094883
0.85907585 0.33326192 0.39054594 0.35604349 0.1595463  0.3423578  0.41000142 0.32668456 0.40616133 0.38295967 0.52414914 0.65982569  0.68221981 0.37042844 0.60894444 0.26094883
0.87474814 0.20370846 0.3034309  0.50730282 0.2767168  0.47216819  0.37273224 0.37006501 0.23926245 0.5448395  0.59265672 0.44899145  0.68357316 0.44750059 0.56662423 0.39878469
0.87474814 0.20370846 0.3034309  0.50730282 0.2767168  0.47216819  0.37273224 0.37006501 0.23926245 0.5448395  0.59265672 0.44899145  0.68357316 0.44750059 0.56662423 0.39878469
0.87050183 0.17686593 0.26222358 0.53624957 0.32469238 0.51962397  0.39483426 0.42034164 0.23445125 0.55933857 0.55653386 0.41806448  0.64907503 0.41492893 0.63861312 0.3652879 
0.87619578 0.15338849 0.25598772 0.58123846 0.35441823 0.55930974  0.41218383 0.43196162 0.21770453 0.54364165 0.52768809 0.3827241  0.65571522 0.41968565 0.70361188 0.34995615
0.87619578 0.15338849 0.25598772 0.58123846 0.35441823 0.55930974  0.41218383 0.43196162 0.21770453 0.54364165 0.52768809 0.3827241  0.65571522 0.41968565 0.70361188 0.34995615
0.87619578 0.15338849 0.25598772 0.58123846 0.35441823 0.55930974  0.41218383 0.43196162 0.21770453 0.54364165 0.52768809 0.3827241  0.65571522 0.41968565 0.70361188 0.34995615
0.87619578 0.15338849 0.25598772 0.58123846 0.35441823 0.55930974  0.41218383 0.43196162 0.21770453 0.54364165 0.52768809 0.3827241  0.65571522 0.41968565 0.70361188 0.34995615
0.87619578 0.15338849 0.25598772 0.58123846 0.35441823 0.55930974  0.41218383 0.43196162 0.21770453 0.54364165 0.52768809 0.3827241  0.65571522 0.41968565 0.70361188 0.34995615
0.87619578 0.15338849 0.25598772 0.58123846 0.35441823 0.55930974  0.41218383 0.43196162 0.21770453 0.54364165 0.52768809 0.3827241  0.65571522 0.41968565 0.70361188 0.34995615
0.81024617 0.29999291 0.1646691  0.27914936 0.33753514 0.52778368  0.31948895 0.42444494 0.37655743 0.42181431 0.33708551 0.43889846  0.53233995 0.3020421  0.58168409 0.26811492
0.81024617 0.29999291 0.1646691  0.27914936 0.33753514 0.52778368  0.31948895 0.42444494 0.37655743 0.42181431 0.33708551 0.43889846  0.53233995 0.3020421  0.58168409 0.26811492
0.71522576 0.51586432 0.14224509 0.17967997 0.2863258  0.59461963  0.44950038 0.56427044 0.41747752 0.45735245 0.20769612 0.51368854  0.46119497 0.25601812 0.62646199 0.39020847
0.71522576 0.51586432 0.14224509 0.17967997 0.2863258  0.59461963  0.44950038 0.56427044 0.41747752 0.45735245 0.20769612 0.51368854  0.46119497 0.25601812 0.62646199 0.39020847
0.59787761 0.73134667 0.12022963 0.27059545 0.29584709 0.67845973  0.66056277 0.55335991 0.40061692 0.40211321 0.42785235 0.44404497  0.69609507 0.42322775 0.46911648 0.50576494
0.54586244 0.77974689 0.12267476 0.39836867 0.29679893 0.68115205  0.59554768 0.40168778 0.37523608 0.47557271 0.37358206 0.4789511  0.49127868 0.3460347  0.38172529 0.46165898
0.51122529 0.79950986 0.09455724 0.43195576 0.3493868  0.5994669  0.66683861 0.34610602 0.416032   0.46732754 0.53386627 0.462384  0.40329739 0.37544479 0.47961754 0.45658068
0.40159694 0.79909721 0.12597241 0.60307703 0.36835475 0.501639  0.41424827 0.38191877 0.51467231 0.49279962 0.43272629 0.49708668  0.34936823 0.37735943 0.54508556 0.46921301
0.27230287 0.73267769 0.16547083 0.68332028 0.43003633 0.28129444  0.27429226 0.57383444 0.55875287 0.38318526 0.44123623 0.44755586  0.5143895  0.4866367  0.6130834  0.38891645
0.27230287 0.73267769 0.16547083 0.68332028 0.43003633 0.28129444  0.27429226 0.57383444 0.55875287 0.38318526 0.44123623 0.44755586  0.5143895  0.4866367  0.6130834  0.38891645
0.1979191  0.64271906 0.20775552 0.63648947 0.43055343 0.25445331  0.30409412 0.59845109 0.49582661 0.35466587 0.3554918  0.44586393  0.67481435 0.4819329  0.51013262 0.44667862
0.1979191  0.64271906 0.20775552 0.63648947 0.43055343 0.25445331  0.30409412 0.59845109 0.49582661 0.35466587 0.3554918  0.44586393  0.67481435 0.4819329  0.51013262 0.44667862
0.18056648 0.61571392 0.22155648 0.60943813 0.41881619 0.28593715  0.33076312 0.57782214 0.48921957 0.35696179 0.37653717 0.44258094  0.63692536 0.45963688 0.48136877 0.42807819
0.1977706  0.6128927  0.20760482 0.5858779  0.43289364 0.25563695  0.40424484 0.53759781 0.40452428 0.38935755 0.30274001 0.47416611  0.60438072 0.43641697 0.49276567 0.47087299
0.21608607 0.63868316 0.19449387 0.60612198 0.44038228 0.23870077  0.39011274 0.54446938 0.41290495 0.38829152 0.31074311 0.47297194  0.59143722 0.44797405 0.51788207 0.45804543
0.21608607 0.63868316 0.19449387 0.60612198 0.44038228 0.23870077  0.39011274 0.54446938 0.41290495 0.38829152 0.31074311 0.47297194  0.59143722 0.44797405 0.51788207 0.45804543
0.25409723 0.6675833  0.1703678  0.62277469 0.45715132 0.23373678  0.46889002 0.52180367 0.35433685 0.37923568 0.27176611 0.50351311  0.43643012 0.42349986 0.41925268 0.37889876
0.25409723 0.6675833  0.1703678  0.62277469 0.45715132 0.23373678  0.46889002 0.52180367 0.35433685 0.37923568 0.27176611 0.50351311  0.43643012 0.42349986 0.41925268 0.37889876
0.2543114  0.66669232 0.16999263 0.6254676  0.45963561 0.23672937  0.47232986 0.52474827 0.35777012 0.37492877 0.26336967 0.50730835  0.42525194 0.43873082 0.41050766 0.36970576
0.2543114  0.66669232 0.16999263 0.6254676  0.45963561 0.23672937  0.47232986 0.52474827 0.35777012 0.37492877 0.26336967 0.50730835  0.42525194 0.43873082 0.41050766 0.36970576
0.32481651 0.68844096 0.13633984 0.60087675 0.45558588 0.26841123  0.49850896 0.40820747 0.40175872 0.41285097 0.29970338 0.5269986  0.26585805 0.48309631 0.54026061 0.318176  
0.39729041 0.75562743 0.11608669 0.59752452 0.40977987 0.39749198  0.44569851 0.31970587 0.4604636  0.49971239 0.29830965 0.54232856  0.27373898 0.46278746 0.62735687 0.43332582
0.508316   0.78187366 0.09465348 0.45644681 0.34707141 0.59578335  0.60021923 0.26902246 0.4594719  0.4886953  0.44977045 0.49819053  0.37363015 0.41098087 0.47993216 0.46856921
0.57334638 0.76725042 0.21761281 0.45043056 0.24912987 0.68440643  0.47304977 0.28359287 0.35147244 0.41938886 0.2628407  0.53444137  0.46086296 0.43336688 0.29092614 0.48010055
0.59682247 0.75424581 0.28444917 0.50717049 0.19537214 0.66437203  0.46672751 0.25404401 0.26635853 0.44424643 0.32811176 0.58603593  0.57049728 0.50931646 0.26998396 0.36593279
0.581045   0.79513207 0.37309431 0.60129659 0.1388023  0.67403594  0.43264156 0.30224021 0.28922242 0.32925137 0.42192989 0.56258816  0.60919722 0.35483668 0.29245946 0.37317193
0.581045   0.79513207 0.37309431 0.60129659 0.1388023  0.67403594  0.43264156 0.30224021 0.28922242 0.32925137 0.42192989 0.56258816  0.60919722 0.35483668 0.29245946 0.37317193
0.5712396  0.8054955  0.42348746 0.63940305 0.11660095 0.69226377  0.37269891 0.31612312 0.38442736 0.23815487 0.48852148 0.52390078  0.6572086  0.34493039 0.32303069 0.34966277
0.5712396  0.8054955  0.42348746 0.63940305 0.11660095 0.69226377  0.37269891 0.31612312 0.38442736 0.23815487 0.48852148 0.52390078  0.6572086  0.34493039 0.32303069 0.34966277
0.5567754  0.8207147  0.45956418 0.66340958 0.13509119 0.67609908  0.31386668 0.31619022 0.42043634 0.26689855 0.41022362 0.48754162  0.62826232 0.36565147 0.33696411 0.3470596 
0.5567754  0.8207147  0.45956418 0.66340958 0.13509119 0.67609908  0.31386668 0.31619022 0.42043634 0.26689855 0.41022362 0.48754162  0.62826232 0.36565147 0.33696411 0.3470596 
0.56824269 0.78670591 0.55601695 0.74755371 0.08436263 0.59998946  0.30401011 0.34964454 0.4483399  0.40755503 0.434624   0.52665269  0.69309717 0.3831044  0.47188964 0.30843375
0.56824269 0.78670591 0.55601695 0.74755371 0.08436263 0.59998946  0.30401011 0.34964454 0.4483399  0.40755503 0.434624   0.52665269  0.69309717 0.3831044  0.47188964 0.30843375
0.55475179 0.78868753 0.59965931 0.75241155 0.09602648 0.60701114  0.26176662 0.37679044 0.54597095 0.38684767 0.42633264 0.47017032  0.75252927 0.41127681 0.52501132 0.32031409
0.55475179 0.78868753 0.59965931 0.75241155 0.09602648 0.60701114  0.26176662 0.37679044 0.54597095 0.38684767 0.42633264 0.47017032  0.75252927 0.41127681 0.52501132 0.32031409
0.55790605 0.80430518 0.62913392 0.73935733 0.13808779 0.62275904  0.24413867 0.37347841 0.53285148 0.37491771 0.42009047 0.45919644  0.73220761 0.4184415  0.51994488 0.29751444
0.55790605 0.80430518 0.62913392 0.73935733 0.13808779 0.62275904  0.24413867 0.37347841 0.53285148 0.37491771 0.42009047 0.45919644  0.73220761 0.4184415  0.51994488 0.29751444
0.57619228 0.81513387 0.61748813 0.73065507 0.14280932 0.60947876  0.29737049 0.34182411 0.45968547 0.3843175  0.39297231 0.46707189  0.64175139 0.37644733 0.48133122 0.27801384
0.57619228 0.81513387 0.61748813 0.73065507 0.14280932 0.60947876  0.29737049 0.34182411 0.45968547 0.3843175  0.39297231 0.46707189  0.64175139 0.37644733 0.48133122 0.27801384
0.57619228 0.81513387 0.61748813 0.73065507 0.14280932 0.60947876  0.29737049 0.34182411 0.45968547 0.3843175  0.39297231 0.46707189  0.64175139 0.37644733 0.48133122 0.27801384
0.60066203 0.82838756 0.64649984 0.69352999 0.13592653 0.61153024  0.37008549 0.33059617 0.44762271 0.33830069 0.41070188 0.40649393  0.60775162 0.399636   0.43661018 0.27604194
0.61934676 0.83713776 0.63694149 0.67396153 0.13712652 0.61531133  0.42879004 0.31095471 0.40234667 0.32997419 0.44611261 0.39435304  0.53456924 0.37421321 0.39461105 0.23133117
0.63404947 0.81075153 0.64937896 0.67115928 0.12047457 0.60072708  0.39328933 0.35241824 0.37554715 0.35321127 0.42461654 0.40142158  0.4163701  0.31105431 0.43170589 0.21047013
0.63404947 0.81075153 0.64937896 0.67115928 0.12047457 0.60072708  0.39328933 0.35241824 0.37554715 0.35321127 0.42461654 0.40142158  0.4163701  0.31105431 0.43170589 0.21047013
0.63089521 0.79513388 0.61990434 0.68421351 0.07841326 0.58497918  0.41091728 0.35573027 0.38866662 0.36514123 0.43085871 0.41239546  0.43669176 0.30388962 0.43677232 0.23326978
0.61619251 0.82152011 0.60746688 0.68701576 0.09506521 0.59956343  0.44641799 0.31426674 0.41546614 0.34190415 0.45235478 0.40532692  0.5548909  0.36704852 0.39967749 0.25413082
0.60728337 0.79292796 0.54461899 0.70068214 0.06295228 0.60616026  0.43705904 0.31988869 0.37965965 0.34594984 0.5209593  0.51087038  0.61152279 0.35647097 0.3994938  0.28953122
0.57545067 0.78707964 0.41919658 0.65201574 0.10935463 0.68031813  0.37626754 0.34738803 0.3589164  0.37544934 0.52315651 0.53691277  0.67488884 0.3904575  0.31406789 0.24131216
0.51173453 0.7846939  0.25478585 0.58949021 0.18833342 0.73723675  0.27667066 0.42477776 0.43963612 0.45838889 0.39646604 0.4995811  0.57460633 0.37273499 0.22447613 0.30897901
0.46661388 0.7798766  0.21275695 0.60776924 0.23685468 0.70241896  0.25434186 0.44289969 0.51502691 0.48818701 0.42271112 0.48804324  0.56929783 0.36680766 0.35108626 0.33071083
0.38500068 0.80008635 0.1500423  0.61767303 0.33122515 0.60162614  0.29400884 0.44804128 0.70074437 0.44820811 0.57761426 0.44710914  0.49223646 0.42720784 0.52387333 0.45930185
0.32814182 0.77170362 0.15751807 0.67042581 0.3808457  0.44991599  0.25376018 0.48097045 0.64218099 0.46450094 0.4516513  0.47933088  0.44118245 0.47070012 0.66369342 0.45249362
0.32814182 0.77170362 0.15751807 0.67042581 0.3808457  0.44991599  0.25376018 0.48097045 0.64218099 0.46450094 0.4516513  0.47933088  0.44118245 0.47070012 0.66369342 0.45249362
0.23489862 0.67987752 0.19649177 0.6522512  0.40634954 0.34452825  0.26130489 0.54447097 0.56923031 0.43944402 0.33597415 0.48983118  0.55428684 0.48371997 0.67552066 0.51393573
0.19831643 0.63992769 0.21303534 0.63029838 0.41501288 0.31504418  0.28276621 0.5731928  0.56506302 0.40113495 0.38750912 0.46399406  0.56741809 0.51903418 0.6873106  0.45888257
0.089594   0.4942794  0.28606302 0.51734306 0.38816267 0.39380377  0.37054192 0.52957476 0.53919468 0.39560243 0.42458643 0.45347041  0.54274286 0.52499171 0.67091569 0.44342993
0.05290925 0.44420582 0.31036068 0.48054205 0.37972666 0.40446539  0.40980259 0.51681666 0.48042852 0.38914823 0.37426181 0.45627883  0.59268897 0.4691632  0.54303946 0.47811462
0.03540017 0.41718963 0.32450808 0.45341476 0.36814944 0.43963834  0.43244666 0.49689867 0.48559948 0.39258167 0.40702111 0.45241186  0.54776626 0.46341302 0.546645   0.45216901
0.01804755 0.39018449 0.33830903 0.42636341 0.35641219 0.47112218  0.45911565 0.47626972 0.47899245 0.39487759 0.42806648 0.44912887  0.50987727 0.441117   0.51788115 0.43356859
0.00039479 0.36283831 0.35232302 0.39930133 0.34523319 0.50234819  0.48417291 0.45702496 0.47508945 0.39693445 0.45000532 0.44589633  0.47476172 0.42761975 0.50206904 0.41641874
0.00039479 0.36283831 0.35232302 0.39930133 0.34523319 0.50234819  0.48417291 0.45702496 0.47508945 0.39693445 0.45000532 0.44589633  0.47476172 0.42761975 0.50206904 0.41641874
0.00039479 0.36283831 0.35232302 0.39930133 0.34523319 0.50234819  0.48417291 0.45702496 0.47508945 0.39693445 0.45000532 0.44589633  0.47476172 0.42761975 0.50206904 0.41641874
0.00039479 0.36283831 0.35232302 0.39930133 0.34523319 0.50234819  0.48417291 0.45702496 0.47508945 0.39693445 0.45000532 0.44589633  0.47476172 0.42761975 0.50206904 0.41641874
0.00039479 0.36283831 0.35232302 0.39930133 0.34523319 0.50234819  0.48417291 0.45702496 0.47508945 0.39693445 0.45000532 0.44589633  0.47476172 0.42761975 0.50206904 0.41641874
0.00039479 0.36283831 0.35232302 0.39930133 0.34523319 0.50234819  0.48417291 0.45702496 0.47508945 0.39693445 0.45000532 0.44589633  0.47476172 0.42761975 0.50206904 0.41641874
0.00039479 0.36283831 0.35232302 0.39930133 0.34523319 0.50234819  0.48417291 0.45702496 0.47508945 0.39693445 0.45000532 0.44589633  0.47476172 0.42761975 0.50206904 0.41641874
0.00039479 0.36283831 0.35232302 0.39930133 0.34523319 0.50234819  0.48417291 0.45702496 0.47508945 0.39693445 0.45000532 0.44589633  0.47476172 0.42761975 0.50206904 0.41641874
0.00039479 0.36283831 0.35232302 0.39930133 0.34523319 0.50234819  0.48417291 0.45702496 0.47508945 0.39693445 0.45000532 0.44589633  0.47476172 0.42761975 0.50206904 0.41641874
0.00039479 0.36283831 0.35232302 0.39930133 0.34523319 0.50234819  0.48417291 0.45702496 0.47508945 0.39693445 0.45000532 0.44589633  0.47476172 0.42761975 0.50206904 0.41641874
0.00039479 0.36283831 0.35232302 0.39930133 0.34523319 0.50234819  0.48417291 0.45702496 0.47508945 0.39693445 0.45000532 0.44589633  0.47476172 0.42761975 0.50206904 0.41641874
0.00039479 0.36283831 0.35232302 0.39930133 0.34523319 0.50234819  0.48417291 0.45702496 0.47508945 0.39693445 0.45000532 0.44589633  0.47476172 0.42761975 0.50206904 0.41641874
0.00039479 0.36283831 0.35232302 0.39930133 0.34523319 0.50234819  0.48417291 0.45702496 0.47508945 0.39693445 0.45000532 0.44589633  0.47476172 0.42761975 0.50206904 0.41641874
0.00039479 0.36283831 0.35232302 0.39930133 0.34523319 0.50234819  0.48417291 0.45702496 0.47508945 0.39693445 0.45000532 0.44589633  0.47476172 0.42761975 0.50206904 0.41641874
0.00039479 0.36283831 0.35232302 0.39930133 0.34523319 0.50234819  0.48417291 0.45702496 0.47508945 0.39693445 0.45000532 0.44589633  0.47476172 0.42761975 0.50206904 0.41641874
