0.00039479 0.36283831 0.35232302 0.39930133 0.34523319 0.50234819  0.48417291 0.45702496 0.47508945 0.39693445 0.45000532 0.44589633  0.47476172 0.42761975 0.50206904 0.41641874
0.00039479 0.36283831 0.35232302 0.39930133 0.34523319 0.50234819  0.48417291 0.45702496 0.47508945 0.39693445 0.45000532 0.44589633  0.47476172 0.42761975 0.50206904 0.41641874
0.00039479 0.36283831 0.35232302 0.39930133 0.34523319 0.50234819  0.48417291 0.45702496 0.47508945 0.39693445 0.45000532 0.44589633  0.47476172 0.42761975 0.50206904 0.41641874
0.00039479 0.36283831 0.35232302 0.39930133 0.34523319 0.50234819  0.48417291 0.45702496 0.47508945 0.39693445 0.45000532 0.44589633  0.47476172 0.42761975 0.50206904 0.41641874
0.00039479 0.36283831 0.35232302 0.39930133 0.34523319 0.50234819  0.48417291 0.45702496 0.47508945 0.39693445 0.45000532 0.44589633  0.47476172 0.42761975 0.50206904 0.41641874
0.00039479 0.36283831 0.35232302 0.39930133 0.34523319 0.50234819  0.48417291 0.45702496 0.47508945 0.39693445 0.45000532 0.44589633  0.47476172 0.42761975 0.50206904 0.41641874
0.00039479 0.36283831 0.35232302 0.39930133 0.34523319 0.50234819  0.48417291 0.45702496 0.47508945 0.39693445 0.45000532 0.44589633  0.47476172 0.42761975 0.50206904 0.41641874
0.00039479 0.36283831 0.35232302 0.39930133 0.34523319 0.50234819  0.48417291 0.45702496 0.47508945 0.39693445 0.45000532 0.44589633  0.47476172 0.42761975 0.50206904 0.41641874
0.00039479 0.36283831 0.35232302 0.39930133 0.34523319 0.50234819  0.48417291 0.45702496 0.47508945 0.39693445 0.45000532 0.44589633  0.47476172 0.42761975 0.50206904 0.41641874
0.00039479 0.36283831 0.35232302 0.39930133 0.34523319 0.50234819  0.48417291 0.45702496 0.47508945 0.39693445 0.45000532 0.44589633  0.47476172 0.42761975 0.50206904 0.41641874
0.00039479 0.36283831 0.35232302 0.39930133 0.34523319 0.50234819  0.48417291 0.45702496 0.47508945 0.39693445 0.45000532 0.44589633  0.47476172 0.42761975 0.50206904 0.41641874
0.00039479 0.36283831 0.35232302 0.39930133 0.34523319 0.50234819  0.48417291 0.45702496 0.47508945 0.39693445 0.45000532 0.44589633  0.47476172 0.42761975 0.50206904 0.41641874
0.00039479 0.36283831 0.35232302 0.39930133 0.34523319 0.50234819  0.48417291 0.45702496 0.47508945 0.39693445 0.45000532 0.44589633  0.47476172 0.42761975 0.50206904 0.41641874
0.00039479 0.36283831 0.35232302 0.39930133 0.34523319 0.50234819  0.48417291 0.45702496 0.47508945 0.39693445 0.45000532 0.44589633  0.47476172 0.42761975 0.50206904 0.41641874
0.00039479 0.36283831 0.35232302 0.39930133 0.34523319 0.50234819  0.48417291 0.45702496 0.47508945 0.39693445 0.45000532 0.44589633  0.47476172 0.42761975 0.50206904 0.41641874
0.00039479 0.36283831 0.35232302 0.39930133 0.34523319 0.50234819  0.48417291 0.45702496 0.47508945 0.39693445 0.45000532 0.44589633  0.47476172 0.42761975 0.50206904 0.41641874
0.00039479 0.36283831 0.35232302 0.39930133 0.34523319 0.50234819  0.48417291 0.45702496 0.47508945 0.39693445 0.45000532 0.44589633  0.47476172 0.42761975 0.50206904 0.41641874
0.00039479 0.36283831 0.35232302 0.39930133 0.34523319 0.50234819  0.48417291 0.45702496 0.47508945 0.39693445 0.45000532 0.44589633  0.47476172 0.42761975 0.50206904 0.41641874
0.00039479 0.36283831 0.35232302 0.39930133 0.34523319 0.50234819  0.48417291 0.45702496 0.47508945 0.39693445 0.45000532 0.44589633  0.47476172 0.42761975 0.50206904 0.41641874
0.00039479 0.36283831 0.35232302 0.39930133 0.34523319 0.50234819  0.48417291 0.45702496 0.47508945 0.39693445 0.45000532 0.44589633  0.47476172 0.42761975 0.50206904 0.41641874
0.00039479 0.36283831 0.35232302 0.39930133 0.34523319 0.50234819  0.48417291 0.45702496 0.47508945 0.39693445 0.45000532 0.44589633  0.47476172 0.42761975 0.50206904 0.41641874
0.00039479 0.36283831 0.35232302 0.39930133 0.34523319 0.50234819  0.48417291 0.45702496 0.47508945 0.39693445 0.45000532 0.44589633  0.47476172 0.42761975 0.50206904 0.41641874
0.00039479 0.36283831 0.35232302 0.39930133 0.34523319 0.50234819  0.48417291 0.45702496 0.47508945 0.39693445 0.45000532 0.44589633  0.47476172 0.42761975 0.50206904 0.41641874
0.00039479 0.36283831 0.35232302 0.39930133 0.34523319 0.50234819  0.48417291 0.45702496 0.47508945 0.39693445 0.45000532 0.44589633  0.47476172 0.42761975 0.50206904 0.41641874
0.00039479 0.36283831 0.35232302 0.39930133 0.34523319 0.50234819  0.48417291 0.45702496 0.47508945 0.39693445 0.45000532 0.44589633  0.47476172 0.42761975 0.50206904 0.41641874
0.00039479 0.36283831 0.35232302 0.39930133 0.34523319 0.50234819  0.48417291 0.45702496 0.47508945 0.39693445 0.45000532 0.44589633  0.47476172 0.42761975 0.50206904 0.41641874
0.00039479 0.36283831 0.35232302 0.39930133 0.34523319 0.50234819  0.48417291 0.45702496 0.47508945 0.39693445 0.45000532 0.44589633  0.47476172 0.42761975 0.50206904 0.41641874
0.00039479 0.36283831 0.35232302 0.39930133 0.34523319 0.50234819  0.48417291 0.45702496 0.47508945 0.39693445 0.45000532 0.44589633  0.47476172 0.42761975 0.50206904 0.41641874
0.00039479 0.36283831 0.35232302 0.39930133 0.34523319 0.50234819  0.48417291 0.45702496 0.47508945 0.39693445 0.45000532 0.44589633  0.47476172 0.42761975 0.50206904 0.41641874
0.00039479 0.36283831 0.35232302 0.39930133 0.34523319 0.50234819  0.48417291 0.45702496 0.47508945 0.39693445 0.45000532 0.44589633  0.47476172 0.42761975 0.50206904 0.41641874
0.00039479 0.36283831 0.35232302 0.39930133 0.34523319 0.50234819  0.48417291 0.45702496 0.47508945 0.39693445 0.45000532 0.44589633  0.47476172 0.42761975 0.50206904 0.41641874
0.00039479 0.36283831 0.35232302 0.39930133 0.34523319 0.50234819  0.48417291 0.45702496 0.47508945 0.39693445 0.45000532 0.44589633  0.47476172 0.42761975 0.50206904 0.41641874
0.00039479 0.36283831 0.35232302 0.39930133 0.34523319 0.50234819  0.48417291 0.45702496 0.47508945 0.39693445 0.45000532 0.44589633  0.47476172 0.42761975 0.50206904 0.41641874
0.00039479 0.36283831 0.35232302 0.39930133 0.34523319 0.50234819  0.48417291 0.45702496 0.47508945 0.39693445 0.45000532 0.44589633  0.47476172 0.42761975 0.50206904 0.41641874
0.00039479 0.36283831 0.35232302 0.39930133 0.34523319 0.50234819  0.48417291 0.45702496 0.47508945 0.39693445 0.45000532 0.44589633  0.47476172 0.42761975 0.50206904 0.41641874
0.00039479 0.36283831 0.35232302 0.39930133 0.34523319 0.50234819  0.48417291 0.45702496 0.47508945 0.39693445 0.45000532 0.44589633  0.47476172 0.42761975 0.50206904 0.41641874
0.00039479 0.36283831 0.35232302 0.39930133 0.34523319 0.50234819  0.48417291 0.45702496 0.47508945 0.39693445 0.45000532 0.44589633  0.47476172 0.42761975 0.50206904 0.41641874
0.00039479 0.36283831 0.35232302 0.39930133 0.34523319 0.50234819  0.48417291 0.45702496 0.47508945 0.39693445 0.45000532 0.44589633  0.47476172 0.42761975 0.50206904 0.41641874
0.00039479 0.36283831 0.35232302 0.39930133 0.34523319 0.50234819  0.48417291 0.45702496 0.47508945 0.39693445 0.45000532 0.44589633  0.47476172 0.42761975 0.50206904 0.41641874
0.00039479 0.36283831 0.35232302 0.39930133 0.34523319 0.50234819  0.48417291 0.45702496 0.47508945 0.39693445 0.45000532 0.44589633  0.47476172 0.42761975 0.50206904 0.41641874
0.00039479 0.36283831 0.35232302 0.39930133 0.34523319 0.50234819  0.48417291 0.45702496 0.47508945 0.39693445 0.45000532 0.44589633  0.47476172 0.42761975 0.50206904 0.41641874
0.00039479 0.36283831 0.35232302 0.39930133 0.34523319 0.50234819  0.48417291 0.45702496 0.47508945 0.39693445 0.45000532 0.44589633  0.47476172 0.42761975 0.50206904 0.41641874
0.00039479 0.36283831 0.35232302 0.39930133 0.34523319 0.50234819  0.48417291 0.45702496 0.47508945 0.39693445 0.45000532 0.44589633  0.47476172 0.42761975 0.50206904 0.41641874
0.03525649 0.41685964 0.32437467 0.45347996 0.36854765 0.43569141  0.43485985 0.4975719  0.47652552 0.39120509 0.39620065 0.45304628  0.55757342 0.45566594 0.52722734 0.46096477
0.14484242 0.5390336  0.27627503 0.52492531 0.3429365  0.54674349  0.3214016  0.43653236 0.61314231 0.51423034 0.34965002 0.52026616  0.44574466 0.50262459 0.8085353  0.56142882
0.24207039 0.62438616 0.30831234 0.47579552 0.39531329 0.71967826  0.25521954 0.44158518 0.68264048 0.52500105 0.47679796 0.49433613  0.40305613 0.51327075 0.73014799 0.44980781
0.37864202 0.70531092 0.44838711 0.53635367 0.30400092 0.75339835  0.13592488 0.43486585 0.54936384 0.46886783 0.32723226 0.50013539  0.55269035 0.57244379 0.42879493 0.42557551
0.5181113  0.86549353 0.5569955  0.51182667 0.53604115 0.74618205  0.12880123 0.47357836 0.5962243  0.65704745 0.37585504 0.38433743  0.68321742 0.588477   0.17670304 0.28025993
0.53685429 0.90594905 0.67172244 0.50484188 0.59199728 0.73960322  0.13427142 0.43263693 0.58921497 0.5091632  0.36016762 0.37229225  0.61714126 0.5445977  0.24059198 0.35996338
0.64873106 0.89190093 0.77505307 0.49467531 0.52719599 0.67390846  0.38977582 0.42304049 0.43953956 0.54526333 0.47023387 0.35972723  0.64117149 0.43873123 0.27725922 0.14750818
0.69151503 0.86338681 0.82561452 0.43332459 0.52195774 0.64275682  0.42847102 0.52301879 0.46680005 0.51375681 0.47228363 0.32196427  0.68191179 0.41241319 0.34220227 0.207924  
0.69004762 0.85525271 0.80911136 0.44692591 0.47395852 0.62800565  0.4442822  0.51788774 0.48810636 0.5232238  0.44364146 0.27979548  0.68966208 0.4263877  0.33114214 0.18722177
0.75623094 0.80209777 0.7755549  0.35572947 0.4453407  0.52917745  0.634112   0.50219758 0.3264267  0.57108951 0.32009165 0.27505931  0.56041727 0.40938066 0.46671879 0.20523394
0.7713805  0.77226189 0.75328356 0.33085879 0.38968472 0.5001979  0.66551308 0.5410826  0.35573917 0.52378623 0.32420567 0.25435663  0.59892909 0.43703898 0.547141   0.23666074
0.79971057 0.70326925 0.73166953 0.29050692 0.33891383 0.44818237  0.64053901 0.66168822 0.3890297  0.52495368 0.32012729 0.27478442  0.50891169 0.34518632 0.66601161 0.27376854
0.78603606 0.66209958 0.6339144  0.32678113 0.21287433 0.43478667  0.66411756 0.69032697 0.38612695 0.56942926 0.33603652 0.30710054  0.52601109 0.32313461 0.686489   0.2553744 
0.78667069 0.59906322 0.53893283 0.31229089 0.17125419 0.41562819  0.65634847 0.67301404 0.43161898 0.64540411 0.32565949 0.38405199  0.58195691 0.41499868 0.66425714 0.2732866 
0.79323907 0.54604828 0.48212655 0.30840163 0.14584813 0.39884837  0.61355263 0.66115339 0.44340204 0.59500701 0.37602741 0.46661961  0.59224617 0.42900042 0.68868048 0.28228018
0.79069365 0.45768548 0.34975485 0.31400956 0.13258181 0.4192882  0.558944   0.63393581 0.36909922 0.63430065 0.46692404 0.65143138  0.60393533 0.50162561 0.74251061 0.3279117 
0.79069365 0.45768548 0.34975485 0.31400956 0.13258181 0.4192882  0.558944   0.63393581 0.36909922 0.63430065 0.46692404 0.65143138  0.60393533 0.50162561 0.74251061 0.3279117 
0.79069365 0.45768548 0.34975485 0.31400956 0.13258181 0.4192882  0.558944   0.63393581 0.36909922 0.63430065 0.46692404 0.65143138  0.60393533 0.50162561 0.74251061 0.3279117 
0.80764091 0.41245915 0.35017711 0.34049744 0.15387883 0.38611678  0.5725103  0.56034479 0.48135507 0.66980279 0.45629081 0.67221282  0.6408236  0.39786537 0.68415301 0.36779039
0.83314596 0.34414893 0.33127016 0.34115972 0.19189256 0.35534461  0.51195652 0.42930948 0.53561358 0.65012796 0.43607804 0.66547557  0.65867425 0.32692977 0.62100439 0.30410772
0.80238886 0.35591309 0.22028028 0.25207745 0.23793991 0.43819616  0.39743062 0.45292619 0.41445966 0.56823006 0.39705313 0.6254173  0.55527965 0.43407552 0.60203725 0.26173682
0.80238886 0.35591309 0.22028028 0.25207745 0.23793991 0.43819616  0.39743062 0.45292619 0.41445966 0.56823006 0.39705313 0.6254173  0.55527965 0.43407552 0.60203725 0.26173682
0.80238886 0.35591309 0.22028028 0.25207745 0.23793991 0.43819616  0.39743062 0.45292619 0.41445966 0.56823006 0.39705313 0.6254173  0.55527965 0.43407552 0.60203725 0.26173682
0.79029295 0.36392607 0.18793413 0.22211164 0.26134566 0.44278021  0.4039111  0.46804421 0.46438094 0.56374008 0.37285031 0.60808751  0.49196769 0.41285296 0.59799748 0.34065601
0.77796821 0.37857196 0.16028056 0.1960074  0.29118208 0.46357669  0.40972981 0.4622556  0.51170305 0.5140756  0.32764844 0.57905066  0.50816946 0.3731029  0.59237194 0.37701584
0.7652542  0.38981992 0.12183418 0.17770123 0.34647458 0.53868804  0.3852982  0.45609337 0.50761571 0.42101847 0.20489908 0.4754946  0.46969416 0.37441074 0.56776712 0.43098759
0.7652542  0.38981992 0.12183418 0.17770123 0.34647458 0.53868804  0.3852982  0.45609337 0.50761571 0.42101847 0.20489908 0.4754946  0.46969416 0.37441074 0.56776712 0.43098759
0.72951914 0.46669373 0.10875725 0.12545181 0.32838676 0.52159159  0.46294952 0.49046353 0.5536294  0.40933504 0.21042107 0.53576805  0.48675003 0.39245896 0.70131912 0.46683025
0.69938187 0.52035986 0.08962278 0.14857676 0.35412434 0.55325451  0.52734666 0.38823535 0.58347375 0.37865781 0.2490522  0.52128648  0.69713135 0.51737403 0.61175442 0.48566325
0.62010513 0.62623606 0.06317386 0.24241638 0.3938955  0.5185033  0.66745159 0.2802469  0.5729595  0.37695829 0.43809802 0.49105185  0.66823333 0.62177299 0.65708709 0.48758058
0.55878896 0.72847248 0.08096928 0.34535815 0.3632369  0.56769496  0.68223746 0.27404124 0.48391469 0.44259912 0.45004886 0.49634717  0.52043477 0.55917253 0.58817349 0.48516202
0.41941218 0.79438301 0.10101509 0.55814675 0.40881873 0.40881866  0.5614489  0.38258699 0.40286216 0.45883245 0.51017913 0.47101913  0.25109725 0.36817221 0.50710647 0.38516799
0.3080265  0.72601465 0.14172493 0.61653292 0.44795609 0.24263485  0.47643928 0.4754917  0.32337848 0.42012597 0.33900473 0.48210392  0.33266548 0.36484222 0.49332419 0.40002031
0.19768663 0.63259345 0.20648208 0.61785292 0.4356521  0.23896536  0.36643954 0.56151138 0.39712962 0.37374084 0.28837308 0.46410439  0.58746048 0.41308148 0.44413643 0.47219999
0.12440017 0.54590072 0.25553648 0.56951008 0.41500592 0.27984344  0.36660049 0.573536   0.4031488  0.35895289 0.25716352 0.46023151  0.74080632 0.38769006 0.32975746 0.53921284
0.07056619 0.46658785 0.29686513 0.497641   0.38628993 0.36623544  0.4176726  0.52862213 0.42125609 0.37222723 0.31790385 0.45546932  0.6533114  0.39647978 0.37779503 0.50586743
0.03525649 0.41685964 0.32437467 0.45347996 0.36854765 0.43569141  0.43485985 0.4975719  0.47652552 0.39120509 0.39620065 0.45304628  0.55757342 0.45566594 0.52722734 0.46096477
0.03525649 0.41685964 0.32437467 0.45347996 0.36854765 0.43569141  0.43485985 0.4975719  0.47652552 0.39120509 0.39620065 0.45304628  0.55757342 0.45566594 0.52722734 0.46096477
0.03525649 0.41685964 0.32437467 0.45347996 0.36854765 0.43569141  0.43485985 0.4975719  0.47652552 0.39120509 0.39620065 0.45304628  0.55757342 0.45566594 0.52722734 0.46096477
0.03525649 0.41685964 0.32437467 0.45347996 0.36854765 0.43569141  0.43485985 0.4975719  0.47652552 0.39120509 0.39620065 0.45304628  0.55757342 0.45566594 0.52722734 0.46096477
0.03525649 0.41685964 0.32437467 0.45347996 0.36854765 0.43569141  0.43485985 0.4975719  0.47652552 0.39120509 0.39620065 0.45304628  0.55757342 0.45566594 0.52722734 0.46096477
0.07199408 0.46750629 0.29903328 0.49138657 0.38027929 0.41293245  0.4035884  0.51021345 0.51278795 0.38975802 0.43502408 0.44711343  0.51975164 0.49561098 0.60671087 0.42131372
0.08964684 0.49485247 0.28501929 0.51844865 0.3914583  0.38170643  0.37853114 0.52945821 0.51669095 0.38770116 0.41308523 0.45034598  0.55486718 0.50910823 0.62252298 0.43846357
0.08964684 0.49485247 0.28501929 0.51844865 0.3914583  0.38170643  0.37853114 0.52945821 0.51669095 0.38770116 0.41308523 0.45034598  0.55486718 0.50910823 0.62252298 0.43846357
0.12672612 0.54137758 0.26278974 0.54401884 0.39417517 0.39074118  0.35574632 0.52783416 0.57259564 0.39322951 0.48704457 0.44219725  0.47978899 0.54359807 0.71115727 0.39215667
0.12636093 0.54349056 0.26154218 0.55254356 0.39773052 0.3757278  0.33968091 0.54326898 0.57981238 0.39106473 0.46931644 0.44504791  0.51534014 0.5677064  0.74657541 0.39808193
0.03525649 0.41685964 0.32437467 0.45347996 0.36854765 0.43569141  0.43485985 0.4975719  0.47652552 0.39120509 0.39620065 0.45304628  0.55757342 0.45566594 0.52722734 0.46096477
0.00039479 0.36283831 0.35232302 0.39930133 0.34523319 0.50234819  0.48417291 0.45702496 0.47508945 0.39693445 0.45000532 0.44589633  0.47476172 0.42761975 0.50206904 0.41641874
0.00039479 0.36283831 0.35232302 0.39930133 0.34523319 0.50234819  0.48417291 0.45702496 0.47508945 0.39693445 0.45000532 0.44589633  0.47476172 0.42761975 0.50206904 0.41641874
0.00039479 0.36283831 0.35232302 0.39930133 0.34523319 0.50234819  0.48417291 0.45702496 0.47508945 0.39693445 0.45000532 0.44589633  0.47476172 0.42761975 0.50206904 0.41641874
0.00039479 0.36283831 0.35232302 0.39930133 0.34523319 0.50234819  0.48417291 0.45702496 0.47508945 0.39693445 0.45000532 0.44589633  0.47476172 0.42761975 0.50206904 0.41641874
0.00039479 0.36283831 0.35232302 0.39930133 0.34523319 0.50234819  0.48417291 0.45702496 0.47508945 0.39693445 0.45000532 0.44589633  0.47476172 0.42761975 0.50206904 0.41641874
0.00342168 0.38440731 0.39985924 0.34787026 0.54674546 0.55606093  0.42774241 0.46764034 0.42663397 0.4455699  0.565409   0.61137239  0.53695538 0.37832469 0.50314081 0.44403379
0.00716554 0.40098773 0.43211543 0.33145835 0.59314454 0.56806807  0.41165941 0.46588786 0.41309581 0.43286001 0.55690678 0.59955958  0.51419    0.38307181 0.50426226 0.42042524
0.01195725 0.42555459 0.48519929 0.28611957 0.75060679 0.6033882  0.37415705 0.46965727 0.38344185 0.463641   0.60665698 0.67359375  0.53713191 0.36040698 0.5079682  0.40777063
0.01342467 0.43368869 0.50170245 0.27251825 0.79860602 0.61813937  0.35834587 0.47478832 0.36213554 0.45417401 0.63529916 0.71576253  0.52938162 0.34643247 0.51902833 0.42847287
0.01388917 0.43620083 0.50962648 0.26330895 0.83842335 0.6291664  0.34284034 0.47773519 0.34543645 0.45172355 0.68013175 0.79098265  0.52048185 0.30822643 0.53268287 0.48934027
0.01339311 0.43185645 0.49966673 0.2749212  0.79053243 0.61559476  0.35864687 0.47478286 0.35942454 0.44419943 0.64439689 0.73869293  0.50772768 0.32499081 0.52880285 0.47156448
0.01339311 0.43185645 0.49966673 0.2749212  0.79053243 0.61559476  0.35864687 0.47478286 0.35942454 0.44419943 0.64439689 0.73869293  0.50772768 0.32499081 0.52880285 0.47156448
0.01339311 0.43185645 0.49966673 0.2749212  0.79053243 0.61559476  0.35864687 0.47478286 0.35942454 0.44419943 0.64439689 0.73869293  0.50772768 0.32499081 0.52880285 0.47156448
0.02331931 0.45673281 0.56048843 0.27429455 0.80268977 0.61709909  0.34378183 0.44131941 0.34929294 0.32052526 0.62130906 0.71224448  0.44021182 0.33122455 0.54955658 0.53314583
0.04141534 0.48694475 0.55348616 0.29473282 0.83749485 0.58934312  0.31182473 0.4634264  0.35518344 0.32565061 0.60555874 0.71909605  0.49220699 0.3562092  0.57622939 0.53622176
0.04129042 0.48371577 0.54633705 0.30313513 0.79847158 0.57565523  0.32589307 0.46049272 0.36896619 0.31947738 0.57263058 0.67052721  0.48050218 0.37375104 0.57199256 0.51834724
0.10481876 0.55007105 0.56286365 0.34793198 0.78512168 0.63697487  0.26106939 0.40804202 0.43469488 0.34764626 0.62127226 0.72451705  0.48700039 0.47327937 0.68975757 0.53785583
0.20048692 0.65316587 0.58663793 0.37199535 0.81366918 0.70503462  0.14349968 0.42258206 0.51125272 0.48393791 0.42539574 0.69008464  0.50015252 0.52062279 0.74189254 0.58319494
0.43847149 0.87398595 0.56784022 0.51727491 0.75379108 0.7203746  0.07810497 0.39899615 0.5284379  0.4135356  0.64731648 0.65868439  0.52260589 0.50541312 0.54269502 0.36457152
0.53976446 0.88482943 0.66446696 0.52970327 0.65418457 0.80829918  0.04508228 0.42221323 0.41926219 0.44783356 0.54641276 0.66112328  0.7406599  0.45749829 0.33092617 0.32603045
0.56201073 0.90219668 0.76727192 0.56684366 0.61749718 0.7605117  0.096877   0.36898895 0.43299006 0.33129748 0.5330238  0.63857146  0.75207052 0.40902405 0.42889393 0.37389646
0.76678264 0.7432815  0.81057903 0.2981054  0.54002827 0.62084233  0.35816551 0.71210601 0.33576169 0.33199847 0.59359592 0.54787312  0.55604284 0.26100637 0.72206428 0.26425991
0.79669298 0.70926812 0.7301229  0.29109656 0.38778362 0.52586018  0.55049794 0.63485976 0.22857134 0.32438071 0.42597341 0.48360405  0.47618024 0.28118626 0.77362172 0.29211162
0.79592819 0.70389448 0.71825416 0.30444278 0.33542236 0.51190928  0.56535883 0.63222003 0.24356719 0.31498735 0.39345484 0.43512416  0.45796301 0.29959902 0.76906571 0.28275677
0.83232646 0.52890192 0.5792529  0.32931554 0.16291709 0.37221372  0.59611522 0.53557203 0.40053058 0.43054172 0.37921553 0.51536026  0.55135307 0.50604905 0.81268515 0.37198037
0.86245393 0.37356774 0.47525254 0.39109874 0.14078257 0.2960703  0.54592032 0.4003477  0.53333086 0.43357535 0.50649864 0.61388541  0.64135329 0.28929431 0.62043851 0.40828734
0.85174083 0.32889889 0.35769265 0.34039147 0.17272506 0.35518876  0.4003678  0.35371905 0.41554991 0.46663931 0.52044279 0.65213448  0.67992403 0.40705366 0.54000199 0.22112587
0.84302072 0.28634227 0.28237854 0.3543887  0.22449308 0.393534  0.38416821 0.40163095 0.37521069 0.56906731 0.54791046 0.59597778  0.62303388 0.42061193 0.50566252 0.26633656
0.86560046 0.19821588 0.2661566  0.48953708 0.30007037 0.48289214  0.37268688 0.39784007 0.24892601 0.57271345 0.57610493 0.43464355  0.64712391 0.4028442  0.5971097  0.38121511
0.87521636 0.1580411  0.25742345 0.57215795 0.35121243 0.55099538  0.41494788 0.43053599 0.24029212 0.54698969 0.52019618 0.39339783  0.63657351 0.4463939  0.65838979 0.35488471
0.86765372 0.15092844 0.22237996 0.57055801 0.37826464 0.58388309  0.41549419 0.46380087 0.25656391 0.53821585 0.49093051 0.41673848  0.57029731 0.50072138 0.57850769 0.35140552
0.86117491 0.13457012 0.18395672 0.59049638 0.43323863 0.63606527  0.43748336 0.50073328 0.27728178 0.50447338 0.4302912  0.36589463  0.52592607 0.45807909 0.64499307 0.37072688
0.86117491 0.13457012 0.18395672 0.59049638 0.43323863 0.63606527  0.43748336 0.50073328 0.27728178 0.50447338 0.4302912  0.36589463  0.52592607 0.45807909 0.64499307 0.37072688
0.86117491 0.13457012 0.18395672 0.59049638 0.43323863 0.63606527  0.43748336 0.50073328 0.27728178 0.50447338 0.4302912  0.36589463  0.52592607 0.45807909 0.64499307 0.37072688
0.84007752 0.14503618 0.12097037 0.56452112 0.49595097 0.69149536  0.46326467 0.53793823 0.38800683 0.42394771 0.32758223 0.3525267  0.41836933 0.45723194 0.56656043 0.46473882
0.8262959  0.16648155 0.09264572 0.51523187 0.51812371 0.70058564  0.44188813 0.51502723 0.40854547 0.3913785  0.30136807 0.29039164  0.45439417 0.39451386 0.59532838 0.51973986
0.8262959  0.16648155 0.09264572 0.51523187 0.51812371 0.70058564  0.44188813 0.51502723 0.40854547 0.3913785  0.30136807 0.29039164  0.45439417 0.39451386 0.59532838 0.51973986
0.81792082 0.19184106 0.08554442 0.47808378 0.52935228 0.72526902  0.42837162 0.51109002 0.40333093 0.33696493 0.2029051  0.25899991  0.44164123 0.37789661 0.63411773 0.43747564
0.81792082 0.19184106 0.08554442 0.47808378 0.52935228 0.72526902  0.42837162 0.51109002 0.40333093 0.33696493 0.2029051  0.25899991  0.44164123 0.37789661 0.63411773 0.43747564
0.81537622 0.20344082 0.08762222 0.44582851 0.51047077 0.69919957  0.39586853 0.48477267 0.3774267  0.35938579 0.24306986 0.23433486  0.46590999 0.34861932 0.64853095 0.49091055
0.81537622 0.20344082 0.08762222 0.44582851 0.51047077 0.69919957  0.39586853 0.48477267 0.3774267  0.35938579 0.24306986 0.23433486  0.46590999 0.34861932 0.64853095 0.49091055
0.78522159 0.24319207 0.05204468 0.4408097  0.55119621 0.6968577  0.47613867 0.43302069 0.45478486 0.31740838 0.30686887 0.22221621  0.59003263 0.41953954 0.66745951 0.58005085
0.77739532 0.27271391 0.053643   0.3945005  0.53090566 0.68130877  0.47875382 0.43922527 0.494278   0.30155507 0.27005499 0.27112724  0.59500678 0.39445109 0.69031632 0.49798494
0.66383879 0.46394409 0.02846787 0.27559172 0.49928501 0.40878624  0.54830021 0.18803897 0.63883365 0.29301583 0.53590693 0.39733186  0.59156734 0.46333807 0.61514082 0.38778185
0.57303448 0.5532668  0.03888956 0.32548205 0.50176314 0.2851956  0.60534315 0.13004052 0.57641774 0.32850828 0.45070986 0.47656175  0.52598913 0.57321338 0.60697658 0.30189622
0.30234648 0.58861025 0.15100822 0.43509397 0.48101508 0.17224616  0.71295955 0.40237074 0.16829774 0.37879087 0.23001838 0.49202907  0.5342669  0.44831768 0.43879388 0.44340366
0.1429483  0.52480068 0.24609203 0.50102213 0.41642939 0.3015651  0.52020928 0.46431274 0.28949508 0.41353854 0.25370339 0.48940077  0.48248241 0.35445066 0.40474299 0.49269772
0.05265734 0.44071691 0.3106915  0.47422633 0.37717297 0.39794484  0.43177961 0.51245536 0.4359589  0.38022092 0.34549293 0.45448025  0.61189625 0.40882803 0.41889068 0.49328565
0.00039479 0.36283831 0.35232302 0.39930133 0.34523319 0.50234819  0.48417291 0.45702496 0.47508945 0.39693445 0.45000532 0.44589633  0.47476172 0.42761975 0.50206904 0.41641874
0.00039479 0.36283831 0.35232302 0.39930133 0.34523319 0.50234819  0.48417291 0.45702496 0.47508945 0.39693445 0.45000532 0.44589633  0.47476172 0.42761975 0.50206904 0.41641874
0.00039479 0.36283831 0.35232302 0.39930133 0.34523319 0.50234819  0.48417291 0.45702496 0.47508945 0.39693445 0.45000532 0.44589633  0.47476172 0.42761975 0.50206904 0.41641874
0.00039479 0.36283831 0.35232302 0.39930133 0.34523319 0.50234819  0.48417291 0.45702496 0.47508945 0.39693445 0.45000532 0.44589633  0.47476172 0.42761975 0.50206904 0.41641874
0.00039479 0.36283831 0.35232302 0.39930133 0.34523319 0.50234819  0.48417291 0.45702496 0.47508945 0.39693445 0.45000532 0.44589633  0.47476172 0.42761975 0.50206904 0.41641874
0.00039479 0.36283831 0.35232302 0.39930133 0.34523319 0.50234819  0.48417291 0.45702496 0.47508945 0.39693445 0.45000532 0.44589633  0.47476172 0.42761975 0.50206904 0.41641874
0.00039479 0.36283831 0.35232302 0.39930133 0.34523319 0.50234819  0.48417291 0.45702496 0.47508945 0.39693445 0.45000532 0.44589633  0.47476172 0.42761975 0.50206904 0.41641874
0.00039479 0.36283831 0.35232302 0.39930133 0.34523319 0.50234819  0.48417291 0.45702496 0.47508945 0.39693445 0.45000532 0.44589633  0.47476172 0.42761975 0.50206904 0.41641874
0.00039479 0.36283831 0.35232302 0.39930133 0.34523319 0.50234819  0.48417291 0.45702496 0.47508945 0.39693445 0.45000532 0.44589633  0.47476172 0.42761975 0.50206904 0.41641874
0.00039479 0.36283831 0.35232302 0.39930133 0.34523319 0.50234819  0.48417291 0.45702496 0.47508945 0.39693445 0.45000532 0.44589633  0.47476172 0.42761975 0.50206904 0.41641874
0.00039479 0.36283831 0.35232302 0.39930133 0.34523319 0.50234819  0.48417291 0.45702496 0.47508945 0.39693445 0.45000532 0.44589633  0.47476172 0.42761975 0.50206904 0.41641874
0.00039479 0.36283831 0.35232302 0.39930133 0.34523319 0.50234819  0.48417291 0.45702496 0.47508945 0.39693445 0.45000532 0.44589633  0.47476172 0.42761975 0.50206904 0.41641874
0.00039479 0.36283831 0.35232302 0.39930133 0.34523319 0.50234819  0.48417291 0.45702496 0.47508945 0.39693445 0.45000532 0.44589633  0.47476172 0.42761975 0.50206904 0.41641874
0.07117188 0.46942321 0.29829345 0.49968054 0.38391967 0.39962655  0.38768127 0.52380478 0.51131292 0.39598347 0.3937661  0.4582091  0.56762114 0.49660376 0.61654857 0.47025342
0.27230287 0.73267769 0.16547083 0.68332028 0.43003633 0.28129444  0.27429226 0.57383444 0.55875287 0.38318526 0.44123623 0.44755586  0.5143895  0.4866367  0.6130834  0.38891645
0.40282014 0.80509687 0.14402676 0.60864838 0.33031644 0.5945731  0.32744427 0.43061295 0.61961079 0.46802739 0.49739414 0.46586064  0.42845372 0.38581078 0.49225231 0.46431107
0.45760599 0.81752107 0.11995617 0.54396445 0.32583158 0.62363327  0.47264786 0.36157629 0.50588022 0.48718311 0.48450142 0.47787137  0.36024269 0.32080754 0.41623437 0.47632438
0.476184   0.81808372 0.11473078 0.51013595 0.32306887 0.63945974  0.52985071 0.36039565 0.48121269 0.46570131 0.52960427 0.45729399  0.36358119 0.32448577 0.38797662 0.45114741
0.51091394 0.80182033 0.11593045 0.45867013 0.31272193 0.65442226  0.57149521 0.36795853 0.4090085  0.48508366 0.43908468 0.47820221  0.3984205  0.32339724 0.36552749 0.4670162 
0.51091394 0.80182033 0.11593045 0.45867013 0.31272193 0.65442226  0.57149521 0.36795853 0.4090085  0.48508366 0.43908468 0.47820221  0.3984205  0.32339724 0.36552749 0.4670162 
0.54635293 0.77877521 0.10767921 0.37193672 0.3209601  0.64973691  0.66419623 0.41998184 0.3944438  0.4443543  0.48401206 0.4541167  0.52541516 0.39252025 0.43535351 0.47406818
0.54635293 0.77877521 0.10767921 0.37193672 0.3209601  0.64973691  0.66419623 0.41998184 0.3944438  0.4443543  0.48401206 0.4541167  0.52541516 0.39252025 0.43535351 0.47406818
0.54635293 0.77877521 0.10767921 0.37193672 0.3209601  0.64973691  0.66419623 0.41998184 0.3944438  0.4443543  0.48401206 0.4541167  0.52541516 0.39252025 0.43535351 0.47406818
0.52851353 0.79008439 0.1088702  0.41547945 0.32301913 0.64122754  0.63041749 0.37540061 0.39558081 0.47372987 0.45565867 0.47171485  0.44533902 0.36213852 0.42549201 0.46199006
0.51091394 0.80182033 0.11593045 0.45867013 0.31272193 0.65442226  0.57149521 0.36795853 0.4090085  0.48508366 0.43908468 0.47820221  0.3984205  0.32339724 0.36552749 0.4670162 
0.43917576 0.81684401 0.11488651 0.56584208 0.35122413 0.56182676  0.47942694 0.35652119 0.49760701 0.48167717 0.51210968 0.47442886  0.29605323 0.33657096 0.45465744 0.43788527
0.38500068 0.80008635 0.1500423  0.61767303 0.33122515 0.60162614  0.29400884 0.44804128 0.70074437 0.44820811 0.57761426 0.44710914  0.49223646 0.42720784 0.52387333 0.45930185
0.29031368 0.73501802 0.17406896 0.6719508  0.39231177 0.39757594  0.2435332  0.5040037  0.58951587 0.47057034 0.3290687  0.50449987  0.52009749 0.47035857 0.67722582 0.51589379
0.09061253 0.48743509 0.29286715 0.50015424 0.36731435 0.46287474  0.37246097 0.49395571 0.58203106 0.43227057 0.46293904 0.46598966  0.43318955 0.52293413 0.76212397 0.43295566
0.01804755 0.39018449 0.33830903 0.42636341 0.35641219 0.47112218  0.45911565 0.47626972 0.47899245 0.39487759 0.42806648 0.44912887  0.50987727 0.441117   0.51788115 0.43356859
0.00039479 0.36283831 0.35232302 0.39930133 0.34523319 0.50234819  0.48417291 0.45702496 0.47508945 0.39693445 0.45000532 0.44589633  0.47476172 0.42761975 0.50206904 0.41641874
0.01354666 0.43327153 0.5003966  0.27470189 0.78783927 0.61396047  0.36285165 0.47426517 0.36803295 0.45422317 0.62196153 0.69409938  0.53009914 0.35490942 0.51624082 0.41344987
0.02406272 0.45993961 0.56728712 0.26768147 0.8257576  0.62082696  0.33849373 0.44279745 0.34857641 0.32794652 0.62660411 0.71581307  0.454318   0.33391318 0.54746554 0.51762134
0.02406272 0.45993961 0.56728712 0.26768147 0.8257576  0.62082696  0.33849373 0.44279745 0.34857641 0.32794652 0.62660411 0.71581307  0.454318   0.33391318 0.54746554 0.51762134
0.02406272 0.45993961 0.56728712 0.26768147 0.8257576  0.62082696  0.33849373 0.44279745 0.34857641 0.32794652 0.62660411 0.71581307  0.454318   0.33391318 0.54746554 0.51762134
0.02406272 0.45993961 0.56728712 0.26768147 0.8257576  0.62082696  0.33849373 0.44279745 0.34857641 0.32794652 0.62660411 0.71581307  0.454318   0.33391318 0.54746554 0.51762134
0.02406272 0.45993961 0.56728712 0.26768147 0.8257576  0.62082696  0.33849373 0.44279745 0.34857641 0.32794652 0.62660411 0.71581307  0.454318   0.33391318 0.54746554 0.51762134
0.01921538 0.44305473 0.52767493 0.28508823 0.75088941 0.60100831  0.36576554 0.44780674 0.37483437 0.37963194 0.58813898 0.64581626  0.48712009 0.3873523  0.50739907 0.45273807
0.01921538 0.44305473 0.52767493 0.28508823 0.75088941 0.60100831  0.36576554 0.44780674 0.37483437 0.37963194 0.58813898 0.64581626  0.48712009 0.3873523  0.50739907 0.45273807
0.01715836 0.43395785 0.5083902  0.30204723 0.69855242 0.5899979  0.38003178 0.44111614 0.39655938 0.38987886 0.56175686 0.6044864  0.4973141  0.40374438 0.49015105 0.43284474
0.00039479 0.36283831 0.35232302 0.39930133 0.34523319 0.50234819  0.48417291 0.45702496 0.47508945 0.39693445 0.45000532 0.44589633  0.47476172 0.42761975 0.50206904 0.41641874
0.00039479 0.36283831 0.35232302 0.39930133 0.34523319 0.50234819  0.48417291 0.45702496 0.47508945 0.39693445 0.45000532 0.44589633  0.47476172 0.42761975 0.50206904 0.41641874
0.00039479 0.36283831 0.35232302 0.39930133 0.34523319 0.50234819  0.48417291 0.45702496 0.47508945 0.39693445 0.45000532 0.44589633  0.47476172 0.42761975 0.50206904 0.41641874
0.00039479 0.36283831 0.35232302 0.39930133 0.34523319 0.50234819  0.48417291 0.45702496 0.47508945 0.39693445 0.45000532 0.44589633  0.47476172 0.42761975 0.50206904 0.41641874
0.00039479 0.36283831 0.35232302 0.39930133 0.34523319 0.50234819  0.48417291 0.45702496 0.47508945 0.39693445 0.45000532 0.44589633  0.47476172 0.42761975 0.50206904 0.41641874
0.00039479 0.36283831 0.35232302 0.39930133 0.34523319 0.50234819  0.48417291 0.45702496 0.47508945 0.39693445 0.45000532 0.44589633  0.47476172 0.42761975 0.50206904 0.41641874
0.00039479 0.36283831 0.35232302 0.39930133 0.34523319 0.50234819  0.48417291 0.45702496 0.47508945 0.39693445 0.45000532 0.44589633  0.47476172 0.42761975 0.50206904 0.41641874
0.00039479 0.36283831 0.35232302 0.39930133 0.34523319 0.50234819  0.48417291 0.45702496 0.47508945 0.39693445 0.45000532 0.44589633  0.47476172 0.42761975 0.50206904 0.41641874
0.00039479 0.36283831 0.35232302 0.39930133 0.34523319 0.50234819  0.48417291 0.45702496 0.47508945 0.39693445 0.45000532 0.44589633  0.47476172 0.42761975 0.50206904 0.41641874
0.00039479 0.36283831 0.35232302 0.39930133 0.34523319 0.50234819  0.48417291 0.45702496 0.47508945 0.39693445 0.45000532 0.44589633  0.47476172 0.42761975 0.50206904 0.41641874
0.00039479 0.36283831 0.35232302 0.39930133 0.34523319 0.50234819  0.48417291 0.45702496 0.47508945 0.39693445 0.45000532 0.44589633  0.47476172 0.42761975 0.50206904 0.41641874
0.00039479 0.36283831 0.35232302 0.39930133 0.34523319 0.50234819  0.48417291 0.45702496 0.47508945 0.39693445 0.45000532 0.44589633  0.47476172 0.42761975 0.50206904 0.41641874
0.00039479 0.36283831 0.35232302 0.39930133 0.34523319 0.50234819  0.48417291 0.45702496 0.47508945 0.39693445 0.45000532 0.44589633  0.47476172 0.42761975 0.50206904 0.41641874
0.00039479 0.36283831 0.35232302 0.39930133 0.34523319 0.50234819  0.48417291 0.45702496 0.47508945 0.39693445 0.45000532 0.44589633  0.47476172 0.42761975 0.50206904 0.41641874
0.00039479 0.36283831 0.35232302 0.39930133 0.34523319 0.50234819  0.48417291 0.45702496 0.47508945 0.39693445 0.45000532 0.44589633  0.47476172 0.42761975 0.50206904 0.41641874
0.03565626 0.41571439 0.3246957  0.44976734 0.36608739 0.43915495  0.4433969  0.49382068 0.46699367 0.38664484 0.40137087 0.45016838  0.55406586 0.43756751 0.48973724 0.44760095
0.23474656 0.66636711 0.20619132 0.63155169 0.39135273 0.3846084  0.27267155 0.52000817 0.5516099  0.44074408 0.29777932 0.49272894  0.63051198 0.47270404 0.58940021 0.53521025
0.36037815 0.72190119 0.21506409 0.62375143 0.29814744 0.57447589  0.1620377  0.54288571 0.55498999 0.498423   0.22492258 0.51180641  0.64027245 0.41816187 0.48022483 0.50484605
0.46025094 0.80181377 0.21534663 0.58042193 0.26218636 0.70957488  0.24811659 0.43750037 0.5578604  0.41983851 0.40148292 0.47309379  0.4708136  0.36328368 0.33208275 0.47253319
0.54230174 0.79354863 0.46483165 0.69559074 0.12664488 0.66037235  0.25873077 0.36709659 0.44020142 0.41251952 0.40944792 0.5126945  0.71912495 0.43660136 0.37000043 0.28341976
0.57627107 0.83508982 0.54959777 0.67477566 0.17311281 0.66081178  0.32042932 0.31260021 0.39688236 0.29727585 0.40691331 0.44866401  0.59689257 0.36789628 0.40638533 0.24811204
0.60076876 0.83657511 0.64216688 0.70779003 0.13988922 0.59948486  0.37158719 0.31213536 0.4270142  0.351456   0.40100976 0.41493041  0.53123074 0.37053498 0.4228688  0.25650813
0.68490292 0.77009926 0.62953062 0.57132495 0.14522529 0.5380432  0.51198774 0.37616491 0.30064006 0.35605059 0.37420788 0.42856026  0.41258709 0.30364386 0.56440161 0.26051889
0.76979438 0.68758123 0.62066922 0.38823954 0.15120854 0.49147409  0.62617202 0.56686999 0.27122306 0.30301125 0.39903112 0.41264453  0.518019   0.33129848 0.73593907 0.3171123 
0.7823589  0.64664593 0.59804684 0.37495327 0.1032511  0.46168839  0.62137958 0.64281359 0.28116668 0.33189717 0.39174125 0.43326943  0.48326692 0.30194547 0.76172765 0.35198815
0.79995283 0.56974438 0.52080002 0.32009077 0.11595361 0.44049666  0.58237774 0.55771047 0.33510991 0.43153153 0.31127363 0.52574647  0.5490565  0.50573847 0.77697164 0.33628867
0.8014718  0.51701045 0.44501627 0.28150867 0.13206424 0.41913441  0.55935563 0.59106271 0.37816735 0.53474001 0.32444458 0.53745042  0.5646856  0.57357451 0.72002687 0.25864199
0.79945187 0.47242895 0.3905878  0.31827203 0.10437522 0.4215447  0.53303708 0.59231963 0.30719128 0.55284104 0.47983469 0.64854855  0.6151681  0.62241425 0.66824062 0.34713549
0.81886026 0.39207161 0.33503983 0.32408055 0.14632336 0.4163214  0.45945219 0.44124181 0.34179785 0.57443045 0.44222516 0.69764995  0.68989044 0.53921333 0.66617252 0.26416752
0.82617492 0.31555093 0.24826229 0.28329455 0.22359106 0.39916659  0.36013441 0.42397803 0.40419215 0.56153543 0.50081861 0.63513124  0.58155492 0.42688293 0.48303073 0.19943267
0.82617492 0.31555093 0.24826229 0.28329455 0.22359106 0.39916659  0.36013441 0.42397803 0.40419215 0.56153543 0.50081861 0.63513124  0.58155492 0.42688293 0.48303073 0.19943267
0.83303439 0.24918033 0.20903787 0.38437656 0.31234242 0.47336841  0.39119833 0.45597281 0.38896079 0.5778432  0.50042167 0.51152395  0.49033188 0.49636877 0.44900096 0.41712743
0.85410093 0.1657409  0.18936274 0.51740719 0.39400671 0.57676094  0.39477941 0.4617965  0.27970172 0.55082115 0.48571538 0.36631048  0.52680843 0.4565308  0.60886141 0.44896593
0.85362427 0.12999576 0.15456502 0.62344468 0.48289221 0.7004649  0.50266021 0.55600922 0.39529045 0.41282098 0.31611352 0.43436281  0.40191091 0.58585673 0.47144459 0.36871794
0.84526087 0.12075174 0.11838917 0.64126147 0.53712022 0.75022385  0.55469801 0.61595789 0.48369339 0.35480626 0.20885381 0.4657357  0.28919015 0.60409376 0.41886086 0.31201034
0.84526087 0.12075174 0.11838917 0.64126147 0.53712022 0.75022385  0.55469801 0.61595789 0.48369339 0.35480626 0.20885381 0.4657357  0.28919015 0.60409376 0.41886086 0.31201034
0.84526087 0.12075174 0.11838917 0.64126147 0.53712022 0.75022385  0.55469801 0.61595789 0.48369339 0.35480626 0.20885381 0.4657357  0.28919015 0.60409376 0.41886086 0.31201034
0.82456105 0.16075715 0.08363429 0.57800914 0.5781852  0.79570371  0.54700021 0.60623207 0.52580096 0.2507282  0.06518898 0.40530713  0.29263897 0.54772645 0.45202467 0.26610596
0.82044207 0.18000137 0.0847159  0.5165856  0.54888063 0.75307299  0.4762817  0.54961274 0.45654593 0.30223099 0.14480528 0.31923315  0.38011007 0.44467791 0.55767908 0.36544305
0.79510225 0.28475277 0.10499451 0.31107428 0.43391031 0.59876099  0.38748964 0.46806738 0.48441381 0.38408581 0.24850145 0.36078702  0.43412251 0.38112928 0.51216583 0.45966752
0.72789242 0.45773556 0.08903931 0.12557578 0.36356117 0.51069479  0.46328119 0.40233599 0.6187462  0.36406978 0.2546431  0.51483709  0.59956313 0.418504   0.5901102  0.45241958
0.67079203 0.580378   0.09245495 0.17574588 0.34168368 0.58099948  0.58245506 0.39235759 0.55537948 0.3670008  0.28462831 0.50965982  0.73805772 0.5694311  0.62052914 0.50493899
0.67079203 0.580378   0.09245495 0.17574588 0.34168368 0.58099948  0.58245506 0.39235759 0.55537948 0.3670008  0.28462831 0.50965982  0.73805772 0.5694311  0.62052914 0.50493899
0.6423132  0.63943891 0.10291784 0.20548871 0.32181637 0.60547956  0.62154539 0.42019997 0.51622236 0.38285011 0.32075254 0.50049377  0.73297791 0.62618464 0.54822936 0.52106984
0.65803198 0.61412126 0.10977007 0.17914822 0.31592023 0.59144177  0.59912499 0.49283154 0.5130465  0.39980607 0.3072205  0.51014479  0.67790418 0.60399631 0.56895151 0.53314605
0.67408174 0.58802617 0.11093365 0.14606481 0.31629629 0.5722528  0.58541939 0.54936046 0.5362624  0.3816034  0.31403501 0.51218567  0.65974729 0.5810645  0.63028581 0.54542615
0.67408174 0.58802617 0.11093365 0.14606481 0.31629629 0.5722528  0.58541939 0.54936046 0.5362624  0.3816034  0.31403501 0.51218567  0.65974729 0.5810645  0.63028581 0.54542615
0.68951631 0.56074627 0.11763066 0.12574211 0.30721065 0.55517413  0.55652297 0.61012512 0.53321756 0.38904356 0.29689995 0.51959869  0.56756511 0.51930834 0.68275568 0.54745419
0.68951631 0.56074627 0.11763066 0.12574211 0.30721065 0.55517413  0.55652297 0.61012512 0.53321756 0.38904356 0.29689995 0.51959869  0.56756511 0.51930834 0.68275568 0.54745419
0.68951631 0.56074627 0.11763066 0.12574211 0.30721065 0.55517413  0.55652297 0.61012512 0.53321756 0.38904356 0.29689995 0.51959869  0.56756511 0.51930834 0.68275568 0.54745419
0.68951631 0.56074627 0.11763066 0.12574211 0.30721065 0.55517413  0.55652297 0.61012512 0.53321756 0.38904356 0.29689995 0.51959869  0.56756511 0.51930834 0.68275568 0.54745419
0.68951631 0.56074627 0.11763066 0.12574211 0.30721065 0.55517413  0.55652297 0.61012512 0.53321756 0.38904356 0.29689995 0.51959869  0.56756511 0.51930834 0.68275568 0.54745419
0.64367268 0.64271597 0.11104543 0.19110495 0.3142106  0.60316885  0.61553689 0.54637037 0.50942605 0.35463348 0.39508886 0.47321548  0.69756975 0.52897546 0.54928452 0.52638757
0.59654229 0.72112874 0.11893462 0.27880157 0.30169679 0.65399519  0.63532715 0.54377262 0.42093866 0.40623594 0.42708606 0.45882875  0.61122719 0.38456686 0.52174225 0.50005389
0.52906469 0.78820068 0.09336626 0.38841304 0.34732777 0.60797626  0.70061735 0.39068725 0.41489499 0.43795197 0.56221965 0.44478585  0.48337353 0.40582652 0.48947905 0.4686588 
0.45897988 0.82090494 0.12868243 0.53369618 0.30899141 0.66975993  0.45636899 0.40061998 0.56590799 0.43330554 0.60340142 0.42570883  0.39612583 0.34770569 0.37657972 0.40835261
0.42171714 0.81159209 0.14346617 0.58709314 0.31055413 0.65015237  0.34046159 0.42144209 0.63585157 0.46311384 0.52288784 0.4584271  0.4659697  0.36945024 0.44683659 0.47824036
0.32814182 0.77170362 0.15751807 0.67042581 0.3808457  0.44991599  0.25376018 0.48097045 0.64218099 0.46450094 0.4516513  0.47933088  0.44118245 0.47070012 0.66369342 0.45249362
0.25556022 0.68415562 0.20155308 0.62415309 0.3719492  0.46680635  0.27328245 0.46849128 0.62347546 0.48385044 0.4008218  0.49978292  0.42788567 0.49490046 0.75679862 0.46497249
0.23749719 0.65872596 0.21521371 0.60300141 0.3632234  0.49684665  0.28029486 0.45739683 0.6483404  0.49088129 0.43051944 0.49839016  0.39647688 0.52400878 0.82321307 0.44920357
0.25243851 0.67723071 0.28691545 0.62275119 0.34194323 0.48685844  0.26918577 0.40609703 0.63169551 0.39458935 0.44617683 0.51302379  0.40165189 0.5835662  0.78812268 0.52393587
0.33551426 0.72899795 0.41339486 0.69201936 0.32915051 0.48299315  0.19116083 0.38489331 0.49440029 0.42518144 0.45446519 0.4930718  0.44083172 0.66125941 0.64047709 0.26823227
0.44413867 0.7685246  0.53865367 0.75805865 0.21567194 0.52126175  0.18943824 0.35090986 0.50072233 0.32069205 0.51929305 0.51946212  0.55973891 0.58681494 0.70005355 0.28825739
0.55034509 0.83044619 0.62811671 0.70645948 0.17871376 0.652053  0.22316657 0.35956422 0.55893358 0.26612136 0.37199833 0.43138208  0.67577726 0.39325059 0.48728922 0.38255261
0.55034509 0.83044619 0.62811671 0.70645948 0.17871376 0.652053  0.22316657 0.35956422 0.55893358 0.26612136 0.37199833 0.43138208  0.67577726 0.39325059 0.48728922 0.38255261
0.56189117 0.81639336 0.65667911 0.7347242  0.15828868 0.6272764  0.23636882 0.36379465 0.52403403 0.31973619 0.41033971 0.45208527  0.69575329 0.40215248 0.54726886 0.31402496
0.56189117 0.81639336 0.65667911 0.7347242  0.15828868 0.6272764  0.23636882 0.36379465 0.52403403 0.31973619 0.41033971 0.45208527  0.69575329 0.40215248 0.54726886 0.31402496
0.56189117 0.81639336 0.65667911 0.7347242  0.15828868 0.6272764  0.23636882 0.36379465 0.52403403 0.31973619 0.41033971 0.45208527  0.69575329 0.40215248 0.54726886 0.31402496
0.56189117 0.81639336 0.65667911 0.7347242  0.15828868 0.6272764  0.23636882 0.36379465 0.52403403 0.31973619 0.41033971 0.45208527  0.69575329 0.40215248 0.54726886 0.31402496
0.5648417  0.82892879 0.6825231  0.71902914 0.20528737 0.63620102  0.22545087 0.36225108 0.51559662 0.31481228 0.40555643 0.44662131  0.68292942 0.40158297 0.55329791 0.29361078
0.5648417  0.82892879 0.6825231  0.71902914 0.20528737 0.63620102  0.22545087 0.36225108 0.51559662 0.31481228 0.40555643 0.44662131  0.68292942 0.40158297 0.55329791 0.29361078
0.5648417  0.82892879 0.6825231  0.71902914 0.20528737 0.63620102  0.22545087 0.36225108 0.51559662 0.31481228 0.40555643 0.44662131  0.68292942 0.40158297 0.55329791 0.29361078
0.5795444  0.80254256 0.69496057 0.71622689 0.18863542 0.62161676  0.18995016 0.40371461 0.48879711 0.33804935 0.38406036 0.45368985  0.56473028 0.33842406 0.59039274 0.27274974
0.58192269 0.80657892 0.70971028 0.70771936 0.1978514  0.60146247  0.20810219 0.41405281 0.53205362 0.39647276 0.3666461  0.40845725  0.54871134 0.35687127 0.56664478 0.29067133
0.59930778 0.79070175 0.71216886 0.66642983 0.19237775 0.60673804  0.2196322  0.48016904 0.53494778 0.37414737 0.37422689 0.39571435  0.61542234 0.37260035 0.57535332 0.30866248
0.61502655 0.7653841  0.71902109 0.64008933 0.18648162 0.59270024  0.19721181 0.5528006  0.53177193 0.39110333 0.36069485 0.40536537  0.5603486  0.35041202 0.59607546 0.32073869
0.61207603 0.75284867 0.6931771  0.65578439 0.13948293 0.58377563  0.20812976 0.55434417 0.54020934 0.39602725 0.36547813 0.41082934  0.57317247 0.35098154 0.59004642 0.34115286
0.61207603 0.75284867 0.6931771  0.65578439 0.13948293 0.58377563  0.20812976 0.55434417 0.54020934 0.39602725 0.36547813 0.41082934  0.57317247 0.35098154 0.59004642 0.34115286
0.63036226 0.76367736 0.6815313  0.64708213 0.14420446 0.57049534  0.26136158 0.52268987 0.46704333 0.40542704 0.33835997 0.41870479  0.48271625 0.30898736 0.55143275 0.32165226
0.63036226 0.76367736 0.6815313  0.64708213 0.14420446 0.57049534  0.26136158 0.52268987 0.46704333 0.40542704 0.33835997 0.41870479  0.48271625 0.30898736 0.55143275 0.32165226
0.63332822 0.79774521 0.66512073 0.65385417 0.15130058 0.58831423  0.34248652 0.43041685 0.42494314 0.38014458 0.38730274 0.39691288  0.46460761 0.3057529  0.48871148 0.26486528
0.64828029 0.77925671 0.62236292 0.64292397 0.07293961 0.59025474  0.42244729 0.42184649 0.39156079 0.34281584 0.43843949 0.39965256  0.50340276 0.3196187  0.44548086 0.25126094
0.64828029 0.77925671 0.62236292 0.64292397 0.07293961 0.59025474  0.42244729 0.42184649 0.39156079 0.34281584 0.43843949 0.39965256  0.50340276 0.3196187  0.44548086 0.25126094
0.60875932 0.74948765 0.48996606 0.68552444 0.06359919 0.61818196  0.37641255 0.398434   0.34964394 0.47740156 0.52313016 0.5502483  0.52836614 0.31042685 0.38410948 0.20564215
0.49049094 0.78721431 0.18516541 0.54175865 0.23509275 0.75254475  0.28310577 0.46767083 0.49922095 0.48177286 0.35571143 0.46790342  0.47484512 0.30685605 0.25092183 0.37032862
0.45635429 0.79182912 0.17158368 0.55350605 0.25796626 0.73183752  0.26917065 0.47702385 0.59505565 0.47135902 0.36260363 0.47499419  0.55395099 0.34004015 0.34894434 0.48331866
0.31084548 0.74221153 0.17231996 0.63780009 0.36757075 0.4826576  0.29029593 0.45676038 0.62204098 0.46297606 0.46106572 0.47686661  0.42586878 0.44334577 0.61761177 0.43834357
0.10781768 0.51613212 0.27729616 0.53327433 0.38345976 0.4083989  0.34795383 0.52267837 0.551833   0.42503155 0.39025557 0.47473221  0.52396111 0.5071177  0.70671607 0.48615139
0.10781768 0.51613212 0.27729616 0.53327433 0.38345976 0.4083989  0.34795383 0.52267837 0.551833   0.42503155 0.39025557 0.47473221  0.52396111 0.5071177  0.70671607 0.48615139
0.03555663 0.41720068 0.32416163 0.4534907  0.36798941 0.43594923  0.43647159 0.49618771 0.47382149 0.39144415 0.39530718 0.45299584  0.55479998 0.44686718 0.51427561 0.45951419
0.00039479 0.36283831 0.35232302 0.39930133 0.34523319 0.50234819  0.48417291 0.45702496 0.47508945 0.39693445 0.45000532 0.44589633  0.47476172 0.42761975 0.50206904 0.41641874
0.00039479 0.36283831 0.35232302 0.39930133 0.34523319 0.50234819  0.48417291 0.45702496 0.47508945 0.39693445 0.45000532 0.44589633  0.47476172 0.42761975 0.50206904 0.41641874
0.00039479 0.36283831 0.35232302 0.39930133 0.34523319 0.50234819  0.48417291 0.45702496 0.47508945 0.39693445 0.45000532 0.44589633  0.47476172 0.42761975 0.50206904 0.41641874
0.00039479 0.36283831 0.35232302 0.39930133 0.34523319 0.50234819  0.48417291 0.45702496 0.47508945 0.39693445 0.45000532 0.44589633  0.47476172 0.42761975 0.50206904 0.41641874
0.00039479 0.36283831 0.35232302 0.39930133 0.34523319 0.50234819  0.48417291 0.45702496 0.47508945 0.39693445 0.45000532 0.44589633  0.47476172 0.42761975 0.50206904 0.41641874
0.00039479 0.36283831 0.35232302 0.39930133 0.34523319 0.50234819  0.48417291 0.45702496 0.47508945 0.39693445 0.45000532 0.44589633  0.47476172 0.42761975 0.50206904 0.41641874
0.00039479 0.36283831 0.35232302 0.39930133 0.34523319 0.50234819  0.48417291 0.45702496 0.47508945 0.39693445 0.45000532 0.44589633  0.47476172 0.42761975 0.50206904 0.41641874
0.00039479 0.36283831 0.35232302 0.39930133 0.34523319 0.50234819  0.48417291 0.45702496 0.47508945 0.39693445 0.45000532 0.44589633  0.47476172 0.42761975 0.50206904 0.41641874
0.00039479 0.36283831 0.35232302 0.39930133 0.34523319 0.50234819  0.48417291 0.45702496 0.47508945 0.39693445 0.45000532 0.44589633  0.47476172 0.42761975 0.50206904 0.41641874
0.00039479 0.36283831 0.35232302 0.39930133 0.34523319 0.50234819  0.48417291 0.45702496 0.47508945 0.39693445 0.45000532 0.44589633  0.47476172 0.42761975 0.50206904 0.41641874
0.00039479 0.36283831 0.35232302 0.39930133 0.34523319 0.50234819  0.48417291 0.45702496 0.47508945 0.39693445 0.45000532 0.44589633  0.47476172 0.42761975 0.50206904 0.41641874
0.00039479 0.36283831 0.35232302 0.39930133 0.34523319 0.50234819  0.48417291 0.45702496 0.47508945 0.39693445 0.45000532 0.44589633  0.47476172 0.42761975 0.50206904 0.41641874
0.00039479 0.36283831 0.35232302 0.39930133 0.34523319 0.50234819  0.48417291 0.45702496 0.47508945 0.39693445 0.45000532 0.44589633  0.47476172 0.42761975 0.50206904 0.41641874
0.00039479 0.36283831 0.35232302 0.39930133 0.34523319 0.50234819  0.48417291 0.45702496 0.47508945 0.39693445 0.45000532 0.44589633  0.47476172 0.42761975 0.50206904 0.41641874
0.00039479 0.36283831 0.35232302 0.39930133 0.34523319 0.50234819  0.48417291 0.45702496 0.47508945 0.39693445 0.45000532 0.44589633  0.47476172 0.42761975 0.50206904 0.41641874
0.00039479 0.36283831 0.35232302 0.39930133 0.34523319 0.50234819  0.48417291 0.45702496 0.47508945 0.39693445 0.45000532 0.44589633  0.47476172 0.42761975 0.50206904 0.41641874
0.00039479 0.36283831 0.35232302 0.39930133 0.34523319 0.50234819  0.48417291 0.45702496 0.47508945 0.39693445 0.45000532 0.44589633  0.47476172 0.42761975 0.50206904 0.41641874
0.00039479 0.36283831 0.35232302 0.39930133 0.34523319 0.50234819  0.48417291 0.45702496 0.47508945 0.39693445 0.45000532 0.44589633  0.47476172 0.42761975 0.50206904 0.41641874
0.00039479 0.36283831 0.35232302 0.39930133 0.34523319 0.50234819  0.48417291 0.45702496 0.47508945 0.39693445 0.45000532 0.44589633  0.47476172 0.42761975 0.50206904 0.41641874
0.00039479 0.36283831 0.35232302 0.39930133 0.34523319 0.50234819  0.48417291 0.45702496 0.47508945 0.39693445 0.45000532 0.44589633  0.47476172 0.42761975 0.50206904 0.41641874
0.00039479 0.36283831 0.35232302 0.39930133 0.34523319 0.50234819  0.48417291 0.45702496 0.47508945 0.39693445 0.45000532 0.44589633  0.47476172 0.42761975 0.50206904 0.41641874
0.00039479 0.36283831 0.35232302 0.39930133 0.34523319 0.50234819  0.48417291 0.45702496 0.47508945 0.39693445 0.45000532 0.44589633  0.47476172 0.42761975 0.50206904 0.41641874
