0.05362019 0.43950223 0.3113815  0.46741907 0.37292436 0.4124925  0.4443165  0.49869798 0.43773254 0.3814508  0.37454139 0.4500031  0.56106375 0.39808911 0.41524324 0.46185766
0.05362019 0.43950223 0.3113815  0.46741907 0.37292436 0.4124925  0.4443165  0.49869798 0.43773254 0.3814508  0.37454139 0.4500031  0.56106375 0.39808911 0.41524324 0.46185766
0.05362019 0.43950223 0.3113815  0.46741907 0.37292436 0.4124925  0.4443165  0.49869798 0.43773254 0.3814508  0.37454139 0.4500031  0.56106375 0.39808911 0.41524324 0.46185766
0.05362019 0.43950223 0.3113815  0.46741907 0.37292436 0.4124925  0.4443165  0.49869798 0.43773254 0.3814508  0.37454139 0.4500031  0.56106375 0.39808911 0.41524324 0.46185766
0.05362019 0.43950223 0.3113815  0.46741907 0.37292436 0.4124925  0.4443165  0.49869798 0.43773254 0.3814508  0.37454139 0.4500031  0.56106375 0.39808911 0.41524324 0.46185766
0.05362019 0.43950223 0.3113815  0.46741907 0.37292436 0.4124925  0.4443165  0.49869798 0.43773254 0.3814508  0.37454139 0.4500031  0.56106375 0.39808911 0.41524324 0.46185766
0.05362019 0.43950223 0.3113815  0.46741907 0.37292436 0.4124925  0.4443165  0.49869798 0.43773254 0.3814508  0.37454139 0.4500031  0.56106375 0.39808911 0.41524324 0.46185766
0.05362019 0.43950223 0.3113815  0.46741907 0.37292436 0.4124925  0.4443165  0.49869798 0.43773254 0.3814508  0.37454139 0.4500031  0.56106375 0.39808911 0.41524324 0.46185766
0.05362019 0.43950223 0.3113815  0.46741907 0.37292436 0.4124925  0.4443165  0.49869798 0.43773254 0.3814508  0.37454139 0.4500031  0.56106375 0.39808911 0.41524324 0.46185766
0.05362019 0.43950223 0.3113815  0.46741907 0.37292436 0.4124925  0.4443165  0.49869798 0.43773254 0.3814508  0.37454139 0.4500031  0.56106375 0.39808911 0.41524324 0.46185766
0.05362019 0.43950223 0.3113815  0.46741907 0.37292436 0.4124925  0.4443165  0.49869798 0.43773254 0.3814508  0.37454139 0.4500031  0.56106375 0.39808911 0.41524324 0.46185766
0.05362019 0.43950223 0.3113815  0.46741907 0.37292436 0.4124925  0.4443165  0.49869798 0.43773254 0.3814508  0.37454139 0.4500031  0.56106375 0.39808911 0.41524324 0.46185766
0.05362019 0.43950223 0.3113815  0.46741907 0.37292436 0.4124925  0.4443165  0.49869798 0.43773254 0.3814508  0.37454139 0.4500031  0.56106375 0.39808911 0.41524324 0.46185766
0.05362019 0.43950223 0.3113815  0.46741907 0.37292436 0.4124925  0.4443165  0.49869798 0.43773254 0.3814508  0.37454139 0.4500031  0.56106375 0.39808911 0.41524324 0.46185766
0.05362019 0.43950223 0.3113815  0.46741907 0.37292436 0.4124925  0.4443165  0.49869798 0.43773254 0.3814508  0.37454139 0.4500031  0.56106375 0.39808911 0.41524324 0.46185766
0.05362019 0.43950223 0.3113815  0.46741907 0.37292436 0.4124925  0.4443165  0.49869798 0.43773254 0.3814508  0.37454139 0.4500031  0.56106375 0.39808911 0.41524324 0.46185766
0.05362019 0.43950223 0.3113815  0.46741907 0.37292436 0.4124925  0.4443165  0.49869798 0.43773254 0.3814508  0.37454139 0.4500031  0.56106375 0.39808911 0.41524324 0.46185766
0.05362019 0.43950223 0.3113815  0.46741907 0.37292436 0.4124925  0.4443165  0.49869798 0.43773254 0.3814508  0.37454139 0.4500031  0.56106375 0.39808911 0.41524324 0.46185766
0.03530472 0.41371177 0.32449245 0.44717499 0.36543573 0.42942868  0.4584486  0.49182641 0.42935187 0.38251683 0.3665383  0.45119726  0.57400726 0.38653202 0.39012683 0.47468522
0.03530472 0.41371177 0.32449245 0.44717499 0.36543573 0.42942868  0.4584486  0.49182641 0.42935187 0.38251683 0.3665383  0.45119726  0.57400726 0.38653202 0.39012683 0.47468522
0.03530472 0.41371177 0.32449245 0.44717499 0.36543573 0.42942868  0.4584486  0.49182641 0.42935187 0.38251683 0.3665383  0.45119726  0.57400726 0.38653202 0.39012683 0.47468522
0.03530472 0.41371177 0.32449245 0.44717499 0.36543573 0.42942868  0.4584486  0.49182641 0.42935187 0.38251683 0.3665383  0.45119726  0.57400726 0.38653202 0.39012683 0.47468522
0.03530472 0.41371177 0.32449245 0.44717499 0.36543573 0.42942868  0.4584486  0.49182641 0.42935187 0.38251683 0.3665383  0.45119726  0.57400726 0.38653202 0.39012683 0.47468522
0.03530472 0.41371177 0.32449245 0.44717499 0.36543573 0.42942868  0.4584486  0.49182641 0.42935187 0.38251683 0.3665383  0.45119726  0.57400726 0.38653202 0.39012683 0.47468522
0.03530472 0.41371177 0.32449245 0.44717499 0.36543573 0.42942868  0.4584486  0.49182641 0.42935187 0.38251683 0.3665383  0.45119726  0.57400726 0.38653202 0.39012683 0.47468522
0.03530472 0.41371177 0.32449245 0.44717499 0.36543573 0.42942868  0.4584486  0.49182641 0.42935187 0.38251683 0.3665383  0.45119726  0.57400726 0.38653202 0.39012683 0.47468522
0.03530472 0.41371177 0.32449245 0.44717499 0.36543573 0.42942868  0.4584486  0.49182641 0.42935187 0.38251683 0.3665383  0.45119726  0.57400726 0.38653202 0.39012683 0.47468522
0.03530472 0.41371177 0.32449245 0.44717499 0.36543573 0.42942868  0.4584486  0.49182641 0.42935187 0.38251683 0.3665383  0.45119726  0.57400726 0.38653202 0.39012683 0.47468522
0.03530472 0.41371177 0.32449245 0.44717499 0.36543573 0.42942868  0.4584486  0.49182641 0.42935187 0.38251683 0.3665383  0.45119726  0.57400726 0.38653202 0.39012683 0.47468522
0.03530472 0.41371177 0.32449245 0.44717499 0.36543573 0.42942868  0.4584486  0.49182641 0.42935187 0.38251683 0.3665383  0.45119726  0.57400726 0.38653202 0.39012683 0.47468522
0.03530472 0.41371177 0.32449245 0.44717499 0.36543573 0.42942868  0.4584486  0.49182641 0.42935187 0.38251683 0.3665383  0.45119726  0.57400726 0.38653202 0.39012683 0.47468522
0.03530472 0.41371177 0.32449245 0.44717499 0.36543573 0.42942868  0.4584486  0.49182641 0.42935187 0.38251683 0.3665383  0.45119726  0.57400726 0.38653202 0.39012683 0.47468522
0.03530472 0.41371177 0.32449245 0.44717499 0.36543573 0.42942868  0.4584486  0.49182641 0.42935187 0.38251683 0.3665383  0.45119726  0.57400726 0.38653202 0.39012683 0.47468522
0.03530472 0.41371177 0.32449245 0.44717499 0.36543573 0.42942868  0.4584486  0.49182641 0.42935187 0.38251683 0.3665383  0.45119726  0.57400726 0.38653202 0.39012683 0.47468522
0.03530472 0.41371177 0.32449245 0.44717499 0.36543573 0.42942868  0.4584486  0.49182641 0.42935187 0.38251683 0.3665383  0.45119726  0.57400726 0.38653202 0.39012683 0.47468522
0.03530472 0.41371177 0.32449245 0.44717499 0.36543573 0.42942868  0.4584486  0.49182641 0.42935187 0.38251683 0.3665383  0.45119726  0.57400726 0.38653202 0.39012683 0.47468522
0.07097281 0.46650736 0.29758055 0.49447041 0.38466161 0.38100866  0.41764751 0.51932693 0.44433957 0.37915488 0.35349602 0.45328608  0.59895274 0.42038512 0.44400709 0.48045808
0.07097281 0.46650736 0.29758055 0.49447041 0.38466161 0.38100866  0.41764751 0.51932693 0.44433957 0.37915488 0.35349602 0.45328608  0.59895274 0.42038512 0.44400709 0.48045808
0.07097281 0.46650736 0.29758055 0.49447041 0.38466161 0.38100866  0.41764751 0.51932693 0.44433957 0.37915488 0.35349602 0.45328608  0.59895274 0.42038512 0.44400709 0.48045808
0.07097281 0.46650736 0.29758055 0.49447041 0.38466161 0.38100866  0.41764751 0.51932693 0.44433957 0.37915488 0.35349602 0.45328608  0.59895274 0.42038512 0.44400709 0.48045808
0.1068882  0.51907093 0.27149934 0.54067099 0.40003363 0.34494381  0.37046893 0.54555982 0.47912697 0.38393325 0.35106147 0.4584489  0.60900046 0.46132294 0.53332832 0.48974673
0.23514999 0.66203623 0.2112885  0.62032503 0.37673962 0.43599513  0.277536   0.48463952 0.56088288 0.48272812 0.28700679 0.51413984  0.54385164 0.42820072 0.61037848 0.58408135
0.27202355 0.71031313 0.18764818 0.65294398 0.38306183 0.42903256  0.24366773 0.49723215 0.62100167 0.47887543 0.35455404 0.50217282  0.50451415 0.48774628 0.71528892 0.52473743
0.32814182 0.77170362 0.15751807 0.67042581 0.3808457  0.44991599  0.25376018 0.48097045 0.64218099 0.46450094 0.4516513  0.47933088  0.44118245 0.47070012 0.66369342 0.45249362
0.44040188 0.82034229 0.13390782 0.56752468 0.31175412 0.65393346  0.39916614 0.40180063 0.59057552 0.45478735 0.55829857 0.44628621  0.39278733 0.34402745 0.40483746 0.43352958
0.49686409 0.82025921 0.15935672 0.46917614 0.34070578 0.70047035  0.48038553 0.40487083 0.48058432 0.44075793 0.50663966 0.43564317  0.41064347 0.35378185 0.34906415 0.40142176
0.63153168 0.83945029 0.44031198 0.22488047 0.70691159 0.81090285  0.38553245 0.53961141 0.22863262 0.36542952 0.47956059 0.67691714  0.52318406 0.28019089 0.32594295 0.52120504
0.69323282 0.839306   0.60361997 0.26533139 0.63802833 0.73899542  0.47681732 0.45408143 0.14381687 0.21201792 0.53053313 0.68261274  0.66016114 0.34464076 0.45941258 0.4843248 
0.76471343 0.78635286 0.74704051 0.25653365 0.62118732 0.63620264  0.50667655 0.55397775 0.12622509 0.35094115 0.57443675 0.6503422  0.67749846 0.37175735 0.64993143 0.3191629 
0.84618268 0.64540392 0.77400821 0.16574796 0.63161364 0.50269381  0.4599173  0.52260409 0.30309608 0.36576312 0.42892323 0.69313055  0.56590347 0.43200172 0.85479467 0.34743773
0.84618268 0.64540392 0.77400821 0.16574796 0.63161364 0.50269381  0.4599173  0.52260409 0.30309608 0.36576312 0.42892323 0.69313055  0.56590347 0.43200172 0.85479467 0.34743773
0.85843277 0.60313008 0.74721494 0.18493389 0.56303624 0.4617271  0.45710417 0.43996428 0.36213706 0.34676682 0.33821615 0.59424762  0.55559185 0.43643919 0.81718096 0.28043547
0.8760935  0.50132827 0.65800286 0.23539038 0.45001386 0.40953915  0.41891785 0.29751556 0.41205351 0.2540216  0.30593536 0.58591667  0.54470134 0.36337774 0.78091757 0.25150944
0.89376592 0.42384214 0.62353419 0.30865306 0.34455236 0.33402309  0.42248587 0.27971474 0.46918828 0.2652952  0.4242313  0.53445118  0.52564003 0.32862597 0.64864459 0.30340596
0.89975394 0.385935   0.60315096 0.37402003 0.30416936 0.3410433  0.42788099 0.27165401 0.43123151 0.25156768 0.45277748 0.47627402  0.49588739 0.34979094 0.63513524 0.41060982
0.88966403 0.34569375 0.52028716 0.40740244 0.19490847 0.31185343  0.46419674 0.28619337 0.46160584 0.32360307 0.47355369 0.49982303  0.56548723 0.35948479 0.60684865 0.43731313
0.90463239 0.28742494 0.51017766 0.49795413 0.24530584 0.37155068  0.4595705  0.28245217 0.38425243 0.33272985 0.48761569 0.39248114  0.57670703 0.36394744 0.659366   0.52506095
0.90635204 0.24487632 0.46982813 0.5458474  0.27460586 0.41498656  0.43720325 0.29244978 0.32271639 0.35178422 0.52912144 0.37848939  0.62691553 0.32220662 0.71475911 0.52898662
0.89517581 0.19213626 0.36648982 0.58248996 0.28513998 0.48695064  0.41325451 0.32830907 0.22363679 0.38676221 0.56031172 0.41424006  0.70797587 0.38250588 0.74253356 0.44256155
0.89517581 0.19213626 0.36648982 0.58248996 0.28513998 0.48695064  0.41325451 0.32830907 0.22363679 0.38676221 0.56031172 0.41424006  0.70797587 0.38250588 0.74253356 0.44256155
0.90007718 0.17078631 0.36255679 0.62920245 0.309762   0.52368247  0.43540189 0.35081065 0.20916204 0.37338733 0.54074065 0.39766099  0.70992699 0.39459061 0.78403698 0.42663434
0.90399913 0.15408896 0.3600595  0.66683443 0.33117821 0.55209993  0.46031332 0.37188659 0.21727487 0.36336049 0.51367767 0.39175565  0.6927364  0.43338359 0.78031832 0.41563568
0.88926541 0.14218372 0.29076472 0.63663619 0.35248086 0.57700325  0.43714063 0.4252625  0.21615381 0.50574087 0.51717689 0.39116665  0.67497389 0.50313501 0.66940774 0.35652708
0.88011773 0.13669114 0.25349043 0.61887044 0.37583444 0.5877272  0.43709526 0.45303756 0.22581736 0.53361481 0.50062511 0.37681876  0.63852463 0.45847863 0.69989321 0.3389575 
0.82747212 0.19542784 0.11996836 0.47579432 0.48706502 0.69461553  0.38938805 0.46965465 0.32750543 0.36387577 0.26727269 0.25166465  0.52922195 0.36984188 0.65257073 0.41199136
0.82257075 0.21677779 0.12390139 0.42908182 0.46244301 0.6578837  0.36724067 0.44715307 0.34198018 0.37725065 0.28684377 0.26824373  0.52727083 0.35775715 0.6110673  0.42791857
0.7989415  0.27134571 0.10016497 0.31688735 0.43925262 0.6043894  0.35566481 0.44124483 0.43271989 0.38826815 0.27557145 0.31081162  0.46827924 0.31997198 0.57181637 0.49070568
0.75526666 0.36409623 0.07242162 0.22057045 0.42996167 0.54681283  0.42120053 0.38407746 0.56631792 0.34613434 0.33140235 0.38294437  0.59073584 0.36104704 0.54860298 0.51311181
0.74029831 0.42236503 0.08253112 0.13001876 0.3795643  0.48711557  0.42582677 0.38781866 0.64367133 0.33700756 0.31734034 0.49028625  0.57951604 0.35658439 0.49608563 0.425364  
0.74029831 0.42236503 0.08253112 0.13001876 0.3795643  0.48711557  0.42582677 0.38781866 0.64367133 0.33700756 0.31734034 0.49028625  0.57951604 0.35658439 0.49608563 0.425364  
0.74029831 0.42236503 0.08253112 0.13001876 0.3795643  0.48711557  0.42582677 0.38781866 0.64367133 0.33700756 0.31734034 0.49028625  0.57951604 0.35658439 0.49608563 0.425364  
0.75575023 0.40900002 0.10567119 0.13783982 0.3554908  0.5040417  0.38105734 0.39810711 0.59311268 0.3557479  0.27503741 0.49533637  0.57359254 0.34882307 0.44006225 0.35708474
0.77766008 0.3544494  0.11532598 0.18214421 0.3624777  0.51510882  0.34784378 0.44157604 0.53254084 0.39395625 0.26759632 0.45094377  0.44964707 0.31249113 0.47374255 0.40393201
0.7978111  0.31028166 0.14138123 0.25455765 0.35293184 0.50986127  0.33940992 0.44116007 0.44572559 0.45947405 0.34961207 0.43106959  0.42847114 0.37732965 0.45651128 0.44963809
0.84896955 0.22776029 0.23655448 0.42015544 0.29427898 0.47441278  0.35289302 0.41403225 0.2873456  0.58651552 0.55169449 0.47887833  0.58780056 0.45643403 0.51269127 0.36924639
0.87442302 0.24906476 0.35116962 0.45392709 0.31316503 0.45783879  0.40988463 0.4065105  0.35299762 0.58976503 0.46320076 0.34515116  0.52809424 0.60224035 0.42395157 0.38916383
0.92250939 0.32199181 0.617408   0.47476903 0.41640482 0.39269338  0.49337886 0.31754835 0.47627957 0.47702332 0.37224585 0.20099639  0.55028936 0.48836655 0.55111801 0.41786596
0.93222956 0.32999659 0.67133413 0.47502091 0.49260997 0.3639069  0.55484121 0.33506125 0.60907924 0.61369728 0.35303767 0.15310186  0.57979817 0.41783701 0.47379866 0.46268152
0.92446836 0.36010101 0.67866096 0.43157586 0.46585145 0.32986102  0.56175461 0.34080786 0.65266032 0.61954178 0.35303065 0.2089826  0.56283204 0.44020133 0.41786679 0.44264202
0.92769994 0.34773508 0.68250671 0.46710277 0.47047044 0.33058035  0.6015517  0.34988156 0.7009792  0.63069137 0.3648467  0.24341269  0.58879914 0.38862121 0.3999494  0.48752188
0.91220265 0.30753495 0.57733723 0.49476738 0.35149755 0.3191249  0.61710796 0.37905804 0.71168677 0.68168176 0.38569758 0.28691616  0.59379821 0.39913503 0.36389333 0.5210539 
0.91220265 0.30753495 0.57733723 0.49476738 0.35149755 0.3191249  0.61710796 0.37905804 0.71168677 0.68168176 0.38569758 0.28691616  0.59379821 0.39913503 0.36389333 0.5210539 
0.87954665 0.25257844 0.38939508 0.49111969 0.24576763 0.37688422  0.51464305 0.39384657 0.49832729 0.59145454 0.51175968 0.50899455  0.60982705 0.41988539 0.45004106 0.45660236
0.83303439 0.24918033 0.20903787 0.38437656 0.31234242 0.47336841  0.39119833 0.45597281 0.38896079 0.5778432  0.50042167 0.51152395  0.49033188 0.49636877 0.44900096 0.41712743
0.81010812 0.2682248  0.14598525 0.32933772 0.36311948 0.51359536  0.37783786 0.46617322 0.45905297 0.50386078 0.42101206 0.45655598  0.42403349 0.43273987 0.41400327 0.52090365
0.75372423 0.38648759 0.09619682 0.20751215 0.39196429 0.55017938  0.45497906 0.46688087 0.56628719 0.3922513  0.22013903 0.46453914  0.45842706 0.42096504 0.62007184 0.4882682 
0.6155911  0.60741275 0.05103088 0.28287729 0.41770594 0.49952056  0.62323357 0.13737687 0.60133547 0.39398473 0.40847316 0.50577038  0.61566969 0.57617517 0.61888168 0.43823748
0.6155911  0.60741275 0.05103088 0.28287729 0.41770594 0.49952056  0.62323357 0.13737687 0.60133547 0.39398473 0.40847316 0.50577038  0.61566969 0.57617517 0.61888168 0.43823748
0.52591558 0.77013771 0.08759323 0.41325612 0.35736862 0.58258863  0.65914151 0.27646454 0.44604421 0.47734151 0.46634445 0.49170317  0.42054867 0.44972215 0.53989668 0.46354306
0.30678801 0.68906514 0.14796445 0.5606909  0.44303154 0.27507623  0.54723628 0.41722156 0.2739628  0.48702236 0.23912363 0.5325355  0.33252012 0.35654807 0.56254432 0.51353876
0.03514825 0.41370071 0.3248389  0.44709904 0.36559576 0.43311778  0.45442367 0.49253738 0.44112986 0.38365436 0.37825223 0.45061328  0.56697354 0.40307785 0.42249623 0.46734004
0.00039479 0.36283831 0.35232302 0.39930133 0.34523319 0.50234819  0.48417291 0.45702496 0.47508945 0.39693445 0.45000532 0.44589633  0.47476172 0.42761975 0.50206904 0.41641874
0.00039479 0.36283831 0.35232302 0.39930133 0.34523319 0.50234819  0.48417291 0.45702496 0.47508945 0.39693445 0.45000532 0.44589633  0.47476172 0.42761975 0.50206904 0.41641874
0.00039479 0.36283831 0.35232302 0.39930133 0.34523319 0.50234819  0.48417291 0.45702496 0.47508945 0.39693445 0.45000532 0.44589633  0.47476172 0.42761975 0.50206904 0.41641874
0.00039479 0.36283831 0.35232302 0.39930133 0.34523319 0.50234819  0.48417291 0.45702496 0.47508945 0.39693445 0.45000532 0.44589633  0.47476172 0.42761975 0.50206904 0.41641874
0.00039479 0.36283831 0.35232302 0.39930133 0.34523319 0.50234819  0.48417291 0.45702496 0.47508945 0.39693445 0.45000532 0.44589633  0.47476172 0.42761975 0.50206904 0.41641874
0.00039479 0.36283831 0.35232302 0.39930133 0.34523319 0.50234819  0.48417291 0.45702496 0.47508945 0.39693445 0.45000532 0.44589633  0.47476172 0.42761975 0.50206904 0.41641874
0.00039479 0.36283831 0.35232302 0.39930133 0.34523319 0.50234819  0.48417291 0.45702496 0.47508945 0.39693445 0.45000532 0.44589633  0.47476172 0.42761975 0.50206904 0.41641874
0.00039479 0.36283831 0.35232302 0.39930133 0.34523319 0.50234819  0.48417291 0.45702496 0.47508945 0.39693445 0.45000532 0.44589633  0.47476172 0.42761975 0.50206904 0.41641874
0.00039479 0.36283831 0.35232302 0.39930133 0.34523319 0.50234819  0.48417291 0.45702496 0.47508945 0.39693445 0.45000532 0.44589633  0.47476172 0.42761975 0.50206904 0.41641874
0.05488173 0.43692925 0.31482574 0.45654179 0.36352369 0.45639366  0.43586995 0.4884267  0.51290409 0.38413637 0.47607013 0.4375697  0.49383141 0.47953133 0.57038008 0.37571905
0.16347375 0.58658783 0.24190345 0.57740261 0.39235399 0.39131114  0.31610582 0.53685412 0.60409455 0.40934904 0.47424978 0.45555646  0.47952942 0.55582154 0.77609201 0.38811455
0.32927622 0.76994308 0.1521671  0.64416605 0.39018816 0.41589179  0.31241409 0.53565506 0.62872029 0.36704345 0.60983304 0.40767767  0.49902285 0.45279724 0.49002145 0.35684092
0.40250771 0.77575836 0.1562518  0.56024479 0.32217052 0.59807749  0.31573344 0.55783924 0.68516068 0.39065039 0.59346194 0.41538811  0.62289924 0.43019647 0.46951571 0.46648471
0.43606589 0.73913153 0.16191305 0.49036157 0.31421536 0.59254907  0.32709178 0.67505204 0.68084781 0.37823077 0.60828329 0.40744098  0.64790164 0.43838987 0.50009936 0.49063904
0.4843409  0.66454265 0.16606091 0.3940145  0.31208662 0.53980418  0.3041961  0.8333203  0.72464256 0.34570972 0.61629886 0.41232981  0.59559184 0.38478414 0.68272468 0.51898386
0.55225875 0.6189561  0.2013905  0.32379665 0.24008409 0.62273155  0.2546073  0.92918495 0.6323796  0.35571017 0.47962142 0.41538807  0.56871249 0.29589338 0.59366951 0.47802416
0.57056704 0.62808398 0.20270923 0.31805772 0.21827252 0.69336227  0.23763364 0.89055831 0.65913066 0.39644845 0.44374627 0.43780871  0.56895016 0.29287041 0.6183126  0.52727157
0.55377636 0.64929786 0.20642196 0.36099869 0.21169168 0.70983952  0.2179273  0.84958363 0.63550697 0.41820699 0.42541015 0.44237378  0.5109209  0.26178817 0.54949145 0.51323489
0.56922828 0.63593284 0.22956203 0.36881976 0.18761818 0.72676566  0.17315788 0.85987207 0.58494832 0.43694733 0.38310722 0.44742389  0.50499741 0.25402685 0.49346806 0.44495562
0.58643239 0.63311162 0.21561037 0.34525952 0.20169563 0.69646546  0.2466396  0.81964774 0.50025303 0.4693431  0.30931007 0.47900906  0.47245277 0.23080693 0.50486497 0.48775042
0.63494944 0.63863768 0.22296864 0.34525352 0.18719207 0.66218968  0.37177823 0.7725824  0.34691142 0.52403122 0.35594401 0.49544681  0.32879021 0.17229186 0.48423182 0.35501139
0.6363414  0.65789486 0.20869179 0.34334743 0.20283674 0.65458052  0.46354944 0.69432177 0.27194252 0.5552139  0.33681751 0.5049833  0.33974477 0.2074414  0.45457391 0.3531907 
0.71390078 0.53651198 0.1804919  0.20877331 0.24756392 0.5835502  0.49539063 0.64525467 0.35130785 0.51626623 0.26808158 0.53241609  0.46702364 0.29478875 0.7159385  0.35303276
0.74180582 0.47145544 0.16537454 0.18358944 0.27382803 0.54643999  0.45201984 0.52149633 0.42158546 0.50560046 0.20138853 0.55663389  0.50098097 0.34398865 0.72485694 0.33122166
0.81987481 0.29232022 0.19310809 0.30780628 0.32165597 0.51303197  0.35689587 0.44034502 0.37384243 0.46521286 0.33244865 0.47825361  0.54608595 0.33793108 0.66773266 0.15712478
0.85189175 0.17089144 0.18488397 0.52100217 0.4052844  0.60881015  0.41290325 0.48981547 0.28999146 0.50571535 0.41246503 0.38170745  0.5507233  0.41002262 0.70224337 0.30730218
0.87128215 0.13008302 0.21692241 0.62435158 0.42506792 0.629247  0.46944013 0.49378575 0.28691421 0.49082636 0.41939212 0.36721903  0.56793351 0.43302891 0.71046194 0.32077116
0.886884   0.10516031 0.2503971  0.71156314 0.42052149 0.65382817  0.53227809 0.53133564 0.30386894 0.47645245 0.40632736 0.4742332  0.57417019 0.53215195 0.62741632 0.20253615
0.886884   0.10516031 0.2503971  0.71156314 0.42052149 0.65382817  0.53227809 0.53133564 0.30386894 0.47645245 0.40632736 0.4742332  0.57417019 0.53215195 0.62741632 0.20253615
0.886884   0.10516031 0.2503971  0.71156314 0.42052149 0.65382817  0.53227809 0.53133564 0.30386894 0.47645245 0.40632736 0.4742332  0.57417019 0.53215195 0.62741632 0.20253615
0.89032982 0.08889077 0.25019171 0.76667535 0.44517428 0.68959453  0.60249188 0.58353853 0.38341852 0.42772538 0.33222187 0.56744979  0.49920823 0.60659533 0.5205495  0.11181177
0.8917867  0.08209129 0.25086278 0.78986036 0.45283795 0.70130073  0.62968714 0.60066092 0.41020198 0.41063011 0.31323416 0.60054801  0.47938515 0.62956335 0.48615601 0.09317056
0.8958629  0.07156545 0.26096944 0.81717685 0.45579818 0.68183649  0.67594144 0.60382371 0.4911877  0.45143119 0.32464501 0.61935381  0.50212605 0.55567185 0.45729528 0.1644012 
0.89607959 0.07049415 0.26097296 0.82097963 0.45748326 0.68445402  0.68093648 0.60817229 0.49713185 0.44769267 0.31879925 0.62745087  0.49403332 0.56464862 0.4456328  0.15596674
0.89607959 0.07049415 0.26097296 0.82097963 0.45748326 0.68445402  0.68093648 0.60817229 0.49713185 0.44769267 0.31879925 0.62745087  0.49403332 0.56464862 0.4456328  0.15596674
0.89607959 0.07049415 0.26097296 0.82097963 0.45748326 0.68445402  0.68093648 0.60817229 0.49713185 0.44769267 0.31879925 0.62745087  0.49403332 0.56464862 0.4456328  0.15596674
0.89931117 0.05812822 0.26481871 0.85650654 0.46210225 0.68517334  0.72073357 0.617246   0.54545073 0.45884226 0.33061531 0.66188096  0.52000042 0.5130685  0.42771541 0.2008466 
0.89909448 0.05919952 0.26481519 0.85270376 0.46041717 0.68255581  0.71573854 0.61289742 0.53950658 0.46258078 0.33646106 0.6537839  0.52809316 0.50409173 0.43937788 0.20928105
0.89909448 0.05919952 0.26481519 0.85270376 0.46041717 0.68255581  0.71573854 0.61289742 0.53950658 0.46258078 0.33646106 0.6537839  0.52809316 0.50409173 0.43937788 0.20928105
0.89909448 0.05919952 0.26481519 0.85270376 0.46041717 0.68255581  0.71573854 0.61289742 0.53950658 0.46258078 0.33646106 0.6537839  0.52809316 0.50409173 0.43937788 0.20928105
0.89909448 0.05919952 0.26481519 0.85270376 0.46041717 0.68255581  0.71573854 0.61289742 0.53950658 0.46258078 0.33646106 0.6537839  0.52809316 0.50409173 0.43937788 0.20928105
0.89909448 0.05919952 0.26481519 0.85270376 0.46041717 0.68255581  0.71573854 0.61289742 0.53950658 0.46258078 0.33646106 0.6537839  0.52809316 0.50409173 0.43937788 0.20928105
0.89909448 0.05919952 0.26481519 0.85270376 0.46041717 0.68255581  0.71573854 0.61289742 0.53950658 0.46258078 0.33646106 0.6537839  0.52809316 0.50409173 0.43937788 0.20928105
0.89909448 0.05919952 0.26481519 0.85270376 0.46041717 0.68255581  0.71573854 0.61289742 0.53950658 0.46258078 0.33646106 0.6537839  0.52809316 0.50409173 0.43937788 0.20928105
0.89909448 0.05919952 0.26481519 0.85270376 0.46041717 0.68255581  0.71573854 0.61289742 0.53950658 0.46258078 0.33646106 0.6537839  0.52809316 0.50409173 0.43937788 0.20928105
0.89909448 0.05919952 0.26481519 0.85270376 0.46041717 0.68255581  0.71573854 0.61289742 0.53950658 0.46258078 0.33646106 0.6537839  0.52809316 0.50409173 0.43937788 0.20928105
0.89909448 0.05919952 0.26481519 0.85270376 0.46041717 0.68255581  0.71573854 0.61289742 0.53950658 0.46258078 0.33646106 0.6537839  0.52809316 0.50409173 0.43937788 0.20928105
0.89909448 0.05919952 0.26481519 0.85270376 0.46041717 0.68255581  0.71573854 0.61289742 0.53950658 0.46258078 0.33646106 0.6537839  0.52809316 0.50409173 0.43937788 0.20928105
0.89909448 0.05919952 0.26481519 0.85270376 0.46041717 0.68255581  0.71573854 0.61289742 0.53950658 0.46258078 0.33646106 0.6537839  0.52809316 0.50409173 0.43937788 0.20928105
0.89909448 0.05919952 0.26481519 0.85270376 0.46041717 0.68255581  0.71573854 0.61289742 0.53950658 0.46258078 0.33646106 0.6537839  0.52809316 0.50409173 0.43937788 0.20928105
0.89909448 0.05919952 0.26481519 0.85270376 0.46041717 0.68255581  0.71573854 0.61289742 0.53950658 0.46258078 0.33646106 0.6537839  0.52809316 0.50409173 0.43937788 0.20928105
0.89909448 0.05919952 0.26481519 0.85270376 0.46041717 0.68255581  0.71573854 0.61289742 0.53950658 0.46258078 0.33646106 0.6537839  0.52809316 0.50409173 0.43937788 0.20928105
0.89909448 0.05919952 0.26481519 0.85270376 0.46041717 0.68255581  0.71573854 0.61289742 0.53950658 0.46258078 0.33646106 0.6537839  0.52809316 0.50409173 0.43937788 0.20928105
0.89909448 0.05919952 0.26481519 0.85270376 0.46041717 0.68255581  0.71573854 0.61289742 0.53950658 0.46258078 0.33646106 0.6537839  0.52809316 0.50409173 0.43937788 0.20928105
0.89909448 0.05919952 0.26481519 0.85270376 0.46041717 0.68255581  0.71573854 0.61289742 0.53950658 0.46258078 0.33646106 0.6537839  0.52809316 0.50409173 0.43937788 0.20928105
0.89931117 0.05812822 0.26481871 0.85650654 0.46210225 0.68517334  0.72073357 0.617246   0.54545073 0.45884226 0.33061531 0.66188096  0.52000042 0.5130685  0.42771541 0.2008466 
0.89931117 0.05812822 0.26481871 0.85650654 0.46210225 0.68517334  0.72073357 0.617246   0.54545073 0.45884226 0.33061531 0.66188096  0.52000042 0.5130685  0.42771541 0.2008466 
0.89931117 0.05812822 0.26481871 0.85650654 0.46210225 0.68517334  0.72073357 0.617246   0.54545073 0.45884226 0.33061531 0.66188096  0.52000042 0.5130685  0.42771541 0.2008466 
0.89501828 0.06972536 0.25470853 0.82538726 0.45745694 0.70202005  0.66948423 0.60973463 0.45852087 0.42177969 0.32505022 0.63497809  0.50535226 0.57798323 0.46823861 0.13805042
0.87461857 0.07440382 0.18450375 0.77382819 0.50719745 0.73865192  0.64267707 0.64030796 0.48320182 0.40973354 0.27370402 0.59095576  0.41257677 0.55461568 0.44773196 0.18846101
0.87138699 0.08676975 0.180658   0.73830129 0.50257846 0.7379326  0.60287998 0.63123425 0.43488294 0.39858395 0.26188796 0.55652567  0.38660966 0.60619579 0.46564936 0.14358116
0.87138699 0.08676975 0.180658   0.73830129 0.50257846 0.7379326  0.60287998 0.63123425 0.43488294 0.39858395 0.26188796 0.55652567  0.38660966 0.60619579 0.46564936 0.14358116
0.86900554 0.09799908 0.17936381 0.69850589 0.48979035 0.71826401  0.55338101 0.60043169 0.3817649  0.42967236 0.29688133 0.4904441  0.41986355 0.57556569 0.53047101 0.18091415
0.82466373 0.1600703  0.08370038 0.57702303 0.57468617 0.79310451  0.53896145 0.60159347 0.50869329 0.2674895  0.09067229 0.39198254  0.34002439 0.48907394 0.49961541 0.28245661
0.82466373 0.1600703  0.08370038 0.57702303 0.57468617 0.79310451  0.53896145 0.60159347 0.50869329 0.2674895  0.09067229 0.39198254  0.34002439 0.48907394 0.49961541 0.28245661
0.82345125 0.16583248 0.08365868 0.55800393 0.5666576  0.78102921  0.51623391 0.58398042 0.48477352 0.28222061 0.11287088 0.36371425  0.36373744 0.46352296 0.5331829  0.30929366
0.79725428 0.2223249  0.06281721 0.46274874 0.55266544 0.7214593  0.52063557 0.54549146 0.5385638  0.27255185 0.1569453  0.35887908  0.40672236 0.40797821 0.65505581 0.3487559 
0.71414944 0.33347467 0.00989844 0.50700605 0.61735681 0.65680952  0.63386466 0.27656464 0.56719885 0.24649292 0.42084153 0.26216114  0.63001265 0.53708296 0.70060334 0.42536749
0.6895572  0.37751622 0.01022253 0.50118894 0.59919162 0.62588258  0.62004749 0.20844302 0.59807702 0.25384703 0.39920575 0.32636518  0.56904799 0.49452691 0.69530932 0.33966802
0.6895572  0.37751622 0.01022253 0.50118894 0.59919162 0.62588258  0.62004749 0.20844302 0.59807702 0.25384703 0.39920575 0.32636518  0.56904799 0.49452691 0.69530932 0.33966802
0.68194581 0.40737381 0.01633497 0.45659225 0.57401169 0.5962217  0.62690258 0.2084927  0.64700828 0.25932767 0.38507329 0.38035752  0.55617776 0.51675729 0.6563795  0.31253728
0.58545579 0.55936576 0.03396316 0.40711157 0.52197974 0.44005634  0.68230741 0.17873567 0.56720024 0.31150479 0.42060101 0.45048202  0.52840635 0.54227084 0.62871468 0.24771092
0.53310171 0.60862251 0.04603998 0.4387438  0.5049654  0.37455193  0.64472052 0.16025721 0.47590499 0.38812537 0.36571377 0.46779447  0.45811764 0.53509136 0.75580948 0.31095638
0.37092259 0.61506046 0.11176457 0.45047367 0.49169559 0.21571403  0.68554723 0.2983732  0.2542555  0.37808925 0.31753558 0.47673424  0.47609605 0.43721973 0.49241827 0.3481817 
0.31953611 0.61733293 0.13760801 0.4793465  0.47766529 0.2418915  0.65504391 0.35462067 0.24605617 0.39374371 0.34905838 0.46785555  0.4345357  0.35244279 0.45783211 0.36596964
0.12482632 0.50028553 0.25810943 0.48337034 0.41162815 0.30764571  0.53896038 0.45715856 0.25890929 0.41415864 0.22198959 0.49408901  0.50458724 0.31726395 0.33742414 0.51807062
0.0359669  0.41528416 0.32451498 0.4475803  0.3655362  0.43713495  0.45451643 0.48803739 0.44505355 0.38647016 0.38754837 0.45115605  0.55109323 0.40426161 0.43204904 0.45813327
0.01790387 0.3898545  0.33817562 0.42642862 0.35681041 0.46717525  0.46152885 0.47694295 0.46991849 0.39350101 0.41724602 0.4497633  0.51968443 0.43336993 0.49846349 0.44236435
0.00039479 0.36283831 0.35232302 0.39930133 0.34523319 0.50234819  0.48417291 0.45702496 0.47508945 0.39693445 0.45000532 0.44589633  0.47476172 0.42761975 0.50206904 0.41641874
0.00039479 0.36283831 0.35232302 0.39930133 0.34523319 0.50234819  0.48417291 0.45702496 0.47508945 0.39693445 0.45000532 0.44589633  0.47476172 0.42761975 0.50206904 0.41641874
0.00039479 0.36283831 0.35232302 0.39930133 0.34523319 0.50234819  0.48417291 0.45702496 0.47508945 0.39693445 0.45000532 0.44589633  0.47476172 0.42761975 0.50206904 0.41641874
0.00039479 0.36283831 0.35232302 0.39930133 0.34523319 0.50234819  0.48417291 0.45702496 0.47508945 0.39693445 0.45000532 0.44589633  0.47476172 0.42761975 0.50206904 0.41641874
0.00039479 0.36283831 0.35232302 0.39930133 0.34523319 0.50234819  0.48417291 0.45702496 0.47508945 0.39693445 0.45000532 0.44589633  0.47476172 0.42761975 0.50206904 0.41641874
0.00039479 0.36283831 0.35232302 0.39930133 0.34523319 0.50234819  0.48417291 0.45702496 0.47508945 0.39693445 0.45000532 0.44589633  0.47476172 0.42761975 0.50206904 0.41641874
0.00039479 0.36283831 0.35232302 0.39930133 0.34523319 0.50234819  0.48417291 0.45702496 0.47508945 0.39693445 0.45000532 0.44589633  0.47476172 0.42761975 0.50206904 0.41641874
0.00039479 0.36283831 0.35232302 0.39930133 0.34523319 0.50234819  0.48417291 0.45702496 0.47508945 0.39693445 0.45000532 0.44589633  0.47476172 0.42761975 0.50206904 0.41641874
0.00039479 0.36283831 0.35232302 0.39930133 0.34523319 0.50234819  0.48417291 0.45702496 0.47508945 0.39693445 0.45000532 0.44589633  0.47476172 0.42761975 0.50206904 0.41641874
0.00039479 0.36283831 0.35232302 0.39930133 0.34523319 0.50234819  0.48417291 0.45702496 0.47508945 0.39693445 0.45000532 0.44589633  0.47476172 0.42761975 0.50206904 0.41641874
0.00039479 0.36283831 0.35232302 0.39930133 0.34523319 0.50234819  0.48417291 0.45702496 0.47508945 0.39693445 0.45000532 0.44589633  0.47476172 0.42761975 0.50206904 0.41641874
0.00039479 0.36283831 0.35232302 0.39930133 0.34523319 0.50234819  0.48417291 0.45702496 0.47508945 0.39693445 0.45000532 0.44589633  0.47476172 0.42761975 0.50206904 0.41641874
0.00039479 0.36283831 0.35232302 0.39930133 0.34523319 0.50234819  0.48417291 0.45702496 0.47508945 0.39693445 0.45000532 0.44589633  0.47476172 0.42761975 0.50206904 0.41641874
0.00039479 0.36283831 0.35232302 0.39930133 0.34523319 0.50234819  0.48417291 0.45702496 0.47508945 0.39693445 0.45000532 0.44589633  0.47476172 0.42761975 0.50206904 0.41641874
0.00039479 0.36283831 0.35232302 0.39930133 0.34523319 0.50234819  0.48417291 0.45702496 0.47508945 0.39693445 0.45000532 0.44589633  0.47476172 0.42761975 0.50206904 0.41641874
0.00039479 0.36283831 0.35232302 0.39930133 0.34523319 0.50234819  0.48417291 0.45702496 0.47508945 0.39693445 0.45000532 0.44589633  0.47476172 0.42761975 0.50206904 0.41641874
0.00039479 0.36283831 0.35232302 0.39930133 0.34523319 0.50234819  0.48417291 0.45702496 0.47508945 0.39693445 0.45000532 0.44589633  0.47476172 0.42761975 0.50206904 0.41641874
0.00039479 0.36283831 0.35232302 0.39930133 0.34523319 0.50234819  0.48417291 0.45702496 0.47508945 0.39693445 0.45000532 0.44589633  0.47476172 0.42761975 0.50206904 0.41641874
0.00039479 0.36283831 0.35232302 0.39930133 0.34523319 0.50234819  0.48417291 0.45702496 0.47508945 0.39693445 0.45000532 0.44589633  0.47476172 0.42761975 0.50206904 0.41641874
0.00039479 0.36283831 0.35232302 0.39930133 0.34523319 0.50234819  0.48417291 0.45702496 0.47508945 0.39693445 0.45000532 0.44589633  0.47476172 0.42761975 0.50206904 0.41641874
