0.00039479 0.36283831 0.35232302 0.39930133 0.34523319 0.50234819  0.48417291 0.45702496 0.47508945 0.39693445 0.45000532 0.44589633  0.47476172 0.42761975 0.50206904 0.41641874
0.00039479 0.36283831 0.35232302 0.39930133 0.34523319 0.50234819  0.48417291 0.45702496 0.47508945 0.39693445 0.45000532 0.44589633  0.47476172 0.42761975 0.50206904 0.41641874
0.00039479 0.36283831 0.35232302 0.39930133 0.34523319 0.50234819  0.48417291 0.45702496 0.47508945 0.39693445 0.45000532 0.44589633  0.47476172 0.42761975 0.50206904 0.41641874
0.00039479 0.36283831 0.35232302 0.39930133 0.34523319 0.50234819  0.48417291 0.45702496 0.47508945 0.39693445 0.45000532 0.44589633  0.47476172 0.42761975 0.50206904 0.41641874
0.00039479 0.36283831 0.35232302 0.39930133 0.34523319 0.50234819  0.48417291 0.45702496 0.47508945 0.39693445 0.45000532 0.44589633  0.47476172 0.42761975 0.50206904 0.41641874
0.00039479 0.36283831 0.35232302 0.39930133 0.34523319 0.50234819  0.48417291 0.45702496 0.47508945 0.39693445 0.45000532 0.44589633  0.47476172 0.42761975 0.50206904 0.41641874
0.00039479 0.36283831 0.35232302 0.39930133 0.34523319 0.50234819  0.48417291 0.45702496 0.47508945 0.39693445 0.45000532 0.44589633  0.47476172 0.42761975 0.50206904 0.41641874
0.00039479 0.36283831 0.35232302 0.39930133 0.34523319 0.50234819  0.48417291 0.45702496 0.47508945 0.39693445 0.45000532 0.44589633  0.47476172 0.42761975 0.50206904 0.41641874
0.00039479 0.36283831 0.35232302 0.39930133 0.34523319 0.50234819  0.48417291 0.45702496 0.47508945 0.39693445 0.45000532 0.44589633  0.47476172 0.42761975 0.50206904 0.41641874
0.00039479 0.36283831 0.35232302 0.39930133 0.34523319 0.50234819  0.48417291 0.45702496 0.47508945 0.39693445 0.45000532 0.44589633  0.47476172 0.42761975 0.50206904 0.41641874
0.00039479 0.36283831 0.35232302 0.39930133 0.34523319 0.50234819  0.48417291 0.45702496 0.47508945 0.39693445 0.45000532 0.44589633  0.47476172 0.42761975 0.50206904 0.41641874
0.00039479 0.36283831 0.35232302 0.39930133 0.34523319 0.50234819  0.48417291 0.45702496 0.47508945 0.39693445 0.45000532 0.44589633  0.47476172 0.42761975 0.50206904 0.41641874
0.00039479 0.36283831 0.35232302 0.39930133 0.34523319 0.50234819  0.48417291 0.45702496 0.47508945 0.39693445 0.45000532 0.44589633  0.47476172 0.42761975 0.50206904 0.41641874
0.00039479 0.36283831 0.35232302 0.39930133 0.34523319 0.50234819  0.48417291 0.45702496 0.47508945 0.39693445 0.45000532 0.44589633  0.47476172 0.42761975 0.50206904 0.41641874
0.00039479 0.36283831 0.35232302 0.39930133 0.34523319 0.50234819  0.48417291 0.45702496 0.47508945 0.39693445 0.45000532 0.44589633  0.47476172 0.42761975 0.50206904 0.41641874
0.00039479 0.36283831 0.35232302 0.39930133 0.34523319 0.50234819  0.48417291 0.45702496 0.47508945 0.39693445 0.45000532 0.44589633  0.47476172 0.42761975 0.50206904 0.41641874
0.00039479 0.36283831 0.35232302 0.39930133 0.34523319 0.50234819  0.48417291 0.45702496 0.47508945 0.39693445 0.45000532 0.44589633  0.47476172 0.42761975 0.50206904 0.41641874
0.00039479 0.36283831 0.35232302 0.39930133 0.34523319 0.50234819  0.48417291 0.45702496 0.47508945 0.39693445 0.45000532 0.44589633  0.47476172 0.42761975 0.50206904 0.41641874
0.00039479 0.36283831 0.35232302 0.39930133 0.34523319 0.50234819  0.48417291 0.45702496 0.47508945 0.39693445 0.45000532 0.44589633  0.47476172 0.42761975 0.50206904 0.41641874
0.00039479 0.36283831 0.35232302 0.39930133 0.34523319 0.50234819  0.48417291 0.45702496 0.47508945 0.39693445 0.45000532 0.44589633  0.47476172 0.42761975 0.50206904 0.41641874
0.00039479 0.36283831 0.35232302 0.39930133 0.34523319 0.50234819  0.48417291 0.45702496 0.47508945 0.39693445 0.45000532 0.44589633  0.47476172 0.42761975 0.50206904 0.41641874
0.00039479 0.36283831 0.35232302 0.39930133 0.34523319 0.50234819  0.48417291 0.45702496 0.47508945 0.39693445 0.45000532 0.44589633  0.47476172 0.42761975 0.50206904 0.41641874
0.00039479 0.36283831 0.35232302 0.39930133 0.34523319 0.50234819  0.48417291 0.45702496 0.47508945 0.39693445 0.45000532 0.44589633  0.47476172 0.42761975 0.50206904 0.41641874
0.00039479 0.36283831 0.35232302 0.39930133 0.34523319 0.50234819  0.48417291 0.45702496 0.47508945 0.39693445 0.45000532 0.44589633  0.47476172 0.42761975 0.50206904 0.41641874
0.00039479 0.36283831 0.35232302 0.39930133 0.34523319 0.50234819  0.48417291 0.45702496 0.47508945 0.39693445 0.45000532 0.44589633  0.47476172 0.42761975 0.50206904 0.41641874
0.00039479 0.36283831 0.35232302 0.39930133 0.34523319 0.50234819  0.48417291 0.45702496 0.47508945 0.39693445 0.45000532 0.44589633  0.47476172 0.42761975 0.50206904 0.41641874
0.00039479 0.36283831 0.35232302 0.39930133 0.34523319 0.50234819  0.48417291 0.45702496 0.47508945 0.39693445 0.45000532 0.44589633  0.47476172 0.42761975 0.50206904 0.41641874
0.00039479 0.36283831 0.35232302 0.39930133 0.34523319 0.50234819  0.48417291 0.45702496 0.47508945 0.39693445 0.45000532 0.44589633  0.47476172 0.42761975 0.50206904 0.41641874
0.00039479 0.36283831 0.35232302 0.39930133 0.34523319 0.50234819  0.48417291 0.45702496 0.47508945 0.39693445 0.45000532 0.44589633  0.47476172 0.42761975 0.50206904 0.41641874
0.00039479 0.36283831 0.35232302 0.39930133 0.34523319 0.50234819  0.48417291 0.45702496 0.47508945 0.39693445 0.45000532 0.44589633  0.47476172 0.42761975 0.50206904 0.41641874
0.00039479 0.36283831 0.35232302 0.39930133 0.34523319 0.50234819  0.48417291 0.45702496 0.47508945 0.39693445 0.45000532 0.44589633  0.47476172 0.42761975 0.50206904 0.41641874
0.00039479 0.36283831 0.35232302 0.39930133 0.34523319 0.50234819  0.48417291 0.45702496 0.47508945 0.39693445 0.45000532 0.44589633  0.47476172 0.42761975 0.50206904 0.41641874
0.00039479 0.36283831 0.35232302 0.39930133 0.34523319 0.50234819  0.48417291 0.45702496 0.47508945 0.39693445 0.45000532 0.44589633  0.47476172 0.42761975 0.50206904 0.41641874
0.00039479 0.36283831 0.35232302 0.39930133 0.34523319 0.50234819  0.48417291 0.45702496 0.47508945 0.39693445 0.45000532 0.44589633  0.47476172 0.42761975 0.50206904 0.41641874
0.00039479 0.36283831 0.35232302 0.39930133 0.34523319 0.50234819  0.48417291 0.45702496 0.47508945 0.39693445 0.45000532 0.44589633  0.47476172 0.42761975 0.50206904 0.41641874
0.00039479 0.36283831 0.35232302 0.39930133 0.34523319 0.50234819  0.48417291 0.45702496 0.47508945 0.39693445 0.45000532 0.44589633  0.47476172 0.42761975 0.50206904 0.41641874
0.00039479 0.36283831 0.35232302 0.39930133 0.34523319 0.50234819  0.48417291 0.45702496 0.47508945 0.39693445 0.45000532 0.44589633  0.47476172 0.42761975 0.50206904 0.41641874
0.00039479 0.36283831 0.35232302 0.39930133 0.34523319 0.50234819  0.48417291 0.45702496 0.47508945 0.39693445 0.45000532 0.44589633  0.47476172 0.42761975 0.50206904 0.41641874
0.00039479 0.36283831 0.35232302 0.39930133 0.34523319 0.50234819  0.48417291 0.45702496 0.47508945 0.39693445 0.45000532 0.44589633  0.47476172 0.42761975 0.50206904 0.41641874
0.00039479 0.36283831 0.35232302 0.39930133 0.34523319 0.50234819  0.48417291 0.45702496 0.47508945 0.39693445 0.45000532 0.44589633  0.47476172 0.42761975 0.50206904 0.41641874
0.00039479 0.36283831 0.35232302 0.39930133 0.34523319 0.50234819  0.48417291 0.45702496 0.47508945 0.39693445 0.45000532 0.44589633  0.47476172 0.42761975 0.50206904 0.41641874
0.00039479 0.36283831 0.35232302 0.39930133 0.34523319 0.50234819  0.48417291 0.45702496 0.47508945 0.39693445 0.45000532 0.44589633  0.47476172 0.42761975 0.50206904 0.41641874
0.00039479 0.36283831 0.35232302 0.39930133 0.34523319 0.50234819  0.48417291 0.45702496 0.47508945 0.39693445 0.45000532 0.44589633  0.47476172 0.42761975 0.50206904 0.41641874
0.00039479 0.36283831 0.35232302 0.39930133 0.34523319 0.50234819  0.48417291 0.45702496 0.47508945 0.39693445 0.45000532 0.44589633  0.47476172 0.42761975 0.50206904 0.41641874
0.00039479 0.36283831 0.35232302 0.39930133 0.34523319 0.50234819  0.48417291 0.45702496 0.47508945 0.39693445 0.45000532 0.44589633  0.47476172 0.42761975 0.50206904 0.41641874
0.00039479 0.36283831 0.35232302 0.39930133 0.34523319 0.50234819  0.48417291 0.45702496 0.47508945 0.39693445 0.45000532 0.44589633  0.47476172 0.42761975 0.50206904 0.41641874
0.00039479 0.36283831 0.35232302 0.39930133 0.34523319 0.50234819  0.48417291 0.45702496 0.47508945 0.39693445 0.45000532 0.44589633  0.47476172 0.42761975 0.50206904 0.41641874
0.00039479 0.36283831 0.35232302 0.39930133 0.34523319 0.50234819  0.48417291 0.45702496 0.47508945 0.39693445 0.45000532 0.44589633  0.47476172 0.42761975 0.50206904 0.41641874
0.01804755 0.39018449 0.33830903 0.42636341 0.35641219 0.47112218  0.45911565 0.47626972 0.47899245 0.39487759 0.42806648 0.44912887  0.50987727 0.441117   0.51788115 0.43356859
0.07117188 0.46942321 0.29829345 0.49968054 0.38391967 0.39962655  0.38768127 0.52380478 0.51131292 0.39598347 0.3937661  0.4582091  0.56762114 0.49660376 0.61654857 0.47025342
0.21921087 0.62711242 0.23383968 0.56471816 0.34452462 0.56813507  0.29548679 0.43384375 0.69654384 0.50359328 0.49394912 0.49049538  0.36292192 0.53817542 0.85193479 0.47163181
0.31241125 0.72053887 0.19018583 0.57984527 0.3282129  0.62909157  0.30469557 0.42082757 0.7380984  0.47936909 0.61914063 0.45645047  0.36056915 0.49549782 0.71676575 0.425799  
0.38504818 0.77743935 0.16718536 0.58057344 0.30080031 0.67702137  0.29374656 0.44776205 0.70734297 0.46098362 0.53872927 0.45488248  0.55801256 0.40418769 0.48349464 0.52307007
0.38504818 0.77743935 0.16718536 0.58057344 0.30080031 0.67702137  0.29374656 0.44776205 0.70734297 0.46098362 0.53872927 0.45488248  0.55801256 0.40418769 0.48349464 0.52307007
0.47090506 0.75175825 0.20882812 0.52873984 0.22369757 0.7673195  0.18269942 0.58508281 0.62055717 0.45837418 0.35499965 0.45942595  0.70519471 0.39000208 0.34024315 0.45253116
0.49873748 0.76600103 0.23654408 0.52693712 0.20154399 0.76037665  0.24144934 0.53766629 0.56561757 0.42217374 0.40696216 0.46163296  0.66846159 0.40923568 0.26775856 0.42538996
0.54653507 0.75026286 0.26461791 0.47634002 0.16637027 0.76926214  0.33258914 0.56663604 0.5046204  0.39168395 0.52148663 0.45772221  0.79819859 0.49802266 0.22438038 0.37704254
0.63303259 0.71583565 0.53573274 0.62504646 0.03816622 0.63241621  0.3781231  0.51375126 0.41517853 0.33262117 0.58988884 0.519723  0.76790528 0.36190661 0.51023564 0.29503499
0.65915423 0.7140571  0.60866341 0.59758278 0.04134588 0.59530395  0.37572717 0.55996022 0.4492035  0.30421875 0.50997098 0.43852852  0.60736071 0.30583913 0.56075022 0.31264784
0.67744046 0.72488579 0.59701762 0.58888053 0.04606741 0.58202366  0.42895899 0.52830593 0.37603749 0.31361854 0.48285282 0.44640397  0.5169045  0.26384495 0.52213655 0.29314724
0.67744046 0.72488579 0.59701762 0.58888053 0.04606741 0.58202366  0.42895899 0.52830593 0.37603749 0.31361854 0.48285282 0.44640397  0.5169045  0.26384495 0.52213655 0.29314724
0.67744046 0.72488579 0.59701762 0.58888053 0.04606741 0.58202366  0.42895899 0.52830593 0.37603749 0.31361854 0.48285282 0.44640397  0.5169045  0.26384495 0.52213655 0.29314724
0.65769444 0.73559211 0.5915167  0.6310867  0.07244742 0.59180664  0.37189825 0.48408823 0.35575227 0.31234759 0.47212196 0.49689155  0.43771231 0.19766377 0.55606231 0.27437456
0.62397364 0.75204332 0.59646548 0.66011165 0.07681152 0.62216559  0.34756285 0.45497787 0.43196313 0.29550765 0.51637518 0.48160307  0.6203507  0.3014141  0.54220611 0.29184712
0.60260343 0.75583231 0.56646171 0.70603431 0.06208429 0.61237267  0.34380268 0.3985454  0.43788641 0.37301456 0.51854515 0.50145713  0.59009402 0.30197405 0.5061736  0.25734546
0.5792301  0.74245935 0.53969054 0.74370722 0.04846161 0.60280481  0.2756115  0.40423445 0.4380889  0.40580393 0.50885181 0.57064143  0.61777964 0.31211757 0.51992334 0.29014268
0.54592145 0.78005133 0.46892106 0.71019852 0.09421704 0.66494099  0.27546649 0.35318848 0.44736136 0.30385171 0.50887816 0.5573059  0.76430234 0.39214822 0.44988174 0.32581269
0.48378309 0.76542819 0.31170455 0.64254587 0.16302337 0.72555442  0.19138324 0.45993102 0.56858985 0.44899417 0.39845144 0.5136041  0.78469805 0.40879249 0.35057752 0.35802836
0.51189815 0.76924846 0.25964653 0.57138315 0.18481422 0.75588594  0.30724527 0.46688397 0.50830982 0.44705981 0.46241324 0.46653794  0.67840492 0.34239156 0.31080612 0.27057104
0.50906895 0.78777696 0.17994002 0.50793015 0.23233004 0.76837122  0.34030862 0.46649019 0.47455342 0.46029106 0.40081428 0.44732604  0.47818362 0.31053428 0.22266408 0.34515165
0.52645403 0.77189979 0.1823986  0.46664062 0.22685638 0.77364678  0.35183864 0.53260641 0.47744758 0.43796567 0.40839507 0.43458314  0.54489462 0.32626336 0.23137262 0.36314281
0.54429344 0.76059061 0.18120761 0.42309789 0.22479735 0.78215615  0.38561738 0.57718764 0.47631058 0.4085901  0.43674845 0.41698499  0.62497076 0.35664509 0.24123413 0.37522093
0.54429344 0.76059061 0.18120761 0.42309789 0.22479735 0.78215615  0.38561738 0.57718764 0.47631058 0.4085901  0.43674845 0.41698499  0.62497076 0.35664509 0.24123413 0.37522093
0.62904831 0.692664   0.15022193 0.25207601 0.26587745 0.68134806  0.59337294 0.63627992 0.34688242 0.43780951 0.37201738 0.45874611  0.63509784 0.3932781  0.43381524 0.44956188
0.67523534 0.61290278 0.17051998 0.19586766 0.24051593 0.63049618  0.51527021 0.79503703 0.34025396 0.45028408 0.34020075 0.47526855  0.40655964 0.24543123 0.58471424 0.44300899
0.67523534 0.61290278 0.17051998 0.19586766 0.24051593 0.63049618  0.51527021 0.79503703 0.34025396 0.45028408 0.34020075 0.47526855  0.40655964 0.24543123 0.58471424 0.44300899
0.68994667 0.58072322 0.16560517 0.17381581 0.25057608 0.59779731  0.49463272 0.7785231  0.38683971 0.42637382 0.34527173 0.48015602  0.40638123 0.2950421  0.56513268 0.44181067
0.75547176 0.4933445  0.24769813 0.2136051  0.18289107 0.51668513  0.46411185 0.63811685 0.32342338 0.50554302 0.34357386 0.61234875  0.53687503 0.56408776 0.64851049 0.3077863 
0.819042   0.38902298 0.34256203 0.3233333  0.1430209  0.38625941  0.44490146 0.54118559 0.35782892 0.52828564 0.59263116 0.65013588  0.62707324 0.50387034 0.51656526 0.26160313
0.86576548 0.34198456 0.45749271 0.40907919 0.18231339 0.29587983  0.54452031 0.43913331 0.56181173 0.58387942 0.54308657 0.50690104  0.60897508 0.37340817 0.46442895 0.46551089
0.89101776 0.34922273 0.55877067 0.45974987 0.22092497 0.30364318  0.55208001 0.39555962 0.54230038 0.49021901 0.51740069 0.38275096  0.55479216 0.40472796 0.49112301 0.59998531
0.89819761 0.34829051 0.59166093 0.47358993 0.28453129 0.29118413  0.61293637 0.41714692 0.65181909 0.61550444 0.49920704 0.34491719  0.62005206 0.37477784 0.40477358 0.61116255
0.89819761 0.34829051 0.59166093 0.47358993 0.28453129 0.29118413  0.61293637 0.41714692 0.65181909 0.61550444 0.49920704 0.34491719  0.62005206 0.37477784 0.40477358 0.61116255
0.90532935 0.36911568 0.64163657 0.45539619 0.34113278 0.28241681  0.6320768  0.41909043 0.70198387 0.65604086 0.44532814 0.25860066  0.61369923 0.37672191 0.38797107 0.57347778
0.90307815 0.36097133 0.62398219 0.4702622  0.30154648 0.28456086  0.6254306  0.41369643 0.67978596 0.60501901 0.4632518  0.29628023  0.58682862 0.36062321 0.41551268 0.60687475
0.90307815 0.36097133 0.62398219 0.4702622  0.30154648 0.28456086  0.6254306  0.41369643 0.67978596 0.60501901 0.4632518  0.29628023  0.58682862 0.36062321 0.41551268 0.60687475
0.8888051  0.33624345 0.54181005 0.47250525 0.25461839 0.30440121  0.59994673 0.4414678  0.64096977 0.64964096 0.50903247 0.3719828  0.59190561 0.39188684 0.36968013 0.60148074
0.8624042  0.34881409 0.47152075 0.45578206 0.2343152  0.34477164  0.62659376 0.49975762 0.59322689 0.76761786 0.46379302 0.42707946  0.62161055 0.47021392 0.44624611 0.55452738
0.79957403 0.40173851 0.31625515 0.39019949 0.17181324 0.49770151  0.49054798 0.61431025 0.21080936 0.61652207 0.54779887 0.57841941  0.59533276 0.68617869 0.61294398 0.48886666
0.7470291  0.4486629  0.17648078 0.250281   0.28057819 0.57791983  0.47010612 0.66346653 0.33527182 0.51151005 0.32917168 0.46038203  0.41652022 0.5400536  0.64318133 0.57172828
0.73920282 0.47818473 0.1780791  0.20397181 0.26028764 0.56237091  0.47272127 0.66967111 0.37476495 0.49565674 0.2923578  0.50929305  0.42149438 0.51496515 0.66603814 0.48966237
0.60817361 0.67099029 0.09282601 0.26554046 0.34145573 0.58203231  0.63670887 0.35293812 0.5129434  0.4027658  0.38449304 0.49782259  0.62900899 0.61120622 0.52317494 0.50736424
0.47157748 0.77206873 0.08826509 0.48406337 0.39427553 0.46334612  0.62397197 0.302594   0.42444762 0.44245107 0.51325387 0.47232739  0.30920301 0.42976728 0.49371215 0.38088269
0.32647795 0.74943536 0.13031504 0.63148933 0.45003531 0.24149506  0.45971036 0.48231435 0.35561551 0.41665432 0.37573165 0.47487558  0.31820627 0.39599982 0.54386751 0.36749987
0.15989052 0.55390819 0.22993903 0.53724759 0.4338049  0.23626297  0.49331404 0.50165737 0.24528749 0.40074845 0.15624821 0.49969213  0.61780546 0.32247596 0.3025407  0.56250704
0.12440017 0.54590072 0.25553648 0.56951008 0.41500592 0.27984344  0.36660049 0.573536   0.4031488  0.35895289 0.25716352 0.46023151  0.74080632 0.38769006 0.32975746 0.53921284
0.07070987 0.46691784 0.29699855 0.49757579 0.38589171 0.37018237  0.4152594  0.52794891 0.43033005 0.3736038  0.32872431 0.45483489  0.64350424 0.40422686 0.3972127  0.49707167
0.01779563 0.38669558 0.33863985 0.42004769 0.35385851 0.46460162  0.48109267 0.47190843 0.43452283 0.38595027 0.3992976  0.44733029  0.52908455 0.38078184 0.39373238 0.44873962
0.00039479 0.36283831 0.35232302 0.39930133 0.34523319 0.50234819  0.48417291 0.45702496 0.47508945 0.39693445 0.45000532 0.44589633  0.47476172 0.42761975 0.50206904 0.41641874
0.03525649 0.41685964 0.32437467 0.45347996 0.36854765 0.43569141  0.43485985 0.4975719  0.47652552 0.39120509 0.39620065 0.45304628  0.55757342 0.45566594 0.52722734 0.46096477
0.05265734 0.44071691 0.3106915  0.47422633 0.37717297 0.39794484  0.43177961 0.51245536 0.4359589  0.38022092 0.34549293 0.45448025  0.61189625 0.40882803 0.41889068 0.49328565
0.07056619 0.46658785 0.29686513 0.497641   0.38628993 0.36623544  0.4176726  0.52862213 0.42125609 0.37222723 0.31790385 0.45546932  0.6533114  0.39647978 0.37779503 0.50586743
0.12465262 0.54626153 0.25608617 0.56860248 0.41376876 0.29294757  0.35948081 0.56931313 0.43639442 0.36491771 0.29486426 0.4576446  0.69645401 0.42835546 0.42128832 0.51061636
0.16100187 0.58251987 0.23077974 0.5810519  0.42721608 0.24962698  0.40570021 0.54875328 0.33836346 0.36728664 0.23804845 0.4669128  0.6374066  0.35725297 0.3162602  0.50688468
0.32828533 0.76763445 0.13787814 0.64709288 0.42596792 0.31026171  0.39711911 0.50811761 0.46795564 0.37949602 0.51765635 0.42820043  0.32184623 0.41251202 0.50381303 0.29975061
0.40121099 0.79745788 0.12083472 0.60092838 0.38251406 0.46652327  0.44565239 0.38369424 0.46725438 0.49517404 0.43011938 0.49613368  0.2648666  0.36469756 0.54604853 0.44446008
0.51146511 0.79993663 0.10042651 0.43160372 0.33703057 0.62117098  0.64169506 0.38324518 0.42832268 0.44930576 0.54564566 0.45127321  0.43645501 0.36708524 0.42951453 0.47368495
0.62861766 0.67587943 0.11442918 0.21881239 0.30420496 0.6423925  0.63916007 0.54024736 0.45384503 0.39392452 0.36714503 0.47540502  0.69518946 0.4745733  0.59072993 0.52500743
0.67480498 0.59292582 0.12254547 0.14779396 0.29715051 0.58787299  0.57716046 0.62663905 0.48663181 0.41295381 0.29182897 0.51471122  0.56774352 0.46969747 0.70233725 0.54865251
0.70421901 0.53436003 0.13006812 0.12293986 0.29055871 0.54058988  0.52102226 0.65158865 0.50641804 0.41228063 0.27540387 0.52666723  0.44936597 0.45614944 0.71985051 0.52659316
0.72970088 0.4636451  0.11627945 0.12470456 0.32508431 0.4915296  0.4483988  0.59040731 0.56966046 0.36319023 0.36082707 0.48825398  0.42393283 0.35711597 0.55171186 0.46426587
0.77045293 0.38261378 0.11810865 0.13503757 0.33883886 0.48945744  0.34555663 0.43957064 0.56631317 0.37898498 0.25354133 0.50240491  0.4553934  0.28566417 0.47715708 0.3362237 
0.77045293 0.38261378 0.11810865 0.13503757 0.33883886 0.48945744  0.34555663 0.43957064 0.56631317 0.37898498 0.25354133 0.50240491  0.4553934  0.28566417 0.47715708 0.3362237 
0.77045293 0.38261378 0.11810865 0.13503757 0.33883886 0.48945744  0.34555663 0.43957064 0.56631317 0.37898498 0.25354133 0.50240491  0.4553934  0.28566417 0.47715708 0.3362237 
0.77045293 0.38261378 0.11810865 0.13503757 0.33883886 0.48945744  0.34555663 0.43957064 0.56631317 0.37898498 0.25354133 0.50240491  0.4553934  0.28566417 0.47715708 0.3362237 
0.81764015 0.34706029 0.25312767 0.24630441 0.25606862 0.40921278  0.35534759 0.40222708 0.47266117 0.44038592 0.45120494 0.59817031  0.47709561 0.41049078 0.46888252 0.38833274
0.86032635 0.32416422 0.3823524  0.35926663 0.23467843 0.3971723  0.3521794  0.33044846 0.34974633 0.36721454 0.53633355 0.58664046  0.56076819 0.46211358 0.49437564 0.39202704
0.88436375 0.30004085 0.44550129 0.44270835 0.23309328 0.39578693  0.37774663 0.28978695 0.2980317  0.26900225 0.57323291 0.57005647  0.61468217 0.36273112 0.65301784 0.46864771
0.89138226 0.30504872 0.48109762 0.44854373 0.24947025 0.37064489  0.41377745 0.29532157 0.3592231  0.29537579 0.56478849 0.57582573  0.59450779 0.28650106 0.68884473 0.5206968 
0.89544029 0.3162913  0.5081763  0.44907065 0.25021159 0.36277288  0.4301994  0.28907237 0.3873459  0.28674534 0.51409125 0.49867969  0.57153626 0.29228755 0.69484707 0.48257831
0.90257596 0.28706891 0.50470015 0.49776922 0.26804822 0.38545803  0.4363468  0.28851262 0.35748003 0.30244719 0.51936366 0.42725898  0.57349508 0.32828192 0.68615122 0.52545763
0.89778063 0.2742586  0.47270359 0.50161363 0.25166284 0.39171664  0.42535847 0.29302103 0.33301499 0.31375477 0.55477318 0.4758659  0.6045192  0.34210368 0.6716432  0.53307789
0.88429227 0.29898285 0.44480781 0.44430028 0.22729106 0.3928207  0.38160688 0.28722179 0.30193815 0.26973283 0.56445034 0.5500969  0.62238732 0.37189853 0.64773651 0.44381872
0.88429227 0.29898285 0.44480781 0.44430028 0.22729106 0.3928207  0.38160688 0.28722179 0.30193815 0.26973283 0.56445034 0.5500969  0.62238732 0.37189853 0.64773651 0.44381872
0.8875143  0.25873028 0.41447995 0.49604005 0.23072903 0.41395473  0.39166388 0.29891096 0.27698327 0.33988563 0.58825608 0.50574692  0.65309531 0.41501452 0.61699801 0.49501652
0.8952755  0.22862587 0.40715312 0.5394851  0.25748755 0.44800061  0.38475048 0.29316435 0.23340218 0.33404113 0.5882631  0.44986617  0.67006144 0.3926502  0.67292988 0.51505602
0.88948186 0.2156137  0.37272568 0.53750107 0.25541414 0.44726487  0.39590494 0.3166891  0.24038352 0.40245913 0.5891575  0.44958044  0.70133568 0.37774916 0.6775348  0.45789329
0.88208315 0.20807149 0.33628419 0.52295484 0.26353803 0.45933723  0.38236586 0.34303052 0.22987387 0.46115986 0.59636307 0.45668266  0.68586894 0.41087536 0.63556667 0.43860765
0.84520076 0.20289434 0.19595182 0.43797801 0.34981088 0.51952401  0.34587972 0.4284134  0.27360697 0.5606673  0.52475873 0.39062122  0.55434842 0.37947664 0.57660305 0.4316257 
0.81295486 0.25695258 0.13263454 0.34646095 0.41130095 0.58978046  0.32497967 0.41445716 0.35061407 0.40297441 0.34275252 0.30948945  0.53782122 0.31420745 0.54978721 0.45424897
0.80085895 0.26496556 0.10028839 0.31649515 0.4347067  0.59436451  0.33146015 0.42957517 0.40053535 0.39848443 0.31854969 0.29215966  0.47450926 0.29298489 0.54574744 0.53316816
0.80085895 0.26496556 0.10028839 0.31649515 0.4347067  0.59436451  0.33146015 0.42957517 0.40053535 0.39848443 0.31854969 0.29215966  0.47450926 0.29298489 0.54574744 0.53316816
0.7556709  0.36240303 0.06909185 0.2180605  0.43150275 0.55082233  0.41205829 0.38202238 0.55115898 0.32568243 0.33147983 0.38041317  0.60935239 0.3119897  0.59094733 0.47253424
0.66210193 0.53009608 0.04737255 0.20582606 0.43113082 0.46012609  0.58588894 0.21335801 0.66576282 0.3314285  0.4455944  0.48120594  0.65883775 0.53185857 0.61481044 0.43323704
0.36994851 0.62435776 0.10789785 0.48273347 0.50046054 0.18242552  0.6382117  0.31462083 0.25446339 0.4139446  0.22345398 0.5131399  0.46621852 0.45288583 0.61282681 0.39727373
0.25193978 0.63671084 0.17581272 0.5476102  0.44632483 0.25501713  0.52957328 0.45127221 0.30372939 0.45491967 0.27351987 0.51477521  0.38627018 0.40096038 0.59040543 0.48062777
0.07086404 0.46647655 0.29716428 0.4953128  0.38550056 0.37185147  0.422354   0.52287659 0.42016792 0.37456664 0.32661574 0.45523858  0.63349788 0.38746679 0.3718939  0.50025881
0.00039479 0.36283831 0.35232302 0.39930133 0.34523319 0.50234819  0.48417291 0.45702496 0.47508945 0.39693445 0.45000532 0.44589633  0.47476172 0.42761975 0.50206904 0.41641874
0.00039479 0.36283831 0.35232302 0.39930133 0.34523319 0.50234819  0.48417291 0.45702496 0.47508945 0.39693445 0.45000532 0.44589633  0.47476172 0.42761975 0.50206904 0.41641874
0.00039479 0.36283831 0.35232302 0.39930133 0.34523319 0.50234819  0.48417291 0.45702496 0.47508945 0.39693445 0.45000532 0.44589633  0.47476172 0.42761975 0.50206904 0.41641874
0.00039479 0.36283831 0.35232302 0.39930133 0.34523319 0.50234819  0.48417291 0.45702496 0.47508945 0.39693445 0.45000532 0.44589633  0.47476172 0.42761975 0.50206904 0.41641874
0.00039479 0.36283831 0.35232302 0.39930133 0.34523319 0.50234819  0.48417291 0.45702496 0.47508945 0.39693445 0.45000532 0.44589633  0.47476172 0.42761975 0.50206904 0.41641874
0.00039479 0.36283831 0.35232302 0.39930133 0.34523319 0.50234819  0.48417291 0.45702496 0.47508945 0.39693445 0.45000532 0.44589633  0.47476172 0.42761975 0.50206904 0.41641874
0.00039479 0.36283831 0.35232302 0.39930133 0.34523319 0.50234819  0.48417291 0.45702496 0.47508945 0.39693445 0.45000532 0.44589633  0.47476172 0.42761975 0.50206904 0.41641874
0.00039479 0.36283831 0.35232302 0.39930133 0.34523319 0.50234819  0.48417291 0.45702496 0.47508945 0.39693445 0.45000532 0.44589633  0.47476172 0.42761975 0.50206904 0.41641874
0.0177474  0.38984345 0.33852207 0.42635267 0.35697043 0.47086435  0.45750391 0.47765391 0.48169648 0.39463854 0.42895995 0.44917931  0.51265071 0.44991576 0.53083289 0.43501917
0.03540017 0.41718963 0.32450808 0.45341476 0.36814944 0.43963834  0.43244666 0.49689867 0.48559948 0.39258167 0.40702111 0.45241186  0.54776626 0.46341302 0.546645   0.45216901
0.14454683 0.56112707 0.2564151  0.56204361 0.38707337 0.41126628  0.32295849 0.51120472 0.57946223 0.4356897  0.40164836 0.47685752  0.50622988 0.53716425 0.75322137 0.47031324
0.30988981 0.76008879 0.15720027 0.67059037 0.40111957 0.38054304  0.28060059 0.51601597 0.60189694 0.41994186 0.4758955  0.45772895  0.4635201  0.46866476 0.62173254 0.40769659
0.38500068 0.80008635 0.1500423  0.61767303 0.33122515 0.60162614  0.29400884 0.44804128 0.70074437 0.44820811 0.57761426 0.44710914  0.49223646 0.42720784 0.52387333 0.45930185
0.40343091 0.8007634  0.15511196 0.5957954  0.3058326  0.66343265  0.28722977 0.45309638 0.70901758 0.45371406 0.550006   0.45055164  0.55642592 0.41144441 0.48545025 0.49774096
0.42171714 0.81159209 0.14346617 0.58709314 0.31055413 0.65015237  0.34046159 0.42144209 0.63585157 0.46311384 0.52288784 0.4584271  0.4659697  0.36945024 0.44683659 0.47824036
0.44040188 0.82034229 0.13390782 0.56752468 0.31175412 0.65393346  0.39916614 0.40180063 0.59057552 0.45478735 0.55829857 0.44628621  0.39278733 0.34402745 0.40483746 0.43352958
0.49233594 0.80125768 0.12115584 0.49249864 0.31548464 0.63859579  0.51429236 0.36913918 0.43367603 0.50656546 0.39398183 0.49877959  0.39508199 0.319719   0.39378523 0.49219317
0.52728443 0.77918424 0.12790015 0.43219718 0.29956164 0.66532558  0.53834482 0.40286843 0.39990361 0.49705452 0.3284792  0.49952847  0.48794017 0.34235647 0.40998303 0.48683595
0.54407512 0.75797036 0.12418743 0.38925621 0.30614248 0.64884832  0.55805116 0.44384311 0.4235273  0.47529598 0.34681532 0.4949634  0.54596943 0.37343871 0.47880418 0.50087263
0.58003821 0.74265585 0.12142061 0.31413817 0.29790612 0.66995036  0.62678403 0.50877868 0.40175393 0.43148878 0.39949896 0.46164313  0.61601894 0.39284602 0.45925497 0.49368682
0.59787761 0.73134667 0.12022963 0.27059545 0.29584709 0.67845973  0.66056277 0.55335991 0.40061692 0.40211321 0.42785235 0.44404497  0.69609507 0.42322775 0.46911648 0.50576494
0.68384241 0.66511499 0.28504068 0.28634014 0.17859145 0.60141332  0.58956436 0.64634428 0.2905248  0.43722997 0.45428048 0.49843592  0.64617253 0.52899019 0.42884437 0.43100824
0.69362438 0.70233141 0.43705785 0.30876539 0.21316714 0.60292805  0.51702514 0.67318691 0.37481772 0.44378637 0.50867319 0.37469666  0.60547059 0.62602424 0.42968348 0.3441903 
0.72054215 0.78014319 0.63088058 0.2325776  0.49421653 0.6165399  0.51316196 0.64316317 0.42774818 0.46936317 0.44255842 0.25937975  0.63765224 0.60518006 0.43717351 0.24588583
0.78143424 0.73410118 0.7773043  0.25368929 0.4903125  0.53431489  0.51228979 0.73285571 0.44299901 0.58038534 0.4268402  0.28284056  0.53060604 0.40164556 0.58006489 0.17166324
0.81233155 0.73692804 0.83404057 0.24374132 0.60024427 0.49016294  0.62269792 0.68198632 0.419993   0.62089327 0.42198909 0.41340319  0.55672606 0.23135444 0.6266196  0.34949269
0.81491299 0.69855636 0.80671443 0.27890538 0.58694229 0.46474382  0.64736889 0.70944828 0.43218888 0.74372484 0.52134645 0.44450919  0.60075323 0.23307065 0.59243518 0.37459418
0.81838945 0.68577068 0.81151522 0.31623045 0.59276847 0.46416505  0.69227306 0.72047132 0.49064174 0.75879221 0.53045223 0.47945096  0.62435257 0.17596918 0.56702143 0.4250052 
0.81762466 0.68039704 0.79964649 0.32957668 0.54040721 0.45021415  0.70713394 0.71783159 0.50563758 0.74939885 0.49793366 0.43097107  0.60613534 0.19438194 0.56246543 0.41565035
0.81959523 0.67246137 0.78908146 0.3749923  0.38888353 0.41374929  0.73600881 0.68259292 0.53985279 0.6595098  0.42350689 0.32522049  0.55383285 0.23979297 0.54797674 0.45243534
0.84671244 0.60491129 0.77765845 0.35738344 0.4149468  0.35747121  0.6779169  0.65156165 0.61136366 0.60853733 0.49127511 0.30555713  0.53360736 0.22748424 0.4343706  0.42418144
0.87166815 0.52359318 0.7354704  0.34340413 0.39933528 0.2928392  0.64969301 0.56120515 0.70180791 0.59307228 0.47559427 0.32491074  0.56835294 0.26227433 0.40373825 0.42125022
0.84666055 0.46369929 0.57213438 0.38217327 0.22791811 0.29010253  0.66102605 0.61037893 0.68730773 0.68602957 0.50464853 0.37821729  0.59219855 0.28112102 0.37664512 0.38035556
0.82199791 0.46245259 0.49589978 0.40571485 0.16072125 0.32993901  0.6779515  0.63066309 0.61623847 0.67934306 0.52044323 0.53738481  0.64832107 0.28303217 0.52899892 0.44538318
0.81068379 0.39720061 0.36892952 0.39019779 0.18260048 0.355569  0.59777227 0.66443244 0.57259595 0.69173968 0.62661803 0.59942781  0.62340104 0.20495694 0.43273164 0.37117106
0.8234833  0.36407878 0.34991858 0.37861766 0.17468662 0.351483  0.57237193 0.58499097 0.56164623 0.63716091 0.57557414 0.66625401  0.6272102  0.27712053 0.52759383 0.3816949 
0.8234833  0.36407878 0.34991858 0.37861766 0.17468662 0.351483  0.57237193 0.58499097 0.56164623 0.63716091 0.57557414 0.66625401  0.6272102  0.27712053 0.52759383 0.3816949 
0.82497418 0.33436993 0.30574397 0.35101491 0.22337538 0.35322617  0.53952571 0.522668   0.62810899 0.61149438 0.51246184 0.63396488  0.5950352  0.19252477 0.5230789  0.38559153
0.79434597 0.35099552 0.20315906 0.25053055 0.26081776 0.40502786  0.43809572 0.54106097 0.55435055 0.57512559 0.48989712 0.5952173  0.4714248  0.31086359 0.4641467  0.41324203
0.79434597 0.35099552 0.20315906 0.25053055 0.26081776 0.40502786  0.43809572 0.54106097 0.55435055 0.57512559 0.48989712 0.5952173  0.4714248  0.31086359 0.4641467  0.41324203
0.80677503 0.3180297  0.19153259 0.25387112 0.28030902 0.39973675  0.41271099 0.45668967 0.57029177 0.57747894 0.44695839 0.60234248  0.4946615  0.27704186 0.47511218 0.38483107
0.81000661 0.30566378 0.19537834 0.28939803 0.284928   0.40045607  0.45250808 0.46576338 0.61861065 0.58862853 0.45877445 0.63677257  0.52062861 0.22546175 0.45719478 0.42971093
0.81000661 0.30566378 0.19537834 0.28939803 0.284928   0.40045607  0.45250808 0.46576338 0.61861065 0.58862853 0.45877445 0.63677257  0.52062861 0.22546175 0.45719478 0.42971093
0.81000661 0.30566378 0.19537834 0.28939803 0.284928   0.40045607  0.45250808 0.46576338 0.61861065 0.58862853 0.45877445 0.63677257  0.52062861 0.22546175 0.45719478 0.42971093
0.81000661 0.30566378 0.19537834 0.28939803 0.284928   0.40045607  0.45250808 0.46576338 0.61861065 0.58862853 0.45877445 0.63677257  0.52062861 0.22546175 0.45719478 0.42971093
0.81000661 0.30566378 0.19537834 0.28939803 0.284928   0.40045607  0.45250808 0.46576338 0.61861065 0.58862853 0.45877445 0.63677257  0.52062861 0.22546175 0.45719478 0.42971093
0.81000661 0.30566378 0.19537834 0.28939803 0.284928   0.40045607  0.45250808 0.46576338 0.61861065 0.58862853 0.45877445 0.63677257  0.52062861 0.22546175 0.45719478 0.42971093
0.81000661 0.30566378 0.19537834 0.28939803 0.284928   0.40045607  0.45250808 0.46576338 0.61861065 0.58862853 0.45877445 0.63677257  0.52062861 0.22546175 0.45719478 0.42971093
0.81000661 0.30566378 0.19537834 0.28939803 0.284928   0.40045607  0.45250808 0.46576338 0.61861065 0.58862853 0.45877445 0.63677257  0.52062861 0.22546175 0.45719478 0.42971093
0.81000661 0.30566378 0.19537834 0.28939803 0.284928   0.40045607  0.45250808 0.46576338 0.61861065 0.58862853 0.45877445 0.63677257  0.52062861 0.22546175 0.45719478 0.42971093
0.81000661 0.30566378 0.19537834 0.28939803 0.284928   0.40045607  0.45250808 0.46576338 0.61861065 0.58862853 0.45877445 0.63677257  0.52062861 0.22546175 0.45719478 0.42971093
0.81046003 0.29845113 0.1740991  0.26999967 0.30410731 0.45324687  0.35954329 0.44778027 0.44572498 0.53083336 0.43555457 0.52765593  0.48888673 0.32856904 0.55990478 0.33363994
0.7981353  0.31309703 0.14644553 0.24389543 0.33394372 0.47404335  0.365362   0.44199166 0.49304709 0.48116888 0.3903527  0.49861908  0.5050885  0.28881897 0.55427924 0.36999977
0.80574669 0.28323944 0.14033309 0.28849212 0.35912365 0.50370423  0.35850691 0.44194198 0.44411582 0.47568824 0.40448517 0.44462675  0.51795872 0.2665886  0.59320907 0.39713051
0.78582552 0.32265179 0.10466938 0.22307931 0.39077731 0.5531642  0.33178815 0.43377435 0.47380082 0.36765984 0.26768082 0.39253183  0.48522975 0.24106947 0.57201878 0.38339394
0.76276221 0.36587439 0.08764175 0.17066156 0.38967088 0.50657719  0.38341267 0.42353559 0.57329073 0.35440014 0.29585128 0.44147405  0.47828302 0.27106117 0.58911234 0.42454246
0.76276221 0.36587439 0.08764175 0.17066156 0.38967088 0.50657719  0.38341267 0.42353559 0.57329073 0.35440014 0.29585128 0.44147405  0.47828302 0.27106117 0.58911234 0.42454246
0.73077127 0.40168609 0.06089133 0.18994012 0.43269049 0.4794008  0.4553345  0.35277747 0.62054144 0.32476073 0.39555495 0.42507466  0.55444054 0.34752634 0.60614304 0.43999412
0.65619953 0.48559767 0.03954562 0.21600797 0.46894551 0.36591615  0.56540818 0.23746732 0.66393688 0.263628   0.5441668  0.43423447  0.63855299 0.47296194 0.49614278 0.35693405
0.62908232 0.55314775 0.05096863 0.23361683 0.44288224 0.42219423  0.62350009 0.26849859 0.59242602 0.31460047 0.47639858 0.45389784  0.65877848 0.48527066 0.60974892 0.38518795
0.53126787 0.6714526  0.05618124 0.40044367 0.44898163 0.41467586  0.64452785 0.18988564 0.48185497 0.40639315 0.48318118 0.47037577  0.45153485 0.43590032 0.60396642 0.33013032
0.26970184 0.65284095 0.15834769 0.54751073 0.47048107 0.1738879  0.59303276 0.47230327 0.18105801 0.40155921 0.23582404 0.49211276  0.4649824  0.33793013 0.36790557 0.46027757
0.25143921 0.62762356 0.17041492 0.52837224 0.46628805 0.17872674  0.61515408 0.46531515 0.15017361 0.39472397 0.21631974 0.49018249  0.49005024 0.31048957 0.29439646 0.46813878
0.17793808 0.54322181 0.21881164 0.48881934 0.44375595 0.23059623  0.59610085 0.45817604 0.18253972 0.41557268 0.17073303 0.50771148  0.55679219 0.31027721 0.3067588  0.55057958
0.1234861  0.51654246 0.25523885 0.52229453 0.42027218 0.27466894  0.45908465 0.51873701 0.31559885 0.39553528 0.19247021 0.49167978  0.6872911  0.3576488  0.3385896  0.581581  
0.05351142 0.43947142 0.31096524 0.46826146 0.37376331 0.40333531  0.449023   0.50224764 0.41356088 0.37686256 0.34766111 0.45195559  0.59560889 0.36517078 0.34313004 0.48165838
0.01779563 0.38669558 0.33863985 0.42004769 0.35385851 0.46460162  0.48109267 0.47190843 0.43452283 0.38595027 0.3992976  0.44733029  0.52908455 0.38078184 0.39373238 0.44873962
0.01779563 0.38669558 0.33863985 0.42004769 0.35385851 0.46460162  0.48109267 0.47190843 0.43452283 0.38595027 0.3992976  0.44733029  0.52908455 0.38078184 0.39373238 0.44873962
0.01779563 0.38669558 0.33863985 0.42004769 0.35385851 0.46460162  0.48109267 0.47190843 0.43452283 0.38595027 0.3992976  0.44733029  0.52908455 0.38078184 0.39373238 0.44873962
0.00039479 0.36283831 0.35232302 0.39930133 0.34523319 0.50234819  0.48417291 0.45702496 0.47508945 0.39693445 0.45000532 0.44589633  0.47476172 0.42761975 0.50206904 0.41641874
0.00039479 0.36283831 0.35232302 0.39930133 0.34523319 0.50234819  0.48417291 0.45702496 0.47508945 0.39693445 0.45000532 0.44589633  0.47476172 0.42761975 0.50206904 0.41641874
0.00039479 0.36283831 0.35232302 0.39930133 0.34523319 0.50234819  0.48417291 0.45702496 0.47508945 0.39693445 0.45000532 0.44589633  0.47476172 0.42761975 0.50206904 0.41641874
0.00039479 0.36283831 0.35232302 0.39930133 0.34523319 0.50234819  0.48417291 0.45702496 0.47508945 0.39693445 0.45000532 0.44589633  0.47476172 0.42761975 0.50206904 0.41641874
0.00039479 0.36283831 0.35232302 0.39930133 0.34523319 0.50234819  0.48417291 0.45702496 0.47508945 0.39693445 0.45000532 0.44589633  0.47476172 0.42761975 0.50206904 0.41641874
0.00039479 0.36283831 0.35232302 0.39930133 0.34523319 0.50234819  0.48417291 0.45702496 0.47508945 0.39693445 0.45000532 0.44589633  0.47476172 0.42761975 0.50206904 0.41641874
0.00039479 0.36283831 0.35232302 0.39930133 0.34523319 0.50234819  0.48417291 0.45702496 0.47508945 0.39693445 0.45000532 0.44589633  0.47476172 0.42761975 0.50206904 0.41641874
0.00039479 0.36283831 0.35232302 0.39930133 0.34523319 0.50234819  0.48417291 0.45702496 0.47508945 0.39693445 0.45000532 0.44589633  0.47476172 0.42761975 0.50206904 0.41641874
0.00039479 0.36283831 0.35232302 0.39930133 0.34523319 0.50234819  0.48417291 0.45702496 0.47508945 0.39693445 0.45000532 0.44589633  0.47476172 0.42761975 0.50206904 0.41641874
0.00039479 0.36283831 0.35232302 0.39930133 0.34523319 0.50234819  0.48417291 0.45702496 0.47508945 0.39693445 0.45000532 0.44589633  0.47476172 0.42761975 0.50206904 0.41641874
0.00039479 0.36283831 0.35232302 0.39930133 0.34523319 0.50234819  0.48417291 0.45702496 0.47508945 0.39693445 0.45000532 0.44589633  0.47476172 0.42761975 0.50206904 0.41641874
0.00039479 0.36283831 0.35232302 0.39930133 0.34523319 0.50234819  0.48417291 0.45702496 0.47508945 0.39693445 0.45000532 0.44589633  0.47476172 0.42761975 0.50206904 0.41641874
0.00039479 0.36283831 0.35232302 0.39930133 0.34523319 0.50234819  0.48417291 0.45702496 0.47508945 0.39693445 0.45000532 0.44589633  0.47476172 0.42761975 0.50206904 0.41641874
0.00039479 0.36283831 0.35232302 0.39930133 0.34523319 0.50234819  0.48417291 0.45702496 0.47508945 0.39693445 0.45000532 0.44589633  0.47476172 0.42761975 0.50206904 0.41641874
0.00039479 0.36283831 0.35232302 0.39930133 0.34523319 0.50234819  0.48417291 0.45702496 0.47508945 0.39693445 0.45000532 0.44589633  0.47476172 0.42761975 0.50206904 0.41641874
0.00039479 0.36283831 0.35232302 0.39930133 0.34523319 0.50234819  0.48417291 0.45702496 0.47508945 0.39693445 0.45000532 0.44589633  0.47476172 0.42761975 0.50206904 0.41641874
