0.00039479 0.36283831 0.35232302 0.39930133 0.34523319 0.50234819  0.48417291 0.45702496 0.47508945 0.39693445 0.45000532 0.44589633  0.47476172 0.42761975 0.50206904 0.41641874
0.00039479 0.36283831 0.35232302 0.39930133 0.34523319 0.50234819  0.48417291 0.45702496 0.47508945 0.39693445 0.45000532 0.44589633  0.47476172 0.42761975 0.50206904 0.41641874
0.00039479 0.36283831 0.35232302 0.39930133 0.34523319 0.50234819  0.48417291 0.45702496 0.47508945 0.39693445 0.45000532 0.44589633  0.47476172 0.42761975 0.50206904 0.41641874
0.00039479 0.36283831 0.35232302 0.39930133 0.34523319 0.50234819  0.48417291 0.45702496 0.47508945 0.39693445 0.45000532 0.44589633  0.47476172 0.42761975 0.50206904 0.41641874
0.00039479 0.36283831 0.35232302 0.39930133 0.34523319 0.50234819  0.48417291 0.45702496 0.47508945 0.39693445 0.45000532 0.44589633  0.47476172 0.42761975 0.50206904 0.41641874
0.00039479 0.36283831 0.35232302 0.39930133 0.34523319 0.50234819  0.48417291 0.45702496 0.47508945 0.39693445 0.45000532 0.44589633  0.47476172 0.42761975 0.50206904 0.41641874
0.00039479 0.36283831 0.35232302 0.39930133 0.34523319 0.50234819  0.48417291 0.45702496 0.47508945 0.39693445 0.45000532 0.44589633  0.47476172 0.42761975 0.50206904 0.41641874
0.00039479 0.36283831 0.35232302 0.39930133 0.34523319 0.50234819  0.48417291 0.45702496 0.47508945 0.39693445 0.45000532 0.44589633  0.47476172 0.42761975 0.50206904 0.41641874
0.00039479 0.36283831 0.35232302 0.39930133 0.34523319 0.50234819  0.48417291 0.45702496 0.47508945 0.39693445 0.45000532 0.44589633  0.47476172 0.42761975 0.50206904 0.41641874
0.00039479 0.36283831 0.35232302 0.39930133 0.34523319 0.50234819  0.48417291 0.45702496 0.47508945 0.39693445 0.45000532 0.44589633  0.47476172 0.42761975 0.50206904 0.41641874
0.00039479 0.36283831 0.35232302 0.39930133 0.34523319 0.50234819  0.48417291 0.45702496 0.47508945 0.39693445 0.45000532 0.44589633  0.47476172 0.42761975 0.50206904 0.41641874
0.00039479 0.36283831 0.35232302 0.39930133 0.34523319 0.50234819  0.48417291 0.45702496 0.47508945 0.39693445 0.45000532 0.44589633  0.47476172 0.42761975 0.50206904 0.41641874
0.00039479 0.36283831 0.35232302 0.39930133 0.34523319 0.50234819  0.48417291 0.45702496 0.47508945 0.39693445 0.45000532 0.44589633  0.47476172 0.42761975 0.50206904 0.41641874
0.00039479 0.36283831 0.35232302 0.39930133 0.34523319 0.50234819  0.48417291 0.45702496 0.47508945 0.39693445 0.45000532 0.44589633  0.47476172 0.42761975 0.50206904 0.41641874
0.00039479 0.36283831 0.35232302 0.39930133 0.34523319 0.50234819  0.48417291 0.45702496 0.47508945 0.39693445 0.45000532 0.44589633  0.47476172 0.42761975 0.50206904 0.41641874
0.00039479 0.36283831 0.35232302 0.39930133 0.34523319 0.50234819  0.48417291 0.45702496 0.47508945 0.39693445 0.45000532 0.44589633  0.47476172 0.42761975 0.50206904 0.41641874
0.00039479 0.36283831 0.35232302 0.39930133 0.34523319 0.50234819  0.48417291 0.45702496 0.47508945 0.39693445 0.45000532 0.44589633  0.47476172 0.42761975 0.50206904 0.41641874
0.00039479 0.36283831 0.35232302 0.39930133 0.34523319 0.50234819  0.48417291 0.45702496 0.47508945 0.39693445 0.45000532 0.44589633  0.47476172 0.42761975 0.50206904 0.41641874
0.00039479 0.36283831 0.35232302 0.39930133 0.34523319 0.50234819  0.48417291 0.45702496 0.47508945 0.39693445 0.45000532 0.44589633  0.47476172 0.42761975 0.50206904 0.41641874
0.00039479 0.36283831 0.35232302 0.39930133 0.34523319 0.50234819  0.48417291 0.45702496 0.47508945 0.39693445 0.45000532 0.44589633  0.47476172 0.42761975 0.50206904 0.41641874
0.00039479 0.36283831 0.35232302 0.39930133 0.34523319 0.50234819  0.48417291 0.45702496 0.47508945 0.39693445 0.45000532 0.44589633  0.47476172 0.42761975 0.50206904 0.41641874
0.00039479 0.36283831 0.35232302 0.39930133 0.34523319 0.50234819  0.48417291 0.45702496 0.47508945 0.39693445 0.45000532 0.44589633  0.47476172 0.42761975 0.50206904 0.41641874
0.00039479 0.36283831 0.35232302 0.39930133 0.34523319 0.50234819  0.48417291 0.45702496 0.47508945 0.39693445 0.45000532 0.44589633  0.47476172 0.42761975 0.50206904 0.41641874
0.00039479 0.36283831 0.35232302 0.39930133 0.34523319 0.50234819  0.48417291 0.45702496 0.47508945 0.39693445 0.45000532 0.44589633  0.47476172 0.42761975 0.50206904 0.41641874
0.00039479 0.36283831 0.35232302 0.39930133 0.34523319 0.50234819  0.48417291 0.45702496 0.47508945 0.39693445 0.45000532 0.44589633  0.47476172 0.42761975 0.50206904 0.41641874
0.00039479 0.36283831 0.35232302 0.39930133 0.34523319 0.50234819  0.48417291 0.45702496 0.47508945 0.39693445 0.45000532 0.44589633  0.47476172 0.42761975 0.50206904 0.41641874
0.00039479 0.36283831 0.35232302 0.39930133 0.34523319 0.50234819  0.48417291 0.45702496 0.47508945 0.39693445 0.45000532 0.44589633  0.47476172 0.42761975 0.50206904 0.41641874
0.00039479 0.36283831 0.35232302 0.39930133 0.34523319 0.50234819  0.48417291 0.45702496 0.47508945 0.39693445 0.45000532 0.44589633  0.47476172 0.42761975 0.50206904 0.41641874
0.00039479 0.36283831 0.35232302 0.39930133 0.34523319 0.50234819  0.48417291 0.45702496 0.47508945 0.39693445 0.45000532 0.44589633  0.47476172 0.42761975 0.50206904 0.41641874
0.00039479 0.36283831 0.35232302 0.39930133 0.34523319 0.50234819  0.48417291 0.45702496 0.47508945 0.39693445 0.45000532 0.44589633  0.47476172 0.42761975 0.50206904 0.41641874
0.00039479 0.36283831 0.35232302 0.39930133 0.34523319 0.50234819  0.48417291 0.45702496 0.47508945 0.39693445 0.45000532 0.44589633  0.47476172 0.42761975 0.50206904 0.41641874
0.00039479 0.36283831 0.35232302 0.39930133 0.34523319 0.50234819  0.48417291 0.45702496 0.47508945 0.39693445 0.45000532 0.44589633  0.47476172 0.42761975 0.50206904 0.41641874
0.00039479 0.36283831 0.35232302 0.39930133 0.34523319 0.50234819  0.48417291 0.45702496 0.47508945 0.39693445 0.45000532 0.44589633  0.47476172 0.42761975 0.50206904 0.41641874
0.00039479 0.36283831 0.35232302 0.39930133 0.34523319 0.50234819  0.48417291 0.45702496 0.47508945 0.39693445 0.45000532 0.44589633  0.47476172 0.42761975 0.50206904 0.41641874
0.00039479 0.36283831 0.35232302 0.39930133 0.34523319 0.50234819  0.48417291 0.45702496 0.47508945 0.39693445 0.45000532 0.44589633  0.47476172 0.42761975 0.50206904 0.41641874
0.00039479 0.36283831 0.35232302 0.39930133 0.34523319 0.50234819  0.48417291 0.45702496 0.47508945 0.39693445 0.45000532 0.44589633  0.47476172 0.42761975 0.50206904 0.41641874
0.00039479 0.36283831 0.35232302 0.39930133 0.34523319 0.50234819  0.48417291 0.45702496 0.47508945 0.39693445 0.45000532 0.44589633  0.47476172 0.42761975 0.50206904 0.41641874
0.00039479 0.36283831 0.35232302 0.39930133 0.34523319 0.50234819  0.48417291 0.45702496 0.47508945 0.39693445 0.45000532 0.44589633  0.47476172 0.42761975 0.50206904 0.41641874
0.00039479 0.36283831 0.35232302 0.39930133 0.34523319 0.50234819  0.48417291 0.45702496 0.47508945 0.39693445 0.45000532 0.44589633  0.47476172 0.42761975 0.50206904 0.41641874
0.00039479 0.36283831 0.35232302 0.39930133 0.34523319 0.50234819  0.48417291 0.45702496 0.47508945 0.39693445 0.45000532 0.44589633  0.47476172 0.42761975 0.50206904 0.41641874
0.00039479 0.36283831 0.35232302 0.39930133 0.34523319 0.50234819  0.48417291 0.45702496 0.47508945 0.39693445 0.45000532 0.44589633  0.47476172 0.42761975 0.50206904 0.41641874
0.00039479 0.36283831 0.35232302 0.39930133 0.34523319 0.50234819  0.48417291 0.45702496 0.47508945 0.39693445 0.45000532 0.44589633  0.47476172 0.42761975 0.50206904 0.41641874
0.00039479 0.36283831 0.35232302 0.39930133 0.34523319 0.50234819  0.48417291 0.45702496 0.47508945 0.39693445 0.45000532 0.44589633  0.47476172 0.42761975 0.50206904 0.41641874
0.00039479 0.36283831 0.35232302 0.39930133 0.34523319 0.50234819  0.48417291 0.45702496 0.47508945 0.39693445 0.45000532 0.44589633  0.47476172 0.42761975 0.50206904 0.41641874
0.00039479 0.36283831 0.35232302 0.39930133 0.34523319 0.50234819  0.48417291 0.45702496 0.47508945 0.39693445 0.45000532 0.44589633  0.47476172 0.42761975 0.50206904 0.41641874
0.00039479 0.36283831 0.35232302 0.39930133 0.34523319 0.50234819  0.48417291 0.45702496 0.47508945 0.39693445 0.45000532 0.44589633  0.47476172 0.42761975 0.50206904 0.41641874
0.00039479 0.36283831 0.35232302 0.39930133 0.34523319 0.50234819  0.48417291 0.45702496 0.47508945 0.39693445 0.45000532 0.44589633  0.47476172 0.42761975 0.50206904 0.41641874
0.00039479 0.36283831 0.35232302 0.39930133 0.34523319 0.50234819  0.48417291 0.45702496 0.47508945 0.39693445 0.45000532 0.44589633  0.47476172 0.42761975 0.50206904 0.41641874
0.00039479 0.36283831 0.35232302 0.39930133 0.34523319 0.50234819  0.48417291 0.45702496 0.47508945 0.39693445 0.45000532 0.44589633  0.47476172 0.42761975 0.50206904 0.41641874
0.00039479 0.36283831 0.35232302 0.39930133 0.34523319 0.50234819  0.48417291 0.45702496 0.47508945 0.39693445 0.45000532 0.44589633  0.47476172 0.42761975 0.50206904 0.41641874
0.00039479 0.36283831 0.35232302 0.39930133 0.34523319 0.50234819  0.48417291 0.45702496 0.47508945 0.39693445 0.45000532 0.44589633  0.47476172 0.42761975 0.50206904 0.41641874
0.00039479 0.36283831 0.35232302 0.39930133 0.34523319 0.50234819  0.48417291 0.45702496 0.47508945 0.39693445 0.45000532 0.44589633  0.47476172 0.42761975 0.50206904 0.41641874
0.00039479 0.36283831 0.35232302 0.39930133 0.34523319 0.50234819  0.48417291 0.45702496 0.47508945 0.39693445 0.45000532 0.44589633  0.47476172 0.42761975 0.50206904 0.41641874
0.03525649 0.41685964 0.32437467 0.45347996 0.36854765 0.43569141  0.43485985 0.4975719  0.47652552 0.39120509 0.39620065 0.45304628  0.55757342 0.45566594 0.52722734 0.46096477
0.03525649 0.41685964 0.32437467 0.45347996 0.36854765 0.43569141  0.43485985 0.4975719  0.47652552 0.39120509 0.39620065 0.45304628  0.55757342 0.45566594 0.52722734 0.46096477
0.07199408 0.46750629 0.29903328 0.49138657 0.38027929 0.41293245  0.4035884  0.51021345 0.51278795 0.38975802 0.43502408 0.44711343  0.51975164 0.49561098 0.60671087 0.42131372
0.14484431 0.56791462 0.24913571 0.56767416 0.40298636 0.36561549  0.33674389 0.54240881 0.5754503  0.3890429  0.47794074 0.44233415  0.50075956 0.55041941 0.71372203 0.39258331
0.25457407 0.69086766 0.18863954 0.62232012 0.4032131  0.35985256  0.3131799  0.57119895 0.58340853 0.35200403 0.51877342 0.41331468  0.60440983 0.47120914 0.47133201 0.40916302
0.32872762 0.77157234 0.15467178 0.65849826 0.38432666 0.43569193  0.27720796 0.51384097 0.64364067 0.4209667  0.53149912 0.44639332  0.46081215 0.45835741 0.59062133 0.41662925
0.38476636 0.80404214 0.12808002 0.61669648 0.37872055 0.46591697  0.40990156 0.44454303 0.53931046 0.41345667 0.59628828 0.4278566  0.29084421 0.37917439 0.46403317 0.33191377
0.42197165 0.81966524 0.12883817 0.58940231 0.33714667 0.59212695  0.40594522 0.39674552 0.58230231 0.4492814  0.58590683 0.4428437  0.32859787 0.35979088 0.44326054 0.39509047
0.52861038 0.7836327  0.09701582 0.39066623 0.34391315 0.60474246  0.67836863 0.41222224 0.41892616 0.44500215 0.54144705 0.4496411  0.47000839 0.39117387 0.48832608 0.47457184
0.57945679 0.73758039 0.11699002 0.30430669 0.30959032 0.64097468  0.65330585 0.55872963 0.39416211 0.43898487 0.47806081 0.45102482  0.53705242 0.386061   0.4647842  0.50413554
0.61359639 0.70602902 0.12708186 0.24425495 0.28995095 0.66442193  0.63814237 0.62599148 0.39744107 0.41906917 0.41432031 0.453696  0.64102134 0.40103942 0.48983862 0.51784114
0.67408174 0.58802617 0.11093365 0.14606481 0.31629629 0.5722528  0.58541939 0.54936046 0.5362624  0.3816034  0.31403501 0.51218567  0.65974729 0.5810645  0.63028581 0.54542615
0.70496823 0.54738125 0.14077073 0.13356318 0.28313715 0.57210026  0.51175355 0.62041356 0.48265891 0.4077839  0.25459702 0.52464881  0.56164162 0.51154702 0.6267323  0.47917493
0.73274692 0.48565061 0.14592772 0.12808264 0.28500768 0.53203495  0.44108379 0.61521308 0.49417669 0.40899279 0.2558269  0.51785492  0.43805643 0.41127425 0.58971304 0.42304218
0.7451528  0.45028008 0.13941952 0.13252562 0.30101081 0.50845573  0.40362937 0.60069575 0.51910181 0.38193057 0.31852414 0.49330409  0.41800934 0.34935464 0.49568847 0.3959866 
0.75802386 0.4155796  0.12973512 0.131697   0.3193476  0.49474856  0.37094136 0.52394194 0.55037195 0.37663162 0.29648006 0.49527973  0.4321567  0.3194859  0.4661916  0.36463466
0.75802386 0.4155796  0.12973512 0.131697   0.3193476  0.49474856  0.37094136 0.52394194 0.55037195 0.37663162 0.29648006 0.49527973  0.4321567  0.3194859  0.4661916  0.36463466
0.7451528  0.45028008 0.13941952 0.13252562 0.30101081 0.50845573  0.40362937 0.60069575 0.51910181 0.38193057 0.31852414 0.49330409  0.41800934 0.34935464 0.49568847 0.3959866 
0.73274692 0.48565061 0.14592772 0.12808264 0.28500768 0.53203495  0.44108379 0.61521308 0.49417669 0.40899279 0.2558269  0.51785492  0.43805643 0.41127425 0.58971304 0.42304218
0.67408174 0.58802617 0.11093365 0.14606481 0.31629629 0.5722528  0.58541939 0.54936046 0.5362624  0.3816034  0.31403501 0.51218567  0.65974729 0.5810645  0.63028581 0.54542615
0.67408174 0.58802617 0.11093365 0.14606481 0.31629629 0.5722528  0.58541939 0.54936046 0.5362624  0.3816034  0.31403501 0.51218567  0.65974729 0.5810645  0.63028581 0.54542615
0.61359639 0.70602902 0.12708186 0.24425495 0.28995095 0.66442193  0.63814237 0.62599148 0.39744107 0.41906917 0.41432031 0.453696  0.64102134 0.40103942 0.48983862 0.51784114
0.59787761 0.73134667 0.12022963 0.27059545 0.29584709 0.67845973  0.66056277 0.55335991 0.40061692 0.40211321 0.42785235 0.44404497  0.69609507 0.42322775 0.46911648 0.50576494
0.58108692 0.75256055 0.12394235 0.31353641 0.28926624 0.69493698  0.64085643 0.51238524 0.37699323 0.42387175 0.40951623 0.44861004  0.63806581 0.39214551 0.40029533 0.49172826
0.59653885 0.73919554 0.14708242 0.32135748 0.26519274 0.71186311  0.596087   0.52267368 0.32643458 0.44261209 0.3672133  0.45366016  0.63214232 0.38438419 0.34427195 0.423449  
0.59653885 0.73919554 0.14708242 0.32135748 0.26519274 0.71186311  0.596087   0.52267368 0.32643458 0.44261209 0.3672133  0.45366016  0.63214232 0.38438419 0.34427195 0.423449  
0.61801127 0.73004222 0.21201029 0.36522747 0.21200275 0.68034268  0.59031365 0.50068723 0.26944892 0.46440263 0.42896695 0.4970449  0.65238981 0.46879064 0.31941202 0.40465875
0.59513369 0.75112371 0.34720894 0.52041124 0.11372955 0.71682633  0.38903391 0.51560505 0.34681578 0.4307032  0.53639988 0.47196371  0.71751429 0.53651155 0.17896873 0.26546799
0.62149293 0.75039623 0.44591335 0.57544493 0.07598933 0.67160395  0.41773065 0.48016823 0.31544658 0.4075786  0.58412484 0.50271019  0.7526692  0.52895501 0.27983205 0.23894104
0.61241997 0.77134122 0.52078784 0.66330499 0.06941885 0.63006559  0.34492544 0.38278627 0.28884278 0.40609887 0.49720594 0.49087446  0.46437093 0.4074594  0.35297496 0.20005354
0.62609988 0.78232357 0.58790778 0.68805792 0.06202788 0.59123779  0.39992895 0.36023867 0.36420159 0.3764488  0.46626823 0.46100238  0.46771588 0.31771138 0.42226431 0.24089004
0.62609988 0.78232357 0.58790778 0.68805792 0.06202788 0.59123779  0.39992895 0.36023867 0.36420159 0.3764488  0.46626823 0.46100238  0.46771588 0.31771138 0.42226431 0.24089004
0.62609988 0.78232357 0.58790778 0.68805792 0.06202788 0.59123779  0.39992895 0.36023867 0.36420159 0.3764488  0.46626823 0.46100238  0.46771588 0.31771138 0.42226431 0.24089004
0.63404947 0.81075153 0.64937896 0.67115928 0.12047457 0.60072708  0.39328933 0.35241824 0.37554715 0.35321127 0.42461654 0.40142158  0.4163701  0.31105431 0.43170589 0.21047013
0.64948403 0.78347163 0.65607597 0.65083659 0.11138894 0.58364842  0.36439291 0.4131829  0.37250231 0.36065142 0.40748148 0.4088346  0.32418793 0.24929815 0.48417575 0.21249817
0.66686912 0.76759446 0.65853455 0.60954705 0.10591529 0.58892398  0.37592292 0.47929912 0.37539647 0.33832603 0.41506227 0.3960917  0.39089892 0.26502723 0.49288429 0.23048932
0.68155427 0.74066763 0.62786895 0.57905855 0.06179495 0.58168545  0.42732961 0.52719238 0.38737894 0.32088042 0.44965782 0.38946743  0.49129672 0.28824427 0.50781223 0.2653671 
0.68155427 0.74066763 0.62786895 0.57905855 0.06179495 0.58168545  0.42732961 0.52719238 0.38737894 0.32088042 0.44965782 0.38946743  0.49129672 0.28824427 0.50781223 0.2653671 
0.62889164 0.75793844 0.48235485 0.58999115 0.06786544 0.65953159  0.43126973 0.4538268  0.32595622 0.34887786 0.57691927 0.49560798  0.76813594 0.49582881 0.32180018 0.25822668
0.60415321 0.75143689 0.3829235  0.54519618 0.09434101 0.69564481  0.41568286 0.49946255 0.35732745 0.42238177 0.54667785 0.48172127  0.76396742 0.50515209 0.22445733 0.25030596
0.58087638 0.75462302 0.34622783 0.58978229 0.10393475 0.70414424  0.38864069 0.44339362 0.34182851 0.46924216 0.56647034 0.53446476  0.73459469 0.46991258 0.23221208 0.20910974
0.58087638 0.75462302 0.34622783 0.58978229 0.10393475 0.70414424  0.38864069 0.44339362 0.34182851 0.46924216 0.56647034 0.53446476  0.73459469 0.46991258 0.23221208 0.20910974
0.55953212 0.76895574 0.28285969 0.5388931  0.1531597  0.74612224  0.36781046 0.45374751 0.37863895 0.42789911 0.51099051 0.49567035  0.70434334 0.46152197 0.18109795 0.26063159
0.55953212 0.76895574 0.28285969 0.5388931  0.1531597  0.74612224  0.36781046 0.45374751 0.37863895 0.42789911 0.51099051 0.49567035  0.70434334 0.46152197 0.18109795 0.26063159
0.55953212 0.76895574 0.28285969 0.5388931  0.1531597  0.74612224  0.36781046 0.45374751 0.37863895 0.42789911 0.51099051 0.49567035  0.70434334 0.46152197 0.18109795 0.26063159
0.57691721 0.75307857 0.28531827 0.49760357 0.14768605 0.7513978  0.37934047 0.51986373 0.38153312 0.40557372 0.51857129 0.48292745  0.77105434 0.47725104 0.18980648 0.27862275
0.61745478 0.75611048 0.29249043 0.43575726 0.17366415 0.6805245  0.54639996 0.4478604  0.25768959 0.4264145  0.40508886 0.48608939  0.6939691  0.4857593  0.21641649 0.35508203
0.68844105 0.70261492 0.42422563 0.47090227 0.09973278 0.58672666  0.59269957 0.4671178  0.13877107 0.46483767 0.4930936  0.5464539  0.64164162 0.49353521 0.4199647  0.26630807
0.71121063 0.67969806 0.46377593 0.46623159 0.07746838 0.55681704  0.57343677 0.50084796 0.12633765 0.38859818 0.4796649  0.56155814  0.55175523 0.39515383 0.54137701 0.30815906
0.73137419 0.66938481 0.49579083 0.42332621 0.09357197 0.53728985  0.55810179 0.55626334 0.160895   0.3776574  0.4532844  0.50666248  0.50799057 0.39662133 0.588387   0.29265903
0.74820836 0.6959848  0.59238539 0.43502491 0.12824231 0.51420995  0.59547736 0.53040372 0.22313434 0.33607737 0.41610452 0.46581652  0.49101385 0.314038   0.65260992 0.31069588
0.75300369 0.70879511 0.62438195 0.4311805  0.1446277  0.50795134  0.60646569 0.52589531 0.24759938 0.3247698  0.380695   0.4172096  0.45998974 0.30021624 0.66711793 0.30307562
0.73695393 0.73489021 0.62321837 0.46426391 0.14425165 0.52714031  0.62017129 0.46936639 0.22438348 0.34297246 0.3738805  0.41516872  0.47814663 0.32314805 0.60578362 0.29079551
0.68687354 0.77182924 0.64358629 0.54313634 0.1232391  0.60131729  0.49752037 0.47055777 0.36387662 0.29015652 0.4771247  0.36459316  0.61007576 0.3959064  0.51024045 0.23551326
0.66927395 0.78356518 0.65064655 0.58632702 0.11294189 0.61451201  0.43859808 0.46311569 0.37730431 0.30151031 0.46055071 0.37108053  0.56315724 0.35716512 0.45027593 0.24053941
0.66927395 0.78356518 0.65064655 0.58632702 0.11294189 0.61451201  0.43859808 0.46311569 0.37730431 0.30151031 0.46055071 0.37108053  0.56315724 0.35716512 0.45027593 0.24053941
0.65188887 0.79944235 0.64818797 0.62761655 0.11841554 0.60923645  0.42706806 0.39699947 0.37441015 0.3238357  0.45296992 0.38382343  0.49644624 0.34143604 0.44156739 0.22254825
0.63089521 0.79513388 0.61990434 0.68421351 0.07841326 0.58497918  0.41091728 0.35573027 0.38866662 0.36514123 0.43085871 0.41239546  0.43669176 0.30388962 0.43677232 0.23326978
0.56979633 0.81382351 0.42487127 0.62045446 0.12565962 0.69131974  0.37857744 0.33311032 0.40642072 0.2972995  0.45744185 0.47620899  0.61757454 0.40106605 0.23762495 0.33304488
0.5130243  0.79468203 0.23524751 0.57213802 0.21193838 0.71130258  0.37029463 0.39430253 0.43541978 0.43050476 0.51977649 0.46967287  0.53590321 0.38971949 0.25034392 0.27839266
0.48529862 0.7886268  0.2031986  0.58820077 0.23805467 0.70620006  0.31304641 0.42325823 0.46975086 0.47986051 0.45812185 0.47590235  0.49611545 0.34138487 0.30908713 0.28600005
0.30859991 0.74584671 0.16242317 0.66324855 0.3970333  0.38429566  0.29676502 0.4723494  0.51634986 0.47997013 0.30195054 0.51237532  0.42964127 0.42836439 0.63861215 0.49639319
0.29031368 0.73501802 0.17406896 0.6719508  0.39231177 0.39757594  0.2435332  0.5040037  0.58951587 0.47057034 0.3290687  0.50449987  0.52009749 0.47035857 0.67722582 0.51589379
0.16204599 0.56363745 0.26204879 0.54908292 0.35288438 0.50080742  0.31345102 0.45911891 0.56704967 0.50012558 0.28183537 0.52303118  0.53398156 0.45105093 0.67764701 0.60700391
0.03631018 0.41540188 0.32624181 0.4455019  0.36060521 0.46628334  0.43699433 0.48325785 0.50987685 0.40171282 0.44757077 0.45105915  0.48480944 0.46855757 0.59139026 0.42570739
0.00039479 0.36283831 0.35232302 0.39930133 0.34523319 0.50234819  0.48417291 0.45702496 0.47508945 0.39693445 0.45000532 0.44589633  0.47476172 0.42761975 0.50206904 0.41641874
0.00039479 0.36283831 0.35232302 0.39930133 0.34523319 0.50234819  0.48417291 0.45702496 0.47508945 0.39693445 0.45000532 0.44589633  0.47476172 0.42761975 0.50206904 0.41641874
0.00039479 0.36283831 0.35232302 0.39930133 0.34523319 0.50234819  0.48417291 0.45702496 0.47508945 0.39693445 0.45000532 0.44589633  0.47476172 0.42761975 0.50206904 0.41641874
0.00039479 0.36283831 0.35232302 0.39930133 0.34523319 0.50234819  0.48417291 0.45702496 0.47508945 0.39693445 0.45000532 0.44589633  0.47476172 0.42761975 0.50206904 0.41641874
0.00039479 0.36283831 0.35232302 0.39930133 0.34523319 0.50234819  0.48417291 0.45702496 0.47508945 0.39693445 0.45000532 0.44589633  0.47476172 0.42761975 0.50206904 0.41641874
0.00039479 0.36283831 0.35232302 0.39930133 0.34523319 0.50234819  0.48417291 0.45702496 0.47508945 0.39693445 0.45000532 0.44589633  0.47476172 0.42761975 0.50206904 0.41641874
0.00039479 0.36283831 0.35232302 0.39930133 0.34523319 0.50234819  0.48417291 0.45702496 0.47508945 0.39693445 0.45000532 0.44589633  0.47476172 0.42761975 0.50206904 0.41641874
0.00039479 0.36283831 0.35232302 0.39930133 0.34523319 0.50234819  0.48417291 0.45702496 0.47508945 0.39693445 0.45000532 0.44589633  0.47476172 0.42761975 0.50206904 0.41641874
0.00039479 0.36283831 0.35232302 0.39930133 0.34523319 0.50234819  0.48417291 0.45702496 0.47508945 0.39693445 0.45000532 0.44589633  0.47476172 0.42761975 0.50206904 0.41641874
0.00039479 0.36283831 0.35232302 0.39930133 0.34523319 0.50234819  0.48417291 0.45702496 0.47508945 0.39693445 0.45000532 0.44589633  0.47476172 0.42761975 0.50206904 0.41641874
0.00039479 0.36283831 0.35232302 0.39930133 0.34523319 0.50234819  0.48417291 0.45702496 0.47508945 0.39693445 0.45000532 0.44589633  0.47476172 0.42761975 0.50206904 0.41641874
0.00039479 0.36283831 0.35232302 0.39930133 0.34523319 0.50234819  0.48417291 0.45702496 0.47508945 0.39693445 0.45000532 0.44589633  0.47476172 0.42761975 0.50206904 0.41641874
0.00039479 0.36283831 0.35232302 0.39930133 0.34523319 0.50234819  0.48417291 0.45702496 0.47508945 0.39693445 0.45000532 0.44589633  0.47476172 0.42761975 0.50206904 0.41641874
0.00039479 0.36283831 0.35232302 0.39930133 0.34523319 0.50234819  0.48417291 0.45702496 0.47508945 0.39693445 0.45000532 0.44589633  0.47476172 0.42761975 0.50206904 0.41641874
0.00039479 0.36283831 0.35232302 0.39930133 0.34523319 0.50234819  0.48417291 0.45702496 0.47508945 0.39693445 0.45000532 0.44589633  0.47476172 0.42761975 0.50206904 0.41641874
0.00039479 0.36283831 0.35232302 0.39930133 0.34523319 0.50234819  0.48417291 0.45702496 0.47508945 0.39693445 0.45000532 0.44589633  0.47476172 0.42761975 0.50206904 0.41641874
0.00039479 0.36283831 0.35232302 0.39930133 0.34523319 0.50234819  0.48417291 0.45702496 0.47508945 0.39693445 0.45000532 0.44589633  0.47476172 0.42761975 0.50206904 0.41641874
0.07233723 0.46780986 0.29876141 0.49257189 0.37853335 0.40944825  0.40388489 0.51399928 0.49802869 0.38953252 0.41087786 0.45218512  0.54719516 0.46303066 0.55285938 0.43871581
0.29031368 0.73501802 0.17406896 0.6719508  0.39231177 0.39757594  0.2435332  0.5040037  0.58951587 0.47057034 0.3290687  0.50449987  0.52009749 0.47035857 0.67722582 0.51589379
0.42171714 0.81159209 0.14346617 0.58709314 0.31055413 0.65015237  0.34046159 0.42144209 0.63585157 0.46311384 0.52288784 0.4584271  0.4659697  0.36945024 0.44683659 0.47824036
0.52826285 0.79148284 0.12973501 0.44155936 0.28650172 0.69434677  0.53662539 0.39424571 0.38866377 0.4869265  0.35700807 0.48543846  0.44436016 0.30729342 0.32176077 0.46668513
0.65918558 0.63899787 0.16935641 0.22895107 0.24013988 0.64968515  0.52897581 0.73850811 0.31703806 0.46848674 0.33338624 0.47322768  0.42471653 0.26836304 0.52337993 0.43072888
0.68756008 0.59825688 0.19817355 0.2219719  0.21067951 0.60969969  0.5094515  0.80082565 0.29293185 0.49994856 0.38540262 0.5043054  0.39035787 0.28518129 0.59033978 0.40664916
0.74337585 0.50135749 0.21535198 0.18363929 0.20629682 0.52126918  0.47059233 0.65323487 0.37334466 0.50105304 0.31937104 0.59501897  0.47356308 0.5428652  0.64447072 0.38670549
0.804728   0.50382512 0.45361103 0.29224465 0.17460677 0.37504402  0.63437582 0.63050467 0.55005617 0.7592963  0.3199787  0.48978784  0.62833761 0.50255125 0.62939382 0.31858824
0.864211   0.44425667 0.58809652 0.34465624 0.28934214 0.26738356  0.66510774 0.54954474 0.75684729 0.78179072 0.41423711 0.34905029  0.64145015 0.3767323  0.38317066 0.35473736
0.88473792 0.41329473 0.61243679 0.36227064 0.29610438 0.2395751  0.64922675 0.44889465 0.79259101 0.69651655 0.3917522  0.36068462  0.65341799 0.30388877 0.41154826 0.3702938 
0.89053156 0.4263069  0.64686423 0.36425467 0.29817778 0.24031084  0.63807229 0.4253699  0.78560967 0.62809855 0.3908578  0.36097034  0.62214375 0.3187898  0.40694334 0.42745652
0.89053156 0.4263069  0.64686423 0.36425467 0.29817778 0.24031084  0.63807229 0.4253699  0.78560967 0.62809855 0.3908578  0.36097034  0.62214375 0.3187898  0.40694334 0.42745652
0.89248823 0.38397763 0.61062213 0.407587   0.3159979  0.25509626  0.64454529 0.4415012  0.74936968 0.71258322 0.43000299 0.31031779  0.65055136 0.32980543 0.39226307 0.45080546
0.89056718 0.37635399 0.59444712 0.4217983  0.27409849 0.25372097  0.64269137 0.43935359 0.7338833  0.66795793 0.44375129 0.34273706  0.62321095 0.3093945  0.42093259 0.48698877
0.89056718 0.37635399 0.59444712 0.4217983  0.27409849 0.25372097  0.64269137 0.43935359 0.7338833  0.66795793 0.44375129 0.34273706  0.62321095 0.3093945  0.42093259 0.48698877
0.88235958 0.4062352  0.59426782 0.37404698 0.25140851 0.24123154  0.63869733 0.44304283 0.75849094 0.64326902 0.40943116 0.39347397  0.63204262 0.29072211 0.45646522 0.39334953
0.87155136 0.37551681 0.52325083 0.39141557 0.22945051 0.26079935  0.61639179 0.44810999 0.71525527 0.62433808 0.47935727 0.51414043  0.68883901 0.24499467 0.50715746 0.40036403
0.86196515 0.36300943 0.47274316 0.39062956 0.20304298 0.27577436  0.60011197 0.46975047 0.70244593 0.65699586 0.49357458 0.54412878  0.65967262 0.26552119 0.46575663 0.39393804
0.85716982 0.35019912 0.4407466  0.39447397 0.18665759 0.28203297  0.58912364 0.47425888 0.6779809  0.66830343 0.5289841  0.5927357  0.69069673 0.27934295 0.45124862 0.4015583 
0.84564384 0.34067018 0.38872259 0.38521575 0.20079519 0.31291121  0.57092624 0.49169573 0.64438794 0.63775396 0.52984657 0.62362041  0.67026642 0.21623936 0.50548204 0.36606713
0.83824514 0.33312798 0.3522811  0.37066953 0.20891909 0.32498357  0.55738717 0.51803715 0.63387829 0.6964547  0.53705214 0.63072262  0.65479968 0.24936556 0.46351391 0.34678149
0.83824514 0.33312798 0.3522811  0.37066953 0.20891909 0.32498357  0.55738717 0.51803715 0.63387829 0.6964547  0.53705214 0.63072262  0.65479968 0.24936556 0.46351391 0.34678149
0.83635436 0.32937829 0.34023418 0.37778904 0.19302341 0.33777582  0.53968393 0.50823716 0.59291636 0.63186197 0.55353007 0.66822965  0.64135756 0.24725178 0.49809696 0.35034296
0.83635436 0.32937829 0.34023418 0.37778904 0.19302341 0.33777582  0.53968393 0.50823716 0.59291636 0.63186197 0.55353007 0.66822965  0.64135756 0.24725178 0.49809696 0.35034296
0.82497418 0.33436993 0.30574397 0.35101491 0.22337538 0.35322617  0.53952571 0.522668   0.62810899 0.61149438 0.51246184 0.63396488  0.5950352  0.19252477 0.5230789  0.38559153
0.83740325 0.30140411 0.2941175  0.35435549 0.24286665 0.34793506  0.51414098 0.43829669 0.64405021 0.61384774 0.46952311 0.64109006  0.6182719  0.15870304 0.53404438 0.35718057
0.81887094 0.31001672 0.22387874 0.28383693 0.25690327 0.3951527  0.4062305  0.44157165 0.5203705  0.58196892 0.47116122 0.61967227  0.55797346 0.29826442 0.47915195 0.30591188
0.81887094 0.31001672 0.22387874 0.28383693 0.25690327 0.3951527  0.4062305  0.44157165 0.5203705  0.58196892 0.47116122 0.61967227  0.55797346 0.29826442 0.47915195 0.30591188
0.80269883 0.32855554 0.18142593 0.22655462 0.27734879 0.41920099  0.36645668 0.45352688 0.48930606 0.53667786 0.43554755 0.58353668  0.4719206  0.35093336 0.50397291 0.31360044
0.79432375 0.35391506 0.17432463 0.18940653 0.28857736 0.44388436  0.35294017 0.44958967 0.48409151 0.48226429 0.33708458 0.55214495  0.45916766 0.33431612 0.54276226 0.23133622
0.79432375 0.35391506 0.17432463 0.18940653 0.28857736 0.44388436  0.35294017 0.44958967 0.48409151 0.48226429 0.33708458 0.55214495  0.45916766 0.33431612 0.54276226 0.23133622
0.79432375 0.35391506 0.17432463 0.18940653 0.28857736 0.44388436  0.35294017 0.44958967 0.48409151 0.48226429 0.33708458 0.55214495  0.45916766 0.33431612 0.54276226 0.23133622
0.75804705 0.41798431 0.12461685 0.13059459 0.32283573 0.51303666  0.38301105 0.45408797 0.54138804 0.4060472  0.19084409 0.52695574  0.47544049 0.34758377 0.57118164 0.36327928
0.75804705 0.41798431 0.12461685 0.13059459 0.32283573 0.51303666  0.38301105 0.45408797 0.54138804 0.4060472  0.19084409 0.52695574  0.47544049 0.34758377 0.57118164 0.36327928
0.71967093 0.52099502 0.1532082  0.13076093 0.26648521 0.55751601  0.47625283 0.66187709 0.4558594  0.43102097 0.23310094 0.53171735  0.44344248 0.44838812 0.66382713 0.45831389
0.71967093 0.52099502 0.1532082  0.13076093 0.26648521 0.55751601  0.47625283 0.66187709 0.4558594  0.43102097 0.23310094 0.53171735  0.44344248 0.44838812 0.66382713 0.45831389
0.67482234 0.6068407  0.13898853 0.17593772 0.28216264 0.62187779  0.56128745 0.57616284 0.43911801 0.42425399 0.26666109 0.51234831  0.6540022  0.52369231 0.59384399 0.47834521
0.62896135 0.67489552 0.11596024 0.21315679 0.30415046 0.63586772  0.63617438 0.56288431 0.46284031 0.37854373 0.39001788 0.46832801  0.69774815 0.47936459 0.56886609 0.52758589
0.58108692 0.75256055 0.12394235 0.31353641 0.28926624 0.69493698  0.64085643 0.51238524 0.37699323 0.42387175 0.40951623 0.44861004  0.63806581 0.39214551 0.40029533 0.49172826
0.52826285 0.79148284 0.12973501 0.44155936 0.28650172 0.69434677  0.53662539 0.39424571 0.38866377 0.4869265  0.35700807 0.48543846  0.44436016 0.30729342 0.32176077 0.46668513
0.49353291 0.80774622 0.12853534 0.49302517 0.29684866 0.67938425  0.49498089 0.38668282 0.46086796 0.46754416 0.44752765 0.46453024  0.40952085 0.30838195 0.3442099  0.45081634
0.49353291 0.80774622 0.12853534 0.49302517 0.29684866 0.67938425  0.49498089 0.38668282 0.46086796 0.46754416 0.44752765 0.46453024  0.40952085 0.30838195 0.3442099  0.45081634
0.45775079 0.8100048  0.14771238 0.5504139  0.28553392 0.69385797  0.36429632 0.4280878  0.57023079 0.45663019 0.47622195 0.45352245  0.43872699 0.32792364 0.36107074 0.43319851
0.45775079 0.8100048  0.14771238 0.5504139  0.28553392 0.69385797  0.36429632 0.4280878  0.57023079 0.45663019 0.47622195 0.45352245  0.43872699 0.32792364 0.36107074 0.43319851
0.45775079 0.8100048  0.14771238 0.5504139  0.28553392 0.69385797  0.36429632 0.4280878  0.57023079 0.45663019 0.47622195 0.45352245  0.43872699 0.32792364 0.36107074 0.43319851
0.43906605 0.8012546  0.15727073 0.56998237 0.28433393 0.69007688  0.30559177 0.44772926 0.61550684 0.46495669 0.44081122 0.46566334  0.51190936 0.35334642 0.40306987 0.47790929
0.43906605 0.8012546  0.15727073 0.56998237 0.28433393 0.69007688  0.30559177 0.44772926 0.61550684 0.46495669 0.44081122 0.46566334  0.51190936 0.35334642 0.40306987 0.47790929
0.42077982 0.79042591 0.16891652 0.57868462 0.2796124  0.70335716  0.25235995 0.47938356 0.68867285 0.4555569  0.46792939 0.45778789  0.60236558 0.3953406  0.44168353 0.49740989
0.42077982 0.79042591 0.16891652 0.57868462 0.2796124  0.70335716  0.25235995 0.47938356 0.68867285 0.4555569  0.46792939 0.45778789  0.60236558 0.3953406  0.44168353 0.49740989
0.42077982 0.79042591 0.16891652 0.57868462 0.2796124  0.70335716  0.25235995 0.47938356 0.68867285 0.4555569  0.46792939 0.45778789  0.60236558 0.3953406  0.44168353 0.49740989
0.42077982 0.79042591 0.16891652 0.57868462 0.2796124  0.70335716  0.25235995 0.47938356 0.68867285 0.4555569  0.46792939 0.45778789  0.60236558 0.3953406  0.44168353 0.49740989
0.43946456 0.79917611 0.15935818 0.55911616 0.28081239 0.70713826  0.3110645  0.4597421  0.6433968  0.4472304  0.50334012 0.445647  0.5291832  0.36991781 0.39968441 0.45269911
0.45675279 0.78975063 0.17367113 0.54263984 0.25444472 0.7488989  0.27464338 0.48903668 0.62294561 0.45363273 0.42513252 0.45497785  0.57122483 0.35661154 0.34555888 0.45810849
0.47503902 0.80057932 0.16202534 0.53393759 0.25916625 0.73561862  0.3278752  0.45738239 0.5497796  0.46303252 0.39801436 0.4628533  0.48076861 0.31461737 0.30694521 0.43860789
0.50906895 0.78777696 0.17994002 0.50793015 0.23233004 0.76837122  0.34030862 0.46649019 0.47455342 0.46029106 0.40081428 0.44732604  0.47818362 0.31053428 0.22266408 0.34515165
0.54429344 0.76059061 0.18120761 0.42309789 0.22479735 0.78215615  0.38561738 0.57718764 0.47631058 0.4085901  0.43674845 0.41698499  0.62497076 0.35664509 0.24123413 0.37522093
0.64061037 0.90080337 0.6932025  0.42406269 0.49990953 0.74811878  0.38104905 0.41379643 0.41812579 0.23206137 0.42737818 0.31960282  0.72969265 0.44042315 0.28232872 0.25546945
0.77320944 0.76075497 0.7128151  0.25170744 0.46458867 0.54475985  0.61668048 0.5930755  0.36012462 0.34265076 0.33829361 0.32658239  0.6450852  0.35862278 0.66495473 0.27643951
0.77320944 0.76075497 0.7128151  0.25170744 0.46458867 0.54475985  0.61668048 0.5930755  0.36012462 0.34265076 0.33829361 0.32658239  0.6450852  0.35862278 0.66495473 0.27643951
0.78154906 0.7340209  0.71292348 0.28244481 0.41455137 0.51944601  0.61863161 0.60854787 0.32161995 0.44749677 0.39324624 0.36273039  0.66533776 0.41466187 0.6432563  0.22356917
0.77990793 0.72539891 0.69436486 0.3005151  0.35231454 0.50694371  0.63032635 0.60645822 0.32730874 0.42195203 0.37902414 0.34659279  0.64582031 0.41123795 0.65485737 0.24095929
0.77148145 0.63741507 0.54842049 0.3424512  0.15394275 0.47163956  0.62954662 0.69876683 0.3197345  0.53501667 0.37100563 0.38761293  0.53911599 0.33976836 0.66984851 0.2216055 
0.75407719 0.60139999 0.44689057 0.34102353 0.1504592  0.49782513  0.60212477 0.73626909 0.28527863 0.61099052 0.43877949 0.49165227  0.58659531 0.32898481 0.658668   0.20689493
0.75622707 0.52021618 0.31307815 0.27213919 0.1641022  0.49212078  0.56590677 0.66094337 0.35249156 0.58342974 0.32232187 0.58088741  0.54503843 0.38067048 0.82586347 0.28209437
0.71705552 0.54516159 0.19046915 0.18277858 0.23301932 0.58563083  0.49040984 0.66327301 0.35935237 0.4594212  0.25223279 0.54415966  0.50693284 0.4199998  0.68744846 0.38059301
0.70495961 0.55317457 0.15812301 0.15281277 0.25642507 0.59021487  0.49689032 0.67839102 0.40927365 0.45493122 0.22802996 0.52682988  0.44362088 0.39877724 0.68340869 0.45951221
0.71967093 0.52099502 0.1532082  0.13076093 0.26648521 0.55751601  0.47625283 0.66187709 0.4558594  0.43102097 0.23310094 0.53171735  0.44344248 0.44838812 0.66382713 0.45831389
0.71967093 0.52099502 0.1532082  0.13076093 0.26648521 0.55751601  0.47625283 0.66187709 0.4558594  0.43102097 0.23310094 0.53171735  0.44344248 0.44838812 0.66382713 0.45831389
0.71967093 0.52099502 0.1532082  0.13076093 0.26648521 0.55751601  0.47625283 0.66187709 0.4558594  0.43102097 0.23310094 0.53171735  0.44344248 0.44838812 0.66382713 0.45831389
0.71967093 0.52099502 0.1532082  0.13076093 0.26648521 0.55751601  0.47625283 0.66187709 0.4558594  0.43102097 0.23310094 0.53171735  0.44344248 0.44838812 0.66382713 0.45831389
0.6902569  0.5795608  0.14568554 0.15561502 0.27307701 0.60479913  0.53239104 0.63692749 0.43607316 0.43169415 0.24952604 0.51976134  0.56182003 0.46193614 0.64631386 0.48037325
0.67453813 0.60487846 0.13883331 0.18195552 0.27897314 0.61883692  0.55481143 0.56429593 0.43924902 0.41473819 0.26305808 0.51011031  0.61689376 0.48412447 0.62559171 0.46829704
0.64441327 0.66153051 0.13910031 0.22097785 0.28007696 0.65279385  0.59140495 0.57317275 0.41228166 0.39728407 0.34771495 0.47337812  0.69182466 0.47160326 0.5128427  0.45930663
0.59787761 0.73134667 0.12022963 0.27059545 0.29584709 0.67845973  0.66056277 0.55335991 0.40061692 0.40211321 0.42785235 0.44404497  0.69609507 0.42322775 0.46911648 0.50576494
0.59787761 0.73134667 0.12022963 0.27059545 0.29584709 0.67845973  0.66056277 0.55335991 0.40061692 0.40211321 0.42785235 0.44404497  0.69609507 0.42322775 0.46911648 0.50576494
0.59787761 0.73134667 0.12022963 0.27059545 0.29584709 0.67845973  0.66056277 0.55335991 0.40061692 0.40211321 0.42785235 0.44404497  0.69609507 0.42322775 0.46911648 0.50576494
0.59787761 0.73134667 0.12022963 0.27059545 0.29584709 0.67845973  0.66056277 0.55335991 0.40061692 0.40211321 0.42785235 0.44404497  0.69609507 0.42322775 0.46911648 0.50576494
0.59787761 0.73134667 0.12022963 0.27059545 0.29584709 0.67845973  0.66056277 0.55335991 0.40061692 0.40211321 0.42785235 0.44404497  0.69609507 0.42322775 0.46911648 0.50576494
0.59787761 0.73134667 0.12022963 0.27059545 0.29584709 0.67845973  0.66056277 0.55335991 0.40061692 0.40211321 0.42785235 0.44404497  0.69609507 0.42322775 0.46911648 0.50576494
0.59787761 0.73134667 0.12022963 0.27059545 0.29584709 0.67845973  0.66056277 0.55335991 0.40061692 0.40211321 0.42785235 0.44404497  0.69609507 0.42322775 0.46911648 0.50576494
0.61291159 0.70099062 0.11479667 0.2462402  0.3037744  0.65505669  0.64987998 0.50635539 0.43962441 0.39674639 0.38320338 0.46628713  0.71590504 0.5022964  0.50753178 0.51530578
0.62861373 0.67309396 0.10783437 0.22466575 0.3111588  0.63830612  0.64109208 0.43828601 0.46890468 0.4059385  0.30929937 0.51401995  0.70023828 0.59860961 0.5425792  0.57954995
0.62956192 0.67609345 0.11186358 0.22272676 0.31545633 0.6406193  0.63861751 0.44122669 0.46084238 0.38987054 0.31295657 0.5338106  0.67660359 0.58676123 0.5529804  0.61708532
0.6296334  0.67715145 0.11255706 0.22113483 0.32125854 0.64358552  0.63475726 0.44379185 0.45693593 0.38913996 0.32173914 0.55377017  0.66889844 0.57759383 0.55826174 0.64191431
0.6296334  0.67715145 0.11255706 0.22113483 0.32125854 0.64358552  0.63475726 0.44379185 0.45693593 0.38913996 0.32173914 0.55377017  0.66889844 0.57759383 0.55826174 0.64191431
0.6296334  0.67715145 0.11255706 0.22113483 0.32125854 0.64358552  0.63475726 0.44379185 0.45693593 0.38913996 0.32173914 0.55377017  0.66889844 0.57759383 0.55826174 0.64191431
0.64568316 0.65105636 0.11372063 0.18805142 0.3216346  0.62439655  0.62105166 0.50032077 0.48015183 0.3709373  0.32855365 0.55581105  0.65074155 0.55466202 0.61959604 0.65419442
0.64561168 0.64999835 0.11302715 0.18964335 0.31583238 0.62143033  0.62491191 0.49775561 0.48405828 0.37166788 0.31977108 0.53585147  0.6584467  0.56382943 0.61431471 0.62936542
0.64459982 0.64852286 0.11302543 0.19251816 0.3164298  0.62130263  0.6260027  0.49618351 0.48479022 0.37248973 0.32615327 0.51743782  0.69136474 0.54179358 0.63954643 0.57208364
0.67408174 0.58802617 0.11093365 0.14606481 0.31629629 0.5722528  0.58541939 0.54936046 0.5362624  0.3816034  0.31403501 0.51218567  0.65974729 0.5810645  0.63028581 0.54542615
0.70194538 0.52778045 0.10600419 0.12908269 0.32670192 0.54988302  0.53113824 0.52575381 0.54915878 0.39139691 0.25396122 0.52672387  0.59080181 0.48548661 0.69372116 0.51904323
0.75804705 0.41798431 0.12461685 0.13059459 0.32283573 0.51303666  0.38301105 0.45408797 0.54138804 0.4060472  0.19084409 0.52695574  0.47544049 0.34758377 0.57118164 0.36327928
0.78277767 0.36796789 0.14576222 0.16114181 0.30900244 0.46866096  0.33973792 0.44535925 0.51899106 0.42864946 0.2987432  0.53144176  0.43919163 0.32541423 0.48278262 0.29986387
0.7978111  0.31028166 0.14138123 0.25455765 0.35293184 0.50986127  0.33940992 0.44116007 0.44572559 0.45947405 0.34961207 0.43106959  0.42847114 0.37732965 0.45651128 0.44963809
0.81318369 0.25031966 0.12794196 0.34259939 0.40487029 0.57356803  0.32564143 0.43536379 0.35321324 0.44814892 0.36375156 0.32119651  0.4583075  0.33273496 0.55137298 0.49680833
0.82155877 0.22496015 0.13504327 0.37974748 0.39364172 0.54888465  0.33915795 0.439301   0.35842779 0.50256249 0.46221453 0.35258824  0.47106043 0.3493522  0.51258363 0.57907255
0.84993623 0.19060558 0.1979466  0.48319991 0.36450601 0.56558208  0.35498306 0.43225372 0.25883913 0.51404517 0.50791451 0.38760372  0.58264588 0.4373865  0.53314488 0.44897757
0.85563017 0.16712815 0.19171074 0.5281888  0.39423185 0.60526786  0.37233263 0.4438737  0.2420924  0.49834825 0.47906874 0.35226334  0.58928607 0.44214322 0.59814364 0.43364583
0.85563017 0.16712815 0.19171074 0.5281888  0.39423185 0.60526786  0.37233263 0.4438737  0.2420924  0.49834825 0.47906874 0.35226334  0.58928607 0.44214322 0.59814364 0.43364583
0.84424999 0.17211978 0.15722053 0.50141468 0.42458383 0.6207182  0.37217441 0.45830453 0.27728503 0.47798067 0.43800051 0.31799857  0.54296371 0.3874162  0.62312559 0.4688944 
0.84424999 0.17211978 0.15722053 0.50141468 0.42458383 0.6207182  0.37217441 0.45830453 0.27728503 0.47798067 0.43800051 0.31799857  0.54296371 0.3874162  0.62312559 0.4688944 
0.81982934 0.19477866 0.09722081 0.44534463 0.47782599 0.64609873  0.38447361 0.46763394 0.37452842 0.4238262  0.36859581 0.27163193  0.49585352 0.32644358 0.61346027 0.58417342
0.7936518  0.29312995 0.10307106 0.26938851 0.41106786 0.56871313  0.329173   0.42756977 0.43430768 0.38351315 0.3044947  0.3436208  0.4802556  0.26615792 0.54916196 0.46545985
0.77821413 0.35250937 0.11078182 0.17848262 0.36559738 0.52350332  0.33864324 0.43382403 0.52273208 0.37314048 0.25354835 0.44652416  0.47235953 0.26329985 0.53308895 0.3562632 
0.77045293 0.38261378 0.11810865 0.13503757 0.33883886 0.48945744  0.34555663 0.43957064 0.56631317 0.37898498 0.25354133 0.50240491  0.4553934  0.28566417 0.47715708 0.3362237 
0.74334434 0.44437054 0.11217939 0.13339684 0.33948767 0.52762092  0.41851176 0.41262444 0.56818756 0.38281012 0.21234017 0.5198872  0.59363963 0.41074267 0.53408681 0.38414032
0.70212052 0.53799842 0.1242341  0.15907505 0.30737007 0.57243089  0.50148594 0.47102818 0.5171049  0.38552899 0.24608498 0.51697342  0.63086272 0.5038666  0.57651328 0.43574678
0.61392737 0.70525158 0.1213932  0.23751204 0.29622314 0.65927076  0.64685717 0.60988884 0.42383282 0.38391055 0.43466685 0.44608585  0.67793819 0.40029594 0.53045078 0.51804505
0.61392737 0.70525158 0.1213932  0.23751204 0.29622314 0.65927076  0.64685717 0.60988884 0.42383282 0.38391055 0.43466685 0.44608585  0.67793819 0.40029594 0.53045078 0.51804505
0.62937929 0.69188656 0.14453327 0.2453331  0.27214964 0.67619689  0.60208774 0.62017728 0.37327417 0.40265089 0.39236392 0.45113597  0.67201469 0.39253462 0.4744274  0.44976578
0.62937929 0.69188656 0.14453327 0.2453331  0.27214964 0.67619689  0.60208774 0.62017728 0.37327417 0.40265089 0.39236392 0.45113597  0.67201469 0.39253462 0.4744274  0.44976578
0.73345674 0.84510485 0.70900603 0.23139839 0.64371704 0.63930211  0.61159957 0.46771286 0.35074126 0.26995948 0.42244817 0.42719373  0.79209312 0.3813187  0.55782393 0.37798564
0.78897697 0.76815295 0.78873101 0.22749191 0.62636469 0.57618422  0.55185976 0.61408044 0.24831082 0.40515904 0.51105918 0.54628755  0.66136564 0.32926179 0.70050114 0.30497819
0.78318333 0.75514078 0.75430356 0.22550788 0.62429128 0.57544848  0.56301422 0.63760519 0.25529215 0.47357704 0.51195358 0.54600182  0.69263988 0.31436076 0.70510606 0.24781547
0.79788603 0.72875455 0.76674103 0.22270563 0.60763934 0.56086422  0.5275135  0.67906872 0.22849264 0.49681411 0.4904575  0.55307036  0.57444074 0.25120185 0.74220089 0.22695443
0.82952211 0.66996862 0.76844018 0.16917903 0.64152248 0.49197006  0.51389647 0.62535024 0.35504779 0.53212977 0.43440159 0.54269295  0.60751442 0.38199516 0.72645159 0.23173549
0.82964703 0.6731976  0.7755893  0.16077672 0.68054575 0.50565795  0.49982812 0.62828392 0.34126504 0.53830299 0.46732975 0.5912618  0.61921922 0.36445332 0.73068842 0.24961001
0.82964703 0.6731976  0.7755893  0.16077672 0.68054575 0.50565795  0.49982812 0.62828392 0.34126504 0.53830299 0.46732975 0.5912618  0.61921922 0.36445332 0.73068842 0.24961001
0.84244654 0.64007577 0.75657836 0.14919659 0.67263189 0.50157195  0.47442778 0.54884245 0.33031531 0.48372423 0.41628585 0.658088  0.62302838 0.4366169  0.8255506  0.26013386
0.84232163 0.63684679 0.74942924 0.1575989  0.63360862 0.48788406  0.48849613 0.54590877 0.34409807 0.477551   0.3833577  0.60951915  0.61132358 0.45415874 0.82131378 0.24225933
0.86777261 0.56245752 0.72250461 0.16570423 0.62257696 0.43512418  0.43644561 0.41953863 0.42767359 0.44269975 0.34830472 0.54534264  0.60733072 0.4039405  0.7138228  0.15785989
0.88597213 0.54009916 0.75042385 0.17213125 0.64065349 0.4122807  0.38783673 0.38149656 0.44561738 0.34721953 0.41010757 0.52107754  0.55600939 0.35692193 0.61519331 0.18796703
0.89114578 0.47360549 0.66584283 0.24361269 0.43374529 0.37087055  0.39564525 0.27675363 0.46962639 0.24368825 0.30679542 0.46226052  0.50679677 0.33983196 0.66150855 0.17597148
0.88539084 0.44920165 0.61643288 0.27150496 0.35578093 0.35870647  0.40896936 0.27577753 0.46397373 0.21088163 0.32576833 0.50305945  0.51288709 0.31200873 0.68743394 0.22114174
0.85698197 0.36206157 0.41412308 0.3291021  0.17150779 0.34028574  0.43794935 0.32654118 0.46579595 0.35759676 0.40195403 0.6056641  0.65734509 0.29718939 0.67505501 0.20023547
0.85698197 0.36206157 0.41412308 0.3291021  0.17150779 0.34028574  0.43794935 0.32654118 0.46579595 0.35759676 0.40195403 0.6056641  0.65734509 0.29718939 0.67505501 0.20023547
0.86670919 0.27063008 0.34758315 0.43094316 0.22312242 0.41488602  0.39574156 0.34997785 0.3381965  0.47576609 0.5345048  0.5447926  0.69114383 0.41151631 0.59251935 0.30887368
0.86560046 0.19821588 0.2661566  0.48953708 0.30007037 0.48289214  0.37268688 0.39784007 0.24892601 0.57271345 0.57610493 0.43464355  0.64712391 0.4028442  0.5971097  0.38121511
0.86560046 0.19821588 0.2661566  0.48953708 0.30007037 0.48289214  0.37268688 0.39784007 0.24892601 0.57271345 0.57610493 0.43464355  0.64712391 0.4028442  0.5971097  0.38121511
0.87109821 0.13637797 0.21777586 0.59408549 0.39522298 0.60890872  0.41044631 0.46918006 0.21530569 0.54193625 0.49034714 0.36706119  0.59207151 0.48983808 0.65440461 0.35411952
0.87109821 0.13637797 0.21777586 0.59408549 0.39522298 0.60890872  0.41044631 0.46918006 0.21530569 0.54193625 0.49034714 0.36706119  0.59207151 0.48983808 0.65440461 0.35411952
0.86226263 0.12976984 0.18120785 0.59956664 0.44445646 0.65042852  0.44279118 0.50992825 0.27640254 0.4991478  0.40911414 0.35746147  0.52148039 0.46438837 0.66497334 0.33593318
0.86226263 0.12976984 0.18120785 0.59956664 0.44445646 0.65042852  0.44279118 0.50992825 0.27640254 0.4991478  0.40911414 0.35746147  0.52148039 0.46438837 0.66497334 0.33593318
0.85071655 0.14382267 0.15264544 0.57130192 0.46488154 0.67520512  0.42958893 0.50569782 0.31130209 0.44553296 0.37077276 0.33675827  0.50150436 0.45548648 0.6049937  0.40446083
0.83862064 0.15183565 0.12029929 0.54133612 0.48828729 0.67978916  0.43606941 0.52081584 0.36122336 0.44104299 0.34656994 0.31942849  0.4381924  0.43426392 0.60095392 0.48338003
0.81792082 0.19184106 0.08554442 0.47808378 0.52935228 0.72526902  0.42837162 0.51109002 0.40333093 0.33696493 0.2029051  0.25899991  0.44164123 0.37789661 0.63411773 0.43747564
0.81792082 0.19184106 0.08554442 0.47808378 0.52935228 0.72526902  0.42837162 0.51109002 0.40333093 0.33696493 0.2029051  0.25899991  0.44164123 0.37789661 0.63411773 0.43747564
0.81792082 0.19184106 0.08554442 0.47808378 0.52935228 0.72526902  0.42837162 0.51109002 0.40333093 0.33696493 0.2029051  0.25899991  0.44164123 0.37789661 0.63411773 0.43747564
0.81792082 0.19184106 0.08554442 0.47808378 0.52935228 0.72526902  0.42837162 0.51109002 0.40333093 0.33696493 0.2029051  0.25899991  0.44164123 0.37789661 0.63411773 0.43747564
0.8024689  0.20520608 0.06240434 0.47026271 0.55342578 0.70834289  0.47314104 0.50080158 0.45388958 0.31822459 0.24520803 0.2539498  0.44756472 0.38565794 0.69014112 0.5057549 
0.77993993 0.26111415 0.0515652  0.42675577 0.54978717 0.70737822  0.5112569  0.46554263 0.52018223 0.2791342  0.22989023 0.29579228  0.57073802 0.42372839 0.6759031  0.44455003
0.71022749 0.35017202 0.01239573 0.46937407 0.5959406  0.62839206  0.60895322 0.2554887  0.55908602 0.25651976 0.44790451 0.26806648  0.64720324 0.49828998 0.704322   0.43636614
0.68796296 0.4411437  0.02730166 0.29870298 0.5036183  0.51027852  0.5588707  0.20471405 0.63036014 0.28282486 0.47945289 0.36543398  0.66239699 0.45233136 0.6417165  0.41088921
0.65817199 0.49239139 0.03135128 0.33554953 0.49308883 0.52858218  0.5847951  0.15311516 0.60254086 0.33221247 0.40917486 0.40272771  0.61573308 0.49852189 0.72703253 0.41995364
0.56461015 0.65022443 0.05206702 0.3703495  0.43509738 0.46190354  0.61687141 0.10425447 0.54761352 0.44176461 0.40265705 0.51503856  0.4715825  0.51194599 0.66702481 0.38891857
0.56461015 0.65022443 0.05206702 0.3703495  0.43509738 0.46190354  0.61687141 0.10425447 0.54761352 0.44176461 0.40265705 0.51503856  0.4715825  0.51194599 0.66702481 0.38891857
0.44529587 0.69735497 0.07454945 0.48263384 0.47954606 0.27334999  0.65246699 0.28040804 0.35347739 0.39582021 0.43926009 0.4664713  0.36651492 0.47261893 0.60386236 0.28084902
0.37448847 0.69061472 0.10047069 0.5331802  0.49358798 0.2020373  0.61279577 0.38135231 0.28282247 0.37881587 0.38795819 0.45643328  0.43946042 0.39767846 0.5128958  0.30854675
0.2510171  0.64409075 0.16790603 0.56707919 0.46928108 0.1701068  0.53432821 0.49194473 0.22633406 0.40988571 0.2004133  0.50425365  0.53816478 0.36335292 0.40990469 0.50498835
0.14268401 0.53668414 0.24532368 0.52431839 0.41892903 0.28879531  0.47239363 0.5007296  0.32383616 0.39391701 0.24902899 0.48293875  0.61144893 0.35965862 0.35674732 0.52170987
0.03585866 0.41212524 0.32497922 0.44119937 0.36258431 0.43456132  0.47408025 0.48300288 0.40965789 0.37891942 0.36959995 0.44872305  0.56049334 0.35167352 0.32731793 0.46450854
0.00039479 0.36283831 0.35232302 0.39930133 0.34523319 0.50234819  0.48417291 0.45702496 0.47508945 0.39693445 0.45000532 0.44589633  0.47476172 0.42761975 0.50206904 0.41641874
0.00039479 0.36283831 0.35232302 0.39930133 0.34523319 0.50234819  0.48417291 0.45702496 0.47508945 0.39693445 0.45000532 0.44589633  0.47476172 0.42761975 0.50206904 0.41641874
0.00039479 0.36283831 0.35232302 0.39930133 0.34523319 0.50234819  0.48417291 0.45702496 0.47508945 0.39693445 0.45000532 0.44589633  0.47476172 0.42761975 0.50206904 0.41641874
0.00039479 0.36283831 0.35232302 0.39930133 0.34523319 0.50234819  0.48417291 0.45702496 0.47508945 0.39693445 0.45000532 0.44589633  0.47476172 0.42761975 0.50206904 0.41641874
0.00039479 0.36283831 0.35232302 0.39930133 0.34523319 0.50234819  0.48417291 0.45702496 0.47508945 0.39693445 0.45000532 0.44589633  0.47476172 0.42761975 0.50206904 0.41641874
0.00039479 0.36283831 0.35232302 0.39930133 0.34523319 0.50234819  0.48417291 0.45702496 0.47508945 0.39693445 0.45000532 0.44589633  0.47476172 0.42761975 0.50206904 0.41641874
0.00039479 0.36283831 0.35232302 0.39930133 0.34523319 0.50234819  0.48417291 0.45702496 0.47508945 0.39693445 0.45000532 0.44589633  0.47476172 0.42761975 0.50206904 0.41641874
0.00039479 0.36283831 0.35232302 0.39930133 0.34523319 0.50234819  0.48417291 0.45702496 0.47508945 0.39693445 0.45000532 0.44589633  0.47476172 0.42761975 0.50206904 0.41641874
0.00039479 0.36283831 0.35232302 0.39930133 0.34523319 0.50234819  0.48417291 0.45702496 0.47508945 0.39693445 0.45000532 0.44589633  0.47476172 0.42761975 0.50206904 0.41641874
0.00039479 0.36283831 0.35232302 0.39930133 0.34523319 0.50234819  0.48417291 0.45702496 0.47508945 0.39693445 0.45000532 0.44589633  0.47476172 0.42761975 0.50206904 0.41641874
0.00039479 0.36283831 0.35232302 0.39930133 0.34523319 0.50234819  0.48417291 0.45702496 0.47508945 0.39693445 0.45000532 0.44589633  0.47476172 0.42761975 0.50206904 0.41641874
0.00039479 0.36283831 0.35232302 0.39930133 0.34523319 0.50234819  0.48417291 0.45702496 0.47508945 0.39693445 0.45000532 0.44589633  0.47476172 0.42761975 0.50206904 0.41641874
0.00039479 0.36283831 0.35232302 0.39930133 0.34523319 0.50234819  0.48417291 0.45702496 0.47508945 0.39693445 0.45000532 0.44589633  0.47476172 0.42761975 0.50206904 0.41641874
0.00039479 0.36283831 0.35232302 0.39930133 0.34523319 0.50234819  0.48417291 0.45702496 0.47508945 0.39693445 0.45000532 0.44589633  0.47476172 0.42761975 0.50206904 0.41641874
0.00039479 0.36283831 0.35232302 0.39930133 0.34523319 0.50234819  0.48417291 0.45702496 0.47508945 0.39693445 0.45000532 0.44589633  0.47476172 0.42761975 0.50206904 0.41641874
0.00039479 0.36283831 0.35232302 0.39930133 0.34523319 0.50234819  0.48417291 0.45702496 0.47508945 0.39693445 0.45000532 0.44589633  0.47476172 0.42761975 0.50206904 0.41641874
0.00039479 0.36283831 0.35232302 0.39930133 0.34523319 0.50234819  0.48417291 0.45702496 0.47508945 0.39693445 0.45000532 0.44589633  0.47476172 0.42761975 0.50206904 0.41641874
0.00039479 0.36283831 0.35232302 0.39930133 0.34523319 0.50234819  0.48417291 0.45702496 0.47508945 0.39693445 0.45000532 0.44589633  0.47476172 0.42761975 0.50206904 0.41641874
0.00039479 0.36283831 0.35232302 0.39930133 0.34523319 0.50234819  0.48417291 0.45702496 0.47508945 0.39693445 0.45000532 0.44589633  0.47476172 0.42761975 0.50206904 0.41641874
0.00039479 0.36283831 0.35232302 0.39930133 0.34523319 0.50234819  0.48417291 0.45702496 0.47508945 0.39693445 0.45000532 0.44589633  0.47476172 0.42761975 0.50206904 0.41641874
0.00039479 0.36283831 0.35232302 0.39930133 0.34523319 0.50234819  0.48417291 0.45702496 0.47508945 0.39693445 0.45000532 0.44589633  0.47476172 0.42761975 0.50206904 0.41641874
0.00039479 0.36283831 0.35232302 0.39930133 0.34523319 0.50234819  0.48417291 0.45702496 0.47508945 0.39693445 0.45000532 0.44589633  0.47476172 0.42761975 0.50206904 0.41641874
0.00039479 0.36283831 0.35232302 0.39930133 0.34523319 0.50234819  0.48417291 0.45702496 0.47508945 0.39693445 0.45000532 0.44589633  0.47476172 0.42761975 0.50206904 0.41641874
0.00039479 0.36283831 0.35232302 0.39930133 0.34523319 0.50234819  0.48417291 0.45702496 0.47508945 0.39693445 0.45000532 0.44589633  0.47476172 0.42761975 0.50206904 0.41641874
