0.00039479 0.36283831 0.35232302 0.39930133 0.34523319 0.50234819  0.48417291 0.45702496 0.47508945 0.39693445 0.45000532 0.44589633  0.47476172 0.42761975 0.50206904 0.41641874
0.00039479 0.36283831 0.35232302 0.39930133 0.34523319 0.50234819  0.48417291 0.45702496 0.47508945 0.39693445 0.45000532 0.44589633  0.47476172 0.42761975 0.50206904 0.41641874
0.00039479 0.36283831 0.35232302 0.39930133 0.34523319 0.50234819  0.48417291 0.45702496 0.47508945 0.39693445 0.45000532 0.44589633  0.47476172 0.42761975 0.50206904 0.41641874
0.00039479 0.36283831 0.35232302 0.39930133 0.34523319 0.50234819  0.48417291 0.45702496 0.47508945 0.39693445 0.45000532 0.44589633  0.47476172 0.42761975 0.50206904 0.41641874
0.00039479 0.36283831 0.35232302 0.39930133 0.34523319 0.50234819  0.48417291 0.45702496 0.47508945 0.39693445 0.45000532 0.44589633  0.47476172 0.42761975 0.50206904 0.41641874
0.00039479 0.36283831 0.35232302 0.39930133 0.34523319 0.50234819  0.48417291 0.45702496 0.47508945 0.39693445 0.45000532 0.44589633  0.47476172 0.42761975 0.50206904 0.41641874
0.00039479 0.36283831 0.35232302 0.39930133 0.34523319 0.50234819  0.48417291 0.45702496 0.47508945 0.39693445 0.45000532 0.44589633  0.47476172 0.42761975 0.50206904 0.41641874
0.00039479 0.36283831 0.35232302 0.39930133 0.34523319 0.50234819  0.48417291 0.45702496 0.47508945 0.39693445 0.45000532 0.44589633  0.47476172 0.42761975 0.50206904 0.41641874
0.00039479 0.36283831 0.35232302 0.39930133 0.34523319 0.50234819  0.48417291 0.45702496 0.47508945 0.39693445 0.45000532 0.44589633  0.47476172 0.42761975 0.50206904 0.41641874
0.00039479 0.36283831 0.35232302 0.39930133 0.34523319 0.50234819  0.48417291 0.45702496 0.47508945 0.39693445 0.45000532 0.44589633  0.47476172 0.42761975 0.50206904 0.41641874
0.00039479 0.36283831 0.35232302 0.39930133 0.34523319 0.50234819  0.48417291 0.45702496 0.47508945 0.39693445 0.45000532 0.44589633  0.47476172 0.42761975 0.50206904 0.41641874
0.00039479 0.36283831 0.35232302 0.39930133 0.34523319 0.50234819  0.48417291 0.45702496 0.47508945 0.39693445 0.45000532 0.44589633  0.47476172 0.42761975 0.50206904 0.41641874
0.00039479 0.36283831 0.35232302 0.39930133 0.34523319 0.50234819  0.48417291 0.45702496 0.47508945 0.39693445 0.45000532 0.44589633  0.47476172 0.42761975 0.50206904 0.41641874
0.00039479 0.36283831 0.35232302 0.39930133 0.34523319 0.50234819  0.48417291 0.45702496 0.47508945 0.39693445 0.45000532 0.44589633  0.47476172 0.42761975 0.50206904 0.41641874
0.00039479 0.36283831 0.35232302 0.39930133 0.34523319 0.50234819  0.48417291 0.45702496 0.47508945 0.39693445 0.45000532 0.44589633  0.47476172 0.42761975 0.50206904 0.41641874
0.00039479 0.36283831 0.35232302 0.39930133 0.34523319 0.50234819  0.48417291 0.45702496 0.47508945 0.39693445 0.45000532 0.44589633  0.47476172 0.42761975 0.50206904 0.41641874
0.00039479 0.36283831 0.35232302 0.39930133 0.34523319 0.50234819  0.48417291 0.45702496 0.47508945 0.39693445 0.45000532 0.44589633  0.47476172 0.42761975 0.50206904 0.41641874
0.00039479 0.36283831 0.35232302 0.39930133 0.34523319 0.50234819  0.48417291 0.45702496 0.47508945 0.39693445 0.45000532 0.44589633  0.47476172 0.42761975 0.50206904 0.41641874
0.00039479 0.36283831 0.35232302 0.39930133 0.34523319 0.50234819  0.48417291 0.45702496 0.47508945 0.39693445 0.45000532 0.44589633  0.47476172 0.42761975 0.50206904 0.41641874
0.00039479 0.36283831 0.35232302 0.39930133 0.34523319 0.50234819  0.48417291 0.45702496 0.47508945 0.39693445 0.45000532 0.44589633  0.47476172 0.42761975 0.50206904 0.41641874
0.00039479 0.36283831 0.35232302 0.39930133 0.34523319 0.50234819  0.48417291 0.45702496 0.47508945 0.39693445 0.45000532 0.44589633  0.47476172 0.42761975 0.50206904 0.41641874
0.00039479 0.36283831 0.35232302 0.39930133 0.34523319 0.50234819  0.48417291 0.45702496 0.47508945 0.39693445 0.45000532 0.44589633  0.47476172 0.42761975 0.50206904 0.41641874
0.00039479 0.36283831 0.35232302 0.39930133 0.34523319 0.50234819  0.48417291 0.45702496 0.47508945 0.39693445 0.45000532 0.44589633  0.47476172 0.42761975 0.50206904 0.41641874
0.00039479 0.36283831 0.35232302 0.39930133 0.34523319 0.50234819  0.48417291 0.45702496 0.47508945 0.39693445 0.45000532 0.44589633  0.47476172 0.42761975 0.50206904 0.41641874
0.00039479 0.36283831 0.35232302 0.39930133 0.34523319 0.50234819  0.48417291 0.45702496 0.47508945 0.39693445 0.45000532 0.44589633  0.47476172 0.42761975 0.50206904 0.41641874
0.00039479 0.36283831 0.35232302 0.39930133 0.34523319 0.50234819  0.48417291 0.45702496 0.47508945 0.39693445 0.45000532 0.44589633  0.47476172 0.42761975 0.50206904 0.41641874
0.00039479 0.36283831 0.35232302 0.39930133 0.34523319 0.50234819  0.48417291 0.45702496 0.47508945 0.39693445 0.45000532 0.44589633  0.47476172 0.42761975 0.50206904 0.41641874
0.00039479 0.36283831 0.35232302 0.39930133 0.34523319 0.50234819  0.48417291 0.45702496 0.47508945 0.39693445 0.45000532 0.44589633  0.47476172 0.42761975 0.50206904 0.41641874
0.00039479 0.36283831 0.35232302 0.39930133 0.34523319 0.50234819  0.48417291 0.45702496 0.47508945 0.39693445 0.45000532 0.44589633  0.47476172 0.42761975 0.50206904 0.41641874
0.00039479 0.36283831 0.35232302 0.39930133 0.34523319 0.50234819  0.48417291 0.45702496 0.47508945 0.39693445 0.45000532 0.44589633  0.47476172 0.42761975 0.50206904 0.41641874
0.00039479 0.36283831 0.35232302 0.39930133 0.34523319 0.50234819  0.48417291 0.45702496 0.47508945 0.39693445 0.45000532 0.44589633  0.47476172 0.42761975 0.50206904 0.41641874
0.00039479 0.36283831 0.35232302 0.39930133 0.34523319 0.50234819  0.48417291 0.45702496 0.47508945 0.39693445 0.45000532 0.44589633  0.47476172 0.42761975 0.50206904 0.41641874
0.00039479 0.36283831 0.35232302 0.39930133 0.34523319 0.50234819  0.48417291 0.45702496 0.47508945 0.39693445 0.45000532 0.44589633  0.47476172 0.42761975 0.50206904 0.41641874
0.00039479 0.36283831 0.35232302 0.39930133 0.34523319 0.50234819  0.48417291 0.45702496 0.47508945 0.39693445 0.45000532 0.44589633  0.47476172 0.42761975 0.50206904 0.41641874
0.00039479 0.36283831 0.35232302 0.39930133 0.34523319 0.50234819  0.48417291 0.45702496 0.47508945 0.39693445 0.45000532 0.44589633  0.47476172 0.42761975 0.50206904 0.41641874
0.00039479 0.36283831 0.35232302 0.39930133 0.34523319 0.50234819  0.48417291 0.45702496 0.47508945 0.39693445 0.45000532 0.44589633  0.47476172 0.42761975 0.50206904 0.41641874
0.00039479 0.36283831 0.35232302 0.39930133 0.34523319 0.50234819  0.48417291 0.45702496 0.47508945 0.39693445 0.45000532 0.44589633  0.47476172 0.42761975 0.50206904 0.41641874
0.00039479 0.36283831 0.35232302 0.39930133 0.34523319 0.50234819  0.48417291 0.45702496 0.47508945 0.39693445 0.45000532 0.44589633  0.47476172 0.42761975 0.50206904 0.41641874
0.18620564 0.61428163 0.51542075 0.47387673 0.55615846 0.59751391  0.26695113 0.36469183 0.57521196 0.53051542 0.45729784 0.52609861  0.45371508 0.67625282 0.72388983 0.45439245
0.30372833 0.75218011 0.69078089 0.38715035 0.81807293 0.74076549  0.19555253 0.37111581 0.66574573 0.53381106 0.56306932 0.54884803  0.46977801 0.55948071 0.68525216 0.48129166
0.47076222 0.7931403  0.83394219 0.46719826 0.68025418 0.79863238  0.16565636 0.40591992 0.66538729 0.68446239 0.52136387 0.5424781  0.68005424 0.49898052 0.5777299  0.29854405
0.54418461 0.88065587 0.78899415 0.5134555  0.69160158 0.76301819  0.15877738 0.42051329 0.64160601 0.65358496 0.53185047 0.52625782  0.7449622  0.45301462 0.42620004 0.28106155
0.57840231 0.89557799 0.82100162 0.57918456 0.58876754 0.65946049  0.21428642 0.42369389 0.60651547 0.65798326 0.42344783 0.40753582  0.75746379 0.46889525 0.35326288 0.23240953
0.6475443  0.86208349 0.76709545 0.49052907 0.43947216 0.6371424  0.41322532 0.48929239 0.56094268 0.58888062 0.38553785 0.22611426  0.79740519 0.5290368  0.27892067 0.17067852
0.63854683 0.84901104 0.67908966 0.56477206 0.29040394 0.62702005  0.44747395 0.42046946 0.48958973 0.55156223 0.39727041 0.25851154  0.652324   0.4637267  0.24443254 0.1219856 
0.60894854 0.7642472  0.41492006 0.54135177 0.1107264  0.6893862  0.42667119 0.49495415 0.38179249 0.41107419 0.51126833 0.43311435  0.7329433  0.49133033 0.23896534 0.24268571
0.58688129 0.74373749 0.31419619 0.52171863 0.12881308 0.72487015  0.40001249 0.52394068 0.3799153  0.42654918 0.5329829  0.48745708  0.75498333 0.43091464 0.26590257 0.26234946
0.51100211 0.78526481 0.15925853 0.45881955 0.25092989 0.75672065  0.39660807 0.52231796 0.52800623 0.41922533 0.450698   0.42953303  0.55081811 0.33402468 0.287396   0.43142207
0.47626812 0.81147946 0.14299539 0.51721986 0.28262374 0.71152057  0.41994787 0.42991457 0.5454568  0.43970787 0.52519383 0.43503968  0.43816745 0.33439942 0.32245419 0.41376199
0.47626812 0.81147946 0.14299539 0.51721986 0.28262374 0.71152057  0.41994787 0.42991457 0.5454568  0.43970787 0.52519383 0.43503968  0.43816745 0.33439942 0.32245419 0.41376199
0.47626812 0.81147946 0.14299539 0.51721986 0.28262374 0.71152057  0.41994787 0.42991457 0.5454568  0.43970787 0.52519383 0.43503968  0.43816745 0.33439942 0.32245419 0.41376199
0.47626812 0.81147946 0.14299539 0.51721986 0.28262374 0.71152057  0.41994787 0.42991457 0.5454568  0.43970787 0.52519383 0.43503968  0.43816745 0.33439942 0.32245419 0.41376199
0.52884152 0.77395563 0.15806754 0.41527683 0.24887085 0.76523002  0.4303868  0.5668992  0.52686922 0.38984976 0.47905139 0.41193488  0.63089425 0.36440641 0.29725751 0.44350019
0.54604563 0.7711344  0.14411588 0.39171659 0.26294831 0.73492983  0.50386853 0.52667486 0.44217393 0.42224553 0.40525423 0.44352004  0.59834961 0.34118649 0.30865441 0.48629499
0.56348734 0.7642965  0.13100261 0.3567271  0.27896904 0.7081317  0.58193414 0.50494316 0.39042092 0.43522554 0.39294224 0.45509741  0.59114729 0.35340423 0.34033081 0.49675441
0.56348734 0.7642965  0.13100261 0.3567271  0.27896904 0.7081317  0.58193414 0.50494316 0.39042092 0.43522554 0.39294224 0.45509741  0.59114729 0.35340423 0.34033081 0.49675441
0.56348734 0.7642965  0.13100261 0.3567271  0.27896904 0.7081317  0.58193414 0.50494316 0.39042092 0.43522554 0.39294224 0.45509741  0.59114729 0.35340423 0.34033081 0.49675441
0.58108692 0.75256055 0.12394235 0.31353641 0.28926624 0.69493698  0.64085643 0.51238524 0.37699323 0.42387175 0.40951623 0.44861004  0.63806581 0.39214551 0.40029533 0.49172826
0.61225762 0.71387788 0.15393466 0.29501698 0.25929661 0.69782532  0.5736666  0.59530525 0.32325873 0.45956805 0.35368126 0.46331118  0.57706858 0.36219586 0.36499409 0.4355252 
0.61225762 0.71387788 0.15393466 0.29501698 0.25929661 0.69782532  0.5736666  0.59530525 0.32325873 0.45956805 0.35368126 0.46331118  0.57706858 0.36219586 0.36499409 0.4355252 
0.63928506 0.67284575 0.19402569 0.31831897 0.21280825 0.66244458  0.53234718 0.64255739 0.2491371  0.53246961 0.37738705 0.49941657  0.44266767 0.33878703 0.40771446 0.37830434
0.62696033 0.68749165 0.16637212 0.29221473 0.24264467 0.68324106  0.53816589 0.63676878 0.29645922 0.48280513 0.33218518 0.47037972  0.45886944 0.29903696 0.40208892 0.41466417
0.64165061 0.6581195  0.1594081  0.27351509 0.25062649 0.6663628  0.53046879 0.56712729 0.32647142 0.49281909 0.26466336 0.49969889  0.47612071 0.37331432 0.46236807 0.42162654
0.62619869 0.67148452 0.13626803 0.26569402 0.27469999 0.64943667  0.57523822 0.55683885 0.37703007 0.47407875 0.30696629 0.49464878  0.48204421 0.38107565 0.51839145 0.48990581
0.62619869 0.67148452 0.13626803 0.26569402 0.27469999 0.64943667  0.57523822 0.55683885 0.37703007 0.47407875 0.30696629 0.49464878  0.48204421 0.38107565 0.51839145 0.48990581
0.61149599 0.69787075 0.12383057 0.26849627 0.29135193 0.66402092  0.61073893 0.51537532 0.40382958 0.45084168 0.32846237 0.48758023  0.60024335 0.44423455 0.48129662 0.51076684
0.61149599 0.69787075 0.12383057 0.26849627 0.29135193 0.66402092  0.61073893 0.51537532 0.40382958 0.45084168 0.32846237 0.48758023  0.60024335 0.44423455 0.48129662 0.51076684
0.61149599 0.69787075 0.12383057 0.26849627 0.29135193 0.66402092  0.61073893 0.51537532 0.40382958 0.45084168 0.32846237 0.48758023  0.60024335 0.44423455 0.48129662 0.51076684
0.56114007 0.74295137 0.08886082 0.32842386 0.34983593 0.59637357  0.70445027 0.38716199 0.44780136 0.42564055 0.50227862 0.46136212  0.56733581 0.49583296 0.55846673 0.49361234
0.56114007 0.74295137 0.08886082 0.32842386 0.34983593 0.59637357  0.70445027 0.38716199 0.44780136 0.42564055 0.50227862 0.46136212  0.56733581 0.49583296 0.55846673 0.49361234
0.52532475 0.75815148 0.08133258 0.39159103 0.38070213 0.52929149  0.69969933 0.31599067 0.43663399 0.44245999 0.52230609 0.47066251  0.43643535 0.49586731 0.58818127 0.43718207
0.47519548 0.81056876 0.09654784 0.49702408 0.36448215 0.55085511  0.61469541 0.33360884 0.42118648 0.47317538 0.54490054 0.46542886  0.29218941 0.35246694 0.45807609 0.42316772
0.47519548 0.81056876 0.09654784 0.49702408 0.36448215 0.55085511  0.61469541 0.33360884 0.42118648 0.47317538 0.54490054 0.46542886  0.29218941 0.35246694 0.45807609 0.42316772
0.45629848 0.80407354 0.09710843 0.51857932 0.38424446 0.49527585  0.60167809 0.3427797  0.40494569 0.47808893 0.51940683 0.4728624  0.25467343 0.36882748 0.50349181 0.40923842
0.42054847 0.80178357 0.10890297 0.55930774 0.3900353  0.45144325  0.54058613 0.40313805 0.42994763 0.42437063 0.56759398 0.43886439  0.26163807 0.35963271 0.44717233 0.3495316 
0.42054847 0.80178357 0.10890297 0.55930774 0.3900353  0.45144325  0.54058613 0.40313805 0.42994763 0.42437063 0.56759398 0.43886439  0.26163807 0.35963271 0.44717233 0.3495316 
0.43799019 0.79494566 0.0957897  0.52431825 0.40605603 0.42464512  0.61865175 0.38140634 0.37819463 0.43735065 0.55528199 0.45044176  0.25443575 0.37185045 0.47884873 0.35999102
0.49303488 0.79925958 0.09535686 0.45348135 0.36242311 0.55936447  0.64847414 0.37819007 0.42004947 0.44379981 0.57325392 0.4478307  0.37226555 0.38284866 0.4679376  0.43524584
0.56114007 0.74295137 0.08886082 0.32842386 0.34983593 0.59637357  0.70445027 0.38716199 0.44780136 0.42564055 0.50227862 0.46136212  0.56733581 0.49583296 0.55846673 0.49361234
0.61025297 0.68195596 0.09402809 0.24465134 0.33797643 0.59825391  0.6770527  0.41042673 0.48998134 0.40491751 0.39775817 0.48837005  0.68721666 0.59267758 0.61157765 0.52259923
0.6691619  0.56539784 0.08550262 0.16651616 0.36200775 0.52703717  0.59490448 0.43870198 0.57254835 0.38211391 0.35317289 0.5120746  0.63704433 0.56334659 0.68501801 0.51734627
0.72789242 0.45773556 0.08903931 0.12557578 0.36356117 0.51069479  0.46328119 0.40233599 0.6187462  0.36406978 0.2546431  0.51483709  0.59956313 0.418504   0.5901102  0.45241958
0.77395639 0.32159523 0.0880903  0.25826432 0.42825797 0.54214908  0.41490949 0.44615896 0.55171918 0.38104239 0.31965016 0.39107729  0.43340581 0.38413389 0.50319046 0.54327853
0.81010812 0.2682248  0.14598525 0.32933772 0.36311948 0.51359536  0.37783786 0.46617322 0.45905297 0.50386078 0.42101206 0.45655598  0.42403349 0.43273987 0.41400327 0.52090365
0.85107634 0.17665668 0.19631137 0.51462241 0.37997311 0.56085666  0.42735264 0.48491196 0.34715167 0.53469168 0.47337486 0.46301737  0.47663211 0.50029308 0.47590167 0.41881942
0.85107634 0.17665668 0.19631137 0.51462241 0.37997311 0.56085666  0.42735264 0.48491196 0.34715167 0.53469168 0.47337486 0.46301737  0.47663211 0.50029308 0.47590167 0.41881942
0.91310592 0.20051923 0.46054281 0.64054698 0.34503422 0.44533503  0.59596266 0.41755934 0.55245368 0.5567199  0.44502527 0.39303465  0.54919344 0.42997713 0.41634718 0.55047836
0.95070919 0.28844758 0.70319833 0.59014233 0.57515325 0.42290127  0.62960962 0.37282708 0.65682885 0.53359897 0.34062658 0.21684575  0.52822469 0.35112689 0.45518341 0.54175377
0.95070919 0.28844758 0.70319833 0.59014233 0.57515325 0.42290127  0.62960962 0.37282708 0.65682885 0.53359897 0.34062658 0.21684575  0.52822469 0.35112689 0.45518341 0.54175377
0.95164533 0.2846501  0.70480883 0.60513023 0.57890178 0.4262585  0.65204874 0.38253584 0.68878327 0.52340511 0.3296206  0.24069736  0.51843711 0.33944442 0.43119668 0.55249176
0.94607537 0.25406188 0.64911965 0.64142749 0.49452664 0.40799992  0.69030108 0.39561567 0.72183811 0.53191861 0.32561235 0.26855339  0.53438819 0.35246962 0.41240309 0.57903191
0.9422267  0.24203408 0.62239704 0.64570459 0.475518   0.40172116  0.69957303 0.40586542 0.73540707 0.59201795 0.33557963 0.273327  0.56935277 0.36786394 0.37989964 0.56856356
0.93624457 0.22843545 0.58121669 0.66452137 0.37344748 0.3992807  0.67256531 0.38630827 0.66467461 0.50432397 0.36275332 0.29337266  0.53447165 0.36353973 0.4567713  0.59086546
0.9244716  0.20072684 0.5070865  0.66918967 0.3422387  0.41331765  0.65769949 0.40573239 0.61301596 0.53900987 0.41090882 0.36724907  0.59447786 0.36705882 0.47944865 0.53218909
0.90472676 0.21312152 0.45107929 0.61236659 0.30824655 0.38602701  0.6469022  0.4314028  0.64314622 0.62961251 0.45542415 0.46095696  0.61801817 0.38202868 0.38672964 0.51678046
0.87632427 0.22732575 0.35587075 0.53662038 0.26557996 0.4144407  0.5490537  0.4386293  0.53642574 0.58416315 0.49794666 0.61036164  0.6036292  0.44889395 0.39854337 0.38791903
0.86177166 0.24433789 0.30937846 0.46133393 0.27434459 0.44338027  0.44895519 0.43448661 0.41814489 0.56877879 0.49524555 0.54870006  0.55425825 0.53117688 0.416309   0.35049163
0.8451303  0.24116735 0.24138402 0.41434237 0.28893667 0.46878436  0.38471785 0.44085479 0.33903952 0.58233318 0.5246245  0.52885373  0.55364384 0.51759133 0.45304073 0.33820824
0.83303439 0.24918033 0.20903787 0.38437656 0.31234242 0.47336841  0.39119833 0.45597281 0.38896079 0.5778432  0.50042167 0.51152395  0.49033188 0.49636877 0.44900096 0.41712743
0.82165421 0.25417197 0.17454766 0.35760244 0.34269439 0.48881876  0.39104011 0.47040365 0.42415342 0.55747562 0.45935344 0.47725917  0.44400952 0.44164176 0.47398291 0.452376  
0.79778339 0.2828707  0.11833168 0.30323348 0.3929559  0.53439184  0.38365658 0.46038461 0.50637508 0.4541963  0.37581019 0.42751913  0.44023526 0.39298981 0.40837773 0.55726348
0.7505515  0.41620615 0.10939672 0.18050348 0.36312652 0.5532723  0.42079891 0.41462984 0.53441523 0.3977814  0.22639516 0.46842606  0.5878933  0.43756964 0.53067229 0.45184863
0.68651081 0.55506035 0.09930718 0.14940538 0.33578755 0.56696168  0.56003466 0.46498915 0.55220362 0.38395676 0.27109627 0.51931085  0.68298399 0.54724277 0.64125129 0.5170152 
0.67408174 0.58802617 0.11093365 0.14606481 0.31629629 0.5722528  0.58541939 0.54936046 0.5362624  0.3816034  0.31403501 0.51218567  0.65974729 0.5810645  0.63028581 0.54542615
0.6734839  0.60075624 0.13291015 0.18696928 0.29184673 0.6083679  0.55435557 0.50311998 0.46248785 0.41854641 0.26491757 0.5151949  0.67198068 0.59623499 0.51292812 0.46486678
0.65803198 0.61412126 0.10977007 0.17914822 0.31592023 0.59144177  0.59912499 0.49283154 0.5130465  0.39980607 0.3072205  0.51014479  0.67790418 0.60399631 0.56895151 0.53314605
0.67408174 0.58802617 0.11093365 0.14606481 0.31629629 0.5722528  0.58541939 0.54936046 0.5362624  0.3816034  0.31403501 0.51218567  0.65974729 0.5810645  0.63028581 0.54542615
0.70496823 0.54738125 0.14077073 0.13356318 0.28313715 0.57210026  0.51175355 0.62041356 0.48265891 0.4077839  0.25459702 0.52464881  0.56164162 0.51154702 0.6267323  0.47917493
0.70496823 0.54738125 0.14077073 0.13356318 0.28313715 0.57210026  0.51175355 0.62041356 0.48265891 0.4077839  0.25459702 0.52464881  0.56164162 0.51154702 0.6267323  0.47917493
0.73254199 0.48629454 0.14352379 0.1299323  0.284822   0.54380884  0.44356483 0.58512328 0.48712953 0.42572203 0.21105687 0.53369298  0.45758984 0.41851937 0.63433026 0.42696195
0.7782792  0.35309195 0.11651033 0.18134677 0.35912941 0.50500637  0.34294148 0.43336606 0.52682003 0.39483829 0.29035522 0.45349388  0.45041924 0.31075262 0.45430026 0.41828961
0.7782792  0.35309195 0.11651033 0.18134677 0.35912941 0.50500637  0.34294148 0.43336606 0.52682003 0.39483829 0.29035522 0.45349388  0.45041924 0.31075262 0.45430026 0.41828961
0.81408003 0.32544143 0.21100026 0.26419094 0.27553527 0.46417549  0.3308005  0.40960582 0.39438401 0.46936034 0.40082814 0.53412529  0.5438518  0.42645226 0.43898363 0.26776202
0.9104879  0.43174763 0.69611381 0.30759518 0.56035263 0.40954069  0.40531947 0.28066207 0.43879673 0.37507781 0.32620886 0.28945196  0.54879757 0.4273623  0.5738466  0.26220758
0.91417193 0.45101485 0.73933427 0.26451633 0.71971819 0.44980329  0.35669038 0.29466687 0.38463536 0.37772036 0.43332544 0.45636967  0.56047301 0.35540737 0.60839312 0.33982852
0.9153254  0.4531968  0.74646332 0.26176815 0.71996983 0.43539764  0.37982724 0.30272607 0.42925506 0.44499021 0.40155978 0.39032352  0.58196771 0.3771294  0.56530441 0.30576883
0.9153254  0.4531968  0.74646332 0.26176815 0.71996983 0.43539764  0.37982724 0.30272607 0.42925506 0.44499021 0.40155978 0.39032352  0.58196771 0.3771294  0.56530441 0.30576883
0.9104879  0.43174763 0.69611381 0.30759518 0.56035263 0.40954069  0.40531947 0.28066207 0.43879673 0.37507781 0.32620886 0.28945196  0.54879757 0.4273623  0.5738466  0.26220758
0.90453808 0.40729727 0.64290322 0.35509883 0.41543786 0.39956855  0.40701198 0.27046481 0.40204971 0.2489681  0.3434422  0.34575075  0.47655883 0.38832346 0.64683828 0.34313582
0.89559018 0.37866745 0.57900117 0.36616902 0.37130314 0.38308491  0.43579439 0.29730158 0.42215052 0.32931606 0.35057876 0.3564389  0.52815473 0.36625774 0.65650964 0.30877275
0.86573419 0.30093521 0.37906364 0.41231123 0.21470426 0.40824148  0.39615691 0.31854817 0.32768132 0.35937069 0.47655504 0.5280618  0.65874638 0.40572662 0.62146245 0.32845884
0.86826966 0.24864087 0.33196523 0.47562251 0.28623256 0.48142878  0.41410959 0.36165257 0.30187662 0.3713733  0.4329473  0.45192781  0.62207267 0.37749889 0.70416113 0.3199301 
0.86952241 0.18151853 0.26365931 0.52716905 0.32148658 0.5113096  0.39759831 0.41891601 0.25703884 0.56268661 0.54904195 0.42873821  0.62993332 0.44163718 0.59339103 0.37021646
0.86952241 0.18151853 0.26365931 0.52716905 0.32148658 0.5113096  0.39759831 0.41891601 0.25703884 0.56268661 0.54904195 0.42873821  0.62993332 0.44163718 0.59339103 0.37021646
0.86383618 0.16303273 0.22293324 0.54538382 0.3815644  0.56644573  0.41478967 0.44496682 0.27548474 0.52662211 0.47912795 0.35913306  0.59025115 0.39166688 0.68337173 0.39013328
0.86873755 0.14168278 0.21900021 0.59209631 0.40618642 0.60317755  0.43693705 0.46746839 0.26100999 0.51324722 0.45955688 0.34255398  0.59220227 0.40375161 0.72487516 0.37420607
0.85971803 0.1413696  0.18328565 0.56731137 0.42557495 0.62435907  0.4102881  0.48361089 0.25049832 0.52156866 0.44927891 0.33279642  0.54574915 0.43511107 0.67938656 0.38936809
0.85971803 0.1413696  0.18328565 0.56731137 0.42557495 0.62435907  0.4102881  0.48361089 0.25049832 0.52156866 0.44927891 0.33279642  0.54574915 0.43511107 0.67938656 0.38936809
0.85971803 0.1413696  0.18328565 0.56731137 0.42557495 0.62435907  0.4102881  0.48361089 0.25049832 0.52156866 0.44927891 0.33279642  0.54574915 0.43511107 0.67938656 0.38936809
0.85971803 0.1413696  0.18328565 0.56731137 0.42557495 0.62435907  0.4102881  0.48361089 0.25049832 0.52156866 0.44927891 0.33279642  0.54574915 0.43511107 0.67938656 0.38936809
0.83607603 0.16343542 0.12237709 0.50908085 0.46940579 0.65371972  0.40356633 0.49449849 0.33531914 0.46346385 0.3867347  0.29476344  0.46246116 0.40498663 0.61536715 0.53681494
0.83862064 0.15183565 0.12029929 0.54133612 0.48828729 0.67978916  0.43606941 0.52081584 0.36122336 0.44104299 0.34656994 0.31942849  0.4381924  0.43426392 0.60095392 0.48338003
0.8262959  0.16648155 0.09264572 0.51523187 0.51812371 0.70058564  0.44188813 0.51502723 0.40854547 0.3913785  0.30136807 0.29039164  0.45439417 0.39451386 0.59532838 0.51973986
0.8262959  0.16648155 0.09264572 0.51523187 0.51812371 0.70058564  0.44188813 0.51502723 0.40854547 0.3913785  0.30136807 0.29039164  0.45439417 0.39451386 0.59532838 0.51973986
0.81792082 0.19184106 0.08554442 0.47808378 0.52935228 0.72526902  0.42837162 0.51109002 0.40333093 0.33696493 0.2029051  0.25899991  0.44164123 0.37789661 0.63411773 0.43747564
0.81792082 0.19184106 0.08554442 0.47808378 0.52935228 0.72526902  0.42837162 0.51109002 0.40333093 0.33696493 0.2029051  0.25899991  0.44164123 0.37789661 0.63411773 0.43747564
0.81792082 0.19184106 0.08554442 0.47808378 0.52935228 0.72526902  0.42837162 0.51109002 0.40333093 0.33696493 0.2029051  0.25899991  0.44164123 0.37789661 0.63411773 0.43747564
0.81792082 0.19184106 0.08554442 0.47808378 0.52935228 0.72526902  0.42837162 0.51109002 0.40333093 0.33696493 0.2029051  0.25899991  0.44164123 0.37789661 0.63411773 0.43747564
0.81792082 0.19184106 0.08554442 0.47808378 0.52935228 0.72526902  0.42837162 0.51109002 0.40333093 0.33696493 0.2029051  0.25899991  0.44164123 0.37789661 0.63411773 0.43747564
0.77047797 0.24101778 0.03565393 0.48954128 0.59644539 0.6811665  0.54506288 0.43004346 0.50114028 0.28858519 0.3449117  0.23755041  0.52372224 0.46212311 0.70717182 0.52120656
0.77047797 0.24101778 0.03565393 0.48954128 0.59644539 0.6811665  0.54506288 0.43004346 0.50114028 0.28858519 0.3449117  0.23755041  0.52372224 0.46212311 0.70717182 0.52120656
0.71160483 0.34507443 0.01197624 0.47475078 0.59847531 0.63074008  0.60136157 0.25024729 0.54129463 0.26891378 0.46100629 0.23749609  0.65428141 0.50780566 0.71501656 0.4788024 
0.68796296 0.4411437  0.02730166 0.29870298 0.5036183  0.51027852  0.5588707  0.20471405 0.63036014 0.28282486 0.47945289 0.36543398  0.66239699 0.45233136 0.6417165  0.41088921
0.68226902 0.46462114 0.03353752 0.25371409 0.47389246 0.47059275  0.54152113 0.19309407 0.64710687 0.29852178 0.50829866 0.40077436  0.6557568  0.44757464 0.57671774 0.42622096
0.59192857 0.56226341 0.03736201 0.30781556 0.48343253 0.34160226  0.61181726 0.1242844  0.60462849 0.32571232 0.49468253 0.46604482  0.54585651 0.5578477  0.55854758 0.31527925
0.57721724 0.59444296 0.04227682 0.32986741 0.47337239 0.37430113  0.63245475 0.14079834 0.55804274 0.34962257 0.48961155 0.46115735  0.54603491 0.50823682 0.57812915 0.31647757
0.46032985 0.66699891 0.06911649 0.45827859 0.48747337 0.24994695  0.6417842  0.23340351 0.39248488 0.39045339 0.39461112 0.48871345  0.38632489 0.55168758 0.64227766 0.29038986
0.40775677 0.66180522 0.08828128 0.48065205 0.49880709 0.20098551  0.66230152 0.31053018 0.28816714 0.36734804 0.36553923 0.46517507  0.4600502  0.47563406 0.5449172  0.29033216
0.30611807 0.66241273 0.14112511 0.51075174 0.47930213 0.17456676  0.65129154 0.47113317 0.19265061 0.38889854 0.30685308 0.4755464  0.46189056 0.38372069 0.44299526 0.41680573
0.19702943 0.55189153 0.20996872 0.46608029 0.44332763 0.24915054  0.65478031 0.42923938 0.16034715 0.41417384 0.24173593 0.49338735  0.42925116 0.30875976 0.33097173 0.48045945
0.12523489 0.49718364 0.25955224 0.47334282 0.40688102 0.32058759  0.55881124 0.44311202 0.2423885  0.41288227 0.23167948 0.49186206  0.48469037 0.28811171 0.2874142  0.50893795
0.05306277 0.40930401 0.31102756 0.41763914 0.37666176 0.40426113  0.54756198 0.44277854 0.32496259 0.41131519 0.2958028  0.48030821  0.52794871 0.3284536  0.33871483 0.50730334
0.03585866 0.41212524 0.32497922 0.44119937 0.36258431 0.43456132  0.47408025 0.48300288 0.40965789 0.37891942 0.36959995 0.44872305  0.56049334 0.35167352 0.32731793 0.46450854
0.01779563 0.38669558 0.33863985 0.42004769 0.35385851 0.46460162  0.48109267 0.47190843 0.43452283 0.38595027 0.3992976  0.44733029  0.52908455 0.38078184 0.39373238 0.44873962
0.00039479 0.36283831 0.35232302 0.39930133 0.34523319 0.50234819  0.48417291 0.45702496 0.47508945 0.39693445 0.45000532 0.44589633  0.47476172 0.42761975 0.50206904 0.41641874
0.00039479 0.36283831 0.35232302 0.39930133 0.34523319 0.50234819  0.48417291 0.45702496 0.47508945 0.39693445 0.45000532 0.44589633  0.47476172 0.42761975 0.50206904 0.41641874
0.00039479 0.36283831 0.35232302 0.39930133 0.34523319 0.50234819  0.48417291 0.45702496 0.47508945 0.39693445 0.45000532 0.44589633  0.47476172 0.42761975 0.50206904 0.41641874
0.00039479 0.36283831 0.35232302 0.39930133 0.34523319 0.50234819  0.48417291 0.45702496 0.47508945 0.39693445 0.45000532 0.44589633  0.47476172 0.42761975 0.50206904 0.41641874
0.00039479 0.36283831 0.35232302 0.39930133 0.34523319 0.50234819  0.48417291 0.45702496 0.47508945 0.39693445 0.45000532 0.44589633  0.47476172 0.42761975 0.50206904 0.41641874
0.00039479 0.36283831 0.35232302 0.39930133 0.34523319 0.50234819  0.48417291 0.45702496 0.47508945 0.39693445 0.45000532 0.44589633  0.47476172 0.42761975 0.50206904 0.41641874
0.00039479 0.36283831 0.35232302 0.39930133 0.34523319 0.50234819  0.48417291 0.45702496 0.47508945 0.39693445 0.45000532 0.44589633  0.47476172 0.42761975 0.50206904 0.41641874
0.00039479 0.36283831 0.35232302 0.39930133 0.34523319 0.50234819  0.48417291 0.45702496 0.47508945 0.39693445 0.45000532 0.44589633  0.47476172 0.42761975 0.50206904 0.41641874
0.00039479 0.36283831 0.35232302 0.39930133 0.34523319 0.50234819  0.48417291 0.45702496 0.47508945 0.39693445 0.45000532 0.44589633  0.47476172 0.42761975 0.50206904 0.41641874
0.00039479 0.36283831 0.35232302 0.39930133 0.34523319 0.50234819  0.48417291 0.45702496 0.47508945 0.39693445 0.45000532 0.44589633  0.47476172 0.42761975 0.50206904 0.41641874
0.00039479 0.36283831 0.35232302 0.39930133 0.34523319 0.50234819  0.48417291 0.45702496 0.47508945 0.39693445 0.45000532 0.44589633  0.47476172 0.42761975 0.50206904 0.41641874
0.00039479 0.36283831 0.35232302 0.39930133 0.34523319 0.50234819  0.48417291 0.45702496 0.47508945 0.39693445 0.45000532 0.44589633  0.47476172 0.42761975 0.50206904 0.41641874
0.00039479 0.36283831 0.35232302 0.39930133 0.34523319 0.50234819  0.48417291 0.45702496 0.47508945 0.39693445 0.45000532 0.44589633  0.47476172 0.42761975 0.50206904 0.41641874
0.00039479 0.36283831 0.35232302 0.39930133 0.34523319 0.50234819  0.48417291 0.45702496 0.47508945 0.39693445 0.45000532 0.44589633  0.47476172 0.42761975 0.50206904 0.41641874
0.00039479 0.36283831 0.35232302 0.39930133 0.34523319 0.50234819  0.48417291 0.45702496 0.47508945 0.39693445 0.45000532 0.44589633  0.47476172 0.42761975 0.50206904 0.41641874
