0.00039479 0.36283831 0.35232302 0.39930133 0.34523319 0.50234819  0.48417291 0.45702496 0.47508945 0.39693445 0.45000532 0.44589633  0.47476172 0.42761975 0.50206904 0.41641874
0.00039479 0.36283831 0.35232302 0.39930133 0.34523319 0.50234819  0.48417291 0.45702496 0.47508945 0.39693445 0.45000532 0.44589633  0.47476172 0.42761975 0.50206904 0.41641874
0.00039479 0.36283831 0.35232302 0.39930133 0.34523319 0.50234819  0.48417291 0.45702496 0.47508945 0.39693445 0.45000532 0.44589633  0.47476172 0.42761975 0.50206904 0.41641874
0.00039479 0.36283831 0.35232302 0.39930133 0.34523319 0.50234819  0.48417291 0.45702496 0.47508945 0.39693445 0.45000532 0.44589633  0.47476172 0.42761975 0.50206904 0.41641874
0.00039479 0.36283831 0.35232302 0.39930133 0.34523319 0.50234819  0.48417291 0.45702496 0.47508945 0.39693445 0.45000532 0.44589633  0.47476172 0.42761975 0.50206904 0.41641874
0.00039479 0.36283831 0.35232302 0.39930133 0.34523319 0.50234819  0.48417291 0.45702496 0.47508945 0.39693445 0.45000532 0.44589633  0.47476172 0.42761975 0.50206904 0.41641874
0.00039479 0.36283831 0.35232302 0.39930133 0.34523319 0.50234819  0.48417291 0.45702496 0.47508945 0.39693445 0.45000532 0.44589633  0.47476172 0.42761975 0.50206904 0.41641874
0.00039479 0.36283831 0.35232302 0.39930133 0.34523319 0.50234819  0.48417291 0.45702496 0.47508945 0.39693445 0.45000532 0.44589633  0.47476172 0.42761975 0.50206904 0.41641874
0.00039479 0.36283831 0.35232302 0.39930133 0.34523319 0.50234819  0.48417291 0.45702496 0.47508945 0.39693445 0.45000532 0.44589633  0.47476172 0.42761975 0.50206904 0.41641874
0.00039479 0.36283831 0.35232302 0.39930133 0.34523319 0.50234819  0.48417291 0.45702496 0.47508945 0.39693445 0.45000532 0.44589633  0.47476172 0.42761975 0.50206904 0.41641874
0.00039479 0.36283831 0.35232302 0.39930133 0.34523319 0.50234819  0.48417291 0.45702496 0.47508945 0.39693445 0.45000532 0.44589633  0.47476172 0.42761975 0.50206904 0.41641874
0.00039479 0.36283831 0.35232302 0.39930133 0.34523319 0.50234819  0.48417291 0.45702496 0.47508945 0.39693445 0.45000532 0.44589633  0.47476172 0.42761975 0.50206904 0.41641874
0.00039479 0.36283831 0.35232302 0.39930133 0.34523319 0.50234819  0.48417291 0.45702496 0.47508945 0.39693445 0.45000532 0.44589633  0.47476172 0.42761975 0.50206904 0.41641874
0.00039479 0.36283831 0.35232302 0.39930133 0.34523319 0.50234819  0.48417291 0.45702496 0.47508945 0.39693445 0.45000532 0.44589633  0.47476172 0.42761975 0.50206904 0.41641874
0.00039479 0.36283831 0.35232302 0.39930133 0.34523319 0.50234819  0.48417291 0.45702496 0.47508945 0.39693445 0.45000532 0.44589633  0.47476172 0.42761975 0.50206904 0.41641874
0.00039479 0.36283831 0.35232302 0.39930133 0.34523319 0.50234819  0.48417291 0.45702496 0.47508945 0.39693445 0.45000532 0.44589633  0.47476172 0.42761975 0.50206904 0.41641874
0.00039479 0.36283831 0.35232302 0.39930133 0.34523319 0.50234819  0.48417291 0.45702496 0.47508945 0.39693445 0.45000532 0.44589633  0.47476172 0.42761975 0.50206904 0.41641874
0.00039479 0.36283831 0.35232302 0.39930133 0.34523319 0.50234819  0.48417291 0.45702496 0.47508945 0.39693445 0.45000532 0.44589633  0.47476172 0.42761975 0.50206904 0.41641874
0.00039479 0.36283831 0.35232302 0.39930133 0.34523319 0.50234819  0.48417291 0.45702496 0.47508945 0.39693445 0.45000532 0.44589633  0.47476172 0.42761975 0.50206904 0.41641874
0.00039479 0.36283831 0.35232302 0.39930133 0.34523319 0.50234819  0.48417291 0.45702496 0.47508945 0.39693445 0.45000532 0.44589633  0.47476172 0.42761975 0.50206904 0.41641874
0.00039479 0.36283831 0.35232302 0.39930133 0.34523319 0.50234819  0.48417291 0.45702496 0.47508945 0.39693445 0.45000532 0.44589633  0.47476172 0.42761975 0.50206904 0.41641874
0.00039479 0.36283831 0.35232302 0.39930133 0.34523319 0.50234819  0.48417291 0.45702496 0.47508945 0.39693445 0.45000532 0.44589633  0.47476172 0.42761975 0.50206904 0.41641874
0.00039479 0.36283831 0.35232302 0.39930133 0.34523319 0.50234819  0.48417291 0.45702496 0.47508945 0.39693445 0.45000532 0.44589633  0.47476172 0.42761975 0.50206904 0.41641874
0.00039479 0.36283831 0.35232302 0.39930133 0.34523319 0.50234819  0.48417291 0.45702496 0.47508945 0.39693445 0.45000532 0.44589633  0.47476172 0.42761975 0.50206904 0.41641874
0.00039479 0.36283831 0.35232302 0.39930133 0.34523319 0.50234819  0.48417291 0.45702496 0.47508945 0.39693445 0.45000532 0.44589633  0.47476172 0.42761975 0.50206904 0.41641874
0.00039479 0.36283831 0.35232302 0.39930133 0.34523319 0.50234819  0.48417291 0.45702496 0.47508945 0.39693445 0.45000532 0.44589633  0.47476172 0.42761975 0.50206904 0.41641874
0.00039479 0.36283831 0.35232302 0.39930133 0.34523319 0.50234819  0.48417291 0.45702496 0.47508945 0.39693445 0.45000532 0.44589633  0.47476172 0.42761975 0.50206904 0.41641874
0.00039479 0.36283831 0.35232302 0.39930133 0.34523319 0.50234819  0.48417291 0.45702496 0.47508945 0.39693445 0.45000532 0.44589633  0.47476172 0.42761975 0.50206904 0.41641874
0.00039479 0.36283831 0.35232302 0.39930133 0.34523319 0.50234819  0.48417291 0.45702496 0.47508945 0.39693445 0.45000532 0.44589633  0.47476172 0.42761975 0.50206904 0.41641874
0.00039479 0.36283831 0.35232302 0.39930133 0.34523319 0.50234819  0.48417291 0.45702496 0.47508945 0.39693445 0.45000532 0.44589633  0.47476172 0.42761975 0.50206904 0.41641874
0.00039479 0.36283831 0.35232302 0.39930133 0.34523319 0.50234819  0.48417291 0.45702496 0.47508945 0.39693445 0.45000532 0.44589633  0.47476172 0.42761975 0.50206904 0.41641874
0.00039479 0.36283831 0.35232302 0.39930133 0.34523319 0.50234819  0.48417291 0.45702496 0.47508945 0.39693445 0.45000532 0.44589633  0.47476172 0.42761975 0.50206904 0.41641874
0.00039479 0.36283831 0.35232302 0.39930133 0.34523319 0.50234819  0.48417291 0.45702496 0.47508945 0.39693445 0.45000532 0.44589633  0.47476172 0.42761975 0.50206904 0.41641874
0.00039479 0.36283831 0.35232302 0.39930133 0.34523319 0.50234819  0.48417291 0.45702496 0.47508945 0.39693445 0.45000532 0.44589633  0.47476172 0.42761975 0.50206904 0.41641874
0.00039479 0.36283831 0.35232302 0.39930133 0.34523319 0.50234819  0.48417291 0.45702496 0.47508945 0.39693445 0.45000532 0.44589633  0.47476172 0.42761975 0.50206904 0.41641874
0.00039479 0.36283831 0.35232302 0.39930133 0.34523319 0.50234819  0.48417291 0.45702496 0.47508945 0.39693445 0.45000532 0.44589633  0.47476172 0.42761975 0.50206904 0.41641874
0.00039479 0.36283831 0.35232302 0.39930133 0.34523319 0.50234819  0.48417291 0.45702496 0.47508945 0.39693445 0.45000532 0.44589633  0.47476172 0.42761975 0.50206904 0.41641874
0.00039479 0.36283831 0.35232302 0.39930133 0.34523319 0.50234819  0.48417291 0.45702496 0.47508945 0.39693445 0.45000532 0.44589633  0.47476172 0.42761975 0.50206904 0.41641874
0.05321128 0.43913037 0.31117827 0.46825072 0.37432155 0.40307748  0.44741125 0.50363182 0.41626492 0.3766235  0.34855458 0.45200603  0.59838234 0.37396954 0.35608178 0.48310896
0.21771696 0.64864031 0.20056543 0.60022031 0.42427897 0.29761542  0.39107454 0.5415703  0.45660256 0.36035897 0.45063908 0.42959885  0.48046843 0.43145525 0.47207827 0.3740021 
0.32597113 0.69919759 0.14361783 0.53951765 0.43249589 0.31145846  0.57377191 0.41855434 0.28952841 0.44968482 0.33195803 0.49555336  0.36700773 0.34453908 0.44163776 0.47300476
0.53294637 0.6405857  0.08245314 0.31974694 0.41674918 0.44260923  0.689068   0.29676102 0.42752119 0.390274   0.38834545 0.48297069  0.58708802 0.52930578 0.57807683 0.44408595
0.66194067 0.40562122 0.01914121 0.52893815 0.61490248 0.623706  0.74809075 0.30573119 0.58371427 0.22500585 0.32053553 0.36381413  0.59232795 0.7210855  0.5995868  0.3029925 
0.80893094 0.17498006 0.06068191 0.56759605 0.60040396 0.77613017  0.5888036  0.59238921 0.57327111 0.2353648  0.11355025 0.39617768  0.3080575  0.54343765 0.5175896  0.34224432
0.84526087 0.12075174 0.11838917 0.64126147 0.53712022 0.75022385  0.55469801 0.61595789 0.48369339 0.35480626 0.20885381 0.4657357  0.28919015 0.60409376 0.41886086 0.31201034
0.84764482 0.10958132 0.11805946 0.67483842 0.55021047 0.77090476  0.58797449 0.64213875 0.50845696 0.33822174 0.18530215 0.5030136  0.27429733 0.622691   0.39369913 0.27543514
0.87078778 0.08946555 0.18111561 0.73368004 0.50111849 0.73329535  0.60632999 0.63628692 0.44430893 0.40846565 0.258866   0.56607863  0.33250298 0.69529667 0.41703435 0.16322446
0.87494393 0.07266978 0.18558448 0.78581734 0.51086191 0.74197706  0.66843079 0.6590408  0.51896239 0.4056221  0.25467639 0.63349208  0.34503928 0.65137863 0.36868879 0.18941253
0.88096814 0.05322682 0.19797378 0.84771011 0.52190844 0.73414648  0.76264984 0.68454581 0.66044735 0.41686226 0.24127307 0.71524832  0.35054191 0.56469001 0.28984358 0.25816675
0.88181906 0.04955883 0.19925958 0.86218131 0.52502717 0.73786838  0.78358305 0.69319666 0.68889994 0.40584626 0.2308128  0.73912998  0.34295364 0.55334042 0.26962576 0.26557229
0.88181906 0.04955883 0.19925958 0.86218131 0.52502717 0.73786838  0.78358305 0.69319666 0.68889994 0.40584626 0.2308128  0.73912998  0.34295364 0.55334042 0.26962576 0.26557229
0.91890765 0.04823405 0.33592862 0.95534594 0.46249764 0.67866034  0.86079803 0.64596985 0.72542122 0.39231086 0.2473348  0.78011816  0.46772119 0.53100303 0.29498312 0.20386674
0.91872947 0.04909195 0.33611631 0.95275391 0.46064289 0.67601294  0.85783199 0.64241543 0.72233273 0.3956878  0.25339313 0.77603883  0.47721622 0.51895291 0.30452467 0.21172584
0.90837971 0.04909409 0.29887057 0.91484738 0.47445062 0.67409398  0.82946445 0.65140426 0.69693284 0.44693861 0.27054628 0.72193575  0.48044972 0.43681867 0.3865064  0.22769245
0.90817461 0.05005456 0.29906208 0.91195795 0.47235512 0.67115593  0.82610094 0.64768432 0.69330758 0.45105451 0.27745449 0.71784614  0.49114483 0.42332321 0.3964968  0.23576103
0.89838114 0.05338375 0.26384715 0.87523827 0.48492874 0.68302272  0.78397588 0.65114137 0.66499862 0.4710384  0.28804405 0.68754181  0.46531537 0.43307272 0.37604839 0.27944491
0.88940843 0.06228145 0.23021651 0.81732953 0.47184621 0.69216018  0.6758487  0.61358441 0.51566612 0.48191574 0.35147073 0.62173111  0.5081834  0.49744935 0.42550714 0.27418725
0.88600391 0.07815435 0.23003353 0.76496522 0.4504662  0.66069566  0.61220007 0.56865021 0.4459813  0.52305515 0.40867131 0.54360654  0.55808182 0.46076001 0.50009055 0.33474164
0.85522004 0.11405074 0.14924476 0.64538189 0.4966447  0.69947497  0.53247094 0.58596256 0.40179061 0.44624691 0.32017335 0.43877609  0.39973948 0.51028205 0.56781085 0.33279892
0.83401944 0.10391344 0.1597368  0.60537325 0.48503059 0.66492047  0.49985796 0.56839388 0.35200676 0.46413831 0.28926997 0.41157719  0.46464267 0.48463553 0.57784741 0.40781982
0.82247336 0.11796627 0.13117439 0.57710853 0.50545568 0.68969707  0.48665571 0.56416346 0.3869063  0.41052348 0.25092859 0.39087399  0.44466664 0.47573364 0.51786777 0.47634747
0.82101648 0.12476575 0.13050332 0.55392352 0.497792   0.67799087  0.45946045 0.54704107 0.36012284 0.42761876 0.26991629 0.35777578  0.46448972 0.45276562 0.55226126 0.49498868
0.83983312 0.14607347 0.12034099 0.56035522 0.49631586 0.69186446  0.45879695 0.53842889 0.38514313 0.42631188 0.32437134 0.34769678  0.41447935 0.4598149  0.56738643 0.45654298
0.83983312 0.14607347 0.12034099 0.56035522 0.49631586 0.69186446  0.45879695 0.53842889 0.38514313 0.42631188 0.32437134 0.34769678  0.41447935 0.4598149  0.56738643 0.45654298
0.83983312 0.14607347 0.12034099 0.56035522 0.49631586 0.69186446  0.45879695 0.53842889 0.38514313 0.42631188 0.32437134 0.34769678  0.41447935 0.4598149  0.56738643 0.45654298
0.83862064 0.15183565 0.12029929 0.54133612 0.48828729 0.67978916  0.43606941 0.52081584 0.36122336 0.44104299 0.34656994 0.31942849  0.4381924  0.43426392 0.60095392 0.48338003
0.8262959  0.16648155 0.09264572 0.51523187 0.51812371 0.70058564  0.44188813 0.51502723 0.40854547 0.3913785  0.30136807 0.29039164  0.45439417 0.39451386 0.59532838 0.51973986
0.8237513  0.17808131 0.09472352 0.4829766  0.4992422  0.6745162  0.40938504 0.48870988 0.38264125 0.41379936 0.34153283 0.26572659  0.47866293 0.36523656 0.60974161 0.57317477
0.7999243  0.21680584 0.06448215 0.43800745 0.53454427 0.68227344  0.44063796 0.47448422 0.42798535 0.34064545 0.2853728  0.22928475  0.47183348 0.35638064 0.70455434 0.55918981
0.78741153 0.26801337 0.07452761 0.34669826 0.48474233 0.61588074  0.42534567 0.45203233 0.49139137 0.35950097 0.2908114  0.29985616  0.45701214 0.36652629 0.62412109 0.54798629
0.78741153 0.26801337 0.07452761 0.34669826 0.48474233 0.61588074  0.42534567 0.45203233 0.49139137 0.35950097 0.2908114  0.29985616  0.45701214 0.36652629 0.62412109 0.54798629
0.75918861 0.34739888 0.06992433 0.25820243 0.45137788 0.57523029  0.44611196 0.4051534  0.57443075 0.3361075  0.30433937 0.37703903  0.57354524 0.39984002 0.54488432 0.50211316
0.75142741 0.37750329 0.07725116 0.21475738 0.42461936 0.54118441  0.45302535 0.41090001 0.61801183 0.341952   0.30433235 0.43291977  0.55657911 0.42220434 0.48895244 0.48207366
0.73902153 0.41287382 0.08375936 0.2103144  0.40861623 0.56476363  0.49047977 0.42541734 0.59308671 0.36901422 0.24163511 0.4574706  0.5766262  0.48412394 0.58297701 0.50912924
0.72358696 0.44015372 0.07706234 0.23063709 0.41770187 0.58184229  0.51937619 0.36465268 0.59613155 0.36157407 0.25877016 0.45005758  0.66880838 0.54588011 0.53050714 0.5071012 
0.75142741 0.37750329 0.07725116 0.21475738 0.42461936 0.54118441  0.45302535 0.41090001 0.61801183 0.341952   0.30433235 0.43291977  0.55657911 0.42220434 0.48895244 0.48207366
0.75925368 0.34798146 0.07565284 0.26106657 0.44490991 0.55673334  0.45041021 0.40469543 0.57851869 0.35780532 0.34114623 0.38400875  0.55160495 0.44729279 0.46609563 0.56413957
0.76701488 0.31787704 0.06832601 0.30451162 0.47166843 0.59077922  0.44349681 0.39894882 0.53493761 0.35196082 0.34115325 0.328128  0.56857109 0.42492847 0.5220275  0.58417907
0.76701488 0.31787704 0.06832601 0.30451162 0.47166843 0.59077922  0.44349681 0.39894882 0.53493761 0.35196082 0.34115325 0.328128  0.56857109 0.42492847 0.5220275  0.58417907
0.83117466 0.18478537 0.12631012 0.46236835 0.44478377 0.61698789  0.38141895 0.47199691 0.34979389 0.47683873 0.40630577 0.31134251  0.46051004 0.3929019  0.57386372 0.55274215
0.83607603 0.16343542 0.12237709 0.50908085 0.46940579 0.65371972  0.40356633 0.49449849 0.33531914 0.46346385 0.3867347  0.29476344  0.46246116 0.40498663 0.61536715 0.53681494
0.84745622 0.15844378 0.15686731 0.53585497 0.43905381 0.63826937  0.40372454 0.48006765 0.30012651 0.48383144 0.42780293 0.32902821  0.50878352 0.45971364 0.5903852  0.50156637
0.84745622 0.15844378 0.15686731 0.53585497 0.43905381 0.63826937  0.40372454 0.48006765 0.30012651 0.48383144 0.42780293 0.32902821  0.50878352 0.45971364 0.5903852  0.50156637
0.84745622 0.15844378 0.15686731 0.53585497 0.43905381 0.63826937  0.40372454 0.48006765 0.30012651 0.48383144 0.42780293 0.32902821  0.50878352 0.45971364 0.5903852  0.50156637
0.8590023  0.14439095 0.18542972 0.56411969 0.41862872 0.61349277  0.41692679 0.48429807 0.26522697 0.53744627 0.46614431 0.34973141  0.52875955 0.46861553 0.65036484 0.43303872
0.86393086 0.12162076 0.1830222  0.6299519  0.45060048 0.66024313  0.48270636 0.53679629 0.31589475 0.49844089 0.40242788 0.41167435  0.48959797 0.51649007 0.61078988 0.34302861
0.86393086 0.12162076 0.1830222  0.6299519  0.45060048 0.66024313  0.48270636 0.53679629 0.31589475 0.49844089 0.40242788 0.41167435  0.48959797 0.51649007 0.61078988 0.34302861
0.86716244 0.10925483 0.18686795 0.66547881 0.45521947 0.66096245  0.52250345 0.54587    0.36421363 0.50959047 0.41424393 0.44610444  0.51556508 0.46490995 0.59287249 0.38790846
0.86716244 0.10925483 0.18686795 0.66547881 0.45521947 0.66096245  0.52250345 0.54587    0.36421363 0.50959047 0.41424393 0.44610444  0.51556508 0.46490995 0.59287249 0.38790846
0.87925835 0.10124185 0.2192141  0.69544462 0.43181372 0.6563784  0.51602297 0.53075198 0.31429236 0.51408045 0.43844676 0.46343423  0.57887704 0.48613251 0.59691226 0.30898926
0.87925835 0.10124185 0.2192141  0.69544462 0.43181372 0.6563784  0.51602297 0.53075198 0.31429236 0.51408045 0.43844676 0.46343423  0.57887704 0.48613251 0.59691226 0.30898926
0.87925835 0.10124185 0.2192141  0.69544462 0.43181372 0.6563784  0.51602297 0.53075198 0.31429236 0.51408045 0.43844676 0.46343423  0.57887704 0.48613251 0.59691226 0.30898926
0.87925835 0.10124185 0.2192141  0.69544462 0.43181372 0.6563784  0.51602297 0.53075198 0.31429236 0.51408045 0.43844676 0.46343423  0.57887704 0.48613251 0.59691226 0.30898926
0.87109821 0.13637797 0.21777586 0.59408549 0.39522298 0.60890872  0.41044631 0.46918006 0.21530569 0.54193625 0.49034714 0.36706119  0.59207151 0.48983808 0.65440461 0.35411952
0.87109821 0.13637797 0.21777586 0.59408549 0.39522298 0.60890872  0.41044631 0.46918006 0.21530569 0.54193625 0.49034714 0.36706119  0.59207151 0.48983808 0.65440461 0.35411952
0.87109821 0.13637797 0.21777586 0.59408549 0.39522298 0.60890872  0.41044631 0.46918006 0.21530569 0.54193625 0.49034714 0.36706119  0.59207151 0.48983808 0.65440461 0.35411952
0.85017898 0.18243825 0.19186003 0.47977522 0.3725905  0.54834348  0.36986798 0.44072056 0.27158889 0.56084799 0.51277836 0.37221582  0.54399902 0.41773782 0.61258008 0.45996459
0.8423527  0.21196008 0.19345835 0.43346602 0.35229995 0.53279455  0.37248313 0.44692514 0.31108203 0.54499467 0.47596448 0.42112685  0.54897318 0.39264937 0.63543689 0.37789868
0.77045293 0.38261378 0.11810865 0.13503757 0.33883886 0.48945744  0.34555663 0.43957064 0.56631317 0.37898498 0.25354133 0.50240491  0.4553934  0.28566417 0.47715708 0.3362237 
0.77045293 0.38261378 0.11810865 0.13503757 0.33883886 0.48945744  0.34555663 0.43957064 0.56631317 0.37898498 0.25354133 0.50240491  0.4553934  0.28566417 0.47715708 0.3362237 
0.77045293 0.38261378 0.11810865 0.13503757 0.33883886 0.48945744  0.34555663 0.43957064 0.56631317 0.37898498 0.25354133 0.50240491  0.4553934  0.28566417 0.47715708 0.3362237 
0.75804705 0.41798431 0.12461685 0.13059459 0.32283573 0.51303666  0.38301105 0.45408797 0.54138804 0.4060472  0.19084409 0.52695574  0.47544049 0.34758377 0.57118164 0.36327928
0.71555703 0.5118945  0.12437467 0.15812698 0.31090506 0.58580084  0.4743183  0.47580238 0.48328452 0.42874856 0.18454323 0.52886215  0.59920409 0.39824567 0.62778246 0.42061034
0.64481386 0.66460666 0.15123029 0.22501041 0.263064   0.65911823  0.57319132 0.68094194 0.37022933 0.41009104 0.37522886 0.45854899  0.57983252 0.33077845 0.52689727 0.45179382
0.64481386 0.66460666 0.15123029 0.22501041 0.263064   0.65911823  0.57319132 0.68094194 0.37022933 0.41009104 0.37522886 0.45854899  0.57983252 0.33077845 0.52689727 0.45179382
0.64481386 0.66460666 0.15123029 0.22501041 0.263064   0.65911823  0.57319132 0.68094194 0.37022933 0.41009104 0.37522886 0.45854899  0.57983252 0.33077845 0.52689727 0.45179382
0.64481386 0.66460666 0.15123029 0.22501041 0.263064   0.65911823  0.57319132 0.68094194 0.37022933 0.41009104 0.37522886 0.45854899  0.57983252 0.33077845 0.52689727 0.45179382
0.65619404 0.65961502 0.1857205  0.25178453 0.23271203 0.64366788  0.57334953 0.66651111 0.3350367  0.43045863 0.41629709 0.49281376  0.62615488 0.38550547 0.50191532 0.41654525
0.66534172 0.6651076  0.2229948  0.26955028 0.20935845 0.63294393  0.5733949  0.63873605 0.32537315 0.40258468 0.43284888 0.50716166  0.66260414 0.43016185 0.47142985 0.43411483
0.69826091 0.63676651 0.29732293 0.2895557  0.15875001 0.5837882  0.54758762 0.6759409  0.2638563  0.45095124 0.42918139 0.50326646  0.49086495 0.42626345 0.49768693 0.40009904
0.69826091 0.63676651 0.29732293 0.2895557  0.15875001 0.5837882  0.54758762 0.6759409  0.2638563  0.45095124 0.42918139 0.50326646  0.49086495 0.42626345 0.49768693 0.40009904
0.73186923 0.61644805 0.37094875 0.29516504 0.13152153 0.5659021  0.50753229 0.7099297  0.20377784 0.40397918 0.43895778 0.530533  0.46782893 0.44019872 0.51784393 0.39041877
0.75243484 0.6027084  0.43522572 0.3482147  0.09170791 0.51994398  0.54738349 0.69801762 0.17938996 0.44927258 0.48757713 0.56099376  0.53425808 0.41774115 0.62331217 0.30672909
0.77128236 0.63039548 0.53537183 0.36859097 0.08613279 0.49470244  0.56892681 0.64352816 0.19185248 0.31415408 0.45088291 0.50464621  0.52641283 0.37238904 0.71989842 0.33805755
0.77923195 0.65882344 0.59684301 0.35169233 0.14457949 0.50419173  0.56228719 0.63570773 0.20319804 0.29091655 0.40923122 0.44506541  0.47506705 0.36573197 0.72933999 0.30763765
0.75240929 0.7034584  0.61821064 0.42952907 0.15668219 0.48619852  0.61464201 0.50075377 0.2683289  0.32533664 0.39145033 0.42538743  0.451308   0.3155694  0.72723053 0.29912114
0.75639442 0.71554657 0.64575584 0.42489594 0.17688308 0.49071588  0.60687216 0.49107001 0.25951146 0.27015512 0.38169957 0.41827626  0.41485368 0.29928038 0.75455451 0.31563165
0.77837115 0.72082683 0.69261703 0.34984106 0.28064494 0.51741836  0.59578949 0.55773232 0.24827942 0.26845056 0.39871918 0.41620701  0.48825826 0.31786387 0.75769102 0.29581851
0.79817939 0.71203883 0.73590854 0.28957677 0.37500865 0.50976523  0.57200503 0.63761403 0.2657651  0.3660092  0.37553118 0.3974446  0.48483362 0.31569772 0.7415241  0.2493598 
0.7996468  0.72017293 0.7524117  0.27597546 0.42300788 0.5245164  0.55619384 0.64274508 0.24445879 0.35654221 0.40417336 0.43961339  0.47708333 0.30172321 0.75258423 0.27006203
0.80318361 0.73742234 0.79120871 0.23630191 0.56182183 0.54802832  0.53216558 0.65259165 0.23549939 0.42087199 0.45382825 0.50106636  0.53041232 0.28286726 0.73371595 0.26634136
0.80318361 0.73742234 0.79120871 0.23630191 0.56182183 0.54802832  0.53216558 0.65259165 0.23549939 0.42087199 0.45382825 0.50106636  0.53041232 0.28286726 0.73371595 0.26634136
0.8055619  0.7414587  0.80595843 0.22779438 0.5710378  0.52787403  0.55031761 0.66292985 0.27875591 0.4792954  0.436414   0.45583376  0.51439338 0.30131447 0.709968   0.28426294
0.8055619  0.7414587  0.80595843 0.22779438 0.5710378  0.52787403  0.55031761 0.66292985 0.27875591 0.4792954  0.436414   0.45583376  0.51439338 0.30131447 0.709968   0.28426294
0.7996468  0.72017293 0.7524117  0.27597546 0.42300788 0.5245164  0.55619384 0.64274508 0.24445879 0.35654221 0.40417336 0.43961339  0.47708333 0.30172321 0.75258423 0.27006203
0.84951423 0.56202194 0.6755591  0.27787068 0.3256986  0.3942448  0.47310982 0.50543058 0.39809162 0.21107513 0.42507795 0.40770293  0.43264399 0.32582115 0.63136187 0.24616213
0.88952686 0.46206396 0.67611864 0.32280701 0.34374886 0.31951174  0.49249553 0.36613529 0.54557422 0.31100481 0.44538587 0.48919526  0.49953646 0.31295552 0.59449407 0.37526742
0.88591396 0.36468974 0.53199214 0.38840974 0.17757816 0.27684026  0.51306619 0.29556074 0.58208469 0.34855084 0.44815065 0.56753986  0.5932023  0.26050484 0.60084473 0.42647786
0.87704243 0.36240527 0.48988892 0.36493766 0.15823254 0.30256311  0.45582355 0.29690635 0.47663395 0.31905733 0.47214932 0.59734097  0.60148551 0.3482181  0.61519745 0.36286748
0.87076123 0.35896513 0.45921048 0.35473095 0.15749961 0.32931855  0.41435912 0.29311252 0.41178478 0.29000667 0.49588146 0.62011083  0.6136073  0.40483991 0.58787623 0.34131663
0.88948186 0.2156137  0.37272568 0.53750107 0.25541414 0.44726487  0.39590494 0.3166891  0.24038352 0.40245913 0.5891575  0.44958044  0.70133568 0.37774916 0.6775348  0.45789329
0.87474814 0.20370846 0.3034309  0.50730282 0.2767168  0.47216819  0.37273224 0.37006501 0.23926245 0.5448395  0.59265672 0.44899145  0.68357316 0.44750059 0.56662423 0.39878469
0.86227488 0.17442527 0.22420618 0.50974102 0.34918475 0.54375943  0.3633875  0.42560254 0.22166761 0.56533797 0.53698119 0.38954561  0.60731098 0.43896038 0.61661985 0.38104539
0.83097354 0.21882925 0.15405225 0.41755409 0.41119038 0.60866975  0.33651052 0.43186575 0.28654524 0.43694198 0.35910861 0.30318591  0.52825965 0.35871423 0.62041151 0.4025574 
0.83097354 0.21882925 0.15405225 0.41755409 0.41119038 0.60866975  0.33651052 0.43186575 0.28654524 0.43694198 0.35910861 0.30318591  0.52825965 0.35871423 0.62041151 0.4025574 
0.80655289 0.24148812 0.09405253 0.36148404 0.46443255 0.63405028  0.34880972 0.44119515 0.38378863 0.38278751 0.28970392 0.25681928  0.48114946 0.29774161 0.6107462  0.51783642
0.80655289 0.24148812 0.09405253 0.36148404 0.46443255 0.63405028  0.34880972 0.44119515 0.38378863 0.38278751 0.28970392 0.25681928  0.48114946 0.29774161 0.6107462  0.51783642
0.72457953 0.44768268 0.07567888 0.15635926 0.38546043 0.50115336  0.44824717 0.3151871  0.64684719 0.3200516  0.33087238 0.48063523  0.63458977 0.37877272 0.47536349 0.4132878 
0.5599585  0.58861121 0.04617004 0.32816033 0.48324067 0.31067666  0.64051219 0.17670453 0.53810045 0.35053646 0.42798391 0.49042417  0.53137518 0.61032725 0.68109067 0.33716793
0.4334488  0.70459142 0.10621568 0.42836079 0.41579185 0.40847325  0.69966584 0.30363522 0.34889754 0.44463445 0.43785155 0.48791612  0.35230001 0.44545991 0.54960675 0.42032304
0.25253083 0.62327283 0.17550873 0.509313   0.4502875  0.25236251  0.61485613 0.43338531 0.2441336  0.41932116 0.34651561 0.48049994  0.32929468 0.37163755 0.47397313 0.40732907
0.10623995 0.4891158  0.26996826 0.49206186 0.40746486 0.32066817  0.48411681 0.49019705 0.33477933 0.40451979 0.25000122 0.486264  0.5978169  0.36805688 0.38898954 0.5390218 
0.03530472 0.41371177 0.32449245 0.44717499 0.36543573 0.42942868  0.4584486  0.49182641 0.42935187 0.38251683 0.3665383  0.45119726  0.57400726 0.38653202 0.39012683 0.47468522
0.00039479 0.36283831 0.35232302 0.39930133 0.34523319 0.50234819  0.48417291 0.45702496 0.47508945 0.39693445 0.45000532 0.44589633  0.47476172 0.42761975 0.50206904 0.41641874
0.00039479 0.36283831 0.35232302 0.39930133 0.34523319 0.50234819  0.48417291 0.45702496 0.47508945 0.39693445 0.45000532 0.44589633  0.47476172 0.42761975 0.50206904 0.41641874
0.01790387 0.3898545  0.33817562 0.42642862 0.35681041 0.46717525  0.46152885 0.47694295 0.46991849 0.39350101 0.41724602 0.4497633  0.51968443 0.43336993 0.49846349 0.44236435
0.03530472 0.41371177 0.32449245 0.44717499 0.36543573 0.42942868  0.4584486  0.49182641 0.42935187 0.38251683 0.3665383  0.45119726  0.57400726 0.38653202 0.39012683 0.47468522
0.05295748 0.44105795 0.31047847 0.47423707 0.37661473 0.39820267  0.43339135 0.51107118 0.43325487 0.38045997 0.34459946 0.45442981  0.6091228  0.40002928 0.40593895 0.49183507
0.3087654  0.70250685 0.17087943 0.57604915 0.38002051 0.45213047  0.43299905 0.37983173 0.43837567 0.51431292 0.3061118  0.52854283  0.34625127 0.35796169 0.56027136 0.53196413
0.38190413 0.73995278 0.13302622 0.52748002 0.3877218  0.46039442  0.5572409  0.3472771  0.37241202 0.51198386 0.36407936 0.51759928  0.30670452 0.3362123  0.5040844  0.51152245
0.43823475 0.78668205 0.11384664 0.51563062 0.36221257 0.54861736  0.56400934 0.32945515 0.44417939 0.50192675 0.48852095 0.49033706  0.29043755 0.34153198 0.48437823 0.47367379
0.49284256 0.77618581 0.10663065 0.4167338  0.34435452 0.61305562  0.6733554  0.34077169 0.41435739 0.4745971  0.52258954 0.46671483  0.40488404 0.36818807 0.47766193 0.48190979
0.51122529 0.79950986 0.09455724 0.43195576 0.3493868  0.5994669  0.66683861 0.34610602 0.416032   0.46732754 0.53386627 0.462384  0.40329739 0.37544479 0.47961754 0.45658068
0.52906469 0.78820068 0.09336626 0.38841304 0.34732777 0.60797626  0.70061735 0.39068725 0.41489499 0.43795197 0.56221965 0.44478585  0.48337353 0.40582652 0.48947905 0.4686588 
0.49279506 0.79883281 0.08948759 0.4538334  0.37477935 0.53766039  0.67361769 0.34105092 0.40775879 0.46182159 0.56147453 0.45894149  0.33910793 0.39120822 0.51804061 0.41814157
0.49279506 0.79883281 0.08948759 0.4538334  0.37477935 0.53766039  0.67361769 0.34105092 0.40775879 0.46182159 0.56147453 0.45894149  0.33910793 0.39120822 0.51804061 0.41814157
0.4194151  0.79188163 0.10198205 0.55425799 0.40738704 0.40799125  0.5679921  0.37917225 0.3908922  0.45671486 0.49170017 0.47410252  0.26874586 0.36717735 0.51011975 0.38571424
0.3815066  0.77000854 0.1089312  0.58376992 0.43713927 0.31394553  0.5440843  0.40276418 0.34700658 0.46639094 0.39807892 0.49662605  0.26013455 0.39024562 0.58419305 0.39673942
0.32631238 0.75520533 0.13699044 0.65185894 0.43144618 0.29723833  0.3865569  0.46213953 0.42992379 0.47032074 0.31848359 0.51146085  0.34684859 0.41521672 0.64049114 0.45149488
0.28897657 0.71937743 0.15003571 0.6446261  0.45031146 0.22384037  0.40166931 0.51056799 0.37587127 0.42628769 0.28586587 0.49709547  0.44139901 0.41437333 0.57074146 0.45065635
0.28897657 0.71937743 0.15003571 0.6446261  0.45031146 0.22384037  0.40166931 0.51056799 0.37587127 0.42628769 0.28586587 0.49709547  0.44139901 0.41437333 0.57074146 0.45065635
0.32631238 0.75520533 0.13699044 0.65185894 0.43144618 0.29723833  0.3865569  0.46213953 0.42992379 0.47032074 0.31848359 0.51146085  0.34684859 0.41521672 0.64049114 0.45149488
0.36368844 0.77722413 0.13292155 0.63258895 0.39810698 0.40759328  0.39034047 0.4055107  0.4707867  0.5024757  0.33910503 0.51961021  0.34075692 0.40042769 0.61915886 0.48023819
0.36368844 0.77722413 0.13292155 0.63258895 0.39810698 0.40759328  0.39034047 0.4055107  0.4707867  0.5024757  0.33910503 0.51961021  0.34075692 0.40042769 0.61915886 0.48023819
0.42028168 0.80784741 0.11641406 0.58350856 0.36955474 0.5054201  0.47295282 0.36227731 0.46939627 0.48447313 0.46813702 0.48494579  0.27618586 0.35193664 0.50308644 0.42450223
0.43917576 0.81684401 0.11488651 0.56584208 0.35122413 0.56182676  0.47942694 0.35652119 0.49760701 0.48167717 0.51210968 0.47442886  0.29605323 0.33657096 0.45465744 0.43788527
0.476184   0.81808372 0.11473078 0.51013595 0.32306887 0.63945974  0.52985071 0.36039565 0.48121269 0.46570131 0.52960427 0.45729399  0.36358119 0.32448577 0.38797662 0.45114741
0.49362571 0.81124581 0.1016175  0.47514645 0.3390896  0.61266162  0.60791633 0.33866394 0.42945969 0.47868133 0.51729227 0.46887136  0.35637887 0.33670351 0.41965302 0.46160683
0.54741609 0.8254483  0.23209774 0.44620656 0.27475559 0.66950961  0.55055353 0.35530981 0.40294644 0.44177944 0.31299157 0.40284923  0.41786336 0.39585956 0.26048768 0.47967964
0.71030227 0.85860488 0.70699501 0.35915105 0.48787487 0.56862404  0.71404444 0.39809132 0.43183107 0.57261758 0.31031083 0.21268472  0.79249589 0.47308453 0.35604768 0.23142866
0.73941769 0.8227451  0.73093586 0.34231433 0.46461929 0.5313503  0.72793206 0.44485461 0.40813264 0.60052352 0.37384882 0.2371565  0.83432339 0.54391684 0.43049436 0.20910551
0.79387632 0.69304614 0.6856986  0.25995434 0.39368516 0.45092857  0.67806174 0.58657337 0.46781017 0.6596042  0.26914671 0.26915726  0.69791866 0.49299296 0.64150582 0.20267964
0.79363225 0.62178867 0.57330884 0.26775414 0.26505769 0.40715525  0.6943015  0.56960278 0.5392995  0.72519006 0.22354914 0.29087992  0.72379988 0.59816817 0.61936352 0.24074929
0.78337337 0.60431694 0.51394119 0.27202531 0.21973937 0.42506833  0.66898364 0.58713691 0.48926251 0.69814362 0.25364431 0.3564683  0.67633282 0.60996046 0.631149   0.25404423
0.78273047 0.55389421 0.43690701 0.2784878  0.16085746 0.47644467  0.54517488 0.60917681 0.28893035 0.58062146 0.32518208 0.51765325  0.60385641 0.59668415 0.6847456  0.20489248
0.74076044 0.52552406 0.25261294 0.23565694 0.17283092 0.549384  0.48474934 0.65463078 0.27683764 0.52945327 0.33850288 0.60746128  0.53705344 0.51447688 0.66809206 0.30898462
0.74409158 0.49833614 0.21320791 0.18683097 0.21324305 0.53213548  0.46395364 0.65254768 0.35861601 0.48517544 0.30250564 0.57808398  0.49055267 0.50936074 0.67349244 0.34303487
0.74409158 0.49833614 0.21320791 0.18683097 0.21324305 0.53213548  0.46395364 0.65254768 0.35861601 0.48517544 0.30250564 0.57808398  0.49055267 0.50936074 0.67349244 0.34303487
0.74409158 0.49833614 0.21320791 0.18683097 0.21324305 0.53213548  0.46395364 0.65254768 0.35861601 0.48517544 0.30250564 0.57808398  0.49055267 0.50936074 0.67349244 0.34303487
0.74409158 0.49833614 0.21320791 0.18683097 0.21324305 0.53213548  0.46395364 0.65254768 0.35861601 0.48517544 0.30250564 0.57808398  0.49055267 0.50936074 0.67349244 0.34303487
0.70496823 0.54738125 0.14077073 0.13356318 0.28313715 0.57210026  0.51175355 0.62041356 0.48265891 0.4077839  0.25459702 0.52464881  0.56164162 0.51154702 0.6267323  0.47917493
0.70496823 0.54738125 0.14077073 0.13356318 0.28313715 0.57210026  0.51175355 0.62041356 0.48265891 0.4077839  0.25459702 0.52464881  0.56164162 0.51154702 0.6267323  0.47917493
0.65937042 0.62020572 0.11584846 0.16811665 0.30623614 0.60495166  0.60605688 0.56587439 0.48967665 0.40551366 0.30896402 0.5072982  0.65992569 0.53145363 0.64986738 0.54662447
0.5961209  0.7222045  0.11850939 0.28918117 0.29719356 0.67153394  0.63017364 0.46538071 0.41600072 0.41850493 0.36486726 0.4708522  0.65787578 0.47121416 0.43871063 0.5012691 
0.58108692 0.75256055 0.12394235 0.31353641 0.28926624 0.69493698  0.64085643 0.51238524 0.37699323 0.42387175 0.40951623 0.44861004  0.63806581 0.39214551 0.40029533 0.49172826
0.52875335 0.79051115 0.11473947 0.4151274  0.31066289 0.66293163  0.60527394 0.41253976 0.40787149 0.45570809 0.46743806 0.46060406  0.47849664 0.35377897 0.37538899 0.47909433
0.51146511 0.79993663 0.10042651 0.43160372 0.33703057 0.62117098  0.64169506 0.38324518 0.42832268 0.44930576 0.54564566 0.45127321  0.43645501 0.36708524 0.42951453 0.47368495
0.52866054 0.78701157 0.1416573  0.43300613 0.26842196 0.72965426  0.49233851 0.46055864 0.43927977 0.44457092 0.39767345 0.45626294  0.53163862 0.32545741 0.29994587 0.46830384
0.51145643 0.78983279 0.15560896 0.45656636 0.25434451 0.75995445  0.41885679 0.50078297 0.52397506 0.41217515 0.4714706  0.42467778  0.56418325 0.34867733 0.28854897 0.42550904
0.50906895 0.78777696 0.17994002 0.50793015 0.23233004 0.76837122  0.34030862 0.46649019 0.47455342 0.46029106 0.40081428 0.44732604  0.47818362 0.31053428 0.22266408 0.34515165
0.5533781  0.80596813 0.35271522 0.58112329 0.15317205 0.72457362  0.33838942 0.37559424 0.3853994  0.36432167 0.45436945 0.47355364  0.55565468 0.46555171 0.15016822 0.32892126
0.57303785 0.79568526 0.41322208 0.62287955 0.11015687 0.69094618  0.34220432 0.35434836 0.32868871 0.33030652 0.50327766 0.5102817  0.5417487  0.46867656 0.22473621 0.3323844 
0.59672414 0.83494014 0.54570408 0.63933452 0.14043329 0.67310198  0.36313502 0.30743886 0.34793201 0.25861628 0.46691289 0.44502662  0.55773912 0.4357549  0.29280218 0.28592822
0.62333189 0.84922594 0.66448669 0.6693284  0.1573274  0.61982869  0.42102019 0.30127095 0.39352922 0.27479267 0.43636186 0.38724188  0.49811492 0.35792419 0.42193503 0.24784168
0.64245253 0.84350923 0.7192713  0.63722978 0.23567337 0.62892022  0.35879034 0.34632197 0.33698599 0.28363884 0.43872468 0.43101524  0.35934162 0.28022127 0.47611904 0.2272687 
0.64245253 0.84350923 0.7192713  0.63722978 0.23567337 0.62892022  0.35879034 0.34632197 0.33698599 0.28363884 0.43872468 0.43101524  0.35934162 0.28022127 0.47611904 0.2272687 
0.64245253 0.84350923 0.7192713  0.63722978 0.23567337 0.62892022  0.35879034 0.34632197 0.33698599 0.28363884 0.43872468 0.43101524  0.35934162 0.28022127 0.47611904 0.2272687 
0.64245253 0.84350923 0.7192713  0.63722978 0.23567337 0.62892022  0.35879034 0.34632197 0.33698599 0.28363884 0.43872468 0.43101524  0.35934162 0.28022127 0.47611904 0.2272687 
0.64245253 0.84350923 0.7192713  0.63722978 0.23567337 0.62892022  0.35879034 0.34632197 0.33698599 0.28363884 0.43872468 0.43101524  0.35934162 0.28022127 0.47611904 0.2272687 
0.64245253 0.84350923 0.7192713  0.63722978 0.23567337 0.62892022  0.35879034 0.34632197 0.33698599 0.28363884 0.43872468 0.43101524  0.35934162 0.28022127 0.47611904 0.2272687 
0.66029193 0.83220005 0.71808031 0.59368705 0.23361434 0.63742959  0.39256908 0.3909032  0.33584898 0.25426327 0.46707806 0.41341709  0.43941776 0.31060299 0.48598055 0.23934682
0.66029193 0.83220005 0.71808031 0.59368705 0.23361434 0.63742959  0.39256908 0.3909032  0.33584898 0.25426327 0.46707806 0.41341709  0.43941776 0.31060299 0.48598055 0.23934682
0.66029193 0.83220005 0.71808031 0.59368705 0.23361434 0.63742959  0.39256908 0.3909032  0.33584898 0.25426327 0.46707806 0.41341709  0.43941776 0.31060299 0.48598055 0.23934682
0.69311159 0.78904299 0.72723591 0.53207483 0.21905505 0.62562649  0.37520267 0.51778408 0.3356983  0.23937804 0.4575238  0.40808721  0.41394659 0.26457591 0.54715896 0.25936601
0.69311159 0.78904299 0.72723591 0.53207483 0.21905505 0.62562649  0.37520267 0.51778408 0.3356983  0.23937804 0.4575238  0.40808721  0.41394659 0.26457591 0.54715896 0.25936601
0.69164417 0.78090889 0.71073275 0.54567614 0.17105583 0.61087532  0.39101386 0.51265302 0.35700461 0.24884503 0.42888162 0.36591842  0.42169688 0.27855042 0.53609882 0.23866378
0.69164417 0.78090889 0.71073275 0.54567614 0.17105583 0.61087532  0.39101386 0.51265302 0.35700461 0.24884503 0.42888162 0.36591842  0.42169688 0.27855042 0.53609882 0.23866378
0.69164417 0.78090889 0.71073275 0.54567614 0.17105583 0.61087532  0.39101386 0.51265302 0.35700461 0.24884503 0.42888162 0.36591842  0.42169688 0.27855042 0.53609882 0.23866378
0.7047434  0.74227836 0.68605233 0.52828779 0.12443319 0.58276174  0.38822621 0.57072551 0.38865792 0.23556628 0.4404794  0.37342327  0.41636386 0.25618812 0.59140408 0.27135807
0.71647706 0.70487253 0.66535937 0.50658042 0.09833618 0.56420658  0.37357566 0.65304084 0.39429951 0.30770376 0.43669812 0.39018545  0.39774444 0.25028882 0.58480225 0.26692376
0.72161778 0.65784151 0.55908521 0.5097408  0.0382394  0.52475531  0.45532638 0.62175048 0.2869172  0.35607517 0.43774766 0.53828796  0.44215335 0.20932666 0.6010819  0.36791861
0.63243569 0.75954518 0.43945461 0.5485328  0.11762901 0.62556335  0.48533455 0.39822656 0.30890477 0.33573187 0.45715396 0.51294007  0.66692518 0.39419794 0.38019731 0.33167026
0.58592166 0.75738649 0.29869479 0.5416084  0.15777551 0.68531428  0.48098517 0.41604193 0.30474841 0.48522068 0.44474448 0.52345149  0.69190549 0.36111746 0.32294504 0.25498528
0.49361703 0.80114197 0.15679995 0.50010909 0.25640354 0.75144508  0.38507805 0.45620174 0.52511207 0.44155072 0.44311722 0.44227593  0.48410711 0.3182956  0.27868747 0.41343092
0.40307756 0.81066863 0.13036572 0.6070688  0.35547728 0.53572029  0.3994711  0.40250164 0.55409156 0.45207736 0.54193417 0.45336063  0.30873049 0.37515656 0.49168954 0.38170743
0.34673006 0.76795845 0.14838734 0.62693313 0.38173493 0.45400553  0.37221334 0.42434035 0.52206432 0.47284379 0.44866714 0.47939627  0.27913051 0.39602644 0.58112502 0.41361135
0.17950588 0.61708045 0.22301504 0.61883112 0.41741646 0.29196645  0.30962206 0.57169462 0.4800793  0.39795679 0.29026422 0.47735383  0.63816438 0.43038031 0.51598572 0.53399541
0.12541581 0.53924282 0.26415607 0.55060946 0.39076253 0.37884183  0.34974392 0.52985875 0.51679239 0.41716795 0.35665478 0.47483511  0.54436986 0.46501554 0.62093105 0.50521806
0.03555663 0.41720068 0.32416163 0.4534907  0.36798941 0.43594923  0.43647159 0.49618771 0.47382149 0.39144415 0.39530718 0.45299584  0.55479998 0.44686718 0.51427561 0.45951419
0.00039479 0.36283831 0.35232302 0.39930133 0.34523319 0.50234819  0.48417291 0.45702496 0.47508945 0.39693445 0.45000532 0.44589633  0.47476172 0.42761975 0.50206904 0.41641874
0.00039479 0.36283831 0.35232302 0.39930133 0.34523319 0.50234819  0.48417291 0.45702496 0.47508945 0.39693445 0.45000532 0.44589633  0.47476172 0.42761975 0.50206904 0.41641874
0.00039479 0.36283831 0.35232302 0.39930133 0.34523319 0.50234819  0.48417291 0.45702496 0.47508945 0.39693445 0.45000532 0.44589633  0.47476172 0.42761975 0.50206904 0.41641874
0.00039479 0.36283831 0.35232302 0.39930133 0.34523319 0.50234819  0.48417291 0.45702496 0.47508945 0.39693445 0.45000532 0.44589633  0.47476172 0.42761975 0.50206904 0.41641874
0.00039479 0.36283831 0.35232302 0.39930133 0.34523319 0.50234819  0.48417291 0.45702496 0.47508945 0.39693445 0.45000532 0.44589633  0.47476172 0.42761975 0.50206904 0.41641874
0.00039479 0.36283831 0.35232302 0.39930133 0.34523319 0.50234819  0.48417291 0.45702496 0.47508945 0.39693445 0.45000532 0.44589633  0.47476172 0.42761975 0.50206904 0.41641874
0.00039479 0.36283831 0.35232302 0.39930133 0.34523319 0.50234819  0.48417291 0.45702496 0.47508945 0.39693445 0.45000532 0.44589633  0.47476172 0.42761975 0.50206904 0.41641874
0.00039479 0.36283831 0.35232302 0.39930133 0.34523319 0.50234819  0.48417291 0.45702496 0.47508945 0.39693445 0.45000532 0.44589633  0.47476172 0.42761975 0.50206904 0.41641874
0.00039479 0.36283831 0.35232302 0.39930133 0.34523319 0.50234819  0.48417291 0.45702496 0.47508945 0.39693445 0.45000532 0.44589633  0.47476172 0.42761975 0.50206904 0.41641874
0.00039479 0.36283831 0.35232302 0.39930133 0.34523319 0.50234819  0.48417291 0.45702496 0.47508945 0.39693445 0.45000532 0.44589633  0.47476172 0.42761975 0.50206904 0.41641874
0.00039479 0.36283831 0.35232302 0.39930133 0.34523319 0.50234819  0.48417291 0.45702496 0.47508945 0.39693445 0.45000532 0.44589633  0.47476172 0.42761975 0.50206904 0.41641874
0.00039479 0.36283831 0.35232302 0.39930133 0.34523319 0.50234819  0.48417291 0.45702496 0.47508945 0.39693445 0.45000532 0.44589633  0.47476172 0.42761975 0.50206904 0.41641874
0.00039479 0.36283831 0.35232302 0.39930133 0.34523319 0.50234819  0.48417291 0.45702496 0.47508945 0.39693445 0.45000532 0.44589633  0.47476172 0.42761975 0.50206904 0.41641874
0.00039479 0.36283831 0.35232302 0.39930133 0.34523319 0.50234819  0.48417291 0.45702496 0.47508945 0.39693445 0.45000532 0.44589633  0.47476172 0.42761975 0.50206904 0.41641874
0.00039479 0.36283831 0.35232302 0.39930133 0.34523319 0.50234819  0.48417291 0.45702496 0.47508945 0.39693445 0.45000532 0.44589633  0.47476172 0.42761975 0.50206904 0.41641874
0.00039479 0.36283831 0.35232302 0.39930133 0.34523319 0.50234819  0.48417291 0.45702496 0.47508945 0.39693445 0.45000532 0.44589633  0.47476172 0.42761975 0.50206904 0.41641874
0.00039479 0.36283831 0.35232302 0.39930133 0.34523319 0.50234819  0.48417291 0.45702496 0.47508945 0.39693445 0.45000532 0.44589633  0.47476172 0.42761975 0.50206904 0.41641874
0.00039479 0.36283831 0.35232302 0.39930133 0.34523319 0.50234819  0.48417291 0.45702496 0.47508945 0.39693445 0.45000532 0.44589633  0.47476172 0.42761975 0.50206904 0.41641874
0.00039479 0.36283831 0.35232302 0.39930133 0.34523319 0.50234819  0.48417291 0.45702496 0.47508945 0.39693445 0.45000532 0.44589633  0.47476172 0.42761975 0.50206904 0.41641874
0.00039479 0.36283831 0.35232302 0.39930133 0.34523319 0.50234819  0.48417291 0.45702496 0.47508945 0.39693445 0.45000532 0.44589633  0.47476172 0.42761975 0.50206904 0.41641874
0.00039479 0.36283831 0.35232302 0.39930133 0.34523319 0.50234819  0.48417291 0.45702496 0.47508945 0.39693445 0.45000532 0.44589633  0.47476172 0.42761975 0.50206904 0.41641874
