0.00039479 0.36283831 0.35232302 0.39930133 0.34523319 0.50234819  0.48417291 0.45702496 0.47508945 0.39693445 0.45000532 0.44589633  0.47476172 0.42761975 0.50206904 0.41641874
0.00039479 0.36283831 0.35232302 0.39930133 0.34523319 0.50234819  0.48417291 0.45702496 0.47508945 0.39693445 0.45000532 0.44589633  0.47476172 0.42761975 0.50206904 0.41641874
0.00039479 0.36283831 0.35232302 0.39930133 0.34523319 0.50234819  0.48417291 0.45702496 0.47508945 0.39693445 0.45000532 0.44589633  0.47476172 0.42761975 0.50206904 0.41641874
0.00039479 0.36283831 0.35232302 0.39930133 0.34523319 0.50234819  0.48417291 0.45702496 0.47508945 0.39693445 0.45000532 0.44589633  0.47476172 0.42761975 0.50206904 0.41641874
0.00039479 0.36283831 0.35232302 0.39930133 0.34523319 0.50234819  0.48417291 0.45702496 0.47508945 0.39693445 0.45000532 0.44589633  0.47476172 0.42761975 0.50206904 0.41641874
0.00039479 0.36283831 0.35232302 0.39930133 0.34523319 0.50234819  0.48417291 0.45702496 0.47508945 0.39693445 0.45000532 0.44589633  0.47476172 0.42761975 0.50206904 0.41641874
0.00039479 0.36283831 0.35232302 0.39930133 0.34523319 0.50234819  0.48417291 0.45702496 0.47508945 0.39693445 0.45000532 0.44589633  0.47476172 0.42761975 0.50206904 0.41641874
0.00039479 0.36283831 0.35232302 0.39930133 0.34523319 0.50234819  0.48417291 0.45702496 0.47508945 0.39693445 0.45000532 0.44589633  0.47476172 0.42761975 0.50206904 0.41641874
0.00039479 0.36283831 0.35232302 0.39930133 0.34523319 0.50234819  0.48417291 0.45702496 0.47508945 0.39693445 0.45000532 0.44589633  0.47476172 0.42761975 0.50206904 0.41641874
0.00039479 0.36283831 0.35232302 0.39930133 0.34523319 0.50234819  0.48417291 0.45702496 0.47508945 0.39693445 0.45000532 0.44589633  0.47476172 0.42761975 0.50206904 0.41641874
0.00039479 0.36283831 0.35232302 0.39930133 0.34523319 0.50234819  0.48417291 0.45702496 0.47508945 0.39693445 0.45000532 0.44589633  0.47476172 0.42761975 0.50206904 0.41641874
0.00039479 0.36283831 0.35232302 0.39930133 0.34523319 0.50234819  0.48417291 0.45702496 0.47508945 0.39693445 0.45000532 0.44589633  0.47476172 0.42761975 0.50206904 0.41641874
0.00039479 0.36283831 0.35232302 0.39930133 0.34523319 0.50234819  0.48417291 0.45702496 0.47508945 0.39693445 0.45000532 0.44589633  0.47476172 0.42761975 0.50206904 0.41641874
0.00039479 0.36283831 0.35232302 0.39930133 0.34523319 0.50234819  0.48417291 0.45702496 0.47508945 0.39693445 0.45000532 0.44589633  0.47476172 0.42761975 0.50206904 0.41641874
0.00039479 0.36283831 0.35232302 0.39930133 0.34523319 0.50234819  0.48417291 0.45702496 0.47508945 0.39693445 0.45000532 0.44589633  0.47476172 0.42761975 0.50206904 0.41641874
0.00039479 0.36283831 0.35232302 0.39930133 0.34523319 0.50234819  0.48417291 0.45702496 0.47508945 0.39693445 0.45000532 0.44589633  0.47476172 0.42761975 0.50206904 0.41641874
0.00039479 0.36283831 0.35232302 0.39930133 0.34523319 0.50234819  0.48417291 0.45702496 0.47508945 0.39693445 0.45000532 0.44589633  0.47476172 0.42761975 0.50206904 0.41641874
0.00039479 0.36283831 0.35232302 0.39930133 0.34523319 0.50234819  0.48417291 0.45702496 0.47508945 0.39693445 0.45000532 0.44589633  0.47476172 0.42761975 0.50206904 0.41641874
0.00039479 0.36283831 0.35232302 0.39930133 0.34523319 0.50234819  0.48417291 0.45702496 0.47508945 0.39693445 0.45000532 0.44589633  0.47476172 0.42761975 0.50206904 0.41641874
0.00039479 0.36283831 0.35232302 0.39930133 0.34523319 0.50234819  0.48417291 0.45702496 0.47508945 0.39693445 0.45000532 0.44589633  0.47476172 0.42761975 0.50206904 0.41641874
0.00039479 0.36283831 0.35232302 0.39930133 0.34523319 0.50234819  0.48417291 0.45702496 0.47508945 0.39693445 0.45000532 0.44589633  0.47476172 0.42761975 0.50206904 0.41641874
0.00039479 0.36283831 0.35232302 0.39930133 0.34523319 0.50234819  0.48417291 0.45702496 0.47508945 0.39693445 0.45000532 0.44589633  0.47476172 0.42761975 0.50206904 0.41641874
0.00039479 0.36283831 0.35232302 0.39930133 0.34523319 0.50234819  0.48417291 0.45702496 0.47508945 0.39693445 0.45000532 0.44589633  0.47476172 0.42761975 0.50206904 0.41641874
0.00039479 0.36283831 0.35232302 0.39930133 0.34523319 0.50234819  0.48417291 0.45702496 0.47508945 0.39693445 0.45000532 0.44589633  0.47476172 0.42761975 0.50206904 0.41641874
0.00039479 0.36283831 0.35232302 0.39930133 0.34523319 0.50234819  0.48417291 0.45702496 0.47508945 0.39693445 0.45000532 0.44589633  0.47476172 0.42761975 0.50206904 0.41641874
0.00039479 0.36283831 0.35232302 0.39930133 0.34523319 0.50234819  0.48417291 0.45702496 0.47508945 0.39693445 0.45000532 0.44589633  0.47476172 0.42761975 0.50206904 0.41641874
0.00039479 0.36283831 0.35232302 0.39930133 0.34523319 0.50234819  0.48417291 0.45702496 0.47508945 0.39693445 0.45000532 0.44589633  0.47476172 0.42761975 0.50206904 0.41641874
0.00039479 0.36283831 0.35232302 0.39930133 0.34523319 0.50234819  0.48417291 0.45702496 0.47508945 0.39693445 0.45000532 0.44589633  0.47476172 0.42761975 0.50206904 0.41641874
0.00039479 0.36283831 0.35232302 0.39930133 0.34523319 0.50234819  0.48417291 0.45702496 0.47508945 0.39693445 0.45000532 0.44589633  0.47476172 0.42761975 0.50206904 0.41641874
0.00039479 0.36283831 0.35232302 0.39930133 0.34523319 0.50234819  0.48417291 0.45702496 0.47508945 0.39693445 0.45000532 0.44589633  0.47476172 0.42761975 0.50206904 0.41641874
0.00039479 0.36283831 0.35232302 0.39930133 0.34523319 0.50234819  0.48417291 0.45702496 0.47508945 0.39693445 0.45000532 0.44589633  0.47476172 0.42761975 0.50206904 0.41641874
0.00039479 0.36283831 0.35232302 0.39930133 0.34523319 0.50234819  0.48417291 0.45702496 0.47508945 0.39693445 0.45000532 0.44589633  0.47476172 0.42761975 0.50206904 0.41641874
0.00039479 0.36283831 0.35232302 0.39930133 0.34523319 0.50234819  0.48417291 0.45702496 0.47508945 0.39693445 0.45000532 0.44589633  0.47476172 0.42761975 0.50206904 0.41641874
0.00039479 0.36283831 0.35232302 0.39930133 0.34523319 0.50234819  0.48417291 0.45702496 0.47508945 0.39693445 0.45000532 0.44589633  0.47476172 0.42761975 0.50206904 0.41641874
0.00039479 0.36283831 0.35232302 0.39930133 0.34523319 0.50234819  0.48417291 0.45702496 0.47508945 0.39693445 0.45000532 0.44589633  0.47476172 0.42761975 0.50206904 0.41641874
0.00039479 0.36283831 0.35232302 0.39930133 0.34523319 0.50234819  0.48417291 0.45702496 0.47508945 0.39693445 0.45000532 0.44589633  0.47476172 0.42761975 0.50206904 0.41641874
0.00039479 0.36283831 0.35232302 0.39930133 0.34523319 0.50234819  0.48417291 0.45702496 0.47508945 0.39693445 0.45000532 0.44589633  0.47476172 0.42761975 0.50206904 0.41641874
0.00039479 0.36283831 0.35232302 0.39930133 0.34523319 0.50234819  0.48417291 0.45702496 0.47508945 0.39693445 0.45000532 0.44589633  0.47476172 0.42761975 0.50206904 0.41641874
0.00039479 0.36283831 0.35232302 0.39930133 0.34523319 0.50234819  0.48417291 0.45702496 0.47508945 0.39693445 0.45000532 0.44589633  0.47476172 0.42761975 0.50206904 0.41641874
0.00039479 0.36283831 0.35232302 0.39930133 0.34523319 0.50234819  0.48417291 0.45702496 0.47508945 0.39693445 0.45000532 0.44589633  0.47476172 0.42761975 0.50206904 0.41641874
0.00039479 0.36283831 0.35232302 0.39930133 0.34523319 0.50234819  0.48417291 0.45702496 0.47508945 0.39693445 0.45000532 0.44589633  0.47476172 0.42761975 0.50206904 0.41641874
0.10790948 0.52006986 0.27295207 0.53758714 0.39565131 0.37686759  0.35640982 0.53644634 0.54757535 0.39453639 0.43258952 0.45227625  0.52979935 0.5365488  0.69603209 0.43060237
0.42760243 0.80185159 0.52929941 0.50791527 0.53120227 0.74355074  0.08893438 0.46169318 0.58859137 0.53116704 0.3190399  0.45989169  0.60566464 0.57847129 0.42644658 0.32842236
0.55569829 0.88989943 0.73234339 0.57215167 0.60214228 0.73060302  0.16545458 0.40627347 0.55722772 0.51196846 0.44457818 0.505799  0.81707373 0.39226879 0.41588694 0.23191434
0.64269854 0.91863861 0.79254263 0.46095607 0.66491289 0.73923494  0.34467784 0.39025841 0.39224428 0.37258644 0.54548372 0.53220267  0.70940805 0.28964311 0.38286563 0.25848533
0.6903044  0.88584563 0.80589194 0.40852809 0.64903817 0.70014971  0.45070348 0.41889655 0.29203216 0.40585537 0.60672697 0.55521874  0.76608011 0.37199264 0.43002908 0.24466304
0.80569536 0.74874538 0.82036451 0.20916785 0.66463169 0.5624956  0.51999394 0.66827764 0.24869048 0.49916207 0.50601334 0.5644179  0.56831342 0.25067483 0.70724975 0.29843021
0.80557045 0.7455164  0.81321539 0.21757016 0.62560843 0.54880771  0.53406229 0.66534396 0.26247323 0.49298884 0.47308518 0.51584906  0.55660861 0.26821667 0.70301292 0.28055569
0.80507439 0.74117202 0.80325564 0.2291824  0.5777175  0.53523606  0.54986882 0.66239164 0.27646132 0.48546472 0.43735032 0.46355933  0.54385444 0.28498104 0.69913291 0.26277989
0.8314496  0.66532134 0.75906152 0.21500103 0.484087   0.46802838  0.52822959 0.58194023 0.35028992 0.37680826 0.35106359 0.43198619  0.52256556 0.44991896 0.73756898 0.2482634 
0.84261498 0.62013107 0.71859676 0.22447004 0.40097793 0.43678506  0.53298765 0.50445408 0.38137053 0.3467461  0.26843137 0.45389339  0.52171646 0.51865461 0.82063698 0.2646647 
0.82563121 0.55149176 0.57572771 0.30397345 0.16049153 0.39797106  0.57307363 0.50922362 0.37699325 0.30044827 0.31305316 0.5411908  0.53293367 0.47993353 0.8611939  0.37465902
0.8445529  0.39502739 0.42574955 0.32576153 0.15201653 0.34557685  0.46333408 0.41091248 0.44985473 0.35524341 0.44489276 0.59853893  0.63410839 0.33101112 0.66408953 0.22864643
0.84964696 0.35769854 0.38126979 0.31345008 0.18468655 0.3531167  0.42831573 0.35357567 0.47518453 0.4412764  0.39824768 0.59797289  0.6550493  0.33381461 0.60611257 0.16041251
0.83596705 0.34671619 0.31414985 0.28869715 0.19207752 0.3919445  0.37331222 0.37612326 0.39982572 0.47092648 0.42918539 0.62784497  0.65170436 0.42356262 0.53682321 0.11957601
0.82681936 0.34122362 0.27687556 0.2709314  0.2154311  0.40266845  0.37326685 0.40389832 0.40948928 0.49880042 0.41263361 0.61349707  0.6152551  0.37890624 0.56730868 0.10200643
0.84219196 0.28126162 0.26343629 0.35897314 0.26736955 0.46637521  0.35949837 0.39810203 0.31697693 0.48747529 0.42677309 0.50362399  0.64509146 0.33431154 0.66217038 0.14917667
0.84820586 0.22326221 0.22334073 0.42760404 0.33068748 0.52875703  0.33252142 0.41004536 0.23319979 0.52662131 0.46736399 0.39349426  0.58791785 0.41758642 0.59041045 0.31411292
0.83682568 0.22825385 0.18885052 0.40082991 0.36103945 0.54420738  0.33236321 0.42447619 0.26839242 0.50625373 0.42629577 0.35922949  0.54159548 0.3628594  0.61539239 0.34936149
0.8252796  0.24230668 0.16028811 0.3725652  0.38146454 0.56898398  0.31916095 0.42024577 0.30329196 0.4526389  0.38795439 0.33852629  0.52161945 0.35395752 0.55541275 0.41788914
0.78582552 0.32265179 0.10466938 0.22307931 0.39077731 0.5531642  0.33178815 0.43377435 0.47380082 0.36765984 0.26768082 0.39253183  0.48522975 0.24106947 0.57201878 0.38339394
0.77821413 0.35250937 0.11078182 0.17848262 0.36559738 0.52350332  0.33864324 0.43382403 0.52273208 0.37314048 0.25354835 0.44652416  0.47235953 0.26329985 0.53308895 0.3562632 
0.75500101 0.3959788  0.09496858 0.12721651 0.36291236 0.47253131  0.39032606 0.42928219 0.61687182 0.36024464 0.29584427 0.49735479  0.46131689 0.29342549 0.53318046 0.40450296
0.68202775 0.54251266 0.08040488 0.19429082 0.3684828  0.57451011  0.53523549 0.28545371 0.57838116 0.36358392 0.28023921 0.49288557  0.74699744 0.4528376  0.53649975 0.43951366
0.45559268 0.78070833 0.08969641 0.47723881 0.41492153 0.410623  0.68411723 0.38543368 0.35279698 0.42387927 0.55337702 0.44703778  0.31900288 0.40959687 0.54182653 0.35551113
0.2695841  0.66579477 0.16040573 0.57945822 0.45922069 0.21177077  0.50298063 0.4766793  0.29020662 0.45000893 0.22555022 0.52023201  0.45024255 0.38817674 0.54991893 0.51896531
0.05351142 0.43947142 0.31096524 0.46826146 0.37376331 0.40333531  0.449023   0.50224764 0.41356088 0.37686256 0.34766111 0.45195559  0.59560889 0.36517078 0.34313004 0.48165838
0.00039479 0.36283831 0.35232302 0.39930133 0.34523319 0.50234819  0.48417291 0.45702496 0.47508945 0.39693445 0.45000532 0.44589633  0.47476172 0.42761975 0.50206904 0.41641874
0.00039479 0.36283831 0.35232302 0.39930133 0.34523319 0.50234819  0.48417291 0.45702496 0.47508945 0.39693445 0.45000532 0.44589633  0.47476172 0.42761975 0.50206904 0.41641874
0.00039479 0.36283831 0.35232302 0.39930133 0.34523319 0.50234819  0.48417291 0.45702496 0.47508945 0.39693445 0.45000532 0.44589633  0.47476172 0.42761975 0.50206904 0.41641874
0.00039479 0.36283831 0.35232302 0.39930133 0.34523319 0.50234819  0.48417291 0.45702496 0.47508945 0.39693445 0.45000532 0.44589633  0.47476172 0.42761975 0.50206904 0.41641874
0.00039479 0.36283831 0.35232302 0.39930133 0.34523319 0.50234819  0.48417291 0.45702496 0.47508945 0.39693445 0.45000532 0.44589633  0.47476172 0.42761975 0.50206904 0.41641874
0.00039479 0.36283831 0.35232302 0.39930133 0.34523319 0.50234819  0.48417291 0.45702496 0.47508945 0.39693445 0.45000532 0.44589633  0.47476172 0.42761975 0.50206904 0.41641874
0.00039479 0.36283831 0.35232302 0.39930133 0.34523319 0.50234819  0.48417291 0.45702496 0.47508945 0.39693445 0.45000532 0.44589633  0.47476172 0.42761975 0.50206904 0.41641874
0.00039479 0.36283831 0.35232302 0.39930133 0.34523319 0.50234819  0.48417291 0.45702496 0.47508945 0.39693445 0.45000532 0.44589633  0.47476172 0.42761975 0.50206904 0.41641874
0.00039479 0.36283831 0.35232302 0.39930133 0.34523319 0.50234819  0.48417291 0.45702496 0.47508945 0.39693445 0.45000532 0.44589633  0.47476172 0.42761975 0.50206904 0.41641874
0.14305123 0.56910915 0.24572    0.58245331 0.41255235 0.30390511  0.33476267 0.57625232 0.49113518 0.36934732 0.34309238 0.45354069  0.66987048 0.47539655 0.52022434 0.48306229
0.25348622 0.71136997 0.17563316 0.67688859 0.43151247 0.26742085  0.27495577 0.58244661 0.53373258 0.38449213 0.38678118 0.45763486  0.56439986 0.47958742 0.59795822 0.42736216
0.34720959 0.78459453 0.15213045 0.65689475 0.36931807 0.48964022  0.27451741 0.46296826 0.65629284 0.45591761 0.5081479  0.4650596  0.4348531  0.45893406 0.61771805 0.43198952
0.38500068 0.80008635 0.1500423  0.61767303 0.33122515 0.60162614  0.29400884 0.44804128 0.70074437 0.44820811 0.57761426 0.44710914  0.49223646 0.42720784 0.52387333 0.45930185
0.38500068 0.80008635 0.1500423  0.61767303 0.33122515 0.60162614  0.29400884 0.44804128 0.70074437 0.44820811 0.57761426 0.44710914  0.49223646 0.42720784 0.52387333 0.45930185
0.38500068 0.80008635 0.1500423  0.61767303 0.33122515 0.60162614  0.29400884 0.44804128 0.70074437 0.44820811 0.57761426 0.44710914  0.49223646 0.42720784 0.52387333 0.45930185
0.38500068 0.80008635 0.1500423  0.61767303 0.33122515 0.60162614  0.29400884 0.44804128 0.70074437 0.44820811 0.57761426 0.44710914  0.49223646 0.42720784 0.52387333 0.45930185
0.38500068 0.80008635 0.1500423  0.61767303 0.33122515 0.60162614  0.29400884 0.44804128 0.70074437 0.44820811 0.57761426 0.44710914  0.49223646 0.42720784 0.52387333 0.45930185
0.34720959 0.78459453 0.15213045 0.65689475 0.36931807 0.48964022  0.27451741 0.46296826 0.65629284 0.45591761 0.5081479  0.4650596  0.4348531  0.45893406 0.61771805 0.43198952
0.34720959 0.78459453 0.15213045 0.65689475 0.36931807 0.48964022  0.27451741 0.46296826 0.65629284 0.45591761 0.5081479  0.4650596  0.4348531  0.45893406 0.61771805 0.43198952
0.34720959 0.78459453 0.15213045 0.65689475 0.36931807 0.48964022  0.27451741 0.46296826 0.65629284 0.45591761 0.5081479  0.4650596  0.4348531  0.45893406 0.61771805 0.43198952
0.38500068 0.80008635 0.1500423  0.61767303 0.33122515 0.60162614  0.29400884 0.44804128 0.70074437 0.44820811 0.57761426 0.44710914  0.49223646 0.42720784 0.52387333 0.45930185
0.38500068 0.80008635 0.1500423  0.61767303 0.33122515 0.60162614  0.29400884 0.44804128 0.70074437 0.44820811 0.57761426 0.44710914  0.49223646 0.42720784 0.52387333 0.45930185
0.38507216 0.80114435 0.15073578 0.6160811  0.33702736 0.60459237  0.2901486  0.45060644 0.69683792 0.44747753 0.58639683 0.46706871  0.48453131 0.41804044 0.52915466 0.48413085
0.40430658 0.81497253 0.14311919 0.60543985 0.34604642 0.59362526  0.34090584 0.42189282 0.61560961 0.44080936 0.56293588 0.49473481  0.3704404  0.36419789 0.5009422  0.50216561
0.42372861 0.82529046 0.13847873 0.58150006 0.36289046 0.59901976  0.39417677 0.40399215 0.56667579 0.42980574 0.61363434 0.51113304  0.28920544 0.31916685 0.46744875 0.48795306
0.44093273 0.82246923 0.12452707 0.55793983 0.37696791 0.56871957  0.46765849 0.36376781 0.4819805  0.46220151 0.53983718 0.54271821  0.2566608  0.29594693 0.47884565 0.53074786
0.44019542 0.8209015  0.11960919 0.56231116 0.36132387 0.56710617  0.47309212 0.36202702 0.48563826 0.46487863 0.52454945 0.51417909  0.26471339 0.31555518 0.47033998 0.50024963
0.47606737 0.81474065 0.11156557 0.50544403 0.35195205 0.60211455  0.54437865 0.34535043 0.44215847 0.4833646  0.48462919 0.52919896  0.32170053 0.31200949 0.4635933  0.54914816
0.49538267 0.81687103 0.11125806 0.4672442  0.36483338 0.61955442  0.59614788 0.34591057 0.41383317 0.45920567 0.54501978 0.5371607  0.31698645 0.29607948 0.44384123 0.55446942
0.51298226 0.80513508 0.10419781 0.42405351 0.37513059 0.6063597  0.65507017 0.35335265 0.40040548 0.44785188 0.56159377 0.53067334  0.36390497 0.33482076 0.50380575 0.54944327
0.59963458 0.73697189 0.12987019 0.2626932  0.32159087 0.68535253  0.64879432 0.56060654 0.38499041 0.38263755 0.45557985 0.51233432  0.65670265 0.38260372 0.49330469 0.59862753
0.5988258  0.73434616 0.12425884 0.26865646 0.30014462 0.68077291  0.65808819 0.55630059 0.39255463 0.38604525 0.43150955 0.46383562  0.67246038 0.41137937 0.47951768 0.54330031
0.61392737 0.70525158 0.1213932  0.23751204 0.29622314 0.65927076  0.64685717 0.60988884 0.42383282 0.38391055 0.43466685 0.44608585  0.67793819 0.40029594 0.53045078 0.51804505
0.65750978 0.6196882  0.12331598 0.19418942 0.30073264 0.62286319  0.57015562 0.65891376 0.43355334 0.41066002 0.36106103 0.47027508  0.55391897 0.28252972 0.61460827 0.50373833
0.72789242 0.45773556 0.08903931 0.12557578 0.36356117 0.51069479  0.46328119 0.40233599 0.6187462  0.36406978 0.2546431  0.51483709  0.59956313 0.418504   0.5901102  0.45241958
0.74029831 0.42236503 0.08253112 0.13001876 0.3795643  0.48711557  0.42582677 0.38781866 0.64367133 0.33700756 0.31734034 0.49028625  0.57951604 0.35658439 0.49608563 0.425364  
0.75500101 0.3959788  0.09496858 0.12721651 0.36291236 0.47253131  0.39032606 0.42928219 0.61687182 0.36024464 0.29584427 0.49735479  0.46131689 0.29342549 0.53318046 0.40450296
0.76276221 0.36587439 0.08764175 0.17066156 0.38967088 0.50657719  0.38341267 0.42353559 0.57329073 0.35440014 0.29585128 0.44147405  0.47828302 0.27106117 0.58911234 0.42454246
0.77606755 0.31253936 0.07529345 0.26024714 0.44457665 0.57592384  0.39390715 0.43510588 0.50761275 0.33322258 0.28113798 0.35214133  0.49779344 0.25358751 0.69304092 0.43634146
0.77606755 0.31253936 0.07529345 0.26024714 0.44457665 0.57592384  0.39390715 0.43510588 0.50761275 0.33322258 0.28113798 0.35214133  0.49779344 0.25358751 0.69304092 0.43634146
0.78096892 0.29118941 0.07136042 0.30695963 0.46919867 0.61265567  0.41605452 0.45760746 0.49313799 0.3198477  0.26156691 0.33556226  0.49974456 0.26567224 0.73454434 0.42041425
0.78096892 0.29118941 0.07136042 0.30695963 0.46919867 0.61265567  0.41605452 0.45760746 0.49313799 0.3198477  0.26156691 0.33556226  0.49974456 0.26567224 0.73454434 0.42041425
0.81145427 0.22013817 0.09011951 0.40819653 0.48905456 0.67078211  0.3709571  0.46369673 0.36931387 0.36941263 0.27013284 0.2402402  0.48310058 0.30982634 0.65224962 0.50190921
0.81145427 0.22013817 0.09011951 0.40819653 0.48905456 0.67078211  0.3709571  0.46369673 0.36931387 0.36941263 0.27013284 0.2402402  0.48310058 0.30982634 0.65224962 0.50190921
0.81145427 0.22013817 0.09011951 0.40819653 0.48905456 0.67078211  0.3709571  0.46369673 0.36931387 0.36941263 0.27013284 0.2402402  0.48310058 0.30982634 0.65224962 0.50190921
0.81399887 0.20853841 0.0880417  0.4404518  0.50793607 0.69685156  0.40346018 0.49001408 0.39521809 0.34699177 0.22996808 0.26490525  0.45883182 0.33910363 0.6378364  0.4484743 
0.79854695 0.22190343 0.06490163 0.43263074 0.53200957 0.67992542  0.44822961 0.47972564 0.44577674 0.32825143 0.27227101 0.25985514  0.46475531 0.34686496 0.69385978 0.51675356
0.79854695 0.22190343 0.06490163 0.43263074 0.53200957 0.67992542  0.44822961 0.47972564 0.44577674 0.32825143 0.27227101 0.25985514  0.46475531 0.34686496 0.69385978 0.51675356
0.79854695 0.22190343 0.06490163 0.43263074 0.53200957 0.67992542  0.44822961 0.47972564 0.44577674 0.32825143 0.27227101 0.25985514  0.46475531 0.34686496 0.69385978 0.51675356
0.79854695 0.22190343 0.06490163 0.43263074 0.53200957 0.67992542  0.44822961 0.47972564 0.44577674 0.32825143 0.27227101 0.25985514  0.46475531 0.34686496 0.69385978 0.51675356
0.79854695 0.22190343 0.06490163 0.43263074 0.53200957 0.67992542  0.44822961 0.47972564 0.44577674 0.32825143 0.27227101 0.25985514  0.46475531 0.34686496 0.69385978 0.51675356
0.78817607 0.26302502 0.06857775 0.35406627 0.49283751 0.63830705  0.41834167 0.45961286 0.45936566 0.33481898 0.2756219  0.28410112  0.49399823 0.29249921 0.73112982 0.48812256
0.69557435 0.41128612 0.02118923 0.34329967 0.52879824 0.5399394  0.55201561 0.20466437 0.58142888 0.27734422 0.49358536 0.31144165  0.67526721 0.43010099 0.68064632 0.43801995
0.67555708 0.47651423 0.03380986 0.29426    0.48761518 0.53385774  0.59632512 0.21923138 0.60543502 0.30988708 0.41675565 0.38998481  0.68244408 0.51425096 0.73574107 0.43794479
0.58244955 0.63891525 0.05087603 0.32680677 0.43303835 0.47041291  0.65065014 0.1488357  0.54647652 0.41238904 0.43101044 0.49744041  0.55165864 0.54232772 0.67688632 0.40099669
0.43060558 0.72672712 0.08151347 0.50133348 0.47156424 0.29022826  0.66016409 0.35004952 0.32346519 0.38580624 0.50678191 0.43715213  0.34926365 0.39834156 0.54358321 0.27388664
0.08822462 0.46366638 0.28286618 0.47182852 0.39941799 0.33786217  0.49986066 0.48194129 0.32369463 0.40582488 0.24110466 0.48740772  0.60798696 0.34770104 0.3509214  0.55039879
0.01779563 0.38669558 0.33863985 0.42004769 0.35385851 0.46460162  0.48109267 0.47190843 0.43452283 0.38595027 0.3992976  0.44733029  0.52908455 0.38078184 0.39373238 0.44873962
0.01779563 0.38669558 0.33863985 0.42004769 0.35385851 0.46460162  0.48109267 0.47190843 0.43452283 0.38595027 0.3992976  0.44733029  0.52908455 0.38078184 0.39373238 0.44873962
0.01779563 0.38669558 0.33863985 0.42004769 0.35385851 0.46460162  0.48109267 0.47190843 0.43452283 0.38595027 0.3992976  0.44733029  0.52908455 0.38078184 0.39373238 0.44873962
0.00039479 0.36283831 0.35232302 0.39930133 0.34523319 0.50234819  0.48417291 0.45702496 0.47508945 0.39693445 0.45000532 0.44589633  0.47476172 0.42761975 0.50206904 0.41641874
0.00039479 0.36283831 0.35232302 0.39930133 0.34523319 0.50234819  0.48417291 0.45702496 0.47508945 0.39693445 0.45000532 0.44589633  0.47476172 0.42761975 0.50206904 0.41641874
0.00039479 0.36283831 0.35232302 0.39930133 0.34523319 0.50234819  0.48417291 0.45702496 0.47508945 0.39693445 0.45000532 0.44589633  0.47476172 0.42761975 0.50206904 0.41641874
0.00039479 0.36283831 0.35232302 0.39930133 0.34523319 0.50234819  0.48417291 0.45702496 0.47508945 0.39693445 0.45000532 0.44589633  0.47476172 0.42761975 0.50206904 0.41641874
0.00039479 0.36283831 0.35232302 0.39930133 0.34523319 0.50234819  0.48417291 0.45702496 0.47508945 0.39693445 0.45000532 0.44589633  0.47476172 0.42761975 0.50206904 0.41641874
0.00039479 0.36283831 0.35232302 0.39930133 0.34523319 0.50234819  0.48417291 0.45702496 0.47508945 0.39693445 0.45000532 0.44589633  0.47476172 0.42761975 0.50206904 0.41641874
0.00039479 0.36283831 0.35232302 0.39930133 0.34523319 0.50234819  0.48417291 0.45702496 0.47508945 0.39693445 0.45000532 0.44589633  0.47476172 0.42761975 0.50206904 0.41641874
0.00039479 0.36283831 0.35232302 0.39930133 0.34523319 0.50234819  0.48417291 0.45702496 0.47508945 0.39693445 0.45000532 0.44589633  0.47476172 0.42761975 0.50206904 0.41641874
0.00039479 0.36283831 0.35232302 0.39930133 0.34523319 0.50234819  0.48417291 0.45702496 0.47508945 0.39693445 0.45000532 0.44589633  0.47476172 0.42761975 0.50206904 0.41641874
0.00039479 0.36283831 0.35232302 0.39930133 0.34523319 0.50234819  0.48417291 0.45702496 0.47508945 0.39693445 0.45000532 0.44589633  0.47476172 0.42761975 0.50206904 0.41641874
0.00039479 0.36283831 0.35232302 0.39930133 0.34523319 0.50234819  0.48417291 0.45702496 0.47508945 0.39693445 0.45000532 0.44589633  0.47476172 0.42761975 0.50206904 0.41641874
0.00039479 0.36283831 0.35232302 0.39930133 0.34523319 0.50234819  0.48417291 0.45702496 0.47508945 0.39693445 0.45000532 0.44589633  0.47476172 0.42761975 0.50206904 0.41641874
0.00039479 0.36283831 0.35232302 0.39930133 0.34523319 0.50234819  0.48417291 0.45702496 0.47508945 0.39693445 0.45000532 0.44589633  0.47476172 0.42761975 0.50206904 0.41641874
0.00039479 0.36283831 0.35232302 0.39930133 0.34523319 0.50234819  0.48417291 0.45702496 0.47508945 0.39693445 0.45000532 0.44589633  0.47476172 0.42761975 0.50206904 0.41641874
0.00039479 0.36283831 0.35232302 0.39930133 0.34523319 0.50234819  0.48417291 0.45702496 0.47508945 0.39693445 0.45000532 0.44589633  0.47476172 0.42761975 0.50206904 0.41641874
0.00039479 0.36283831 0.35232302 0.39930133 0.34523319 0.50234819  0.48417291 0.45702496 0.47508945 0.39693445 0.45000532 0.44589633  0.47476172 0.42761975 0.50206904 0.41641874
0.00039479 0.36283831 0.35232302 0.39930133 0.34523319 0.50234819  0.48417291 0.45702496 0.47508945 0.39693445 0.45000532 0.44589633  0.47476172 0.42761975 0.50206904 0.41641874
0.00039479 0.36283831 0.35232302 0.39930133 0.34523319 0.50234819  0.48417291 0.45702496 0.47508945 0.39693445 0.45000532 0.44589633  0.47476172 0.42761975 0.50206904 0.41641874
0.00039479 0.36283831 0.35232302 0.39930133 0.34523319 0.50234819  0.48417291 0.45702496 0.47508945 0.39693445 0.45000532 0.44589633  0.47476172 0.42761975 0.50206904 0.41641874
0.00039479 0.36283831 0.35232302 0.39930133 0.34523319 0.50234819  0.48417291 0.45702496 0.47508945 0.39693445 0.45000532 0.44589633  0.47476172 0.42761975 0.50206904 0.41641874
