0.00039479 0.36283831 0.35232302 0.39930133 0.34523319 0.50234819  0.48417291 0.45702496 0.47508945 0.39693445 0.45000532 0.44589633  0.47476172 0.42761975 0.50206904 0.41641874
0.00039479 0.36283831 0.35232302 0.39930133 0.34523319 0.50234819  0.48417291 0.45702496 0.47508945 0.39693445 0.45000532 0.44589633  0.47476172 0.42761975 0.50206904 0.41641874
0.00039479 0.36283831 0.35232302 0.39930133 0.34523319 0.50234819  0.48417291 0.45702496 0.47508945 0.39693445 0.45000532 0.44589633  0.47476172 0.42761975 0.50206904 0.41641874
0.00039479 0.36283831 0.35232302 0.39930133 0.34523319 0.50234819  0.48417291 0.45702496 0.47508945 0.39693445 0.45000532 0.44589633  0.47476172 0.42761975 0.50206904 0.41641874
0.00039479 0.36283831 0.35232302 0.39930133 0.34523319 0.50234819  0.48417291 0.45702496 0.47508945 0.39693445 0.45000532 0.44589633  0.47476172 0.42761975 0.50206904 0.41641874
0.00039479 0.36283831 0.35232302 0.39930133 0.34523319 0.50234819  0.48417291 0.45702496 0.47508945 0.39693445 0.45000532 0.44589633  0.47476172 0.42761975 0.50206904 0.41641874
0.00039479 0.36283831 0.35232302 0.39930133 0.34523319 0.50234819  0.48417291 0.45702496 0.47508945 0.39693445 0.45000532 0.44589633  0.47476172 0.42761975 0.50206904 0.41641874
0.00039479 0.36283831 0.35232302 0.39930133 0.34523319 0.50234819  0.48417291 0.45702496 0.47508945 0.39693445 0.45000532 0.44589633  0.47476172 0.42761975 0.50206904 0.41641874
0.00039479 0.36283831 0.35232302 0.39930133 0.34523319 0.50234819  0.48417291 0.45702496 0.47508945 0.39693445 0.45000532 0.44589633  0.47476172 0.42761975 0.50206904 0.41641874
0.00039479 0.36283831 0.35232302 0.39930133 0.34523319 0.50234819  0.48417291 0.45702496 0.47508945 0.39693445 0.45000532 0.44589633  0.47476172 0.42761975 0.50206904 0.41641874
0.00039479 0.36283831 0.35232302 0.39930133 0.34523319 0.50234819  0.48417291 0.45702496 0.47508945 0.39693445 0.45000532 0.44589633  0.47476172 0.42761975 0.50206904 0.41641874
0.00039479 0.36283831 0.35232302 0.39930133 0.34523319 0.50234819  0.48417291 0.45702496 0.47508945 0.39693445 0.45000532 0.44589633  0.47476172 0.42761975 0.50206904 0.41641874
0.00039479 0.36283831 0.35232302 0.39930133 0.34523319 0.50234819  0.48417291 0.45702496 0.47508945 0.39693445 0.45000532 0.44589633  0.47476172 0.42761975 0.50206904 0.41641874
0.00039479 0.36283831 0.35232302 0.39930133 0.34523319 0.50234819  0.48417291 0.45702496 0.47508945 0.39693445 0.45000532 0.44589633  0.47476172 0.42761975 0.50206904 0.41641874
0.00039479 0.36283831 0.35232302 0.39930133 0.34523319 0.50234819  0.48417291 0.45702496 0.47508945 0.39693445 0.45000532 0.44589633  0.47476172 0.42761975 0.50206904 0.41641874
0.00039479 0.36283831 0.35232302 0.39930133 0.34523319 0.50234819  0.48417291 0.45702496 0.47508945 0.39693445 0.45000532 0.44589633  0.47476172 0.42761975 0.50206904 0.41641874
0.00039479 0.36283831 0.35232302 0.39930133 0.34523319 0.50234819  0.48417291 0.45702496 0.47508945 0.39693445 0.45000532 0.44589633  0.47476172 0.42761975 0.50206904 0.41641874
0.00039479 0.36283831 0.35232302 0.39930133 0.34523319 0.50234819  0.48417291 0.45702496 0.47508945 0.39693445 0.45000532 0.44589633  0.47476172 0.42761975 0.50206904 0.41641874
0.00039479 0.36283831 0.35232302 0.39930133 0.34523319 0.50234819  0.48417291 0.45702496 0.47508945 0.39693445 0.45000532 0.44589633  0.47476172 0.42761975 0.50206904 0.41641874
0.00039479 0.36283831 0.35232302 0.39930133 0.34523319 0.50234819  0.48417291 0.45702496 0.47508945 0.39693445 0.45000532 0.44589633  0.47476172 0.42761975 0.50206904 0.41641874
0.00039479 0.36283831 0.35232302 0.39930133 0.34523319 0.50234819  0.48417291 0.45702496 0.47508945 0.39693445 0.45000532 0.44589633  0.47476172 0.42761975 0.50206904 0.41641874
0.00039479 0.36283831 0.35232302 0.39930133 0.34523319 0.50234819  0.48417291 0.45702496 0.47508945 0.39693445 0.45000532 0.44589633  0.47476172 0.42761975 0.50206904 0.41641874
0.00039479 0.36283831 0.35232302 0.39930133 0.34523319 0.50234819  0.48417291 0.45702496 0.47508945 0.39693445 0.45000532 0.44589633  0.47476172 0.42761975 0.50206904 0.41641874
0.00039479 0.36283831 0.35232302 0.39930133 0.34523319 0.50234819  0.48417291 0.45702496 0.47508945 0.39693445 0.45000532 0.44589633  0.47476172 0.42761975 0.50206904 0.41641874
0.00039479 0.36283831 0.35232302 0.39930133 0.34523319 0.50234819  0.48417291 0.45702496 0.47508945 0.39693445 0.45000532 0.44589633  0.47476172 0.42761975 0.50206904 0.41641874
0.00039479 0.36283831 0.35232302 0.39930133 0.34523319 0.50234819  0.48417291 0.45702496 0.47508945 0.39693445 0.45000532 0.44589633  0.47476172 0.42761975 0.50206904 0.41641874
0.00039479 0.36283831 0.35232302 0.39930133 0.34523319 0.50234819  0.48417291 0.45702496 0.47508945 0.39693445 0.45000532 0.44589633  0.47476172 0.42761975 0.50206904 0.41641874
0.00039479 0.36283831 0.35232302 0.39930133 0.34523319 0.50234819  0.48417291 0.45702496 0.47508945 0.39693445 0.45000532 0.44589633  0.47476172 0.42761975 0.50206904 0.41641874
0.00039479 0.36283831 0.35232302 0.39930133 0.34523319 0.50234819  0.48417291 0.45702496 0.47508945 0.39693445 0.45000532 0.44589633  0.47476172 0.42761975 0.50206904 0.41641874
0.00039479 0.36283831 0.35232302 0.39930133 0.34523319 0.50234819  0.48417291 0.45702496 0.47508945 0.39693445 0.45000532 0.44589633  0.47476172 0.42761975 0.50206904 0.41641874
0.00039479 0.36283831 0.35232302 0.39930133 0.34523319 0.50234819  0.48417291 0.45702496 0.47508945 0.39693445 0.45000532 0.44589633  0.47476172 0.42761975 0.50206904 0.41641874
0.00039479 0.36283831 0.35232302 0.39930133 0.34523319 0.50234819  0.48417291 0.45702496 0.47508945 0.39693445 0.45000532 0.44589633  0.47476172 0.42761975 0.50206904 0.41641874
0.00039479 0.36283831 0.35232302 0.39930133 0.34523319 0.50234819  0.48417291 0.45702496 0.47508945 0.39693445 0.45000532 0.44589633  0.47476172 0.42761975 0.50206904 0.41641874
0.00039479 0.36283831 0.35232302 0.39930133 0.34523319 0.50234819  0.48417291 0.45702496 0.47508945 0.39693445 0.45000532 0.44589633  0.47476172 0.42761975 0.50206904 0.41641874
0.00039479 0.36283831 0.35232302 0.39930133 0.34523319 0.50234819  0.48417291 0.45702496 0.47508945 0.39693445 0.45000532 0.44589633  0.47476172 0.42761975 0.50206904 0.41641874
0.00039479 0.36283831 0.35232302 0.39930133 0.34523319 0.50234819  0.48417291 0.45702496 0.47508945 0.39693445 0.45000532 0.44589633  0.47476172 0.42761975 0.50206904 0.41641874
0.00039479 0.36283831 0.35232302 0.39930133 0.34523319 0.50234819  0.48417291 0.45702496 0.47508945 0.39693445 0.45000532 0.44589633  0.47476172 0.42761975 0.50206904 0.41641874
0.00039479 0.36283831 0.35232302 0.39930133 0.34523319 0.50234819  0.48417291 0.45702496 0.47508945 0.39693445 0.45000532 0.44589633  0.47476172 0.42761975 0.50206904 0.41641874
0.00039479 0.36283831 0.35232302 0.39930133 0.34523319 0.50234819  0.48417291 0.45702496 0.47508945 0.39693445 0.45000532 0.44589633  0.47476172 0.42761975 0.50206904 0.41641874
0.00039479 0.36283831 0.35232302 0.39930133 0.34523319 0.50234819  0.48417291 0.45702496 0.47508945 0.39693445 0.45000532 0.44589633  0.47476172 0.42761975 0.50206904 0.41641874
0.00039479 0.36283831 0.35232302 0.39930133 0.34523319 0.50234819  0.48417291 0.45702496 0.47508945 0.39693445 0.45000532 0.44589633  0.47476172 0.42761975 0.50206904 0.41641874
0.00039479 0.36283831 0.35232302 0.39930133 0.34523319 0.50234819  0.48417291 0.45702496 0.47508945 0.39693445 0.45000532 0.44589633  0.47476172 0.42761975 0.50206904 0.41641874
0.00039479 0.36283831 0.35232302 0.39930133 0.34523319 0.50234819  0.48417291 0.45702496 0.47508945 0.39693445 0.45000532 0.44589633  0.47476172 0.42761975 0.50206904 0.41641874
0.00039479 0.36283831 0.35232302 0.39930133 0.34523319 0.50234819  0.48417291 0.45702496 0.47508945 0.39693445 0.45000532 0.44589633  0.47476172 0.42761975 0.50206904 0.41641874
0.00039479 0.36283831 0.35232302 0.39930133 0.34523319 0.50234819  0.48417291 0.45702496 0.47508945 0.39693445 0.45000532 0.44589633  0.47476172 0.42761975 0.50206904 0.41641874
0.00039479 0.36283831 0.35232302 0.39930133 0.34523319 0.50234819  0.48417291 0.45702496 0.47508945 0.39693445 0.45000532 0.44589633  0.47476172 0.42761975 0.50206904 0.41641874
0.00039479 0.36283831 0.35232302 0.39930133 0.34523319 0.50234819  0.48417291 0.45702496 0.47508945 0.39693445 0.45000532 0.44589633  0.47476172 0.42761975 0.50206904 0.41641874
0.00039479 0.36283831 0.35232302 0.39930133 0.34523319 0.50234819  0.48417291 0.45702496 0.47508945 0.39693445 0.45000532 0.44589633  0.47476172 0.42761975 0.50206904 0.41641874
0.00039479 0.36283831 0.35232302 0.39930133 0.34523319 0.50234819  0.48417291 0.45702496 0.47508945 0.39693445 0.45000532 0.44589633  0.47476172 0.42761975 0.50206904 0.41641874
0.07346743 0.44338224 0.32329262 0.44408618 0.3339935  0.56919825  0.40009798 0.42188205 0.52496639 0.47596992 0.33999508 0.53823408  0.46987442 0.45050677 0.57359281 0.63015661
0.31248343 0.69838108 0.20758969 0.54037539 0.30509777 0.68536542  0.30316887 0.43750371 0.70645207 0.47886743 0.53463588 0.50298439  0.45032805 0.45653874 0.5723844  0.60020336
0.43854062 0.7878674  0.17283947 0.57059455 0.28293336 0.67935218  0.25120229 0.49033198 0.57417648 0.47472013 0.33951031 0.52080096  0.47581182 0.36926913 0.37440966 0.55150015
0.49470036 0.80367547 0.15749514 0.49564234 0.26160833 0.754539  0.38012701 0.46033901 0.52047368 0.43999828 0.44551759 0.48064915  0.44348393 0.33116404 0.25873707 0.4955417 
0.61948881 0.73438111 0.19268933 0.31066858 0.24734633 0.65537935  0.6558153  0.51529129 0.35112235 0.39305442 0.48787274 0.53103087  0.73824351 0.53547959 0.39369867 0.57019673
0.70808794 0.59875782 0.26993806 0.26651177 0.15697396 0.58352539  0.50965508 0.75861975 0.24807567 0.4924422  0.44302263 0.55291807  0.47312949 0.38456469 0.53487236 0.38897017
0.75252353 0.50685006 0.25262628 0.20140504 0.18294324 0.51054523  0.4706377  0.62545981 0.3636811  0.4731791  0.33592282 0.60936686  0.51001233 0.58752158 0.61398525 0.40427507
0.79087647 0.40143465 0.2291532  0.20234111 0.23580563 0.44777777  0.36532623 0.48752466 0.45819365 0.41878975 0.39930194 0.57292925  0.49872655 0.45861936 0.41634972 0.31059584
0.80330553 0.36846883 0.21752673 0.20568168 0.25529689 0.44248666  0.3399415  0.40315336 0.47413487 0.4211431  0.35636321 0.58005443  0.52196325 0.42479763 0.4273152  0.28218488
0.81168061 0.34310932 0.22462803 0.24282978 0.24406832 0.41780329  0.35345801 0.40709057 0.47934942 0.47555667 0.45482618 0.61144616  0.53471619 0.44141487 0.38852585 0.3644491 
0.81168061 0.34310932 0.22462803 0.24282978 0.24406832 0.41780329  0.35345801 0.40709057 0.47934942 0.47555667 0.45482618 0.61144616  0.53471619 0.44141487 0.38852585 0.3644491 
0.83859929 0.26909449 0.23975117 0.35913624 0.27558169 0.45673345  0.35289178 0.4055247  0.35193753 0.51784637 0.50730705 0.52227627  0.58452857 0.40572206 0.54336719 0.34309169
0.80953044 0.30301425 0.16681316 0.27595768 0.33058892 0.51691737  0.32612765 0.42513213 0.39128608 0.43769191 0.35395091 0.45583345  0.51535035 0.33554655 0.55266237 0.31178554
0.79815026 0.30800589 0.13232295 0.24918355 0.36094089 0.53236772  0.32596943 0.43956296 0.42647871 0.41732433 0.31288269 0.42156867  0.46902799 0.28081954 0.57764431 0.34703411
0.78582552 0.32265179 0.10466938 0.22307931 0.39077731 0.5531642  0.33178815 0.43377435 0.47380082 0.36765984 0.26768082 0.39253183  0.48522975 0.24106947 0.57201878 0.38339394
0.78582552 0.32265179 0.10466938 0.22307931 0.39077731 0.5531642  0.33178815 0.43377435 0.47380082 0.36765984 0.26768082 0.39253183  0.48522975 0.24106947 0.57201878 0.38339394
0.7703736  0.3360168  0.08152931 0.21525825 0.41485081 0.53623807  0.37655758 0.42348591 0.52435947 0.3489195  0.30998375 0.38748171  0.49115325 0.2488308  0.62804216 0.45167321
0.7703736  0.3360168  0.08152931 0.21525825 0.41485081 0.53623807  0.37655758 0.42348591 0.52435947 0.3489195  0.30998375 0.38748171  0.49115325 0.2488308  0.62804216 0.45167321
0.74805951 0.39226062 0.07520428 0.17346381 0.40632282 0.52116145  0.41891338 0.38207206 0.60009025 0.33116306 0.31734736 0.43440551  0.59648217 0.33422007 0.5520175  0.4454035 
0.64739061 0.56227563 0.05228736 0.22787791 0.42107067 0.49282495  0.60652643 0.22987195 0.61917708 0.35533875 0.44052342 0.47631847  0.65901616 0.48224769 0.634392   0.43443535
0.43707352 0.76618815 0.09257935 0.47643766 0.43231067 0.35109863  0.69856614 0.42524996 0.32376475 0.37853934 0.57521434 0.42259341  0.36354293 0.41580276 0.48720202 0.3162269 
0.3080265  0.72601465 0.14172493 0.61653292 0.44795609 0.24263485  0.47643928 0.4754917  0.32337848 0.42012597 0.33900473 0.48210392  0.33266548 0.36484222 0.49332419 0.40002031
0.12480679 0.54582024 0.2562519  0.56633949 0.4133776  0.29461666  0.3665754  0.5642408  0.42623228 0.36588055 0.29275569 0.45804828  0.68644766 0.41159539 0.39596952 0.51380349
0.03525649 0.41685964 0.32437467 0.45347996 0.36854765 0.43569141  0.43485985 0.4975719  0.47652552 0.39120509 0.39620065 0.45304628  0.55757342 0.45566594 0.52722734 0.46096477
0.0177474  0.38984345 0.33852207 0.42635267 0.35697043 0.47086435  0.45750391 0.47765391 0.48169648 0.39463854 0.42895995 0.44917931  0.51265071 0.44991576 0.53083289 0.43501917
0.0177474  0.38984345 0.33852207 0.42635267 0.35697043 0.47086435  0.45750391 0.47765391 0.48169648 0.39463854 0.42895995 0.44917931  0.51265071 0.44991576 0.53083289 0.43501917
0.03525649 0.41685964 0.32437467 0.45347996 0.36854765 0.43569141  0.43485985 0.4975719  0.47652552 0.39120509 0.39620065 0.45304628  0.55757342 0.45566594 0.52722734 0.46096477
0.18113589 0.61710962 0.22323593 0.60631079 0.4171356  0.32031737  0.31612009 0.56390992 0.5624221  0.37377965 0.46162839 0.43899239  0.54058807 0.54532788 0.67458199 0.37983599
0.45464389 0.73969418 0.15668766 0.45653306 0.31145265 0.60837554  0.38429463 0.6738714  0.65618028 0.35674897 0.65338614 0.3868636  0.65124014 0.44206811 0.47184161 0.46546207
0.51951566 0.66868315 0.16742737 0.38075625 0.28729112 0.56130475  0.36489645 0.81298705 0.60427578 0.36089704 0.65698025 0.39124516  0.34951956 0.26879845 0.58074149 0.4141984 
0.53630634 0.64746927 0.16371464 0.33781528 0.29387196 0.54482749  0.38460279 0.85396172 0.62789947 0.3391385  0.67531636 0.38668009  0.40754882 0.29988068 0.64956264 0.42823508
0.56203034 0.61177226 0.18462051 0.3578526  0.25642319 0.56006862  0.36324948 0.88418611 0.61276929 0.39539491 0.69170272 0.42530806  0.46624142 0.30039411 0.56700657 0.51016822
0.58031657 0.62260095 0.17297471 0.34915034 0.26114472 0.54678834  0.4164813  0.85253181 0.53960327 0.4047947  0.66458456 0.43318351  0.37578521 0.25839993 0.5283929  0.49066762
0.58031657 0.62260095 0.17297471 0.34915034 0.26114472 0.54678834  0.4164813  0.85253181 0.53960327 0.4047947  0.66458456 0.43318351  0.37578521 0.25839993 0.5283929  0.49066762
0.5551508  0.66917434 0.16958613 0.35494322 0.26579244 0.58794897  0.38325845 0.80761993 0.51076504 0.37213967 0.54778547 0.40635686  0.30500301 0.21070045 0.49836111 0.39436673
0.45388369 0.74923109 0.17822733 0.51105459 0.26824261 0.69459493  0.24146957 0.61813135 0.68839116 0.45018747 0.46197813 0.45469601  0.61400284 0.38888135 0.47111422 0.52747725
0.45388369 0.74923109 0.17822733 0.51105459 0.26824261 0.69459493  0.24146957 0.61813135 0.68839116 0.45018747 0.46197813 0.45469601  0.61400284 0.38888135 0.47111422 0.52747725
0.1979191  0.64271906 0.20775552 0.63648947 0.43055343 0.25445331  0.30409412 0.59845109 0.49582661 0.35466587 0.3554918  0.44586393  0.67481435 0.4819329  0.51013262 0.44667862
0.1979191  0.64271906 0.20775552 0.63648947 0.43055343 0.25445331  0.30409412 0.59845109 0.49582661 0.35466587 0.3554918  0.44586393  0.67481435 0.4819329  0.51013262 0.44667862
0.12566224 0.54019963 0.25986122 0.55140949 0.4018144  0.33032817  0.37301126 0.55468055 0.46709635 0.35867597 0.36762412 0.44341262  0.64842896 0.44946252 0.45227639 0.43964878
0.05382268 0.43910356 0.31115946 0.46711768 0.37178665 0.40776654  0.44798323 0.50264986 0.42267467 0.37376997 0.36260469 0.44845626  0.59147027 0.37525493 0.35520149 0.46174804
0.03642183 0.41524629 0.32484262 0.44637131 0.36316133 0.44551311  0.45106347 0.48776639 0.46324129 0.38475414 0.41331241 0.4470223  0.53714745 0.42209284 0.46353815 0.42942717
0.00039479 0.36283831 0.35232302 0.39930133 0.34523319 0.50234819  0.48417291 0.45702496 0.47508945 0.39693445 0.45000532 0.44589633  0.47476172 0.42761975 0.50206904 0.41641874
0.00039479 0.36283831 0.35232302 0.39930133 0.34523319 0.50234819  0.48417291 0.45702496 0.47508945 0.39693445 0.45000532 0.44589633  0.47476172 0.42761975 0.50206904 0.41641874
0.00039479 0.36283831 0.35232302 0.39930133 0.34523319 0.50234819  0.48417291 0.45702496 0.47508945 0.39693445 0.45000532 0.44589633  0.47476172 0.42761975 0.50206904 0.41641874
0.01830365 0.38870926 0.33849665 0.42271599 0.35435014 0.47063879  0.4700659  0.47319173 0.46038664 0.38894076 0.42241625 0.4468854  0.51617687 0.4152715  0.46097338 0.42900053
0.0540746  0.44259247 0.31082863 0.4734334  0.37434033 0.41428709  0.42600621 0.50701115 0.46714429 0.38269728 0.39137357 0.45025484  0.57226299 0.43559009 0.47935027 0.44657701
0.17987869 0.59275721 0.2441558  0.57751553 0.37335164 0.43406021  0.30334011 0.4978094  0.54691847 0.45542553 0.2853799  0.5004057  0.6255681  0.46616769 0.59949193 0.57159392
0.4488983  0.87162245 0.47640705 0.50246682 0.604088   0.76486645  0.14956099 0.4283206  0.60281627 0.42499079 0.55099606 0.55865181  0.65403251 0.50625713 0.39552068 0.49980456
0.55959506 0.88964569 0.75185808 0.55912557 0.67550712 0.74626486  0.13519632 0.41348961 0.51075593 0.50164588 0.5349234  0.64637601  0.82737928 0.31448121 0.45824742 0.31218077
0.55959506 0.88964569 0.75185808 0.55912557 0.67550712 0.74626486  0.13519632 0.41348961 0.51075593 0.50164588 0.5349234  0.64637601  0.82737928 0.31448121 0.45824742 0.31218077
0.56050551 0.87769866 0.73075802 0.61366413 0.48393141 0.70376262  0.17180553 0.37449341 0.53627162 0.38213153 0.43496786 0.50985209  0.76159827 0.37775501 0.45980883 0.31263387
0.52427649 0.83031248 0.54014824 0.62979647 0.3397245  0.72464567  0.17745157 0.38670606 0.53020127 0.35394551 0.41207528 0.50881684  0.82890922 0.39388889 0.43102825 0.28852624
0.49516327 0.76043655 0.34619477 0.66931999 0.13267139 0.71010407  0.19154145 0.44550018 0.53339722 0.46936175 0.43951967 0.54786887  0.83102041 0.46351951 0.32559557 0.32277979
0.45635429 0.79182912 0.17158368 0.55350605 0.25796626 0.73183752  0.26917065 0.47702385 0.59505565 0.47135902 0.36260363 0.47499419  0.55395099 0.34004015 0.34894434 0.48331866
0.44040188 0.82034229 0.13390782 0.56752468 0.31175412 0.65393346  0.39916614 0.40180063 0.59057552 0.45478735 0.55829857 0.44628621  0.39278733 0.34402745 0.40483746 0.43352958
0.44040188 0.82034229 0.13390782 0.56752468 0.31175412 0.65393346  0.39916614 0.40180063 0.59057552 0.45478735 0.55829857 0.44628621  0.39278733 0.34402745 0.40483746 0.43352958
0.44141373 0.82181778 0.13390954 0.56464987 0.3111567  0.65406116  0.39807534 0.40337274 0.58984359 0.45396549 0.55191638 0.46469986  0.35986929 0.3660633  0.37960574 0.49081137
0.45956603 0.82199604 0.1239871  0.53915065 0.32953168 0.62607414  0.46908249 0.36608908 0.49708599 0.47029329 0.48177643 0.51607567  0.30368996 0.33099501 0.40140384 0.57114154
0.45956603 0.82199604 0.1239871  0.53915065 0.32953168 0.62607414  0.46908249 0.36608908 0.49708599 0.47029329 0.48177643 0.51607567  0.30368996 0.33099501 0.40140384 0.57114154
0.49558575 0.81572079 0.10564843 0.47033265 0.3427897  0.61510249  0.60435096 0.34317673 0.42066546 0.46179151 0.51456729 0.50707566  0.29982614 0.34689098 0.40482249 0.55642398
0.58209878 0.75403604 0.12394407 0.31066161 0.28866882 0.69506468  0.63976563 0.51395734 0.3762613  0.4230499  0.40313404 0.46702369  0.60514778 0.41418136 0.37506361 0.54901005
0.59888947 0.73282216 0.12023135 0.26772064 0.29524967 0.67858742  0.65947197 0.55493202 0.39988499 0.40129135 0.42147016 0.46245862  0.66317704 0.44526359 0.44388475 0.56304673
0.63037379 0.67944717 0.12809194 0.21431454 0.28654009 0.64231979  0.61686995 0.6722256  0.42005605 0.39052884 0.41114961 0.47191253  0.55283798 0.36057562 0.55768893 0.57735487
0.62936194 0.67797168 0.12809022 0.21718934 0.28713751 0.64219209  0.61796075 0.6706535  0.42078798 0.3913507  0.4175318  0.45349888  0.58575601 0.33853978 0.58292065 0.52007308
0.62936194 0.67797168 0.12809022 0.21718934 0.28713751 0.64219209  0.61796075 0.6706535  0.42078798 0.3913507  0.4175318  0.45349888  0.58575601 0.33853978 0.58292065 0.52007308
0.62936194 0.67797168 0.12809022 0.21718934 0.28713751 0.64219209  0.61796075 0.6706535  0.42078798 0.3913507  0.4175318  0.45349888  0.58575601 0.33853978 0.58292065 0.52007308
0.64818339 0.67829626 0.16842059 0.21681149 0.29585899 0.65898041  0.59276126 0.54942226 0.41462783 0.41992674 0.2916471  0.4235186  0.6636582  0.49121129 0.52038222 0.42894802
0.67930567 0.67739201 0.26616067 0.19656915 0.37666103 0.57806827  0.66685459 0.48432969 0.61443935 0.60083375 0.14578711 0.24745413  0.66172862 0.45693788 0.45633301 0.42625614
0.67754169 0.60203793 0.15898376 0.23223261 0.33458811 0.60077264  0.59548558 0.40300451 0.55630883 0.50336265 0.21964923 0.42927906  0.72797036 0.34861347 0.50891333 0.41495465
0.67754169 0.60203793 0.15898376 0.23223261 0.33458811 0.60077264  0.59548558 0.40300451 0.55630883 0.50336265 0.21964923 0.42927906  0.72797036 0.34861347 0.50891333 0.41495465
0.71482517 0.51278817 0.13011512 0.17564742 0.30333875 0.58829525  0.46771401 0.45650125 0.45952985 0.44454548 0.18018221 0.52851767  0.57318712 0.39684293 0.61240743 0.39772127
0.71482517 0.51278817 0.13011512 0.17564742 0.30333875 0.58829525  0.46771401 0.45650125 0.45952985 0.44454548 0.18018221 0.52851767  0.57318712 0.39684293 0.61240743 0.39772127
0.75804705 0.41798431 0.12461685 0.13059459 0.32283573 0.51303666  0.38301105 0.45408797 0.54138804 0.4060472  0.19084409 0.52695574  0.47544049 0.34758377 0.57118164 0.36327928
0.74334434 0.44437054 0.11217939 0.13339684 0.33948767 0.52762092  0.41851176 0.41262444 0.56818756 0.38281012 0.21234017 0.5198872  0.59363963 0.41074267 0.53408681 0.38414032
0.72789242 0.45773556 0.08903931 0.12557578 0.36356117 0.51069479  0.46328119 0.40233599 0.6187462  0.36406978 0.2546431  0.51483709  0.59956313 0.418504   0.5901102  0.45241958
0.72789242 0.45773556 0.08903931 0.12557578 0.36356117 0.51069479  0.46328119 0.40233599 0.6187462  0.36406978 0.2546431  0.51483709  0.59956313 0.418504   0.5901102  0.45241958
0.77045293 0.38261378 0.11810865 0.13503757 0.33883886 0.48945744  0.34555663 0.43957064 0.56631317 0.37898498 0.25354133 0.50240491  0.4553934  0.28566417 0.47715708 0.3362237 
0.77045293 0.38261378 0.11810865 0.13503757 0.33883886 0.48945744  0.34555663 0.43957064 0.56631317 0.37898498 0.25354133 0.50240491  0.4553934  0.28566417 0.47715708 0.3362237 
0.75500101 0.3959788  0.09496858 0.12721651 0.36291236 0.47253131  0.39032606 0.42928219 0.61687182 0.36024464 0.29584427 0.49735479  0.46131689 0.29342549 0.53318046 0.40450296
0.74259513 0.43134932 0.10147678 0.12277353 0.34690923 0.49611053  0.42778048 0.44379952 0.59194669 0.38730686 0.23314702 0.52190563  0.48136398 0.35534509 0.62720503 0.43155854
0.72789242 0.45773556 0.08903931 0.12557578 0.36356117 0.51069479  0.46328119 0.40233599 0.6187462  0.36406978 0.2546431  0.51483709  0.59956313 0.418504   0.5901102  0.45241958
0.70194538 0.52778045 0.10600419 0.12908269 0.32670192 0.54988302  0.53113824 0.52575381 0.54915878 0.39139691 0.25396122 0.52672387  0.59080181 0.48548661 0.69372116 0.51904323
0.68951631 0.56074627 0.11763066 0.12574211 0.30721065 0.55517413  0.55652297 0.61012512 0.53321756 0.38904356 0.29689995 0.51959869  0.56756511 0.51930834 0.68275568 0.54745419
0.68951631 0.56074627 0.11763066 0.12574211 0.30721065 0.55517413  0.55652297 0.61012512 0.53321756 0.38904356 0.29689995 0.51959869  0.56756511 0.51930834 0.68275568 0.54745419
0.68951631 0.56074627 0.11763066 0.12574211 0.30721065 0.55517413  0.55652297 0.61012512 0.53321756 0.38904356 0.29689995 0.51959869  0.56756511 0.51930834 0.68275568 0.54745419
0.70496823 0.54738125 0.14077073 0.13356318 0.28313715 0.57210026  0.51175355 0.62041356 0.48265891 0.4077839  0.25459702 0.52464881  0.56164162 0.51154702 0.6267323  0.47917493
0.72310951 0.56541585 0.24510362 0.22625914 0.18953504 0.55782834  0.5267759  0.60051022 0.34389487 0.47385228 0.35234792 0.59741085  0.62838988 0.60106961 0.59647198 0.42633443
0.73479489 0.59111906 0.31376816 0.2249466  0.18748835 0.54478909  0.5311336  0.56693818 0.34951832 0.38089927 0.32408024 0.557696  0.55977736 0.63548108 0.57540377 0.50670222
0.73920424 0.62081108 0.40380204 0.31081706 0.11834277 0.55307114  0.51716591 0.68289521 0.19438926 0.32029954 0.44266413 0.53822421  0.47012472 0.4035735  0.58678637 0.43024173
0.74192716 0.69254466 0.56170694 0.42481821 0.12750939 0.54096539  0.55401292 0.52660989 0.15828517 0.30702671 0.43983666 0.48858638  0.50313565 0.37065982 0.62528869 0.28914502
0.74192716 0.69254466 0.56170694 0.42481821 0.12750939 0.54096539  0.55401292 0.52660989 0.15828517 0.30702671 0.43983666 0.48858638  0.50313565 0.37065982 0.62528869 0.28914502
0.74192716 0.69254466 0.56170694 0.42481821 0.12750939 0.54096539  0.55401292 0.52660989 0.15828517 0.30702671 0.43983666 0.48858638  0.50313565 0.37065982 0.62528869 0.28914502
0.74721005 0.69578294 0.5899545  0.42919647 0.14255429 0.5072156  0.61762014 0.54942006 0.25458071 0.3931878  0.3815894  0.41692387  0.49126398 0.28531521 0.67172285 0.2459129 
0.76400074 0.67456906 0.58624178 0.3862555  0.14913514 0.49073835  0.63732648 0.59039474 0.2782044  0.37142925 0.39992551 0.4123588  0.54929324 0.31639745 0.74054399 0.25994957
0.77971952 0.64925141 0.59309401 0.35991501 0.143239   0.47670055  0.61490608 0.6630263  0.27502854 0.38838521 0.38639348 0.42200982  0.4942195  0.29420913 0.76126614 0.27202578
0.7967881  0.62391562 0.60087971 0.33270783 0.1604368  0.439668  0.62536101 0.60372303 0.34829726 0.45682259 0.3014574  0.40609639  0.49545184 0.38693369 0.79779733 0.29690974
0.81182207 0.59355956 0.59544675 0.30835259 0.16836412 0.41626496  0.61467823 0.5567185  0.38730475 0.45145577 0.25680843 0.42833854  0.5152618  0.46600234 0.83621263 0.30645058
0.83232704 0.57439218 0.62495938 0.28828478 0.18049767 0.38430184  0.58288628 0.51667982 0.42690916 0.35912752 0.26098502 0.43351174  0.48380916 0.53051425 0.81202615 0.36241499
0.85062385 0.49807061 0.59530559 0.33580882 0.14573026 0.3183895  0.57886169 0.47726505 0.48356047 0.40344286 0.38841611 0.46201493  0.51149771 0.50285293 0.70418914 0.43220715
0.89240606 0.38450794 0.57759318 0.37008024 0.20252167 0.25634775  0.52958885 0.3047854  0.63668266 0.41423613 0.39754139 0.46537072  0.55157558 0.30335136 0.56277245 0.4166193 
0.88111863 0.35187943 0.49999558 0.39225415 0.16119277 0.28309887  0.50207786 0.30006914 0.55761966 0.35985841 0.48356017 0.61614678  0.62422641 0.2743266  0.58633672 0.43409812
0.88315127 0.30934542 0.46396982 0.43657932 0.17940991 0.29791205  0.51061717 0.31738931 0.52510785 0.44412972 0.52126844 0.56695002  0.65052649 0.28451402 0.56808483 0.45900131
0.89207807 0.23863241 0.42083761 0.53157922 0.23234878 0.3669993  0.49053708 0.32939232 0.42979948 0.47815537 0.57682918 0.50149713  0.69498866 0.26960017 0.62006342 0.53063529
0.88727853 0.18197504 0.34088591 0.57923848 0.31705584 0.45301756  0.49885613 0.3995312  0.41338336 0.57383762 0.52951509 0.41767194  0.65601916 0.27799767 0.63381965 0.48228359
0.87929256 0.14751525 0.26753011 0.59947444 0.35417266 0.53153113  0.46120218 0.43369878 0.32127783 0.58779077 0.53160703 0.41220363  0.65931441 0.3725024  0.62952906 0.42611535
0.86383618 0.16303273 0.22293324 0.54538382 0.3815644  0.56644573  0.41478967 0.44496682 0.27548474 0.52662211 0.47912795 0.35913306  0.59025115 0.39166688 0.68337173 0.39013328
0.85579608 0.15806695 0.18578294 0.52967939 0.40415874 0.59594161  0.38537667 0.46253495 0.24238549 0.5315955  0.47634189 0.33870176  0.56293974 0.39631809 0.68310523 0.40036675
0.83137543 0.18072583 0.12578322 0.47360934 0.4574009  0.62132213  0.39767586 0.47186436 0.33962888 0.47744103 0.40693719 0.29233513  0.51582955 0.33534546 0.67343991 0.51564577
0.81145427 0.22013817 0.09011951 0.40819653 0.48905456 0.67078211  0.3709571  0.46369673 0.36931387 0.36941263 0.27013284 0.2402402  0.48310058 0.30982634 0.65224962 0.50190921
0.81145427 0.22013817 0.09011951 0.40819653 0.48905456 0.67078211  0.3709571  0.46369673 0.36931387 0.36941263 0.27013284 0.2402402  0.48310058 0.30982634 0.65224962 0.50190921
0.79600235 0.23350319 0.06697943 0.40037547 0.51312806 0.65385598  0.41572653 0.45340828 0.41987252 0.35067229 0.31243578 0.23519009  0.48902407 0.31758766 0.70827301 0.57018847
0.79600235 0.23350319 0.06697943 0.40037547 0.51312806 0.65385598  0.41572653 0.45340828 0.41987252 0.35067229 0.31243578 0.23519009  0.48902407 0.31758766 0.70827301 0.57018847
0.76034877 0.33785702 0.06844122 0.28658764 0.45047279 0.58996164  0.41632754 0.36247432 0.5107886  0.31626662 0.29467002 0.34249031  0.55286718 0.27577584 0.67231877 0.42426526
0.68226902 0.46462114 0.03353752 0.25371409 0.47389246 0.47059275  0.54152113 0.19309407 0.64710687 0.29852178 0.50829866 0.40077436  0.6557568  0.44757464 0.57671774 0.42622096
0.49385462 0.64793582 0.06059174 0.41730901 0.48470138 0.29874483  0.65250264 0.23545804 0.424612   0.36384918 0.46104584 0.45644832  0.47620753 0.45747188 0.59777091 0.27746305
0.38058701 0.74375242 0.10475388 0.53977809 0.46482561 0.24122644  0.61745549 0.45002254 0.30454666 0.40969722 0.43649023 0.46569431  0.35159312 0.43519278 0.58953306 0.35242904
0.16002641 0.56793569 0.22935439 0.56361237 0.43332638 0.24372047  0.42294287 0.53908165 0.34633526 0.39096762 0.21418671 0.48707799  0.6833834  0.39285809 0.39552148 0.55518416
0.05305711 0.43957166 0.31101253 0.47051371 0.37471271 0.40140838  0.44031666 0.50870415 0.42642705 0.37566067 0.35066315 0.45160235  0.60838869 0.3907296  0.38140058 0.47992183
0.00039479 0.36283831 0.35232302 0.39930133 0.34523319 0.50234819  0.48417291 0.45702496 0.47508945 0.39693445 0.45000532 0.44589633  0.47476172 0.42761975 0.50206904 0.41641874
0.00039479 0.36283831 0.35232302 0.39930133 0.34523319 0.50234819  0.48417291 0.45702496 0.47508945 0.39693445 0.45000532 0.44589633  0.47476172 0.42761975 0.50206904 0.41641874
0.00039479 0.36283831 0.35232302 0.39930133 0.34523319 0.50234819  0.48417291 0.45702496 0.47508945 0.39693445 0.45000532 0.44589633  0.47476172 0.42761975 0.50206904 0.41641874
0.00039479 0.36283831 0.35232302 0.39930133 0.34523319 0.50234819  0.48417291 0.45702496 0.47508945 0.39693445 0.45000532 0.44589633  0.47476172 0.42761975 0.50206904 0.41641874
0.00039479 0.36283831 0.35232302 0.39930133 0.34523319 0.50234819  0.48417291 0.45702496 0.47508945 0.39693445 0.45000532 0.44589633  0.47476172 0.42761975 0.50206904 0.41641874
0.00039479 0.36283831 0.35232302 0.39930133 0.34523319 0.50234819  0.48417291 0.45702496 0.47508945 0.39693445 0.45000532 0.44589633  0.47476172 0.42761975 0.50206904 0.41641874
0.07314436 0.46214664 0.30275852 0.47568028 0.36771671 0.45155482  0.41374863 0.49541483 0.54378849 0.39097161 0.49557442 0.43949997  0.46876358 0.50697189 0.64388919 0.36785785
0.25799071 0.66534812 0.20773621 0.55100788 0.35233949 0.53496037  0.36582611 0.47947285 0.67897218 0.38744037 0.69651566 0.40526153  0.39896063 0.51044134 0.64627498 0.29617934
0.31187829 0.74358442 0.16681722 0.61953093 0.38013115 0.45281095  0.32203753 0.51735685 0.65731695 0.37591004 0.6420618  0.40932709  0.46234863 0.49864029 0.60137139 0.3250663 
0.36496391 0.75522442 0.14789378 0.57966985 0.3770067  0.45499379  0.34513775 0.56745888 0.66858476 0.34037136 0.65366286 0.39567906  0.59456809 0.46751894 0.51342688 0.38480689
0.45241574 0.69076968 0.1380393  0.38473499 0.37738456 0.45222151  0.49286604 0.74094669 0.6554626  0.23763214 0.75808838 0.34031415  0.77345537 0.53311745 0.625038   0.39695316
0.45241574 0.69076968 0.1380393  0.38473499 0.37738456 0.45222151  0.49286604 0.74094669 0.6554626  0.23763214 0.75808838 0.34031415  0.77345537 0.53311745 0.625038   0.39695316
0.48350636 0.66414936 0.12197276 0.36960951 0.39458768 0.43242339  0.51411617 0.70678789 0.63511167 0.20224343 0.85619635 0.30362242  0.6802259  0.44577507 0.48901431 0.32518681
0.48350636 0.66414936 0.12197276 0.36960951 0.39458768 0.43242339  0.51411617 0.70678789 0.63511167 0.20224343 0.85619635 0.30362242  0.6802259  0.44577507 0.48901431 0.32518681
0.48350636 0.66414936 0.12197276 0.36960951 0.39458768 0.43242339  0.51411617 0.70678789 0.63511167 0.20224343 0.85619635 0.30362242  0.6802259  0.44577507 0.48901431 0.32518681
0.48350636 0.66414936 0.12197276 0.36960951 0.39458768 0.43242339  0.51411617 0.70678789 0.63511167 0.20224343 0.85619635 0.30362242  0.6802259  0.44577507 0.48901431 0.32518681
0.48350636 0.66414936 0.12197276 0.36960951 0.39458768 0.43242339  0.51411617 0.70678789 0.63511167 0.20224343 0.85619635 0.30362242  0.6802259  0.44577507 0.48901431 0.32518681
0.50094808 0.65731145 0.10885948 0.33462001 0.41060841 0.40562526  0.59218178 0.68505619 0.58335867 0.21522344 0.84388436 0.31519979  0.67302358 0.4579928  0.52069071 0.33564622
0.50094808 0.65731145 0.10885948 0.33462001 0.41060841 0.40562526  0.59218178 0.68505619 0.58335867 0.21522344 0.84388436 0.31519979  0.67302358 0.4579928  0.52069071 0.33564622
0.48242047 0.63713957 0.11620276 0.32468154 0.41987951 0.37172724  0.6129068  0.70075726 0.54569325 0.18198874 0.83829105 0.29881358  0.73765418 0.45430021 0.43308798 0.32017489
0.49813925 0.61182191 0.12305499 0.29834104 0.41398338 0.35768944  0.5904864  0.77338883 0.54251739 0.1989447  0.82475901 0.3084646  0.68258044 0.43211188 0.45381012 0.33225109
0.49813925 0.61182191 0.12305499 0.29834104 0.41398338 0.35768944  0.5904864  0.77338883 0.54251739 0.1989447  0.82475901 0.3084646  0.68258044 0.43211188 0.45381012 0.33225109
0.49813925 0.61182191 0.12305499 0.29834104 0.41398338 0.35768944  0.5904864  0.77338883 0.54251739 0.1989447  0.82475901 0.3084646  0.68258044 0.43211188 0.45381012 0.33225109
0.48242047 0.63713957 0.11620276 0.32468154 0.41987951 0.37172724  0.6129068  0.70075726 0.54569325 0.18198874 0.83829105 0.29881358  0.73765418 0.45430021 0.43308798 0.32017489
0.48242047 0.63713957 0.11620276 0.32468154 0.41987951 0.37172724  0.6129068  0.70075726 0.54569325 0.18198874 0.83829105 0.29881358  0.73765418 0.45430021 0.43308798 0.32017489
0.48242047 0.63713957 0.11620276 0.32468154 0.41987951 0.37172724  0.6129068  0.70075726 0.54569325 0.18198874 0.83829105 0.29881358  0.73765418 0.45430021 0.43308798 0.32017489
0.43388813 0.6705978  0.14538257 0.37479652 0.38665567 0.41832348  0.51359105 0.75664776 0.61779718 0.20439744 0.75249507 0.32392793  0.83808597 0.52942486 0.53743527 0.38148183
0.31075153 0.74726981 0.16047733 0.63033883 0.39802757 0.38116636  0.3396823  0.54794139 0.57908491 0.33169116 0.58576077 0.39437484  0.58130206 0.44810978 0.405432   0.34191584
0.31075153 0.74726981 0.16047733 0.63033883 0.39802757 0.38116636  0.3396823  0.54794139 0.57908491 0.33169116 0.58576077 0.39437484  0.58130206 0.44810978 0.405432   0.34191584
0.27284303 0.72539673 0.16742648 0.65985075 0.42777981 0.28712064  0.31577451 0.57153333 0.5351993  0.34136723 0.49213951 0.41689837  0.57269075 0.47117805 0.47950529 0.35294102
0.10826139 0.51634237 0.27354439 0.53066312 0.39318908 0.36807474  0.37609151 0.53979708 0.50766297 0.36966015 0.41833184 0.44197866  0.59410613 0.49630043 0.56061304 0.4073279 
0.07249044 0.46245915 0.3012124  0.47994572 0.37319889 0.42442643  0.4201512  0.50597766 0.50090532 0.37590363 0.44937452 0.43860921  0.53802001 0.47598184 0.54223616 0.38975141
0.0177474  0.38984345 0.33852207 0.42635267 0.35697043 0.47086435  0.45750391 0.47765391 0.48169648 0.39463854 0.42895995 0.44917931  0.51265071 0.44991576 0.53083289 0.43501917
0.0177474  0.38984345 0.33852207 0.42635267 0.35697043 0.47086435  0.45750391 0.47765391 0.48169648 0.39463854 0.42895995 0.44917931  0.51265071 0.44991576 0.53083289 0.43501917
0.00039479 0.36283831 0.35232302 0.39930133 0.34523319 0.50234819  0.48417291 0.45702496 0.47508945 0.39693445 0.45000532 0.44589633  0.47476172 0.42761975 0.50206904 0.41641874
0.00039479 0.36283831 0.35232302 0.39930133 0.34523319 0.50234819  0.48417291 0.45702496 0.47508945 0.39693445 0.45000532 0.44589633  0.47476172 0.42761975 0.50206904 0.41641874
0.00039479 0.36283831 0.35232302 0.39930133 0.34523319 0.50234819  0.48417291 0.45702496 0.47508945 0.39693445 0.45000532 0.44589633  0.47476172 0.42761975 0.50206904 0.41641874
0.00039479 0.36283831 0.35232302 0.39930133 0.34523319 0.50234819  0.48417291 0.45702496 0.47508945 0.39693445 0.45000532 0.44589633  0.47476172 0.42761975 0.50206904 0.41641874
0.00039479 0.36283831 0.35232302 0.39930133 0.34523319 0.50234819  0.48417291 0.45702496 0.47508945 0.39693445 0.45000532 0.44589633  0.47476172 0.42761975 0.50206904 0.41641874
0.00039479 0.36283831 0.35232302 0.39930133 0.34523319 0.50234819  0.48417291 0.45702496 0.47508945 0.39693445 0.45000532 0.44589633  0.47476172 0.42761975 0.50206904 0.41641874
0.00039479 0.36283831 0.35232302 0.39930133 0.34523319 0.50234819  0.48417291 0.45702496 0.47508945 0.39693445 0.45000532 0.44589633  0.47476172 0.42761975 0.50206904 0.41641874
0.00039479 0.36283831 0.35232302 0.39930133 0.34523319 0.50234819  0.48417291 0.45702496 0.47508945 0.39693445 0.45000532 0.44589633  0.47476172 0.42761975 0.50206904 0.41641874
0.00039479 0.36283831 0.35232302 0.39930133 0.34523319 0.50234819  0.48417291 0.45702496 0.47508945 0.39693445 0.45000532 0.44589633  0.47476172 0.42761975 0.50206904 0.41641874
0.00039479 0.36283831 0.35232302 0.39930133 0.34523319 0.50234819  0.48417291 0.45702496 0.47508945 0.39693445 0.45000532 0.44589633  0.47476172 0.42761975 0.50206904 0.41641874
0.00039479 0.36283831 0.35232302 0.39930133 0.34523319 0.50234819  0.48417291 0.45702496 0.47508945 0.39693445 0.45000532 0.44589633  0.47476172 0.42761975 0.50206904 0.41641874
0.00039479 0.36283831 0.35232302 0.39930133 0.34523319 0.50234819  0.48417291 0.45702496 0.47508945 0.39693445 0.45000532 0.44589633  0.47476172 0.42761975 0.50206904 0.41641874
0.00039479 0.36283831 0.35232302 0.39930133 0.34523319 0.50234819  0.48417291 0.45702496 0.47508945 0.39693445 0.45000532 0.44589633  0.47476172 0.42761975 0.50206904 0.41641874
0.00039479 0.36283831 0.35232302 0.39930133 0.34523319 0.50234819  0.48417291 0.45702496 0.47508945 0.39693445 0.45000532 0.44589633  0.47476172 0.42761975 0.50206904 0.41641874
0.00039479 0.36283831 0.35232302 0.39930133 0.34523319 0.50234819  0.48417291 0.45702496 0.47508945 0.39693445 0.45000532 0.44589633  0.47476172 0.42761975 0.50206904 0.41641874
0.00039479 0.36283831 0.35232302 0.39930133 0.34523319 0.50234819  0.48417291 0.45702496 0.47508945 0.39693445 0.45000532 0.44589633  0.47476172 0.42761975 0.50206904 0.41641874
0.00039479 0.36283831 0.35232302 0.39930133 0.34523319 0.50234819  0.48417291 0.45702496 0.47508945 0.39693445 0.45000532 0.44589633  0.47476172 0.42761975 0.50206904 0.41641874
