0.00039479 0.36283831 0.35232302 0.39930133 0.34523319 0.50234819  0.48417291 0.45702496 0.47508945 0.39693445 0.45000532 0.44589633  0.47476172 0.42761975 0.50206904 0.41641874
0.00039479 0.36283831 0.35232302 0.39930133 0.34523319 0.50234819  0.48417291 0.45702496 0.47508945 0.39693445 0.45000532 0.44589633  0.47476172 0.42761975 0.50206904 0.41641874
0.00039479 0.36283831 0.35232302 0.39930133 0.34523319 0.50234819  0.48417291 0.45702496 0.47508945 0.39693445 0.45000532 0.44589633  0.47476172 0.42761975 0.50206904 0.41641874
0.00039479 0.36283831 0.35232302 0.39930133 0.34523319 0.50234819  0.48417291 0.45702496 0.47508945 0.39693445 0.45000532 0.44589633  0.47476172 0.42761975 0.50206904 0.41641874
0.00039479 0.36283831 0.35232302 0.39930133 0.34523319 0.50234819  0.48417291 0.45702496 0.47508945 0.39693445 0.45000532 0.44589633  0.47476172 0.42761975 0.50206904 0.41641874
0.00039479 0.36283831 0.35232302 0.39930133 0.34523319 0.50234819  0.48417291 0.45702496 0.47508945 0.39693445 0.45000532 0.44589633  0.47476172 0.42761975 0.50206904 0.41641874
0.00039479 0.36283831 0.35232302 0.39930133 0.34523319 0.50234819  0.48417291 0.45702496 0.47508945 0.39693445 0.45000532 0.44589633  0.47476172 0.42761975 0.50206904 0.41641874
0.00039479 0.36283831 0.35232302 0.39930133 0.34523319 0.50234819  0.48417291 0.45702496 0.47508945 0.39693445 0.45000532 0.44589633  0.47476172 0.42761975 0.50206904 0.41641874
0.00039479 0.36283831 0.35232302 0.39930133 0.34523319 0.50234819  0.48417291 0.45702496 0.47508945 0.39693445 0.45000532 0.44589633  0.47476172 0.42761975 0.50206904 0.41641874
0.00039479 0.36283831 0.35232302 0.39930133 0.34523319 0.50234819  0.48417291 0.45702496 0.47508945 0.39693445 0.45000532 0.44589633  0.47476172 0.42761975 0.50206904 0.41641874
0.00039479 0.36283831 0.35232302 0.39930133 0.34523319 0.50234819  0.48417291 0.45702496 0.47508945 0.39693445 0.45000532 0.44589633  0.47476172 0.42761975 0.50206904 0.41641874
0.00039479 0.36283831 0.35232302 0.39930133 0.34523319 0.50234819  0.48417291 0.45702496 0.47508945 0.39693445 0.45000532 0.44589633  0.47476172 0.42761975 0.50206904 0.41641874
0.00039479 0.36283831 0.35232302 0.39930133 0.34523319 0.50234819  0.48417291 0.45702496 0.47508945 0.39693445 0.45000532 0.44589633  0.47476172 0.42761975 0.50206904 0.41641874
0.00039479 0.36283831 0.35232302 0.39930133 0.34523319 0.50234819  0.48417291 0.45702496 0.47508945 0.39693445 0.45000532 0.44589633  0.47476172 0.42761975 0.50206904 0.41641874
0.00039479 0.36283831 0.35232302 0.39930133 0.34523319 0.50234819  0.48417291 0.45702496 0.47508945 0.39693445 0.45000532 0.44589633  0.47476172 0.42761975 0.50206904 0.41641874
0.00039479 0.36283831 0.35232302 0.39930133 0.34523319 0.50234819  0.48417291 0.45702496 0.47508945 0.39693445 0.45000532 0.44589633  0.47476172 0.42761975 0.50206904 0.41641874
0.00039479 0.36283831 0.35232302 0.39930133 0.34523319 0.50234819  0.48417291 0.45702496 0.47508945 0.39693445 0.45000532 0.44589633  0.47476172 0.42761975 0.50206904 0.41641874
0.00039479 0.36283831 0.35232302 0.39930133 0.34523319 0.50234819  0.48417291 0.45702496 0.47508945 0.39693445 0.45000532 0.44589633  0.47476172 0.42761975 0.50206904 0.41641874
0.00039479 0.36283831 0.35232302 0.39930133 0.34523319 0.50234819  0.48417291 0.45702496 0.47508945 0.39693445 0.45000532 0.44589633  0.47476172 0.42761975 0.50206904 0.41641874
0.00039479 0.36283831 0.35232302 0.39930133 0.34523319 0.50234819  0.48417291 0.45702496 0.47508945 0.39693445 0.45000532 0.44589633  0.47476172 0.42761975 0.50206904 0.41641874
0.00039479 0.36283831 0.35232302 0.39930133 0.34523319 0.50234819  0.48417291 0.45702496 0.47508945 0.39693445 0.45000532 0.44589633  0.47476172 0.42761975 0.50206904 0.41641874
0.00039479 0.36283831 0.35232302 0.39930133 0.34523319 0.50234819  0.48417291 0.45702496 0.47508945 0.39693445 0.45000532 0.44589633  0.47476172 0.42761975 0.50206904 0.41641874
0.00039479 0.36283831 0.35232302 0.39930133 0.34523319 0.50234819  0.48417291 0.45702496 0.47508945 0.39693445 0.45000532 0.44589633  0.47476172 0.42761975 0.50206904 0.41641874
0.00039479 0.36283831 0.35232302 0.39930133 0.34523319 0.50234819  0.48417291 0.45702496 0.47508945 0.39693445 0.45000532 0.44589633  0.47476172 0.42761975 0.50206904 0.41641874
0.00039479 0.36283831 0.35232302 0.39930133 0.34523319 0.50234819  0.48417291 0.45702496 0.47508945 0.39693445 0.45000532 0.44589633  0.47476172 0.42761975 0.50206904 0.41641874
0.00039479 0.36283831 0.35232302 0.39930133 0.34523319 0.50234819  0.48417291 0.45702496 0.47508945 0.39693445 0.45000532 0.44589633  0.47476172 0.42761975 0.50206904 0.41641874
0.00039479 0.36283831 0.35232302 0.39930133 0.34523319 0.50234819  0.48417291 0.45702496 0.47508945 0.39693445 0.45000532 0.44589633  0.47476172 0.42761975 0.50206904 0.41641874
0.00039479 0.36283831 0.35232302 0.39930133 0.34523319 0.50234819  0.48417291 0.45702496 0.47508945 0.39693445 0.45000532 0.44589633  0.47476172 0.42761975 0.50206904 0.41641874
0.00039479 0.36283831 0.35232302 0.39930133 0.34523319 0.50234819  0.48417291 0.45702496 0.47508945 0.39693445 0.45000532 0.44589633  0.47476172 0.42761975 0.50206904 0.41641874
0.00039479 0.36283831 0.35232302 0.39930133 0.34523319 0.50234819  0.48417291 0.45702496 0.47508945 0.39693445 0.45000532 0.44589633  0.47476172 0.42761975 0.50206904 0.41641874
0.00039479 0.36283831 0.35232302 0.39930133 0.34523319 0.50234819  0.48417291 0.45702496 0.47508945 0.39693445 0.45000532 0.44589633  0.47476172 0.42761975 0.50206904 0.41641874
0.00039479 0.36283831 0.35232302 0.39930133 0.34523319 0.50234819  0.48417291 0.45702496 0.47508945 0.39693445 0.45000532 0.44589633  0.47476172 0.42761975 0.50206904 0.41641874
0.00039479 0.36283831 0.35232302 0.39930133 0.34523319 0.50234819  0.48417291 0.45702496 0.47508945 0.39693445 0.45000532 0.44589633  0.47476172 0.42761975 0.50206904 0.41641874
0.00039479 0.36283831 0.35232302 0.39930133 0.34523319 0.50234819  0.48417291 0.45702496 0.47508945 0.39693445 0.45000532 0.44589633  0.47476172 0.42761975 0.50206904 0.41641874
0.00039479 0.36283831 0.35232302 0.39930133 0.34523319 0.50234819  0.48417291 0.45702496 0.47508945 0.39693445 0.45000532 0.44589633  0.47476172 0.42761975 0.50206904 0.41641874
0.00039479 0.36283831 0.35232302 0.39930133 0.34523319 0.50234819  0.48417291 0.45702496 0.47508945 0.39693445 0.45000532 0.44589633  0.47476172 0.42761975 0.50206904 0.41641874
0.00039479 0.36283831 0.35232302 0.39930133 0.34523319 0.50234819  0.48417291 0.45702496 0.47508945 0.39693445 0.45000532 0.44589633  0.47476172 0.42761975 0.50206904 0.41641874
0.00039479 0.36283831 0.35232302 0.39930133 0.34523319 0.50234819  0.48417291 0.45702496 0.47508945 0.39693445 0.45000532 0.44589633  0.47476172 0.42761975 0.50206904 0.41641874
0.00039479 0.36283831 0.35232302 0.39930133 0.34523319 0.50234819  0.48417291 0.45702496 0.47508945 0.39693445 0.45000532 0.44589633  0.47476172 0.42761975 0.50206904 0.41641874
0.00039479 0.36283831 0.35232302 0.39930133 0.34523319 0.50234819  0.48417291 0.45702496 0.47508945 0.39693445 0.45000532 0.44589633  0.47476172 0.42761975 0.50206904 0.41641874
0.00039479 0.36283831 0.35232302 0.39930133 0.34523319 0.50234819  0.48417291 0.45702496 0.47508945 0.39693445 0.45000532 0.44589633  0.47476172 0.42761975 0.50206904 0.41641874
0.00039479 0.36283831 0.35232302 0.39930133 0.34523319 0.50234819  0.48417291 0.45702496 0.47508945 0.39693445 0.45000532 0.44589633  0.47476172 0.42761975 0.50206904 0.41641874
0.14589143 0.53450385 0.27989305 0.51017288 0.33019286 0.59189004  0.32430949 0.42233543 0.67005138 0.51487712 0.44195348 0.50562633  0.37442796 0.54486287 0.89193488 0.48896686
0.16340052 0.56152004 0.26574565 0.53730017 0.34177008 0.5567171  0.30166543 0.44225341 0.66488042 0.51144368 0.40919418 0.5094933  0.41935067 0.55061305 0.88832933 0.51491247
0.38603007 0.77690614 0.16879512 0.57504903 0.29720728 0.70117922  0.29031001 0.43821292 0.7495842  0.46469823 0.60071372 0.44911768  0.50210309 0.45828232 0.59378691 0.46542009
0.42071915 0.79133793 0.16942491 0.57931908 0.27946493 0.70519329  0.25080865 0.48239097 0.68856639 0.46011638 0.47179841 0.45988249  0.59846754 0.39813815 0.43132472 0.50315034
0.51140119 0.85825774 0.33982509 0.3544132  0.65094144 0.87563562  0.24567265 0.5216595  0.4973047  0.38625278 0.63898247 0.61756118  0.66944155 0.35282162 0.32630479 0.48213787
0.57637175 0.86161676 0.42852813 0.31361511 0.66632415 0.88829757  0.24541718 0.53344428 0.34379175 0.31440535 0.61461129 0.67271051  0.64902887 0.32720316 0.24763949 0.46349488
0.70160278 0.81559173 0.61138359 0.17627115 0.67698728 0.74874152  0.40754875 0.60512665 0.32188583 0.12655524 0.55521768 0.55730208  0.66064801 0.34568341 0.58882875 0.47531522
0.75894986 0.79664051 0.7089857  0.15451394 0.71491653 0.66220063  0.48894344 0.60320125 0.25190055 0.27900228 0.48417624 0.56788621  0.68141798 0.31968981 0.61181156 0.40618934
0.77049594 0.78258768 0.7375481  0.18277866 0.69449145 0.63742403  0.50214569 0.60743167 0.217001   0.33261712 0.52251762 0.58858941  0.701394   0.32859169 0.6717912  0.33766169
0.78520726 0.75040813 0.73263329 0.16072681 0.70455159 0.60472517  0.4815082  0.59091774 0.26358675 0.30870686 0.5275886  0.59347687  0.7012156  0.37820257 0.65220964 0.33646337
0.84824018 0.65308794 0.7910058  0.15118062 0.6747053  0.50230769  0.46327332 0.5253177  0.32333398 0.41530623 0.41539146 0.65837372  0.59175414 0.45151794 0.82094568 0.31729658
0.87359713 0.57914403 0.77006801 0.16134762 0.67020762 0.43955952  0.4047182  0.46120269 0.40035915 0.3600426  0.4678865  0.57139163  0.5546162  0.3700263  0.6485702  0.23709477
0.88553014 0.54183383 0.74848178 0.17630044 0.64180796 0.42069676  0.39514001 0.37387906 0.43028847 0.35487183 0.38921291 0.52622708  0.56509872 0.35296895 0.65565566 0.19090801
0.89692189 0.49756795 0.71699796 0.20057803 0.56442246 0.38309155  0.38983628 0.2899923  0.49075589 0.33478623 0.30398216 0.43199292  0.55176776 0.36147237 0.61117807 0.13313559
0.89114578 0.47360549 0.66584283 0.24361269 0.43374529 0.37087055  0.39564525 0.27675363 0.46962639 0.24368825 0.30679542 0.46226052  0.50679677 0.33983196 0.66150855 0.17597148
0.87512452 0.43367333 0.55820924 0.26593138 0.33484712 0.38094455  0.37527476 0.28166746 0.40794201 0.23701249 0.35925123 0.53294047  0.5614632  0.38491956 0.63278874 0.18308037
0.87152783 0.31394738 0.41349109 0.41429526 0.21677766 0.40897722  0.38500246 0.29502343 0.32069998 0.29095269 0.47566065 0.52834753  0.62747215 0.42062765 0.61685753 0.38562156
0.86573419 0.30093521 0.37906364 0.41231123 0.21470426 0.40824148  0.39615691 0.31854817 0.32768132 0.35937069 0.47655504 0.5280618  0.65874638 0.40572662 0.62146245 0.32845884
0.85100047 0.28902997 0.30976886 0.38211299 0.23600692 0.4331448  0.37298422 0.37192409 0.32656025 0.50175107 0.48005426 0.5274728  0.64098387 0.47547804 0.51055188 0.26935023
0.84198095 0.28871679 0.2740543  0.35732804 0.25539545 0.45432632  0.34633527 0.38806659 0.31604858 0.5100725  0.46977629 0.51771524  0.59453075 0.5068375  0.46506328 0.28451226
0.82128718 0.29727704 0.20821759 0.31129758 0.29917411 0.48982687  0.33308765 0.41161122 0.36061168 0.48433162 0.41488313 0.48266415  0.53810546 0.45327923 0.43556911 0.33547033
0.809907   0.30226868 0.17372738 0.28452346 0.32952609 0.50527722  0.33292944 0.42604206 0.39580431 0.46396403 0.3738149  0.44839938  0.4917831  0.39855221 0.46055105 0.3707189 
0.78548636 0.32492756 0.11372766 0.22845341 0.38276825 0.53065775  0.34522863 0.43537146 0.4930477  0.40980957 0.3044102  0.40203274  0.44467291 0.33757959 0.45088574 0.48599792
0.78548636 0.32492756 0.11372766 0.22845341 0.38276825 0.53065775  0.34522863 0.43537146 0.4930477  0.40980957 0.3044102  0.40203274  0.44467291 0.33757959 0.45088574 0.48599792
0.78548636 0.32492756 0.11372766 0.22845341 0.38276825 0.53065775  0.34522863 0.43537146 0.4930477  0.40980957 0.3044102  0.40203274  0.44467291 0.33757959 0.45088574 0.48599792
0.76220816 0.36781441 0.09218591 0.17432315 0.38655121 0.49818269  0.39261321 0.4312876  0.58309949 0.37521591 0.30989926 0.44589365  0.45557056 0.32025246 0.52976594 0.47221128
0.74750546 0.39420064 0.07974845 0.1771254  0.40320315 0.51276695  0.42811392 0.38982407 0.609899   0.35197884 0.33139533 0.43882511  0.5737697  0.38341136 0.49267111 0.49307231
0.74029831 0.42236503 0.08253112 0.13001876 0.3795643  0.48711557  0.42582677 0.38781866 0.64367133 0.33700756 0.31734034 0.49028625  0.57951604 0.35658439 0.49608563 0.425364  
0.71245785 0.48501546 0.0823423  0.14589847 0.37264681 0.52777345  0.49217761 0.34157134 0.62179105 0.35662963 0.27177815 0.50742406  0.6917453  0.48026016 0.53764033 0.45039154
0.67939017 0.5206706  0.06168551 0.18934975 0.40476315 0.50188673  0.54946782 0.2426526  0.64531163 0.33783083 0.36738681 0.49053679  0.70087938 0.5185523  0.56068491 0.43864641
0.66631418 0.55601501 0.06896598 0.19202803 0.38624068 0.5273678  0.58463687 0.2893166  0.60699434 0.35985901 0.34466086 0.50439921  0.70626543 0.55566617 0.63479899 0.47391812
0.63783536 0.61507592 0.07942888 0.22177087 0.36637336 0.55184788  0.6237272  0.31715899 0.56783722 0.37570832 0.38078508 0.49523316  0.70118562 0.61241971 0.56249921 0.49004897
0.63783536 0.61507592 0.07942888 0.22177087 0.36637336 0.55184788  0.6237272  0.31715899 0.56783722 0.37570832 0.38078508 0.49523316  0.70118562 0.61241971 0.56249921 0.49004897
0.66960389 0.56366318 0.08744468 0.16234696 0.36085328 0.51862111  0.58760121 0.44631947 0.58787726 0.37446161 0.37406755 0.50692506  0.62795499 0.56729958 0.64455566 0.51440529
0.69938187 0.52035986 0.08962278 0.14857676 0.35412434 0.55325451  0.52734666 0.38823535 0.58347375 0.37865781 0.2490522  0.52128648  0.69713135 0.51737403 0.61175442 0.48566325
0.69938187 0.52035986 0.08962278 0.14857676 0.35412434 0.55325451  0.52734666 0.38823535 0.58347375 0.37865781 0.2490522  0.52128648  0.69713135 0.51737403 0.61175442 0.48566325
0.75575023 0.40900002 0.10567119 0.13783982 0.3554908  0.5040417  0.38105734 0.39810711 0.59311268 0.3557479  0.27503741 0.49533637  0.57359254 0.34882307 0.44006225 0.35708474
0.79415785 0.36297625 0.18025243 0.18791594 0.27865047 0.45321061  0.33989613 0.43092842 0.48379843 0.44901705 0.33981143 0.56570653  0.485514   0.38014125 0.45780067 0.2646153 
0.79415785 0.36297625 0.18025243 0.18791594 0.27865047 0.45321061  0.33989613 0.43092842 0.48379843 0.44901705 0.33981143 0.56570653  0.485514   0.38014125 0.45780067 0.2646153 
0.92801092 0.40589383 0.74604697 0.35218269 0.58754651 0.32699193  0.50936832 0.31399395 0.62850488 0.62951266 0.39283267 0.23318052  0.58786424 0.39246672 0.42796091 0.42762312
0.92801092 0.40589383 0.74604697 0.35218269 0.58754651 0.32699193  0.50936832 0.31399395 0.62850488 0.62951266 0.39283267 0.23318052  0.58786424 0.39246672 0.42796091 0.42762312
0.92801092 0.40589383 0.74604697 0.35218269 0.58754651 0.32699193  0.50936832 0.31399395 0.62850488 0.62951266 0.39283267 0.23318052  0.58786424 0.39246672 0.42796091 0.42762312
0.92801092 0.40589383 0.74604697 0.35218269 0.58754651 0.32699193  0.50936832 0.31399395 0.62850488 0.62951266 0.39283267 0.23318052  0.58786424 0.39246672 0.42796091 0.42762312
0.92801092 0.40589383 0.74604697 0.35218269 0.58754651 0.32699193  0.50936832 0.31399395 0.62850488 0.62951266 0.39283267 0.23318052  0.58786424 0.39246672 0.42796091 0.42762312
0.90585217 0.40142051 0.68256209 0.39142042 0.50341528 0.32881367  0.58438111 0.44206756 0.68477735 0.75162532 0.43940976 0.24376778  0.60523574 0.42419866 0.31441269 0.46197059
0.90106338 0.38049978 0.63793319 0.42617326 0.39574304 0.31136034  0.60330933 0.44175498 0.69475115 0.72696841 0.43592534 0.23996561  0.59328112 0.42084469 0.3177311  0.50752271
0.89051042 0.35733993 0.57201708 0.42468126 0.36180562 0.30768479  0.60739821 0.47140844 0.69736097 0.7975991  0.44937308 0.25804171  0.59813604 0.4468062  0.2808294  0.51103672
0.88040808 0.32849939 0.50293767 0.45213058 0.27705427 0.30947922  0.60855044 0.48682557 0.6619065  0.76545213 0.48172292 0.33019237  0.57668899 0.39629025 0.34682493 0.51741212
0.87481008 0.31344357 0.46501255 0.46022504 0.25031833 0.32119242  0.58913934 0.48524029 0.61815201 0.74055564 0.52649026 0.40252863  0.60156346 0.40829432 0.35222154 0.52747181
0.86480453 0.28497069 0.39992412 0.47334358 0.23871088 0.33530563  0.57525657 0.49640113 0.59420579 0.75782876 0.58705854 0.49946575  0.66450951 0.36438457 0.38300915 0.53204688
0.86291376 0.281221   0.3878772  0.48046309 0.22281521 0.34809789  0.55755333 0.48660114 0.55324386 0.69323603 0.60353647 0.53697278  0.65106739 0.36227079 0.4175922  0.53560834
0.86381685 0.23872625 0.32422672 0.47454545 0.25644406 0.37368502  0.5139712  0.41966668 0.53559212 0.66503991 0.56146021 0.57498266  0.65387377 0.26534547 0.4827911  0.47170622
0.85479733 0.23841307 0.28851216 0.4497605  0.2758326  0.39486654  0.48732225 0.43580918 0.52508045 0.67336135 0.55118223 0.5652251  0.60742065 0.29670493 0.4373025  0.48686824
0.84851612 0.23497293 0.25783371 0.43955379 0.27509967 0.42162198  0.44585781 0.43201535 0.46023128 0.64431069 0.57491437 0.58799496  0.61954244 0.35332674 0.40998127 0.46531738
0.83642022 0.24298591 0.22548756 0.40958799 0.29850542 0.42620602  0.45233829 0.44713337 0.51015256 0.63982071 0.55071155 0.57066518  0.55623048 0.33210418 0.4059415  0.54423658
0.83642022 0.24298591 0.22548756 0.40958799 0.29850542 0.42620602  0.45233829 0.44713337 0.51015256 0.63982071 0.55071155 0.57066518  0.55623048 0.33210418 0.4059415  0.54423658
0.83642022 0.24298591 0.22548756 0.40958799 0.29850542 0.42620602  0.45233829 0.44713337 0.51015256 0.63982071 0.55071155 0.57066518  0.55623048 0.33210418 0.4059415  0.54423658
0.83642022 0.24298591 0.22548756 0.40958799 0.29850542 0.42620602  0.45233829 0.44713337 0.51015256 0.63982071 0.55071155 0.57066518  0.55623048 0.33210418 0.4059415  0.54423658
0.81773226 0.27086932 0.17704495 0.31997046 0.32127818 0.46040129  0.36612868 0.4493277  0.41604059 0.56750245 0.48641642 0.48316451  0.46120011 0.40284878 0.47770157 0.46337466
0.83310485 0.21090732 0.16360568 0.4080122  0.37321663 0.52410805  0.3523602  0.44353142 0.32352824 0.55617732 0.50055591 0.37329143  0.49103646 0.35825409 0.57256327 0.5105449 
0.8370268  0.19420997 0.16110839 0.44564418 0.39463284 0.55252552  0.37727163 0.46460736 0.33164108 0.54615048 0.47349293 0.36738609  0.47384587 0.39704707 0.5688446  0.49954624
0.8370268  0.19420997 0.16110839 0.44564418 0.39463284 0.55252552  0.37727163 0.46460736 0.33164108 0.54615048 0.47349293 0.36738609  0.47384587 0.39704707 0.5688446  0.49954624
0.8370268  0.19420997 0.16110839 0.44564418 0.39463284 0.55252552  0.37727163 0.46460736 0.33164108 0.54615048 0.47349293 0.36738609  0.47384587 0.39704707 0.5688446  0.49954624
0.84192817 0.17286002 0.15717536 0.49235667 0.41925486 0.58925735  0.39941901 0.48710893 0.31716632 0.5327756  0.45392185 0.35080701  0.47579699 0.40913179 0.61034803 0.48361903
0.84762212 0.14938258 0.1509395  0.53734556 0.4489807  0.62894312  0.41676858 0.49872891 0.3004196  0.51707868 0.42507608 0.31546663  0.48243719 0.41388851 0.67534679 0.46828729
0.84762212 0.14938258 0.1509395  0.53734556 0.4489807  0.62894312  0.41676858 0.49872891 0.3004196  0.51707868 0.42507608 0.31546663  0.48243719 0.41388851 0.67534679 0.46828729
0.84762212 0.14938258 0.1509395  0.53734556 0.4489807  0.62894312  0.41676858 0.49872891 0.3004196  0.51707868 0.42507608 0.31546663  0.48243719 0.41388851 0.67534679 0.46828729
0.84762212 0.14938258 0.1509395  0.53734556 0.4489807  0.62894312  0.41676858 0.49872891 0.3004196  0.51707868 0.42507608 0.31546663  0.48243719 0.41388851 0.67534679 0.46828729
0.84762212 0.14938258 0.1509395  0.53734556 0.4489807  0.62894312  0.41676858 0.49872891 0.3004196  0.51707868 0.42507608 0.31546663  0.48243719 0.41388851 0.67534679 0.46828729
0.84762212 0.14938258 0.1509395  0.53734556 0.4489807  0.62894312  0.41676858 0.49872891 0.3004196  0.51707868 0.42507608 0.31546663  0.48243719 0.41388851 0.67534679 0.46828729
0.84762212 0.14938258 0.1509395  0.53734556 0.4489807  0.62894312  0.41676858 0.49872891 0.3004196  0.51707868 0.42507608 0.31546663  0.48243719 0.41388851 0.67534679 0.46828729
0.83607603 0.16343542 0.12237709 0.50908085 0.46940579 0.65371972  0.40356633 0.49449849 0.33531914 0.46346385 0.3867347  0.29476344  0.46246116 0.40498663 0.61536715 0.53681494
0.8262959  0.16648155 0.09264572 0.51523187 0.51812371 0.70058564  0.44188813 0.51502723 0.40854547 0.3913785  0.30136807 0.29039164  0.45439417 0.39451386 0.59532838 0.51973986
0.81792082 0.19184106 0.08554442 0.47808378 0.52935228 0.72526902  0.42837162 0.51109002 0.40333093 0.33696493 0.2029051  0.25899991  0.44164123 0.37789661 0.63411773 0.43747564
0.8024689  0.20520608 0.06240434 0.47026271 0.55342578 0.70834289  0.47314104 0.50080158 0.45388958 0.31822459 0.24520803 0.2539498  0.44756472 0.38565794 0.69014112 0.5057549 
0.8024689  0.20520608 0.06240434 0.47026271 0.55342578 0.70834289  0.47314104 0.50080158 0.45388958 0.31822459 0.24520803 0.2539498  0.44756472 0.38565794 0.69014112 0.5057549 
0.79464263 0.23472791 0.06400266 0.42395352 0.53313523 0.69279396  0.47575619 0.50700616 0.49338272 0.30237128 0.20839415 0.30286082  0.45253888 0.36056949 0.71299793 0.42368899
0.74438831 0.30745704 0.03247782 0.43731731 0.56316947 0.65358592  0.53759533 0.33729912 0.51790505 0.27819678 0.36179463 0.25214536  0.6080389  0.42994568 0.72371971 0.48049936
0.67555708 0.47651423 0.03380986 0.29426    0.48761518 0.53385774  0.59632512 0.21923138 0.60543502 0.30988708 0.41675565 0.38998481  0.68244408 0.51425096 0.73574107 0.43794479
0.66779588 0.50661864 0.04113669 0.25081495 0.46085666 0.49981186  0.60323851 0.22497799 0.6490161  0.31573158 0.41674863 0.44586556  0.66547795 0.53661528 0.67980919 0.41790529
0.54630185 0.64109655 0.05074828 0.37608842 0.45690895 0.39127282  0.63384506 0.14288111 0.52086246 0.40102633 0.43853221 0.49261793  0.47134482 0.51496897 0.64238173 0.33967116
0.45816693 0.66265449 0.06486505 0.48180521 0.49788284 0.25964282  0.61977898 0.20365423 0.38474753 0.39052127 0.41721601 0.46844693  0.38066229 0.44275018 0.57436549 0.24949708
0.44529587 0.69735497 0.07454945 0.48263384 0.47954606 0.27334999  0.65246699 0.28040804 0.35347739 0.39582021 0.43926009 0.4664713  0.36651492 0.47261893 0.60386236 0.28084902
0.35614251 0.66250971 0.11676774 0.51049973 0.47799466 0.2428979  0.62593902 0.35305861 0.2603691  0.41590327 0.32600425 0.48478651  0.4141673  0.3418255  0.4955881  0.383362  
0.27108534 0.6371785  0.16852517 0.50153408 0.44363382 0.26620012  0.63864571 0.42577991 0.21566088 0.40312518 0.34460279 0.47195642  0.38925876 0.31913529 0.33253499 0.42623024
0.23320092 0.60297986 0.18407512 0.50863345 0.45663759 0.2126023  0.61855198 0.45239427 0.17652874 0.41301538 0.23365114 0.4963067  0.44559847 0.32385208 0.36338519 0.48518004
0.17890094 0.54200714 0.21950164 0.48201207 0.43950734 0.24514389  0.60863775 0.44441866 0.18431335 0.41680256 0.19978149 0.50323433  0.50595969 0.29953828 0.30311135 0.51915159
0.1258976  0.49562792 0.26045528 0.46652482 0.40319065 0.33487742  0.5697364  0.43073883 0.24686617 0.4138731  0.26162141 0.48743535  0.43663131 0.28617154 0.29671849 0.47896054
0.10717356 0.47293935 0.27212342 0.45630826 0.40044915 0.33887172  0.56401763 0.4379138  0.25500629 0.4162155  0.24392843 0.49085647  0.46947169 0.3037667  0.32161202 0.50092078
0.12482632 0.50028553 0.25810943 0.48337034 0.41162815 0.30764571  0.53896038 0.45715856 0.25890929 0.41415864 0.22198959 0.49408901  0.50458724 0.31726395 0.33742414 0.51807062
0.08930674 0.4773163  0.28517204 0.48668649 0.39006206 0.35488208  0.47961075 0.49051133 0.33522391 0.3828289  0.28778365 0.46369801  0.55007538 0.32892678 0.30091083 0.48810339
0.08930674 0.4773163  0.28517204 0.48668649 0.39006206 0.35488208  0.47961075 0.49051133 0.33522391 0.3828289  0.28778365 0.46369801  0.55007538 0.32892678 0.30091083 0.48810339
0.05336775 0.43914143 0.31083182 0.46832666 0.37416152 0.39938838  0.45143619 0.50292086 0.40448693 0.37548598 0.33684065 0.45259001  0.60541605 0.3574237  0.32371238 0.49045415
0.05336775 0.43914143 0.31083182 0.46832666 0.37416152 0.39938838  0.45143619 0.50292086 0.40448693 0.37548598 0.33684065 0.45259001  0.60541605 0.3574237  0.32371238 0.49045415
0.05336775 0.43914143 0.31083182 0.46832666 0.37416152 0.39938838  0.45143619 0.50292086 0.40448693 0.37548598 0.33684065 0.45259001  0.60541605 0.3574237  0.32371238 0.49045415
0.05336775 0.43914143 0.31083182 0.46832666 0.37416152 0.39938838  0.45143619 0.50292086 0.40448693 0.37548598 0.33684065 0.45259001  0.60541605 0.3574237  0.32371238 0.49045415
0.05336775 0.43914143 0.31083182 0.46832666 0.37416152 0.39938838  0.45143619 0.50292086 0.40448693 0.37548598 0.33684065 0.45259001  0.60541605 0.3574237  0.32371238 0.49045415
0.05336775 0.43914143 0.31083182 0.46832666 0.37416152 0.39938838  0.45143619 0.50292086 0.40448693 0.37548598 0.33684065 0.45259001  0.60541605 0.3574237  0.32371238 0.49045415
0.05336775 0.43914143 0.31083182 0.46832666 0.37416152 0.39938838  0.45143619 0.50292086 0.40448693 0.37548598 0.33684065 0.45259001  0.60541605 0.3574237  0.32371238 0.49045415
