0.00039479 0.36283831 0.35232302 0.39930133 0.34523319 0.50234819  0.48417291 0.45702496 0.47508945 0.39693445 0.45000532 0.44589633  0.47476172 0.42761975 0.50206904 0.41641874
0.00039479 0.36283831 0.35232302 0.39930133 0.34523319 0.50234819  0.48417291 0.45702496 0.47508945 0.39693445 0.45000532 0.44589633  0.47476172 0.42761975 0.50206904 0.41641874
0.00039479 0.36283831 0.35232302 0.39930133 0.34523319 0.50234819  0.48417291 0.45702496 0.47508945 0.39693445 0.45000532 0.44589633  0.47476172 0.42761975 0.50206904 0.41641874
0.00039479 0.36283831 0.35232302 0.39930133 0.34523319 0.50234819  0.48417291 0.45702496 0.47508945 0.39693445 0.45000532 0.44589633  0.47476172 0.42761975 0.50206904 0.41641874
0.00039479 0.36283831 0.35232302 0.39930133 0.34523319 0.50234819  0.48417291 0.45702496 0.47508945 0.39693445 0.45000532 0.44589633  0.47476172 0.42761975 0.50206904 0.41641874
0.00039479 0.36283831 0.35232302 0.39930133 0.34523319 0.50234819  0.48417291 0.45702496 0.47508945 0.39693445 0.45000532 0.44589633  0.47476172 0.42761975 0.50206904 0.41641874
0.00039479 0.36283831 0.35232302 0.39930133 0.34523319 0.50234819  0.48417291 0.45702496 0.47508945 0.39693445 0.45000532 0.44589633  0.47476172 0.42761975 0.50206904 0.41641874
0.00039479 0.36283831 0.35232302 0.39930133 0.34523319 0.50234819  0.48417291 0.45702496 0.47508945 0.39693445 0.45000532 0.44589633  0.47476172 0.42761975 0.50206904 0.41641874
0.00039479 0.36283831 0.35232302 0.39930133 0.34523319 0.50234819  0.48417291 0.45702496 0.47508945 0.39693445 0.45000532 0.44589633  0.47476172 0.42761975 0.50206904 0.41641874
0.00039479 0.36283831 0.35232302 0.39930133 0.34523319 0.50234819  0.48417291 0.45702496 0.47508945 0.39693445 0.45000532 0.44589633  0.47476172 0.42761975 0.50206904 0.41641874
0.00039479 0.36283831 0.35232302 0.39930133 0.34523319 0.50234819  0.48417291 0.45702496 0.47508945 0.39693445 0.45000532 0.44589633  0.47476172 0.42761975 0.50206904 0.41641874
0.00039479 0.36283831 0.35232302 0.39930133 0.34523319 0.50234819  0.48417291 0.45702496 0.47508945 0.39693445 0.45000532 0.44589633  0.47476172 0.42761975 0.50206904 0.41641874
0.00039479 0.36283831 0.35232302 0.39930133 0.34523319 0.50234819  0.48417291 0.45702496 0.47508945 0.39693445 0.45000532 0.44589633  0.47476172 0.42761975 0.50206904 0.41641874
0.00039479 0.36283831 0.35232302 0.39930133 0.34523319 0.50234819  0.48417291 0.45702496 0.47508945 0.39693445 0.45000532 0.44589633  0.47476172 0.42761975 0.50206904 0.41641874
0.00039479 0.36283831 0.35232302 0.39930133 0.34523319 0.50234819  0.48417291 0.45702496 0.47508945 0.39693445 0.45000532 0.44589633  0.47476172 0.42761975 0.50206904 0.41641874
0.00039479 0.36283831 0.35232302 0.39930133 0.34523319 0.50234819  0.48417291 0.45702496 0.47508945 0.39693445 0.45000532 0.44589633  0.47476172 0.42761975 0.50206904 0.41641874
0.00039479 0.36283831 0.35232302 0.39930133 0.34523319 0.50234819  0.48417291 0.45702496 0.47508945 0.39693445 0.45000532 0.44589633  0.47476172 0.42761975 0.50206904 0.41641874
0.00039479 0.36283831 0.35232302 0.39930133 0.34523319 0.50234819  0.48417291 0.45702496 0.47508945 0.39693445 0.45000532 0.44589633  0.47476172 0.42761975 0.50206904 0.41641874
0.00039479 0.36283831 0.35232302 0.39930133 0.34523319 0.50234819  0.48417291 0.45702496 0.47508945 0.39693445 0.45000532 0.44589633  0.47476172 0.42761975 0.50206904 0.41641874
0.00039479 0.36283831 0.35232302 0.39930133 0.34523319 0.50234819  0.48417291 0.45702496 0.47508945 0.39693445 0.45000532 0.44589633  0.47476172 0.42761975 0.50206904 0.41641874
0.00039479 0.36283831 0.35232302 0.39930133 0.34523319 0.50234819  0.48417291 0.45702496 0.47508945 0.39693445 0.45000532 0.44589633  0.47476172 0.42761975 0.50206904 0.41641874
0.00039479 0.36283831 0.35232302 0.39930133 0.34523319 0.50234819  0.48417291 0.45702496 0.47508945 0.39693445 0.45000532 0.44589633  0.47476172 0.42761975 0.50206904 0.41641874
0.00039479 0.36283831 0.35232302 0.39930133 0.34523319 0.50234819  0.48417291 0.45702496 0.47508945 0.39693445 0.45000532 0.44589633  0.47476172 0.42761975 0.50206904 0.41641874
0.00039479 0.36283831 0.35232302 0.39930133 0.34523319 0.50234819  0.48417291 0.45702496 0.47508945 0.39693445 0.45000532 0.44589633  0.47476172 0.42761975 0.50206904 0.41641874
0.00039479 0.36283831 0.35232302 0.39930133 0.34523319 0.50234819  0.48417291 0.45702496 0.47508945 0.39693445 0.45000532 0.44589633  0.47476172 0.42761975 0.50206904 0.41641874
0.00039479 0.36283831 0.35232302 0.39930133 0.34523319 0.50234819  0.48417291 0.45702496 0.47508945 0.39693445 0.45000532 0.44589633  0.47476172 0.42761975 0.50206904 0.41641874
0.00039479 0.36283831 0.35232302 0.39930133 0.34523319 0.50234819  0.48417291 0.45702496 0.47508945 0.39693445 0.45000532 0.44589633  0.47476172 0.42761975 0.50206904 0.41641874
0.00039479 0.36283831 0.35232302 0.39930133 0.34523319 0.50234819  0.48417291 0.45702496 0.47508945 0.39693445 0.45000532 0.44589633  0.47476172 0.42761975 0.50206904 0.41641874
0.00039479 0.36283831 0.35232302 0.39930133 0.34523319 0.50234819  0.48417291 0.45702496 0.47508945 0.39693445 0.45000532 0.44589633  0.47476172 0.42761975 0.50206904 0.41641874
0.00039479 0.36283831 0.35232302 0.39930133 0.34523319 0.50234819  0.48417291 0.45702496 0.47508945 0.39693445 0.45000532 0.44589633  0.47476172 0.42761975 0.50206904 0.41641874
0.00039479 0.36283831 0.35232302 0.39930133 0.34523319 0.50234819  0.48417291 0.45702496 0.47508945 0.39693445 0.45000532 0.44589633  0.47476172 0.42761975 0.50206904 0.41641874
0.00039479 0.36283831 0.35232302 0.39930133 0.34523319 0.50234819  0.48417291 0.45702496 0.47508945 0.39693445 0.45000532 0.44589633  0.47476172 0.42761975 0.50206904 0.41641874
0.00039479 0.36283831 0.35232302 0.39930133 0.34523319 0.50234819  0.48417291 0.45702496 0.47508945 0.39693445 0.45000532 0.44589633  0.47476172 0.42761975 0.50206904 0.41641874
0.00039479 0.36283831 0.35232302 0.39930133 0.34523319 0.50234819  0.48417291 0.45702496 0.47508945 0.39693445 0.45000532 0.44589633  0.47476172 0.42761975 0.50206904 0.41641874
0.00039479 0.36283831 0.35232302 0.39930133 0.34523319 0.50234819  0.48417291 0.45702496 0.47508945 0.39693445 0.45000532 0.44589633  0.47476172 0.42761975 0.50206904 0.41641874
0.00039479 0.36283831 0.35232302 0.39930133 0.34523319 0.50234819  0.48417291 0.45702496 0.47508945 0.39693445 0.45000532 0.44589633  0.47476172 0.42761975 0.50206904 0.41641874
0.00039479 0.36283831 0.35232302 0.39930133 0.34523319 0.50234819  0.48417291 0.45702496 0.47508945 0.39693445 0.45000532 0.44589633  0.47476172 0.42761975 0.50206904 0.41641874
0.0177474  0.38984345 0.33852207 0.42635267 0.35697043 0.47086435  0.45750391 0.47765391 0.48169648 0.39463854 0.42895995 0.44917931  0.51265071 0.44991576 0.53083289 0.43501917
0.10887419 0.48589696 0.30339996 0.47761914 0.32426886 0.59490568  0.36059095 0.41041603 0.60085864 0.51735324 0.36358577 0.51822778  0.42357261 0.47757025 0.76760678 0.55710654
0.20019937 0.61173456 0.24022823 0.57267485 0.35451455 0.52966861  0.28459631 0.44826482 0.66889901 0.50835581 0.42582157 0.50558537  0.39182659 0.54488315 0.88059236 0.49658628
0.31074432 0.73150522 0.18189029 0.6141227  0.34836585 0.55162078  0.2808581  0.45371322 0.68341993 0.47696823 0.51193631 0.47215571  0.42122132 0.46042597 0.65440446 0.47862398
0.43806806 0.78100043 0.18322947 0.56220831 0.25324473 0.7451178  0.21593883 0.50867814 0.66822166 0.46195923 0.38972179 0.46711874  0.6444072  0.38203433 0.387558   0.50281926
0.46490016 0.76264378 0.24085976 0.59680349 0.19881925 0.74659359  0.17132762 0.50453575 0.58247038 0.50106716 0.38848709 0.50643363  0.68480607 0.42900002 0.30655267 0.39929143
0.50465881 0.76431915 0.29414183 0.63197123 0.15035079 0.70179287  0.21878609 0.45089501 0.4523187  0.53225749 0.42312258 0.55769382  0.61459735 0.4714123  0.24307907 0.36100058
0.57907333 0.70874014 0.36038809 0.6265415  0.08559435 0.66690463  0.26024171 0.52794571 0.29831648 0.58294748 0.50716223 0.57791156  0.57321481 0.42868413 0.31090273 0.16597308
0.61549073 0.69799361 0.35397171 0.54917027 0.08077261 0.69124047  0.3512233  0.57134629 0.27251195 0.53209011 0.58061846 0.53973603  0.65662945 0.46274409 0.2925065  0.15287423
0.69030943 0.63605011 0.37617059 0.4687423  0.07650049 0.58184418  0.47810277 0.62664398 0.14035462 0.59354057 0.47412019 0.60972017  0.51607971 0.33643797 0.45426041 0.20507066
0.74074946 0.57700519 0.36656118 0.34952724 0.09375459 0.53298323  0.5430258  0.73158966 0.17376652 0.54222558 0.51584481 0.60070861  0.6028706  0.38332968 0.64438038 0.2263613 
0.74703066 0.58044532 0.39723963 0.35973395 0.09448752 0.50622779  0.58449023 0.73538349 0.23861569 0.57127624 0.49211267 0.57793875  0.59074881 0.32670787 0.6717016  0.24791216
0.75292241 0.59313636 0.43147673 0.35643737 0.09036743 0.4924528  0.60000238 0.7253362  0.25122046 0.54674123 0.46473939 0.53793817  0.55341053 0.34621831 0.65523831 0.27111723
0.75292241 0.59313636 0.43147673 0.35643737 0.09036743 0.4924528  0.60000238 0.7253362  0.25122046 0.54674123 0.46473939 0.53793817  0.55341053 0.34621831 0.65523831 0.27111723
0.75292241 0.59313636 0.43147673 0.35643737 0.09036743 0.4924528  0.60000238 0.7253362  0.25122046 0.54674123 0.46473939 0.53793817  0.55341053 0.34621831 0.65523831 0.27111723
0.76795638 0.56278031 0.42604377 0.33208213 0.09829475 0.46904975  0.5893196  0.67833167 0.29022795 0.54137442 0.42009042 0.56018032  0.5732205  0.42528695 0.69365361 0.28065807
0.78264667 0.53340816 0.41907975 0.31338249 0.10627656 0.45217149  0.5816225  0.60869019 0.32024015 0.55138838 0.3525686  0.58949949  0.59047178 0.49956432 0.75393276 0.28762045
0.797358   0.50122861 0.41416494 0.29133064 0.11633671 0.41947263  0.56098501 0.59217625 0.3668259  0.52747813 0.35763958 0.59438696  0.59029337 0.5491752  0.7343512  0.28642213
0.83168012 0.4058242  0.40430137 0.32497183 0.1419674  0.35560102  0.50664447 0.47269565 0.44162787 0.55456457 0.45678443 0.6138919  0.61180763 0.49880982 0.59195089 0.30206269
0.83819426 0.35776264 0.36355607 0.33271138 0.16209062 0.34579679  0.4536779  0.46822561 0.45394822 0.55203735 0.54685495 0.62934166  0.62909881 0.41737978 0.51438961 0.25180205
0.85469953 0.31427098 0.36203626 0.36336845 0.18454211 0.32104144  0.47454747 0.3870171  0.55087515 0.59519179 0.51532706 0.65527264  0.67507641 0.30966655 0.49649436 0.29462172
0.84841833 0.31083084 0.33135781 0.35316174 0.18380918 0.34779688  0.43308303 0.38322326 0.48602598 0.56614113 0.5390592  0.6780425  0.6871982  0.36628836 0.46917314 0.27307087
0.83519444 0.3158641  0.28397686 0.3080795  0.20420253 0.37798507  0.38678336 0.40783553 0.41470383 0.55321399 0.51109658 0.6448888  0.62800804 0.39552348 0.52851933 0.18427065
0.83519444 0.3158641  0.28397686 0.3080795  0.20420253 0.37798507  0.38678336 0.40783553 0.41470383 0.55321399 0.51109658 0.6448888  0.62800804 0.39552348 0.52851933 0.18427065
0.80269883 0.32855554 0.18142593 0.22655462 0.27734879 0.41920099  0.36645668 0.45352688 0.48930606 0.53667786 0.43554755 0.58353668  0.4719206  0.35093336 0.50397291 0.31360044
0.78603516 0.32908988 0.12242728 0.21929231 0.35124914 0.49042545  0.36136029 0.44551325 0.53775539 0.44836982 0.36605929 0.4823355  0.46240001 0.32910838 0.43495321 0.48619623
0.76220816 0.36781441 0.09218591 0.17432315 0.38655121 0.49818269  0.39261321 0.4312876  0.58309949 0.37521591 0.30989926 0.44589365  0.45557056 0.32025246 0.52976594 0.47221128
0.71472198 0.43181804 0.05924687 0.21455887 0.43850899 0.4899211  0.49188016 0.30277224 0.63328857 0.34269584 0.430607   0.42417584  0.62001222 0.46127134 0.48396796 0.49137535
0.69510894 0.49535295 0.06853774 0.16300925 0.39886701 0.48784894  0.52704743 0.31528416 0.64213578 0.35478679 0.35385477 0.50018782  0.64580564 0.49636397 0.58140705 0.45072262
0.526728   0.60627059 0.05396779 0.34941103 0.49056966 0.28385115  0.67559859 0.23303474 0.46248248 0.32910679 0.44475025 0.46109233  0.57609364 0.56692226 0.64604772 0.29908201
0.42676826 0.67718308 0.08189272 0.47269536 0.48881716 0.23945197  0.673192   0.29610911 0.31581197 0.36258551 0.43366678 0.45008508  0.43114553 0.46892633 0.51625962 0.26537769
0.28455162 0.6231076  0.15122046 0.52733512 0.47851287 0.15602569  0.59031763 0.40144365 0.20806757 0.4043569  0.17961826 0.51476297  0.48242323 0.41315488 0.40904272 0.44827767
0.17850992 0.5780178  0.21825167 0.55149888 0.43672535 0.23862969  0.48104502 0.49972427 0.27869527 0.40348799 0.20417547 0.49362238  0.5590131  0.35559966 0.37945946 0.52242935
0.10621071 0.47415403 0.27143342 0.46311552 0.40469776 0.32432406  0.55148074 0.45167118 0.25323265 0.41498562 0.21487997 0.49533362  0.52030419 0.31450562 0.32525947 0.53234877
0.10621071 0.47415403 0.27143342 0.46311552 0.40469776 0.32432406  0.55148074 0.45167118 0.25323265 0.41498562 0.21487997 0.49533362  0.52030419 0.31450562 0.32525947 0.53234877
0.07072036 0.46614656 0.29703087 0.49537801 0.38589877 0.36790454  0.42476719 0.52354981 0.41109396 0.37319006 0.31579528 0.455873  0.64330505 0.37971972 0.35247623 0.50905457
0.07072036 0.46614656 0.29703087 0.49537801 0.38589877 0.36790454  0.42476719 0.52354981 0.41109396 0.37319006 0.31579528 0.455873  0.64330505 0.37971972 0.35247623 0.50905457
0.10621071 0.47415403 0.27143342 0.46311552 0.40469776 0.32432406  0.55148074 0.45167118 0.25323265 0.41498562 0.21487997 0.49533362  0.52030419 0.31450562 0.32525947 0.53234877
0.10621071 0.47415403 0.27143342 0.46311552 0.40469776 0.32432406  0.55148074 0.45167118 0.25323265 0.41498562 0.21487997 0.49533362  0.52030419 0.31450562 0.32525947 0.53234877
0.17829887 0.54383372 0.21915238 0.48944729 0.44156707 0.24305758  0.58416789 0.4587478  0.22303927 0.41852487 0.21380232 0.50196721  0.51669524 0.35432014 0.39532374 0.51573892
0.35977888 0.69799815 0.11787824 0.53115201 0.45675911 0.25570005  0.58896838 0.36888464 0.33629136 0.40033731 0.40365193 0.47435548  0.35923845 0.45307182 0.47163177 0.34932087
0.42676826 0.67718308 0.08189272 0.47269536 0.48881716 0.23945197  0.673192   0.29610911 0.31581197 0.36258551 0.43366678 0.45008508  0.43114553 0.46892633 0.51625962 0.26537769
0.60087978 0.6395923  0.05594569 0.30492914 0.4076458  0.53221942  0.64387106 0.15389081 0.55474973 0.41789498 0.40340217 0.50088291  0.6158481  0.52656429 0.63846324 0.4394358 
0.71186002 0.49774553 0.1043188  0.18680295 0.34819725 0.56388855  0.46111378 0.29533086 0.5480165  0.39357263 0.22266072 0.5104333  0.7039787  0.49543064 0.42028264 0.36983217
0.77045293 0.38261378 0.11810865 0.13503757 0.33883886 0.48945744  0.34555663 0.43957064 0.56631317 0.37898498 0.25354133 0.50240491  0.4553934  0.28566417 0.47715708 0.3362237 
0.78998482 0.3398035  0.14297955 0.20824845 0.33264129 0.49431234  0.34202506 0.44736465 0.48521873 0.44362074 0.31279819 0.47998061  0.4334453  0.3522412  0.47936809 0.36757218
0.80166797 0.29300174 0.13315543 0.28932548 0.38081602 0.55677569  0.36002311 0.46269399 0.44975048 0.4277494  0.28574223 0.41819453  0.43322084 0.36866986 0.5315813  0.37661303
0.8370268  0.19420997 0.16110839 0.44564418 0.39463284 0.55252552  0.37727163 0.46460736 0.33164108 0.54615048 0.47349293 0.36738609  0.47384587 0.39704707 0.5688446  0.49954624
0.8370268  0.19420997 0.16110839 0.44564418 0.39463284 0.55252552  0.37727163 0.46460736 0.33164108 0.54615048 0.47349293 0.36738609  0.47384587 0.39704707 0.5688446  0.49954624
0.84272075 0.17073254 0.15487253 0.49063307 0.42435869 0.59221129  0.3946212  0.47622733 0.31489435 0.53045356 0.44464715 0.33204571  0.48048607 0.40180378 0.63384336 0.4842145 
0.84272075 0.17073254 0.15487253 0.49063307 0.42435869 0.59221129  0.3946212  0.47622733 0.31489435 0.53045356 0.44464715 0.33204571  0.48048607 0.40180378 0.63384336 0.4842145 
0.81047484 0.22479077 0.09155524 0.39911602 0.48584876 0.66246775  0.37372115 0.46227109 0.39190146 0.37276068 0.26264094 0.25091394  0.46395887 0.33653459 0.60702753 0.50683777
0.81047484 0.22479077 0.09155524 0.39911602 0.48584876 0.66246775  0.37372115 0.46227109 0.39190146 0.37276068 0.26264094 0.25091394  0.46395887 0.33653459 0.60702753 0.50683777
0.79502292 0.23815579 0.06841517 0.39129495 0.50992226 0.64554162  0.41849058 0.45198265 0.44246011 0.35402034 0.30494387 0.24586382  0.46988236 0.34429591 0.66305091 0.57511703
0.78741153 0.26801337 0.07452761 0.34669826 0.48474233 0.61588074  0.42534567 0.45203233 0.49139137 0.35950097 0.2908114  0.29985616  0.45701214 0.36652629 0.62412109 0.54798629
0.77182406 0.32763963 0.08345276 0.25694402 0.43769326 0.56628593  0.43487421 0.46398352 0.5744656  0.34949216 0.2539905  0.40464793  0.44502016 0.36380215 0.59104603 0.44588088
0.77182406 0.32763963 0.08345276 0.25694402 0.43769326 0.56628593  0.43487421 0.46398352 0.5744656  0.34949216 0.2539905  0.40464793  0.44502016 0.36380215 0.59104603 0.44588088
0.72789242 0.45773556 0.08903931 0.12557578 0.36356117 0.51069479  0.46328119 0.40233599 0.6187462  0.36406978 0.2546431  0.51483709  0.59956313 0.418504   0.5901102  0.45241958
0.69938187 0.52035986 0.08962278 0.14857676 0.35412434 0.55325451  0.52734666 0.38823535 0.58347375 0.37865781 0.2490522  0.52128648  0.69713135 0.51737403 0.61175442 0.48566325
0.69938187 0.52035986 0.08962278 0.14857676 0.35412434 0.55325451  0.52734666 0.38823535 0.58347375 0.37865781 0.2490522  0.52128648  0.69713135 0.51737403 0.61175442 0.48566325
0.67179948 0.5872399  0.10422199 0.17145723 0.32572741 0.59966055  0.58067215 0.48150309 0.50561788 0.40786701 0.26602529 0.51442338  0.68316239 0.4976319  0.66083285 0.51821351
0.67480498 0.59292582 0.12254547 0.14779396 0.29715051 0.58787299  0.57716046 0.62663905 0.48663181 0.41295381 0.29182897 0.51471122  0.56774352 0.46969747 0.70233725 0.54865251
0.64365164 0.64552337 0.10899623 0.19445715 0.31213228 0.61898945  0.62847728 0.49324283 0.49285251 0.3885577  0.32249606 0.49764718  0.71499943 0.55364195 0.62914523 0.53454827
0.56370184 0.76843772 0.12148377 0.35482595 0.2947399  0.68966142  0.62932641 0.44626902 0.37409907 0.44619714 0.40193544 0.46135294  0.57135481 0.37641643 0.39158679 0.4737371 
0.56370184 0.76843772 0.12148377 0.35482595 0.2947399  0.68966142  0.62932641 0.44626902 0.37409907 0.44619714 0.40193544 0.46135294  0.57135481 0.37641643 0.39158679 0.4737371 
0.54586244 0.77974689 0.12267476 0.39836867 0.29679893 0.68115205  0.59554768 0.40168778 0.37523608 0.47557271 0.37358206 0.4789511  0.49127868 0.3460347  0.38172529 0.46165898
0.49361703 0.80114197 0.15679995 0.50010909 0.25640354 0.75144508  0.38507805 0.45620174 0.52511207 0.44155072 0.44311722 0.44227593  0.48410711 0.3182956  0.27868747 0.41343092
0.49361703 0.80114197 0.15679995 0.50010909 0.25640354 0.75144508  0.38507805 0.45620174 0.52511207 0.44155072 0.44311722 0.44227593  0.48410711 0.3182956  0.27868747 0.41343092
0.49361703 0.80114197 0.15679995 0.50010909 0.25640354 0.75144508  0.38507805 0.45620174 0.52511207 0.44155072 0.44311722 0.44227593  0.48410711 0.3182956  0.27868747 0.41343092
0.49361703 0.80114197 0.15679995 0.50010909 0.25640354 0.75144508  0.38507805 0.45620174 0.52511207 0.44155072 0.44311722 0.44227593  0.48410711 0.3182956  0.27868747 0.41343092
0.49361703 0.80114197 0.15679995 0.50010909 0.25640354 0.75144508  0.38507805 0.45620174 0.52511207 0.44155072 0.44311722 0.44227593  0.48410711 0.3182956  0.27868747 0.41343092
0.57219863 0.90808286 0.54482848 0.4599183  0.50216138 0.76452815  0.32288055 0.36525951 0.48056192 0.42004433 0.31750004 0.2631727  0.53203886 0.43783354 0.13592547 0.19877505
0.64924706 0.8977935  0.63485582 0.36238709 0.55108966 0.72403189  0.47985799 0.34953309 0.33953926 0.26433442 0.41378142 0.32767816  0.65624473 0.50701255 0.3197725  0.25807358
0.69990177 0.88822207 0.70162449 0.31918276 0.59339911 0.6650212  0.61812223 0.36571604 0.31810312 0.30452739 0.36662945 0.38198801  0.74295965 0.39312768 0.41724377 0.33460323
0.72895306 0.85714711 0.73640486 0.29274652 0.6229159  0.63371448  0.63850742 0.41541436 0.29262582 0.34177698 0.45397505 0.44585605  0.83022603 0.41315239 0.55646926 0.29717788
0.75464375 0.79075995 0.70983801 0.23735638 0.61213291 0.59671111  0.60705986 0.55623269 0.31977821 0.39943247 0.44454889 0.45502422  0.75116121 0.31356339 0.67487836 0.2543233 
0.77036253 0.76544229 0.71669024 0.21101588 0.60623678 0.58267331  0.58463946 0.62886425 0.31660235 0.41638843 0.43101686 0.46467525  0.69608747 0.29137507 0.6956005  0.2663995 
0.78539651 0.73508624 0.71125728 0.18666064 0.6141641  0.55927027  0.57395668 0.58185973 0.35560984 0.41102161 0.38636789 0.4869174  0.71589744 0.37044371 0.7340158  0.27594034
0.84232163 0.63684679 0.74942924 0.1575989  0.63360862 0.48788406  0.48849613 0.54590877 0.34409807 0.477551   0.3833577  0.60951915  0.61132358 0.45415874 0.82131378 0.24225933
0.8476192  0.64551458 0.77389693 0.17119518 0.58779111 0.47504815  0.4931482  0.5194317  0.35110483 0.40160888 0.34672844 0.55751516  0.56729516 0.48582415 0.81282884 0.28164626
0.8476192  0.64551458 0.77389693 0.17119518 0.58779111 0.47504815  0.4931482  0.5194317  0.35110483 0.40160888 0.34672844 0.55751516  0.56729516 0.48582415 0.81282884 0.28164626
0.88391464 0.53241514 0.73342626 0.18669859 0.59756183 0.41266682  0.38448071 0.37878295 0.42537948 0.29767642 0.42363934 0.55583437  0.53015871 0.33740571 0.6490423  0.21810818
0.88703197 0.45782364 0.6349915  0.25343467 0.41801776 0.37120876  0.39727462 0.27786718 0.45828494 0.23642637 0.33999043 0.51919705  0.53240454 0.31543265 0.67583287 0.20375162
0.85944493 0.38416903 0.44371606 0.30518437 0.21984696 0.37670154  0.3744125  0.29767904 0.38552804 0.25520419 0.4200085  0.62325573  0.62536877 0.36814272 0.64915791 0.21543316
0.85907585 0.33326192 0.39054594 0.35604349 0.1595463  0.3423578  0.41000142 0.32668456 0.40616133 0.38295967 0.52414914 0.65982569  0.68221981 0.37042844 0.60894444 0.26094883
0.87410927 0.27557569 0.38616495 0.44945933 0.20347569 0.38355811  0.40967342 0.32248538 0.33289586 0.41378426 0.57501801 0.55945353  0.67149932 0.42234386 0.5826731  0.41072305
0.85022787 0.25817788 0.27959587 0.40149534 0.24813192 0.41918538  0.38645536 0.40363636 0.34143836 0.58403858 0.56196545 0.54451663  0.61728755 0.4474389  0.502248   0.33404487
0.86560046 0.19821588 0.2661566  0.48953708 0.30007037 0.48289214  0.37268688 0.39784007 0.24892601 0.57271345 0.57610493 0.43464355  0.64712391 0.4028442  0.5971097  0.38121511
0.84520076 0.20289434 0.19595182 0.43797801 0.34981088 0.51952401  0.34587972 0.4284134  0.27360697 0.5606673  0.52475873 0.39062122  0.55434842 0.37947664 0.57660305 0.4316257 
0.84520076 0.20289434 0.19595182 0.43797801 0.34981088 0.51952401  0.34587972 0.4284134  0.27360697 0.5606673  0.52475873 0.39062122  0.55434842 0.37947664 0.57660305 0.4316257 
0.83365467 0.21694717 0.16738941 0.40971329 0.37023597 0.5443006  0.33267746 0.42418298 0.30850651 0.50705247 0.48641735 0.36991802  0.53437239 0.37057476 0.5166234  0.50015336
0.80085895 0.26496556 0.10028839 0.31649515 0.4347067  0.59436451  0.33146015 0.42957517 0.40053535 0.39848443 0.31854969 0.29215966  0.47450926 0.29298489 0.54574744 0.53316816
0.80655289 0.24148812 0.09405253 0.36148404 0.46443255 0.63405028  0.34880972 0.44119515 0.38378863 0.38278751 0.28970392 0.25681928  0.48114946 0.29774161 0.6107462  0.51783642
0.80655289 0.24148812 0.09405253 0.36148404 0.46443255 0.63405028  0.34880972 0.44119515 0.38378863 0.38278751 0.28970392 0.25681928  0.48114946 0.29774161 0.6107462  0.51783642
0.80655289 0.24148812 0.09405253 0.36148404 0.46443255 0.63405028  0.34880972 0.44119515 0.38378863 0.38278751 0.28970392 0.25681928  0.48114946 0.29774161 0.6107462  0.51783642
0.80085895 0.26496556 0.10028839 0.31649515 0.4347067  0.59436451  0.33146015 0.42957517 0.40053535 0.39848443 0.31854969 0.29215966  0.47450926 0.29298489 0.54574744 0.53316816
0.75526666 0.36409623 0.07242162 0.22057045 0.42996167 0.54681283  0.42120053 0.38407746 0.56631792 0.34613434 0.33140235 0.38294437  0.59073584 0.36104704 0.54860298 0.51311181
0.69185673 0.48438806 0.05466892 0.19315826 0.42091374 0.47647138  0.51356471 0.22512786 0.67034322 0.30620912 0.42621503 0.46389136  0.68473032 0.45383515 0.47701915 0.40585038
0.62866709 0.57206834 0.0437504  0.280199   0.43622841 0.4740395  0.58806453 0.09071287 0.63965277 0.37195655 0.43119911 0.49190796  0.61028364 0.5390613  0.54476759 0.40296577
0.46419287 0.70385018 0.07398886 0.4610786  0.45978375 0.32892926  0.66548431 0.27123717 0.36971818 0.39090666 0.46475379 0.45903776  0.40403091 0.45625839 0.55844664 0.29477832
0.28812396 0.67769714 0.14611725 0.56517325 0.47472407 0.16806511  0.57589341 0.47807325 0.20893977 0.40117817 0.26664437 0.48737408  0.44010413 0.36631808 0.42227268 0.43345409
0.08837313 0.49349274 0.28301688 0.52244009 0.39707778 0.33667853  0.39970993 0.54279457 0.41499696 0.3711332  0.29385644 0.45910554  0.67842059 0.39321697 0.36828835 0.52620442
0.00039479 0.36283831 0.35232302 0.39930133 0.34523319 0.50234819  0.48417291 0.45702496 0.47508945 0.39693445 0.45000532 0.44589633  0.47476172 0.42761975 0.50206904 0.41641874
0.00039479 0.36283831 0.35232302 0.39930133 0.34523319 0.50234819  0.48417291 0.45702496 0.47508945 0.39693445 0.45000532 0.44589633  0.47476172 0.42761975 0.50206904 0.41641874
0.00039479 0.36283831 0.35232302 0.39930133 0.34523319 0.50234819  0.48417291 0.45702496 0.47508945 0.39693445 0.45000532 0.44589633  0.47476172 0.42761975 0.50206904 0.41641874
0.00039479 0.36283831 0.35232302 0.39930133 0.34523319 0.50234819  0.48417291 0.45702496 0.47508945 0.39693445 0.45000532 0.44589633  0.47476172 0.42761975 0.50206904 0.41641874
0.00039479 0.36283831 0.35232302 0.39930133 0.34523319 0.50234819  0.48417291 0.45702496 0.47508945 0.39693445 0.45000532 0.44589633  0.47476172 0.42761975 0.50206904 0.41641874
0.00039479 0.36283831 0.35232302 0.39930133 0.34523319 0.50234819  0.48417291 0.45702496 0.47508945 0.39693445 0.45000532 0.44589633  0.47476172 0.42761975 0.50206904 0.41641874
0.00039479 0.36283831 0.35232302 0.39930133 0.34523319 0.50234819  0.48417291 0.45702496 0.47508945 0.39693445 0.45000532 0.44589633  0.47476172 0.42761975 0.50206904 0.41641874
0.07199408 0.46750629 0.29903328 0.49138657 0.38027929 0.41293245  0.4035884  0.51021345 0.51278795 0.38975802 0.43502408 0.44711343  0.51975164 0.49561098 0.60671087 0.42131372
0.21866258 0.5965838  0.2363349  0.51069993 0.35992106 0.49966221  0.34491349 0.57264677 0.67186545 0.39239372 0.60321505 0.42037054  0.49380266 0.54776768 0.73294673 0.41447437
0.40325961 0.73470753 0.15177353 0.46363522 0.35270513 0.54261011  0.48972781 0.60147608 0.61734127 0.29160482 0.80248222 0.33575085  0.55915927 0.50764087 0.50125557 0.29863087
0.4535009  0.71125583 0.13554121 0.40835721 0.36828735 0.46919732  0.4926483  0.71386315 0.62361424 0.24065944 0.77692512 0.33466062  0.65335447 0.46895339 0.52307436 0.35726853
0.53897029 0.65842807 0.13545407 0.28792345 0.34293177 0.47341237  0.54670651 0.82810226 0.53907305 0.26860749 0.70810559 0.35655526  0.52675032 0.36599258 0.57919415 0.38528514
0.55368161 0.62624851 0.13053926 0.26587161 0.35299191 0.44071351  0.52606902 0.81158832 0.5856588  0.24469724 0.71317658 0.36144273  0.52657192 0.41560346 0.55961259 0.38408682
0.5660875  0.59087799 0.12403106 0.27031458 0.36899504 0.41713429  0.48861461 0.79707099 0.61058392 0.21763502 0.77587382 0.3368919  0.50652483 0.35368385 0.46558802 0.35703124
0.55368161 0.62624851 0.13053926 0.26587161 0.35299191 0.44071351  0.52606902 0.81158832 0.5856588  0.24469724 0.71317658 0.36144273  0.52657192 0.41560346 0.55961259 0.38408682
0.50781694 0.71102562 0.12190483 0.33458664 0.35791354 0.50452883  0.59802333 0.69470603 0.54529375 0.24421138 0.73877269 0.33949121  0.67400623 0.44993707 0.50600214 0.37118089
0.49021736 0.72276157 0.12896508 0.37777732 0.34761633 0.51772355  0.53910104 0.68726396 0.55872144 0.25556517 0.72219869 0.34597858  0.62708771 0.41119578 0.44603762 0.37620704
0.34817322 0.77643829 0.1516065  0.62261082 0.37042585 0.47147105  0.32543141 0.5264842  0.64496107 0.3621299  0.63532674 0.40024413  0.53653883 0.4364367  0.44460573 0.37077021
0.29168084 0.73688028 0.16489799 0.64775864 0.4109869  0.34226954  0.31238187 0.56935832 0.57694302 0.34239207 0.54774313 0.40556273  0.5699828  0.4608707  0.44839409 0.36187369
0.17965647 0.61750167 0.21982275 0.61735098 0.42636042 0.25929215  0.32621544 0.59146297 0.4649422  0.34783064 0.33598751 0.44393366  0.69988218 0.45449233 0.43662351 0.45453982
0.16120502 0.59408097 0.23123264 0.60239457 0.42428121 0.26043194  0.34294435 0.58464032 0.43270518 0.35130229 0.29926059 0.451162  0.71434139 0.42333472 0.38608019 0.48706025
0.10706711 0.51644894 0.2711377  0.53651828 0.4001334  0.32752104  0.39215337 0.54853113 0.42578536 0.36077105 0.32007674 0.45127538  0.67269533 0.41055784 0.38231541 0.48096497
0.05305711 0.43957166 0.31101253 0.47051371 0.37471271 0.40140838  0.44031666 0.50870415 0.42642705 0.37566067 0.35066315 0.45160235  0.60838869 0.3907296  0.38140058 0.47992183
0.05305711 0.43957166 0.31101253 0.47051371 0.37471271 0.40140838  0.44031666 0.50870415 0.42642705 0.37566067 0.35066315 0.45160235  0.60838869 0.3907296  0.38140058 0.47992183
0.05305711 0.43957166 0.31101253 0.47051371 0.37471271 0.40140838  0.44031666 0.50870415 0.42642705 0.37566067 0.35066315 0.45160235  0.60838869 0.3907296  0.38140058 0.47992183
0.0177474  0.38984345 0.33852207 0.42635267 0.35697043 0.47086435  0.45750391 0.47765391 0.48169648 0.39463854 0.42895995 0.44917931  0.51265071 0.44991576 0.53083289 0.43501917
0.00039479 0.36283831 0.35232302 0.39930133 0.34523319 0.50234819  0.48417291 0.45702496 0.47508945 0.39693445 0.45000532 0.44589633  0.47476172 0.42761975 0.50206904 0.41641874
0.00039479 0.36283831 0.35232302 0.39930133 0.34523319 0.50234819  0.48417291 0.45702496 0.47508945 0.39693445 0.45000532 0.44589633  0.47476172 0.42761975 0.50206904 0.41641874
0.00039479 0.36283831 0.35232302 0.39930133 0.34523319 0.50234819  0.48417291 0.45702496 0.47508945 0.39693445 0.45000532 0.44589633  0.47476172 0.42761975 0.50206904 0.41641874
0.00039479 0.36283831 0.35232302 0.39930133 0.34523319 0.50234819  0.48417291 0.45702496 0.47508945 0.39693445 0.45000532 0.44589633  0.47476172 0.42761975 0.50206904 0.41641874
0.00039479 0.36283831 0.35232302 0.39930133 0.34523319 0.50234819  0.48417291 0.45702496 0.47508945 0.39693445 0.45000532 0.44589633  0.47476172 0.42761975 0.50206904 0.41641874
0.00039479 0.36283831 0.35232302 0.39930133 0.34523319 0.50234819  0.48417291 0.45702496 0.47508945 0.39693445 0.45000532 0.44589633  0.47476172 0.42761975 0.50206904 0.41641874
0.05321358 0.43958271 0.31066608 0.47058965 0.37455268 0.39771928  0.4443416  0.50799319 0.41464906 0.37452314 0.33894922 0.45218633  0.61542241 0.37418377 0.34903118 0.48726701
0.16100187 0.58251987 0.23077974 0.5810519  0.42721608 0.24962698  0.40570021 0.54875328 0.33836346 0.36728664 0.23804845 0.4669128  0.6374066  0.35725297 0.3162602  0.50688468
0.42086747 0.80771613 0.11356777 0.57158101 0.3730357  0.49119604  0.4964006  0.39514783 0.47085594 0.44093889 0.54798484 0.45200823  0.29581555 0.33959394 0.43001435 0.38863786
0.47448677 0.78970493 0.08816885 0.45957232 0.39659092 0.46702966  0.69059135 0.37967756 0.38100772 0.42108331 0.59734968 0.43652086  0.33887025 0.39423119 0.49339753 0.36889416
0.6053938  0.65841562 0.06808867 0.26446823 0.38383536 0.55120216  0.68808908 0.29676084 0.52637376 0.40086854 0.43302704 0.48616438  0.66841173 0.57216212 0.67666865 0.4887789 
0.71060419 0.46716103 0.07472636 0.1420521  0.38992885 0.46893414  0.49970231 0.37304141 0.6391974  0.35766746 0.33285069 0.50550623  0.5575215  0.43181026 0.64423573 0.4470102 
0.74029831 0.42236503 0.08253112 0.13001876 0.3795643  0.48711557  0.42582677 0.38781866 0.64367133 0.33700756 0.31734034 0.49028625  0.57951604 0.35658439 0.49608563 0.425364  
0.76276221 0.36587439 0.08764175 0.17066156 0.38967088 0.50657719  0.38341267 0.42353559 0.57329073 0.35440014 0.29585128 0.44147405  0.47828302 0.27106117 0.58911234 0.42454246
0.79110097 0.25485314 0.07091246 0.35366298 0.48850605 0.61712415  0.39357915 0.43090671 0.43434728 0.36404717 0.33200685 0.25176917  0.48707295 0.30550293 0.66676958 0.58611568
0.7999243  0.21680584 0.06448215 0.43800745 0.53454427 0.68227344  0.44063796 0.47448422 0.42798535 0.34064545 0.2853728  0.22928475  0.47183348 0.35638064 0.70455434 0.55918981
0.7999243  0.21680584 0.06448215 0.43800745 0.53454427 0.68227344  0.44063796 0.47448422 0.42798535 0.34064545 0.2853728  0.22928475  0.47183348 0.35638064 0.70455434 0.55918981
0.7999243  0.21680584 0.06448215 0.43800745 0.53454427 0.68227344  0.44063796 0.47448422 0.42798535 0.34064545 0.2853728  0.22928475  0.47183348 0.35638064 0.70455434 0.55918981
0.7999243  0.21680584 0.06448215 0.43800745 0.53454427 0.68227344  0.44063796 0.47448422 0.42798535 0.34064545 0.2853728  0.22928475  0.47183348 0.35638064 0.70455434 0.55918981
0.80045912 0.21437069 0.06411157 0.44555543 0.53922913 0.68868739  0.45034439 0.48270846 0.4394833  0.33230508 0.2703391  0.24070293  0.45463904 0.37600102 0.68672336 0.54251613
0.8042162  0.19700875 0.06207547 0.4968298  0.56613921 0.72683213  0.50557502 0.52663885 0.48930729 0.2951531  0.20797574 0.29363628  0.40665723 0.43082929 0.63874265 0.46224417
0.8042162  0.19700875 0.06207547 0.4968298  0.56613921 0.72683213  0.50557502 0.52663885 0.48930729 0.2951531  0.20797574 0.29363628  0.40665723 0.43082929 0.63874265 0.46224417
0.7895135  0.22339498 0.049638   0.49963205 0.58279115 0.74141639  0.54107573 0.48517533 0.5161068  0.27191603 0.22947182 0.28656773  0.52485637 0.4939882  0.60164781 0.48310521
0.77222527 0.23282046 0.03532505 0.51610837 0.60915882 0.69965574  0.57749685 0.45588074 0.53655799 0.2655137  0.30767941 0.27723688  0.48281474 0.50729446 0.65577335 0.47769583
0.70707287 0.36089711 0.0156403  0.46995734 0.59686174 0.63356259  0.65042618 0.28483856 0.62762806 0.24363318 0.39167536 0.32757166  0.59994798 0.57893371 0.64384253 0.38156306
0.70707287 0.36089711 0.0156403  0.46995734 0.59686174 0.63356259  0.65042618 0.28483856 0.62762806 0.24363318 0.39167536 0.32757166  0.59994798 0.57893371 0.64384253 0.38156306
0.38520871 0.51385522 0.09454524 0.48841795 0.56360779 0.15480209  0.63830789 0.21801806 0.2716815  0.34404032 0.13954448 0.47647249  0.58205527 0.50686689 0.57617547 0.32000032
0.38520871 0.51385522 0.09454524 0.48841795 0.56360779 0.15480209  0.63830789 0.21801806 0.2716815  0.34404032 0.13954448 0.47647249  0.58205527 0.50686689 0.57617547 0.32000032
0.34590278 0.56712606 0.11143945 0.5016128  0.52871734 0.12269289  0.57443826 0.25458326 0.27408827 0.38658586 0.16793636 0.51014809  0.5522666  0.41936329 0.50101916 0.35096819
0.26057635 0.5363788  0.16717952 0.48407019 0.47954052 0.19747944  0.59847786 0.29667877 0.21712874 0.40887229 0.14368686 0.52045577  0.50805193 0.36372439 0.38850322 0.42657068
0.14203515 0.49064017 0.24624673 0.44334799 0.42575077 0.28393722  0.62302956 0.43527382 0.20315426 0.42069608 0.2138447  0.50258015  0.51151523 0.33398008 0.35889148 0.51747908
0.08870162 0.44713784 0.28558082 0.43598823 0.39312054 0.359497  0.5741248  0.4317532  0.25840361 0.41841906 0.24763927 0.49146665  0.47538148 0.30875544 0.32886501 0.50640316
0.03499974 0.38387436 0.3246882  0.39648746 0.36793596 0.43430143  0.55457439 0.43168409 0.34982753 0.41834604 0.32550045 0.47891545  0.49653991 0.35756192 0.40512928 0.49153441
0.00039479 0.36283831 0.35232302 0.39930133 0.34523319 0.50234819  0.48417291 0.45702496 0.47508945 0.39693445 0.45000532 0.44589633  0.47476172 0.42761975 0.50206904 0.41641874
0.00039479 0.36283831 0.35232302 0.39930133 0.34523319 0.50234819  0.48417291 0.45702496 0.47508945 0.39693445 0.45000532 0.44589633  0.47476172 0.42761975 0.50206904 0.41641874
0.00039479 0.36283831 0.35232302 0.39930133 0.34523319 0.50234819  0.48417291 0.45702496 0.47508945 0.39693445 0.45000532 0.44589633  0.47476172 0.42761975 0.50206904 0.41641874
0.00039479 0.36283831 0.35232302 0.39930133 0.34523319 0.50234819  0.48417291 0.45702496 0.47508945 0.39693445 0.45000532 0.44589633  0.47476172 0.42761975 0.50206904 0.41641874
0.00039479 0.36283831 0.35232302 0.39930133 0.34523319 0.50234819  0.48417291 0.45702496 0.47508945 0.39693445 0.45000532 0.44589633  0.47476172 0.42761975 0.50206904 0.41641874
0.00039479 0.36283831 0.35232302 0.39930133 0.34523319 0.50234819  0.48417291 0.45702496 0.47508945 0.39693445 0.45000532 0.44589633  0.47476172 0.42761975 0.50206904 0.41641874
0.00039479 0.36283831 0.35232302 0.39930133 0.34523319 0.50234819  0.48417291 0.45702496 0.47508945 0.39693445 0.45000532 0.44589633  0.47476172 0.42761975 0.50206904 0.41641874
0.00039479 0.36283831 0.35232302 0.39930133 0.34523319 0.50234819  0.48417291 0.45702496 0.47508945 0.39693445 0.45000532 0.44589633  0.47476172 0.42761975 0.50206904 0.41641874
0.00039479 0.36283831 0.35232302 0.39930133 0.34523319 0.50234819  0.48417291 0.45702496 0.47508945 0.39693445 0.45000532 0.44589633  0.47476172 0.42761975 0.50206904 0.41641874
0.00039479 0.36283831 0.35232302 0.39930133 0.34523319 0.50234819  0.48417291 0.45702496 0.47508945 0.39693445 0.45000532 0.44589633  0.47476172 0.42761975 0.50206904 0.41641874
0.00039479 0.36283831 0.35232302 0.39930133 0.34523319 0.50234819  0.48417291 0.45702496 0.47508945 0.39693445 0.45000532 0.44589633  0.47476172 0.42761975 0.50206904 0.41641874
0.00039479 0.36283831 0.35232302 0.39930133 0.34523319 0.50234819  0.48417291 0.45702496 0.47508945 0.39693445 0.45000532 0.44589633  0.47476172 0.42761975 0.50206904 0.41641874
0.00039479 0.36283831 0.35232302 0.39930133 0.34523319 0.50234819  0.48417291 0.45702496 0.47508945 0.39693445 0.45000532 0.44589633  0.47476172 0.42761975 0.50206904 0.41641874
0.00039479 0.36283831 0.35232302 0.39930133 0.34523319 0.50234819  0.48417291 0.45702496 0.47508945 0.39693445 0.45000532 0.44589633  0.47476172 0.42761975 0.50206904 0.41641874
0.00039479 0.36283831 0.35232302 0.39930133 0.34523319 0.50234819  0.48417291 0.45702496 0.47508945 0.39693445 0.45000532 0.44589633  0.47476172 0.42761975 0.50206904 0.41641874
0.00039479 0.36283831 0.35232302 0.39930133 0.34523319 0.50234819  0.48417291 0.45702496 0.47508945 0.39693445 0.45000532 0.44589633  0.47476172 0.42761975 0.50206904 0.41641874
0.00039479 0.36283831 0.35232302 0.39930133 0.34523319 0.50234819  0.48417291 0.45702496 0.47508945 0.39693445 0.45000532 0.44589633  0.47476172 0.42761975 0.50206904 0.41641874
0.00039479 0.36283831 0.35232302 0.39930133 0.34523319 0.50234819  0.48417291 0.45702496 0.47508945 0.39693445 0.45000532 0.44589633  0.47476172 0.42761975 0.50206904 0.41641874
0.00039479 0.36283831 0.35232302 0.39930133 0.34523319 0.50234819  0.48417291 0.45702496 0.47508945 0.39693445 0.45000532 0.44589633  0.47476172 0.42761975 0.50206904 0.41641874
0.00039479 0.36283831 0.35232302 0.39930133 0.34523319 0.50234819  0.48417291 0.45702496 0.47508945 0.39693445 0.45000532 0.44589633  0.47476172 0.42761975 0.50206904 0.41641874
0.00039479 0.36283831 0.35232302 0.39930133 0.34523319 0.50234819  0.48417291 0.45702496 0.47508945 0.39693445 0.45000532 0.44589633  0.47476172 0.42761975 0.50206904 0.41641874
0.00039479 0.36283831 0.35232302 0.39930133 0.34523319 0.50234819  0.48417291 0.45702496 0.47508945 0.39693445 0.45000532 0.44589633  0.47476172 0.42761975 0.50206904 0.41641874
0.00039479 0.36283831 0.35232302 0.39930133 0.34523319 0.50234819  0.48417291 0.45702496 0.47508945 0.39693445 0.45000532 0.44589633  0.47476172 0.42761975 0.50206904 0.41641874
0.00039479 0.36283831 0.35232302 0.39930133 0.34523319 0.50234819  0.48417291 0.45702496 0.47508945 0.39693445 0.45000532 0.44589633  0.47476172 0.42761975 0.50206904 0.41641874
