0.00039479 0.36283831 0.35232302 0.39930133 0.34523319 0.50234819  0.48417291 0.45702496 0.47508945 0.39693445 0.45000532 0.44589633  0.47476172 0.42761975 0.50206904 0.41641874
0.00039479 0.36283831 0.35232302 0.39930133 0.34523319 0.50234819  0.48417291 0.45702496 0.47508945 0.39693445 0.45000532 0.44589633  0.47476172 0.42761975 0.50206904 0.41641874
0.00039479 0.36283831 0.35232302 0.39930133 0.34523319 0.50234819  0.48417291 0.45702496 0.47508945 0.39693445 0.45000532 0.44589633  0.47476172 0.42761975 0.50206904 0.41641874
0.00039479 0.36283831 0.35232302 0.39930133 0.34523319 0.50234819  0.48417291 0.45702496 0.47508945 0.39693445 0.45000532 0.44589633  0.47476172 0.42761975 0.50206904 0.41641874
0.00039479 0.36283831 0.35232302 0.39930133 0.34523319 0.50234819  0.48417291 0.45702496 0.47508945 0.39693445 0.45000532 0.44589633  0.47476172 0.42761975 0.50206904 0.41641874
0.00039479 0.36283831 0.35232302 0.39930133 0.34523319 0.50234819  0.48417291 0.45702496 0.47508945 0.39693445 0.45000532 0.44589633  0.47476172 0.42761975 0.50206904 0.41641874
0.00039479 0.36283831 0.35232302 0.39930133 0.34523319 0.50234819  0.48417291 0.45702496 0.47508945 0.39693445 0.45000532 0.44589633  0.47476172 0.42761975 0.50206904 0.41641874
0.00039479 0.36283831 0.35232302 0.39930133 0.34523319 0.50234819  0.48417291 0.45702496 0.47508945 0.39693445 0.45000532 0.44589633  0.47476172 0.42761975 0.50206904 0.41641874
0.00039479 0.36283831 0.35232302 0.39930133 0.34523319 0.50234819  0.48417291 0.45702496 0.47508945 0.39693445 0.45000532 0.44589633  0.47476172 0.42761975 0.50206904 0.41641874
0.00039479 0.36283831 0.35232302 0.39930133 0.34523319 0.50234819  0.48417291 0.45702496 0.47508945 0.39693445 0.45000532 0.44589633  0.47476172 0.42761975 0.50206904 0.41641874
0.00039479 0.36283831 0.35232302 0.39930133 0.34523319 0.50234819  0.48417291 0.45702496 0.47508945 0.39693445 0.45000532 0.44589633  0.47476172 0.42761975 0.50206904 0.41641874
0.00039479 0.36283831 0.35232302 0.39930133 0.34523319 0.50234819  0.48417291 0.45702496 0.47508945 0.39693445 0.45000532 0.44589633  0.47476172 0.42761975 0.50206904 0.41641874
0.00039479 0.36283831 0.35232302 0.39930133 0.34523319 0.50234819  0.48417291 0.45702496 0.47508945 0.39693445 0.45000532 0.44589633  0.47476172 0.42761975 0.50206904 0.41641874
0.00039479 0.36283831 0.35232302 0.39930133 0.34523319 0.50234819  0.48417291 0.45702496 0.47508945 0.39693445 0.45000532 0.44589633  0.47476172 0.42761975 0.50206904 0.41641874
0.00039479 0.36283831 0.35232302 0.39930133 0.34523319 0.50234819  0.48417291 0.45702496 0.47508945 0.39693445 0.45000532 0.44589633  0.47476172 0.42761975 0.50206904 0.41641874
0.00039479 0.36283831 0.35232302 0.39930133 0.34523319 0.50234819  0.48417291 0.45702496 0.47508945 0.39693445 0.45000532 0.44589633  0.47476172 0.42761975 0.50206904 0.41641874
0.00039479 0.36283831 0.35232302 0.39930133 0.34523319 0.50234819  0.48417291 0.45702496 0.47508945 0.39693445 0.45000532 0.44589633  0.47476172 0.42761975 0.50206904 0.41641874
0.00039479 0.36283831 0.35232302 0.39930133 0.34523319 0.50234819  0.48417291 0.45702496 0.47508945 0.39693445 0.45000532 0.44589633  0.47476172 0.42761975 0.50206904 0.41641874
0.00039479 0.36283831 0.35232302 0.39930133 0.34523319 0.50234819  0.48417291 0.45702496 0.47508945 0.39693445 0.45000532 0.44589633  0.47476172 0.42761975 0.50206904 0.41641874
0.00039479 0.36283831 0.35232302 0.39930133 0.34523319 0.50234819  0.48417291 0.45702496 0.47508945 0.39693445 0.45000532 0.44589633  0.47476172 0.42761975 0.50206904 0.41641874
0.00039479 0.36283831 0.35232302 0.39930133 0.34523319 0.50234819  0.48417291 0.45702496 0.47508945 0.39693445 0.45000532 0.44589633  0.47476172 0.42761975 0.50206904 0.41641874
0.00039479 0.36283831 0.35232302 0.39930133 0.34523319 0.50234819  0.48417291 0.45702496 0.47508945 0.39693445 0.45000532 0.44589633  0.47476172 0.42761975 0.50206904 0.41641874
0.00039479 0.36283831 0.35232302 0.39930133 0.34523319 0.50234819  0.48417291 0.45702496 0.47508945 0.39693445 0.45000532 0.44589633  0.47476172 0.42761975 0.50206904 0.41641874
0.00039479 0.36283831 0.35232302 0.39930133 0.34523319 0.50234819  0.48417291 0.45702496 0.47508945 0.39693445 0.45000532 0.44589633  0.47476172 0.42761975 0.50206904 0.41641874
0.00039479 0.36283831 0.35232302 0.39930133 0.34523319 0.50234819  0.48417291 0.45702496 0.47508945 0.39693445 0.45000532 0.44589633  0.47476172 0.42761975 0.50206904 0.41641874
0.00039479 0.36283831 0.35232302 0.39930133 0.34523319 0.50234819  0.48417291 0.45702496 0.47508945 0.39693445 0.45000532 0.44589633  0.47476172 0.42761975 0.50206904 0.41641874
0.00039479 0.36283831 0.35232302 0.39930133 0.34523319 0.50234819  0.48417291 0.45702496 0.47508945 0.39693445 0.45000532 0.44589633  0.47476172 0.42761975 0.50206904 0.41641874
0.00039479 0.36283831 0.35232302 0.39930133 0.34523319 0.50234819  0.48417291 0.45702496 0.47508945 0.39693445 0.45000532 0.44589633  0.47476172 0.42761975 0.50206904 0.41641874
0.00039479 0.36283831 0.35232302 0.39930133 0.34523319 0.50234819  0.48417291 0.45702496 0.47508945 0.39693445 0.45000532 0.44589633  0.47476172 0.42761975 0.50206904 0.41641874
0.00039479 0.36283831 0.35232302 0.39930133 0.34523319 0.50234819  0.48417291 0.45702496 0.47508945 0.39693445 0.45000532 0.44589633  0.47476172 0.42761975 0.50206904 0.41641874
0.00039479 0.36283831 0.35232302 0.39930133 0.34523319 0.50234819  0.48417291 0.45702496 0.47508945 0.39693445 0.45000532 0.44589633  0.47476172 0.42761975 0.50206904 0.41641874
0.00039479 0.36283831 0.35232302 0.39930133 0.34523319 0.50234819  0.48417291 0.45702496 0.47508945 0.39693445 0.45000532 0.44589633  0.47476172 0.42761975 0.50206904 0.41641874
0.00039479 0.36283831 0.35232302 0.39930133 0.34523319 0.50234819  0.48417291 0.45702496 0.47508945 0.39693445 0.45000532 0.44589633  0.47476172 0.42761975 0.50206904 0.41641874
0.00039479 0.36283831 0.35232302 0.39930133 0.34523319 0.50234819  0.48417291 0.45702496 0.47508945 0.39693445 0.45000532 0.44589633  0.47476172 0.42761975 0.50206904 0.41641874
0.00039479 0.36283831 0.35232302 0.39930133 0.34523319 0.50234819  0.48417291 0.45702496 0.47508945 0.39693445 0.45000532 0.44589633  0.47476172 0.42761975 0.50206904 0.41641874
0.00039479 0.36283831 0.35232302 0.39930133 0.34523319 0.50234819  0.48417291 0.45702496 0.47508945 0.39693445 0.45000532 0.44589633  0.47476172 0.42761975 0.50206904 0.41641874
0.00039479 0.36283831 0.35232302 0.39930133 0.34523319 0.50234819  0.48417291 0.45702496 0.47508945 0.39693445 0.45000532 0.44589633  0.47476172 0.42761975 0.50206904 0.41641874
0.00039479 0.36283831 0.35232302 0.39930133 0.34523319 0.50234819  0.48417291 0.45702496 0.47508945 0.39693445 0.45000532 0.44589633  0.47476172 0.42761975 0.50206904 0.41641874
0.00039479 0.36283831 0.35232302 0.39930133 0.34523319 0.50234819  0.48417291 0.45702496 0.47508945 0.39693445 0.45000532 0.44589633  0.47476172 0.42761975 0.50206904 0.41641874
0.00039479 0.36283831 0.35232302 0.39930133 0.34523319 0.50234819  0.48417291 0.45702496 0.47508945 0.39693445 0.45000532 0.44589633  0.47476172 0.42761975 0.50206904 0.41641874
0.00039479 0.36283831 0.35232302 0.39930133 0.34523319 0.50234819  0.48417291 0.45702496 0.47508945 0.39693445 0.45000532 0.44589633  0.47476172 0.42761975 0.50206904 0.41641874
0.00039479 0.36283831 0.35232302 0.39930133 0.34523319 0.50234819  0.48417291 0.45702496 0.47508945 0.39693445 0.45000532 0.44589633  0.47476172 0.42761975 0.50206904 0.41641874
0.00039479 0.36283831 0.35232302 0.39930133 0.34523319 0.50234819  0.48417291 0.45702496 0.47508945 0.39693445 0.45000532 0.44589633  0.47476172 0.42761975 0.50206904 0.41641874
0.00039479 0.36283831 0.35232302 0.39930133 0.34523319 0.50234819  0.48417291 0.45702496 0.47508945 0.39693445 0.45000532 0.44589633  0.47476172 0.42761975 0.50206904 0.41641874
0.00039479 0.36283831 0.35232302 0.39930133 0.34523319 0.50234819  0.48417291 0.45702496 0.47508945 0.39693445 0.45000532 0.44589633  0.47476172 0.42761975 0.50206904 0.41641874
0.00039479 0.36283831 0.35232302 0.39930133 0.34523319 0.50234819  0.48417291 0.45702496 0.47508945 0.39693445 0.45000532 0.44589633  0.47476172 0.42761975 0.50206904 0.41641874
0.00039479 0.36283831 0.35232302 0.39930133 0.34523319 0.50234819  0.48417291 0.45702496 0.47508945 0.39693445 0.45000532 0.44589633  0.47476172 0.42761975 0.50206904 0.41641874
0.00039479 0.36283831 0.35232302 0.39930133 0.34523319 0.50234819  0.48417291 0.45702496 0.47508945 0.39693445 0.45000532 0.44589633  0.47476172 0.42761975 0.50206904 0.41641874
0.00039479 0.36283831 0.35232302 0.39930133 0.34523319 0.50234819  0.48417291 0.45702496 0.47508945 0.39693445 0.45000532 0.44589633  0.47476172 0.42761975 0.50206904 0.41641874
0.00039479 0.36283831 0.35232302 0.39930133 0.34523319 0.50234819  0.48417291 0.45702496 0.47508945 0.39693445 0.45000532 0.44589633  0.47476172 0.42761975 0.50206904 0.41641874
0.00039479 0.36283831 0.35232302 0.39930133 0.34523319 0.50234819  0.48417291 0.45702496 0.47508945 0.39693445 0.45000532 0.44589633  0.47476172 0.42761975 0.50206904 0.41641874
0.00039479 0.36283831 0.35232302 0.39930133 0.34523319 0.50234819  0.48417291 0.45702496 0.47508945 0.39693445 0.45000532 0.44589633  0.47476172 0.42761975 0.50206904 0.41641874
0.00039479 0.36283831 0.35232302 0.39930133 0.34523319 0.50234819  0.48417291 0.45702496 0.47508945 0.39693445 0.45000532 0.44589633  0.47476172 0.42761975 0.50206904 0.41641874
0.00039479 0.36283831 0.35232302 0.39930133 0.34523319 0.50234819  0.48417291 0.45702496 0.47508945 0.39693445 0.45000532 0.44589633  0.47476172 0.42761975 0.50206904 0.41641874
0.00039479 0.36283831 0.35232302 0.39930133 0.34523319 0.50234819  0.48417291 0.45702496 0.47508945 0.39693445 0.45000532 0.44589633  0.47476172 0.42761975 0.50206904 0.41641874
0.00039479 0.36283831 0.35232302 0.39930133 0.34523319 0.50234819  0.48417291 0.45702496 0.47508945 0.39693445 0.45000532 0.44589633  0.47476172 0.42761975 0.50206904 0.41641874
0.00039479 0.36283831 0.35232302 0.39930133 0.34523319 0.50234819  0.48417291 0.45702496 0.47508945 0.39693445 0.45000532 0.44589633  0.47476172 0.42761975 0.50206904 0.41641874
0.00039479 0.36283831 0.35232302 0.39930133 0.34523319 0.50234819  0.48417291 0.45702496 0.47508945 0.39693445 0.45000532 0.44589633  0.47476172 0.42761975 0.50206904 0.41641874
0.00039479 0.36283831 0.35232302 0.39930133 0.34523319 0.50234819  0.48417291 0.45702496 0.47508945 0.39693445 0.45000532 0.44589633  0.47476172 0.42761975 0.50206904 0.41641874
0.00039479 0.36283831 0.35232302 0.39930133 0.34523319 0.50234819  0.48417291 0.45702496 0.47508945 0.39693445 0.45000532 0.44589633  0.47476172 0.42761975 0.50206904 0.41641874
0.12495123 0.54450059 0.25783871 0.56182267 0.40875943 0.31490351  0.36345652 0.55665427 0.45426203 0.3769024  0.32136382 0.45984165  0.64040926 0.43221462 0.46691387 0.50551565
0.32848796 0.74478415 0.16782802 0.6138787  0.36012512 0.50777089  0.33671183 0.43140305 0.56331408 0.48184598 0.42050216 0.48824858  0.38663947 0.37492594 0.52415183 0.50422559
0.45661747 0.81000611 0.10177323 0.53085258 0.36724485 0.53502864  0.55749255 0.33478949 0.44585401 0.49465719 0.49979768 0.48600623  0.28885091 0.3487887  0.48633384 0.44834469
0.51122529 0.79950986 0.09455724 0.43195576 0.3493868  0.5994669  0.66683861 0.34610602 0.416032   0.46732754 0.53386627 0.462384  0.40329739 0.37544479 0.47961754 0.45658068
0.5805287  0.74168416 0.10642507 0.28770622 0.32206729 0.63853522  0.69543258 0.52707274 0.42096165 0.40027037 0.50992896 0.43680873  0.65015541 0.43933157 0.5128832  0.50609601
0.59787761 0.73134667 0.12022963 0.27059545 0.29584709 0.67845973  0.66056277 0.55335991 0.40061692 0.40211321 0.42785235 0.44404497  0.69609507 0.42322775 0.46911648 0.50576494
0.61392737 0.70525158 0.1213932  0.23751204 0.29622314 0.65927076  0.64685717 0.60988884 0.42383282 0.38391055 0.43466685 0.44608585  0.67793819 0.40029594 0.53045078 0.51804505
0.61392737 0.70525158 0.1213932  0.23751204 0.29622314 0.65927076  0.64685717 0.60988884 0.42383282 0.38391055 0.43466685 0.44608585  0.67793819 0.40029594 0.53045078 0.51804505
0.59787761 0.73134667 0.12022963 0.27059545 0.29584709 0.67845973  0.66056277 0.55335991 0.40061692 0.40211321 0.42785235 0.44404497  0.69609507 0.42322775 0.46911648 0.50576494
0.5805287  0.74168416 0.10642507 0.28770622 0.32206729 0.63853522  0.69543258 0.52707274 0.42096165 0.40027037 0.50992896 0.43680873  0.65015541 0.43933157 0.5128832  0.50609601
0.56373801 0.76289804 0.11013779 0.33064719 0.31548645 0.65501247  0.67572625 0.48609806 0.39733796 0.42202891 0.49159284 0.4413738  0.59212615 0.40824933 0.44406205 0.49205933
0.54635293 0.77877521 0.10767921 0.37193672 0.3209601  0.64973691  0.66419623 0.41998184 0.3944438  0.4443543  0.48401206 0.4541167  0.52541516 0.39252025 0.43535351 0.47406818
0.52851353 0.79008439 0.1088702  0.41547945 0.32301913 0.64122754  0.63041749 0.37540061 0.39558081 0.47372987 0.45565867 0.47171485  0.44533902 0.36213852 0.42549201 0.46199006
0.52851353 0.79008439 0.1088702  0.41547945 0.32301913 0.64122754  0.63041749 0.37540061 0.39558081 0.47372987 0.45565867 0.47171485  0.44533902 0.36213852 0.42549201 0.46199006
0.51091394 0.80182033 0.11593045 0.45867013 0.31272193 0.65442226  0.57149521 0.36795853 0.4090085  0.48508366 0.43908468 0.47820221  0.3984205  0.32339724 0.36552749 0.4670162 
0.49347223 0.80865824 0.12904373 0.49365963 0.2967012  0.68122038  0.49342959 0.38969023 0.4607615  0.47210364 0.45139668 0.46662485  0.40562282 0.3111795  0.33385109 0.45655679
0.49049094 0.78721431 0.18516541 0.54175865 0.23509275 0.75254475  0.28310577 0.46767083 0.49922095 0.48177286 0.35571143 0.46790342  0.47484512 0.30685605 0.25092183 0.37032862
0.51101881 0.78771525 0.25692992 0.58629852 0.18138719 0.72637045  0.28330935 0.42546494 0.45436477 0.4742665  0.41333144 0.51651609  0.55761674 0.40623944 0.19545441 0.35264963
0.51101881 0.78771525 0.25692992 0.58629852 0.18138719 0.72637045  0.28330935 0.42546494 0.45436477 0.4742665  0.41333144 0.51651609  0.55761674 0.40623944 0.19545441 0.35264963
0.52311471 0.77970226 0.28927607 0.61626433 0.15798145 0.7217864  0.27682887 0.41034692 0.40444349 0.47875648 0.43753427 0.53384587  0.62092869 0.427462   0.19949419 0.27373044
0.51328165 0.75880283 0.40827578 0.69740827 0.10490838 0.69004333  0.17456828 0.42776405 0.47909378 0.45060824 0.48382714 0.57719145  0.7835444  0.51817061 0.32661619 0.34358269
0.51328165 0.75880283 0.40827578 0.69740827 0.10490838 0.69004333  0.17456828 0.42776405 0.47909378 0.45060824 0.48382714 0.57719145  0.7835444  0.51817061 0.32661619 0.34358269
0.53216274 0.74911303 0.46969148 0.741325   0.07130453 0.65243577  0.19740415 0.40495998 0.43480565 0.42054343 0.52587487 0.60558585  0.80581621 0.49044727 0.45553828 0.314878  
0.54995646 0.77587722 0.56766275 0.75625596 0.0796411  0.61326975  0.25077829 0.38129884 0.52150591 0.39815524 0.46174216 0.51877724  0.78355338 0.42509857 0.5105033  0.32793435
0.54995646 0.77587722 0.56766275 0.75625596 0.0796411  0.61326975  0.25077829 0.38129884 0.52150591 0.39815524 0.46174216 0.51877724  0.78355338 0.42509857 0.5105033  0.32793435
0.54995646 0.77587722 0.56766275 0.75625596 0.0796411  0.61326975  0.25077829 0.38129884 0.52150591 0.39815524 0.46174216 0.51877724  0.78355338 0.42509857 0.5105033  0.32793435
0.54995646 0.77587722 0.56766275 0.75625596 0.0796411  0.61326975  0.25077829 0.38129884 0.52150591 0.39815524 0.46174216 0.51877724  0.78355338 0.42509857 0.5105033  0.32793435
0.55475179 0.78868753 0.59965931 0.75241155 0.09602648 0.60701114  0.26176662 0.37679044 0.54597095 0.38684767 0.42633264 0.47017032  0.75252927 0.41127681 0.52501132 0.32031409
0.56945449 0.7623013  0.61209677 0.7496093  0.07937454 0.59242689  0.22626591 0.41825397 0.51917144 0.41008474 0.40483656 0.47723886  0.63433012 0.34811791 0.56210615 0.29945306
0.56945449 0.7623013  0.61209677 0.7496093  0.07937454 0.59242689  0.22626591 0.41825397 0.51917144 0.41008474 0.40483656 0.47723886  0.63433012 0.34811791 0.56210615 0.29945306
0.56945449 0.7623013  0.61209677 0.7496093  0.07937454 0.59242689  0.22626591 0.41825397 0.51917144 0.41008474 0.40483656 0.47723886  0.63433012 0.34811791 0.56210615 0.29945306
0.56945449 0.7623013  0.61209677 0.7496093  0.07937454 0.59242689  0.22626591 0.41825397 0.51917144 0.41008474 0.40483656 0.47723886  0.63433012 0.34811791 0.56210615 0.29945306
0.56945449 0.7623013  0.61209677 0.7496093  0.07937454 0.59242689  0.22626591 0.41825397 0.51917144 0.41008474 0.40483656 0.47723886  0.63433012 0.34811791 0.56210615 0.29945306
0.56945449 0.7623013  0.61209677 0.7496093  0.07937454 0.59242689  0.22626591 0.41825397 0.51917144 0.41008474 0.40483656 0.47723886  0.63433012 0.34811791 0.56210615 0.29945306
0.56945449 0.7623013  0.61209677 0.7496093  0.07937454 0.59242689  0.22626591 0.41825397 0.51917144 0.41008474 0.40483656 0.47723886  0.63433012 0.34811791 0.56210615 0.29945306
0.56945449 0.7623013  0.61209677 0.7496093  0.07937454 0.59242689  0.22626591 0.41825397 0.51917144 0.41008474 0.40483656 0.47723886  0.63433012 0.34811791 0.56210615 0.29945306
0.56945449 0.7623013  0.61209677 0.7496093  0.07937454 0.59242689  0.22626591 0.41825397 0.51917144 0.41008474 0.40483656 0.47723886  0.63433012 0.34811791 0.56210615 0.29945306
0.56945449 0.7623013  0.61209677 0.7496093  0.07937454 0.59242689  0.22626591 0.41825397 0.51917144 0.41008474 0.40483656 0.47723886  0.63433012 0.34811791 0.56210615 0.29945306
0.56945449 0.7623013  0.61209677 0.7496093  0.07937454 0.59242689  0.22626591 0.41825397 0.51917144 0.41008474 0.40483656 0.47723886  0.63433012 0.34811791 0.56210615 0.29945306
0.55475179 0.78868753 0.59965931 0.75241155 0.09602648 0.60701114  0.26176662 0.37679044 0.54597095 0.38684767 0.42633264 0.47017032  0.75252927 0.41127681 0.52501132 0.32031409
0.56932272 0.78165589 0.55924963 0.74266506 0.08149894 0.61113046  0.32210054 0.35826252 0.48935345 0.37125929 0.49493837 0.51496597  0.70495466 0.36145471 0.49733652 0.30338346
0.56452739 0.76884558 0.52725307 0.74650947 0.06511355 0.61738906  0.31111221 0.36277092 0.46488841 0.38256686 0.53034789 0.56357289  0.73597878 0.37527647 0.48282851 0.31100372
0.56340377 0.75885892 0.4176481  0.70996446 0.08020751 0.64295944  0.32440043 0.37788203 0.34324315 0.51501363 0.52414992 0.58624126  0.68662281 0.4116283  0.35255609 0.17296657
0.56340377 0.75885892 0.4176481  0.70996446 0.08020751 0.64295944  0.32440043 0.37788203 0.34324315 0.51501363 0.52414992 0.58624126  0.68662281 0.4116283  0.35255609 0.17296657
0.53213424 0.78001544 0.32499063 0.64104928 0.13859291 0.70060488  0.30347782 0.39420443 0.41495516 0.47043505 0.44781224 0.54360344  0.66738182 0.39610255 0.24498278 0.25856841
0.53213424 0.78001544 0.32499063 0.64104928 0.13859291 0.70060488  0.30347782 0.39420443 0.41495516 0.47043505 0.44781224 0.54360344  0.66738182 0.39610255 0.24498278 0.25856841
0.51173453 0.7846939  0.25478585 0.58949021 0.18833342 0.73723675  0.27667066 0.42477776 0.43963612 0.45838889 0.39646604 0.4995811  0.57460633 0.37273499 0.22447613 0.30897901
0.52116486 0.77976397 0.21228617 0.53789596 0.20892429 0.76378717  0.33382814 0.45137217 0.42463214 0.46478104 0.42501711 0.46465583  0.54149558 0.33175684 0.22670385 0.26623246
0.50906895 0.78777696 0.17994002 0.50793015 0.23233004 0.76837122  0.34030862 0.46649019 0.47455342 0.46029106 0.40081428 0.44732604  0.47818362 0.31053428 0.22266408 0.34515165
0.52627306 0.78495573 0.16598836 0.48436992 0.24640749 0.73807102  0.41379035 0.42626585 0.38985812 0.49268683 0.32701713 0.4789112  0.44563898 0.28731436 0.23406098 0.38794645
0.476184   0.81808372 0.11473078 0.51013595 0.32306887 0.63945974  0.52985071 0.36039565 0.48121269 0.46570131 0.52960427 0.45729399  0.36358119 0.32448577 0.38797662 0.45114741
0.42028168 0.80784741 0.11641406 0.58350856 0.36955474 0.5054201  0.47295282 0.36227731 0.46939627 0.48447313 0.46813702 0.48494579  0.27618586 0.35193664 0.50308644 0.42450223
0.36579783 0.78084936 0.14299972 0.61340207 0.3702073  0.49372975  0.39297057 0.40633817 0.53617617 0.46426047 0.50516374 0.465125  0.27280116 0.38426038 0.53514965 0.39310725
0.30926712 0.72915988 0.16618579 0.6199334  0.38964565 0.41667886  0.37805178 0.43193878 0.46218246 0.48107797 0.34381268 0.5017146  0.32249439 0.37157656 0.55923928 0.47108625
0.2353328  0.67190543 0.18953877 0.62677713 0.42340336 0.28856545  0.36790914 0.52425318 0.42379345 0.4037073  0.33529409 0.47172917  0.46485742 0.37784025 0.46760368 0.45408888
0.12495123 0.54450059 0.25783871 0.56182267 0.40875943 0.31490351  0.36345652 0.55665427 0.45426203 0.3769024  0.32136382 0.45984165  0.64040926 0.43221462 0.46691387 0.50551565
0.07102051 0.46648761 0.29681783 0.49538875 0.38534053 0.36816237  0.42637893 0.52216562 0.40838993 0.37342912 0.31490181 0.45582256  0.6405316  0.37092096 0.3395245  0.50760399
0.05295748 0.44105795 0.31047847 0.47423707 0.37661473 0.39820267  0.43339135 0.51107118 0.43325487 0.38045997 0.34459946 0.45442981  0.6091228  0.40002928 0.40593895 0.49183507
0.01779563 0.38669558 0.33863985 0.42004769 0.35385851 0.46460162  0.48109267 0.47190843 0.43452283 0.38595027 0.3992976  0.44733029  0.52908455 0.38078184 0.39373238 0.44873962
0.00039479 0.36283831 0.35232302 0.39930133 0.34523319 0.50234819  0.48417291 0.45702496 0.47508945 0.39693445 0.45000532 0.44589633  0.47476172 0.42761975 0.50206904 0.41641874
0.00039479 0.36283831 0.35232302 0.39930133 0.34523319 0.50234819  0.48417291 0.45702496 0.47508945 0.39693445 0.45000532 0.44589633  0.47476172 0.42761975 0.50206904 0.41641874
0.00039479 0.36283831 0.35232302 0.39930133 0.34523319 0.50234819  0.48417291 0.45702496 0.47508945 0.39693445 0.45000532 0.44589633  0.47476172 0.42761975 0.50206904 0.41641874
0.00039479 0.36283831 0.35232302 0.39930133 0.34523319 0.50234819  0.48417291 0.45702496 0.47508945 0.39693445 0.45000532 0.44589633  0.47476172 0.42761975 0.50206904 0.41641874
0.00039479 0.36283831 0.35232302 0.39930133 0.34523319 0.50234819  0.48417291 0.45702496 0.47508945 0.39693445 0.45000532 0.44589633  0.47476172 0.42761975 0.50206904 0.41641874
0.00039479 0.36283831 0.35232302 0.39930133 0.34523319 0.50234819  0.48417291 0.45702496 0.47508945 0.39693445 0.45000532 0.44589633  0.47476172 0.42761975 0.50206904 0.41641874
0.00039479 0.36283831 0.35232302 0.39930133 0.34523319 0.50234819  0.48417291 0.45702496 0.47508945 0.39693445 0.45000532 0.44589633  0.47476172 0.42761975 0.50206904 0.41641874
