0.00039479 0.36283831 0.35232302 0.39930133 0.34523319 0.50234819  0.48417291 0.45702496 0.47508945 0.39693445 0.45000532 0.44589633  0.47476172 0.42761975 0.50206904 0.41641874
0.00039479 0.36283831 0.35232302 0.39930133 0.34523319 0.50234819  0.48417291 0.45702496 0.47508945 0.39693445 0.45000532 0.44589633  0.47476172 0.42761975 0.50206904 0.41641874
0.00039479 0.36283831 0.35232302 0.39930133 0.34523319 0.50234819  0.48417291 0.45702496 0.47508945 0.39693445 0.45000532 0.44589633  0.47476172 0.42761975 0.50206904 0.41641874
0.00039479 0.36283831 0.35232302 0.39930133 0.34523319 0.50234819  0.48417291 0.45702496 0.47508945 0.39693445 0.45000532 0.44589633  0.47476172 0.42761975 0.50206904 0.41641874
0.00039479 0.36283831 0.35232302 0.39930133 0.34523319 0.50234819  0.48417291 0.45702496 0.47508945 0.39693445 0.45000532 0.44589633  0.47476172 0.42761975 0.50206904 0.41641874
0.00039479 0.36283831 0.35232302 0.39930133 0.34523319 0.50234819  0.48417291 0.45702496 0.47508945 0.39693445 0.45000532 0.44589633  0.47476172 0.42761975 0.50206904 0.41641874
0.00039479 0.36283831 0.35232302 0.39930133 0.34523319 0.50234819  0.48417291 0.45702496 0.47508945 0.39693445 0.45000532 0.44589633  0.47476172 0.42761975 0.50206904 0.41641874
0.00039479 0.36283831 0.35232302 0.39930133 0.34523319 0.50234819  0.48417291 0.45702496 0.47508945 0.39693445 0.45000532 0.44589633  0.47476172 0.42761975 0.50206904 0.41641874
0.00039479 0.36283831 0.35232302 0.39930133 0.34523319 0.50234819  0.48417291 0.45702496 0.47508945 0.39693445 0.45000532 0.44589633  0.47476172 0.42761975 0.50206904 0.41641874
0.00039479 0.36283831 0.35232302 0.39930133 0.34523319 0.50234819  0.48417291 0.45702496 0.47508945 0.39693445 0.45000532 0.44589633  0.47476172 0.42761975 0.50206904 0.41641874
0.00039479 0.36283831 0.35232302 0.39930133 0.34523319 0.50234819  0.48417291 0.45702496 0.47508945 0.39693445 0.45000532 0.44589633  0.47476172 0.42761975 0.50206904 0.41641874
0.00039479 0.36283831 0.35232302 0.39930133 0.34523319 0.50234819  0.48417291 0.45702496 0.47508945 0.39693445 0.45000532 0.44589633  0.47476172 0.42761975 0.50206904 0.41641874
0.00039479 0.36283831 0.35232302 0.39930133 0.34523319 0.50234819  0.48417291 0.45702496 0.47508945 0.39693445 0.45000532 0.44589633  0.47476172 0.42761975 0.50206904 0.41641874
0.00039479 0.36283831 0.35232302 0.39930133 0.34523319 0.50234819  0.48417291 0.45702496 0.47508945 0.39693445 0.45000532 0.44589633  0.47476172 0.42761975 0.50206904 0.41641874
0.00039479 0.36283831 0.35232302 0.39930133 0.34523319 0.50234819  0.48417291 0.45702496 0.47508945 0.39693445 0.45000532 0.44589633  0.47476172 0.42761975 0.50206904 0.41641874
0.00039479 0.36283831 0.35232302 0.39930133 0.34523319 0.50234819  0.48417291 0.45702496 0.47508945 0.39693445 0.45000532 0.44589633  0.47476172 0.42761975 0.50206904 0.41641874
0.00039479 0.36283831 0.35232302 0.39930133 0.34523319 0.50234819  0.48417291 0.45702496 0.47508945 0.39693445 0.45000532 0.44589633  0.47476172 0.42761975 0.50206904 0.41641874
0.00039479 0.36283831 0.35232302 0.39930133 0.34523319 0.50234819  0.48417291 0.45702496 0.47508945 0.39693445 0.45000532 0.44589633  0.47476172 0.42761975 0.50206904 0.41641874
0.00039479 0.36283831 0.35232302 0.39930133 0.34523319 0.50234819  0.48417291 0.45702496 0.47508945 0.39693445 0.45000532 0.44589633  0.47476172 0.42761975 0.50206904 0.41641874
0.00039479 0.36283831 0.35232302 0.39930133 0.34523319 0.50234819  0.48417291 0.45702496 0.47508945 0.39693445 0.45000532 0.44589633  0.47476172 0.42761975 0.50206904 0.41641874
0.00039479 0.36283831 0.35232302 0.39930133 0.34523319 0.50234819  0.48417291 0.45702496 0.47508945 0.39693445 0.45000532 0.44589633  0.47476172 0.42761975 0.50206904 0.41641874
0.00039479 0.36283831 0.35232302 0.39930133 0.34523319 0.50234819  0.48417291 0.45702496 0.47508945 0.39693445 0.45000532 0.44589633  0.47476172 0.42761975 0.50206904 0.41641874
0.00039479 0.36283831 0.35232302 0.39930133 0.34523319 0.50234819  0.48417291 0.45702496 0.47508945 0.39693445 0.45000532 0.44589633  0.47476172 0.42761975 0.50206904 0.41641874
0.00039479 0.36283831 0.35232302 0.39930133 0.34523319 0.50234819  0.48417291 0.45702496 0.47508945 0.39693445 0.45000532 0.44589633  0.47476172 0.42761975 0.50206904 0.41641874
0.00039479 0.36283831 0.35232302 0.39930133 0.34523319 0.50234819  0.48417291 0.45702496 0.47508945 0.39693445 0.45000532 0.44589633  0.47476172 0.42761975 0.50206904 0.41641874
0.00039479 0.36283831 0.35232302 0.39930133 0.34523319 0.50234819  0.48417291 0.45702496 0.47508945 0.39693445 0.45000532 0.44589633  0.47476172 0.42761975 0.50206904 0.41641874
0.00039479 0.36283831 0.35232302 0.39930133 0.34523319 0.50234819  0.48417291 0.45702496 0.47508945 0.39693445 0.45000532 0.44589633  0.47476172 0.42761975 0.50206904 0.41641874
0.00039479 0.36283831 0.35232302 0.39930133 0.34523319 0.50234819  0.48417291 0.45702496 0.47508945 0.39693445 0.45000532 0.44589633  0.47476172 0.42761975 0.50206904 0.41641874
0.00039479 0.36283831 0.35232302 0.39930133 0.34523319 0.50234819  0.48417291 0.45702496 0.47508945 0.39693445 0.45000532 0.44589633  0.47476172 0.42761975 0.50206904 0.41641874
0.00039479 0.36283831 0.35232302 0.39930133 0.34523319 0.50234819  0.48417291 0.45702496 0.47508945 0.39693445 0.45000532 0.44589633  0.47476172 0.42761975 0.50206904 0.41641874
0.00039479 0.36283831 0.35232302 0.39930133 0.34523319 0.50234819  0.48417291 0.45702496 0.47508945 0.39693445 0.45000532 0.44589633  0.47476172 0.42761975 0.50206904 0.41641874
0.00039479 0.36283831 0.35232302 0.39930133 0.34523319 0.50234819  0.48417291 0.45702496 0.47508945 0.39693445 0.45000532 0.44589633  0.47476172 0.42761975 0.50206904 0.41641874
0.00039479 0.36283831 0.35232302 0.39930133 0.34523319 0.50234819  0.48417291 0.45702496 0.47508945 0.39693445 0.45000532 0.44589633  0.47476172 0.42761975 0.50206904 0.41641874
0.00039479 0.36283831 0.35232302 0.39930133 0.34523319 0.50234819  0.48417291 0.45702496 0.47508945 0.39693445 0.45000532 0.44589633  0.47476172 0.42761975 0.50206904 0.41641874
0.00039479 0.36283831 0.35232302 0.39930133 0.34523319 0.50234819  0.48417291 0.45702496 0.47508945 0.39693445 0.45000532 0.44589633  0.47476172 0.42761975 0.50206904 0.41641874
0.00039479 0.36283831 0.35232302 0.39930133 0.34523319 0.50234819  0.48417291 0.45702496 0.47508945 0.39693445 0.45000532 0.44589633  0.47476172 0.42761975 0.50206904 0.41641874
0.00039479 0.36283831 0.35232302 0.39930133 0.34523319 0.50234819  0.48417291 0.45702496 0.47508945 0.39693445 0.45000532 0.44589633  0.47476172 0.42761975 0.50206904 0.41641874
0.00039479 0.36283831 0.35232302 0.39930133 0.34523319 0.50234819  0.48417291 0.45702496 0.47508945 0.39693445 0.45000532 0.44589633  0.47476172 0.42761975 0.50206904 0.41641874
0.00039479 0.36283831 0.35232302 0.39930133 0.34523319 0.50234819  0.48417291 0.45702496 0.47508945 0.39693445 0.45000532 0.44589633  0.47476172 0.42761975 0.50206904 0.41641874
0.00039479 0.36283831 0.35232302 0.39930133 0.34523319 0.50234819  0.48417291 0.45702496 0.47508945 0.39693445 0.45000532 0.44589633  0.47476172 0.42761975 0.50206904 0.41641874
0.03525649 0.41685964 0.32437467 0.45347996 0.36854765 0.43569141  0.43485985 0.4975719  0.47652552 0.39120509 0.39620065 0.45304628  0.55757342 0.45566594 0.52722734 0.46096477
0.14697894 0.53840587 0.26888761 0.49133359 0.35467562 0.51684031  0.39816817 0.4884122  0.62454822 0.38772789 0.62108363 0.41335779  0.43563614 0.50802742 0.61825858 0.36343539
0.33200135 0.6863892  0.19990543 0.46628133 0.29599747 0.73054387  0.46935164 0.3694373  0.64930392 0.45230551 0.69752484 0.42339011  0.32172989 0.41941379 0.54798507 0.40193434
0.4725378  0.72353989 0.17578949 0.41941145 0.26414246 0.71748686  0.4323032  0.55650537 0.51126346 0.44507966 0.47123893 0.44350698  0.46585057 0.28952585 0.29938594 0.50167889
0.61126342 0.65660987 0.14031884 0.19594958 0.28529472 0.65882168  0.63095356 0.67718607 0.41898235 0.40813607 0.40985808 0.46006771  0.62445109 0.3708509  0.54921732 0.55545036
0.68952872 0.56373218 0.13703214 0.1416395  0.2825769  0.55746814  0.52871936 0.72123013 0.47640584 0.40226667 0.34292569 0.49734806  0.43211469 0.38187207 0.65957137 0.51963078
0.71730538 0.53572127 0.18782578 0.17556481 0.22866698 0.55359779  0.47813122 0.73730718 0.37852508 0.47067149 0.34582463 0.53143502  0.40998944 0.41386082 0.60917352 0.41499168
0.74440156 0.4709786  0.17435357 0.16130815 0.25265192 0.51314031  0.4329797  0.65314837 0.43346241 0.45362324 0.34100005 0.53620336  0.40719362 0.42621858 0.5754281  0.39489848
0.80164995 0.35652973 0.22754262 0.24998817 0.22750555 0.40904175  0.39199962 0.52346735 0.43817221 0.5546921  0.51955451 0.61067627  0.49500626 0.4394821  0.46802548 0.30676283
0.81407901 0.32356391 0.21591615 0.25332875 0.24699681 0.40375064  0.36661489 0.43909605 0.45411343 0.55704545 0.47661578 0.61780145  0.51824296 0.40566037 0.47899096 0.27835187
0.81407901 0.32356391 0.21591615 0.25332875 0.24699681 0.40375064  0.36661489 0.43909605 0.45411343 0.55704545 0.47661578 0.61780145  0.51824296 0.40566037 0.47899096 0.27835187
0.81407901 0.32356391 0.21591615 0.25332875 0.24699681 0.40375064  0.36661489 0.43909605 0.45411343 0.55704545 0.47661578 0.61780145  0.51824296 0.40566037 0.47899096 0.27835187
0.81407901 0.32356391 0.21591615 0.25332875 0.24699681 0.40375064  0.36661489 0.43909605 0.45411343 0.55704545 0.47661578 0.61780145  0.51824296 0.40566037 0.47899096 0.27835187
0.81407901 0.32356391 0.21591615 0.25332875 0.24699681 0.40375064  0.36661489 0.43909605 0.45411343 0.55704545 0.47661578 0.61780145  0.51824296 0.40566037 0.47899096 0.27835187
0.8353226  0.3210435  0.28553659 0.3010603  0.20023749 0.38844264  0.36017978 0.39620297 0.3945286  0.53366148 0.51737039 0.64947914  0.61800418 0.47153932 0.45254527 0.21700225
0.82617492 0.31555093 0.24826229 0.28329455 0.22359106 0.39916659  0.36013441 0.42397803 0.40419215 0.56153543 0.50081861 0.63513124  0.58155492 0.42688293 0.48303073 0.19943267
0.82617492 0.31555093 0.24826229 0.28329455 0.22359106 0.39916659  0.36013441 0.42397803 0.40419215 0.56153543 0.50081861 0.63513124  0.58155492 0.42688293 0.48303073 0.19943267
0.82617492 0.31555093 0.24826229 0.28329455 0.22359106 0.39916659  0.36013441 0.42397803 0.40419215 0.56153543 0.50081861 0.63513124  0.58155492 0.42688293 0.48303073 0.19943267
0.81779984 0.34091044 0.24116099 0.24614646 0.23481963 0.42384997  0.3466179  0.42004082 0.39897761 0.50712186 0.40235564 0.60373951  0.56880198 0.41026569 0.52182008 0.11716846
0.81779984 0.34091044 0.24116099 0.24614646 0.23481963 0.42384997  0.3466179  0.42004082 0.39897761 0.50712186 0.40235564 0.60373951  0.56880198 0.41026569 0.52182008 0.11716846
0.78277767 0.36796789 0.14576222 0.16114181 0.30900244 0.46866096  0.33973792 0.44535925 0.51899106 0.42864946 0.2987432  0.53144176  0.43919163 0.32541423 0.48278262 0.29986387
0.77045293 0.38261378 0.11810865 0.13503757 0.33883886 0.48945744  0.34555663 0.43957064 0.56631317 0.37898498 0.25354133 0.50240491  0.4553934  0.28566417 0.47715708 0.3362237 
0.69026932 0.58254672 0.16508702 0.17151241 0.24844325 0.60709313  0.50458742 0.7480325  0.37926145 0.44491726 0.29555178 0.49751071  0.42636961 0.32449988 0.62312954 0.45254983
0.69026932 0.58254672 0.16508702 0.17151241 0.24844325 0.60709313  0.50458742 0.7480325  0.37926145 0.44491726 0.29555178 0.49751071  0.42636961 0.32449988 0.62312954 0.45254983
0.69026932 0.58254672 0.16508702 0.17151241 0.24844325 0.60709313  0.50458742 0.7480325  0.37926145 0.44491726 0.29555178 0.49751071  0.42636961 0.32449988 0.62312954 0.45254983
0.61392737 0.70525158 0.1213932  0.23751204 0.29622314 0.65927076  0.64685717 0.60988884 0.42383282 0.38391055 0.43466685 0.44608585  0.67793819 0.40029594 0.53045078 0.51804505
0.61392737 0.70525158 0.1213932  0.23751204 0.29622314 0.65927076  0.64685717 0.60988884 0.42383282 0.38391055 0.43466685 0.44608585  0.67793819 0.40029594 0.53045078 0.51804505
0.59663914 0.71467705 0.10708025 0.25398835 0.32259081 0.61751011  0.68327829 0.58059425 0.44428401 0.37750822 0.51287444 0.436755  0.63589656 0.41360221 0.58457631 0.51263567
0.56320429 0.75664931 0.1034581  0.32836129 0.32768841 0.63142352  0.68545387 0.45794911 0.41817395 0.41803627 0.49847915 0.44745702  0.58734245 0.42080494 0.51453347 0.48236441
0.54585538 0.76698681 0.08965354 0.34547207 0.35390861 0.59149901  0.72032369 0.43166193 0.43851868 0.41619343 0.58055577 0.44022078  0.54140279 0.43690875 0.55830019 0.48269548
0.54585538 0.76698681 0.08965354 0.34547207 0.35390861 0.59149901  0.72032369 0.43166193 0.43851868 0.41619343 0.58055577 0.44022078  0.54140279 0.43690875 0.55830019 0.48269548
0.57297474 0.70464884 0.07106305 0.330113   0.38138169 0.56932963  0.68724186 0.27764915 0.48447211 0.42856075 0.47009522 0.47666512  0.58189077 0.47736439 0.62954481 0.4612469 
0.57016931 0.68560196 0.06682108 0.34930049 0.39136804 0.53741722  0.64278033 0.18606339 0.5246166  0.4525695  0.39709286 0.51650543  0.52162459 0.52605131 0.65809861 0.45870962
0.58304038 0.65090148 0.05713668 0.34847186 0.40970483 0.52371005  0.61009233 0.10930958 0.55588674 0.44727056 0.37504879 0.51848107  0.53577196 0.49618256 0.62860174 0.42735768
0.58348148 0.64903575 0.056449   0.35436844 0.4146802  0.5296985  0.61788276 0.1157323  0.56426075 0.43851286 0.35796807 0.52781638  0.51350694 0.52491872 0.60977471 0.40900071
0.58425543 0.64539338 0.05594937 0.36630318 0.42149512 0.53901323  0.63335887 0.12841774 0.58205804 0.42685041 0.33710054 0.54836314  0.49288328 0.54652866 0.58473453 0.38047885
0.60414895 0.62345613 0.06767613 0.38144768 0.41415642 0.60500719  0.63099213 0.18102227 0.58761753 0.4062724  0.21485916 0.58026444  0.51455418 0.55970214 0.52655459 0.32671287
0.62198835 0.61214695 0.06648515 0.33790495 0.41209739 0.61351656  0.66477087 0.2256035  0.58648053 0.37689682 0.24321254 0.56266629  0.59463032 0.59008387 0.53641609 0.33879099
0.65274944 0.5538723  0.06273391 0.28276969 0.42253359 0.56162873  0.63042778 0.26561849 0.65628217 0.33478391 0.25509803 0.56959463  0.57629503 0.61676294 0.57816884 0.34987278
0.66820136 0.54050728 0.08587398 0.29059075 0.39846009 0.57855486  0.58565835 0.27590693 0.60572352 0.35352425 0.21279509 0.57464475  0.57037153 0.60900161 0.52214545 0.28159352
0.70033007 0.52680441 0.10472331 0.20056964 0.34773726 0.59952162  0.52826417 0.34500039 0.56226226 0.36002205 0.18233305 0.54656765  0.70339292 0.58214713 0.49114168 0.35842896
0.72041682 0.52917107 0.17717549 0.23921293 0.28905634 0.56735887  0.52067732 0.29637178 0.50903207 0.36127339 0.25703379 0.58584501  0.80842955 0.65279437 0.45450129 0.35910694
0.7113165  0.57991383 0.23287051 0.2550914  0.24275655 0.56258104  0.53160625 0.33532745 0.42255401 0.39513951 0.24426153 0.52834968  0.67752532 0.64033652 0.46833558 0.40904466
0.73573715 0.55725495 0.29287023 0.31116145 0.18951438 0.53720051  0.51930705 0.32599805 0.32531062 0.44929398 0.31366623 0.57471632  0.72463551 0.70130914 0.47800089 0.29376564
0.7217891  0.6429547  0.38028045 0.34640297 0.15391248 0.56385386  0.56771389 0.37701712 0.26631197 0.34373214 0.34343401 0.55588718  0.68576971 0.66729483 0.52398018 0.39982328
0.71233343 0.66853161 0.41684646 0.40499596 0.13415288 0.56750016  0.55764117 0.30900795 0.2332997  0.28181104 0.32880424 0.56814346  0.63003623 0.59958737 0.52410148 0.42560956
0.71671398 0.71842283 0.51952376 0.45452089 0.12329749 0.54262802  0.63480797 0.34255026 0.2809945  0.31516897 0.32680404 0.47595247  0.61894982 0.45693677 0.54417168 0.39467741
0.71161926 0.72233941 0.55928862 0.52245208 0.0912786  0.51237545  0.61528089 0.4110706  0.21014375 0.38853538 0.4079514  0.48749242  0.4627814  0.31407605 0.5876335  0.30322426
0.71641459 0.73514972 0.59128518 0.51860767 0.10766399 0.50611685  0.62626922 0.4065622  0.23460879 0.3772278  0.37254188 0.4388855  0.43175729 0.30025429 0.60214151 0.29560401
0.68535842 0.76581175 0.63900391 0.59215473 0.10154694 0.55062704  0.48151147 0.41116806 0.29097204 0.32042006 0.35852913 0.42668433  0.35558677 0.23300625 0.53782457 0.30668125
0.72194752 0.73945714 0.67210067 0.50472756 0.13851065 0.55246154  0.46170794 0.53050118 0.30396263 0.26796205 0.36668225 0.40500843  0.38381922 0.23296821 0.60280098 0.31415286
0.72194752 0.73945714 0.67210067 0.50472756 0.13851065 0.55246154  0.46170794 0.53050118 0.30396263 0.26796205 0.36668225 0.40500843  0.38381922 0.23296821 0.60280098 0.31415286
0.72194752 0.73945714 0.67210067 0.50472756 0.13851065 0.55246154  0.46170794 0.53050118 0.30396263 0.26796205 0.36668225 0.40500843  0.38381922 0.23296821 0.60280098 0.31415286
0.72194752 0.73945714 0.67210067 0.50472756 0.13851065 0.55246154  0.46170794 0.53050118 0.30396263 0.26796205 0.36668225 0.40500843  0.38381922 0.23296821 0.60280098 0.31415286
0.77270759 0.69556563 0.65877937 0.40020688 0.15893245 0.4984309  0.57627544 0.58884312 0.23560608 0.28654423 0.3574122  0.41974946  0.36846168 0.2617389  0.71516405 0.33166234
0.78949828 0.67435176 0.65506665 0.35726591 0.16551329 0.48195365  0.59598178 0.6298178  0.25922976 0.26478569 0.37574832 0.41518439  0.42649094 0.29282114 0.78398519 0.34569901
0.78949828 0.67435176 0.65506665 0.35726591 0.16551329 0.48195365  0.59598178 0.6298178  0.25922976 0.26478569 0.37574832 0.41518439  0.42649094 0.29282114 0.78398519 0.34569901
0.78949828 0.67435176 0.65506665 0.35726591 0.16551329 0.48195365  0.59598178 0.6298178  0.25922976 0.26478569 0.37574832 0.41518439  0.42649094 0.29282114 0.78398519 0.34569901
0.78949828 0.67435176 0.65506665 0.35726591 0.16551329 0.48195365  0.59598178 0.6298178  0.25922976 0.26478569 0.37574832 0.41518439  0.42649094 0.29282114 0.78398519 0.34569901
0.81924358 0.61181615 0.64471888 0.31085882 0.18350076 0.42585174  0.5646615  0.56629933 0.34482299 0.23550862 0.33617034 0.44231401  0.4461225  0.42150066 0.80281893 0.35404154
0.82679449 0.55473817 0.58073505 0.30984653 0.12922038 0.38870822  0.5823622  0.50965364 0.39677211 0.31263406 0.28464144 0.48971823  0.52014976 0.50490236 0.84084053 0.36729306
0.82917278 0.55877453 0.59548477 0.30133901 0.13843636 0.36855393  0.60051423 0.51999185 0.44002863 0.37105748 0.26722719 0.44448563  0.50413082 0.52334956 0.81709258 0.38521464
0.83754786 0.53341502 0.60258607 0.3384871  0.12720779 0.34387056  0.61403074 0.52392906 0.44524318 0.42547105 0.36569016 0.47587735  0.51688376 0.53996681 0.77830323 0.46747886
0.84995375 0.49804449 0.59607787 0.34293008 0.14321092 0.32029134  0.57657632 0.50941173 0.4701683  0.39840883 0.4283874  0.45132652  0.49683667 0.4780472  0.68427866 0.44042328
0.87997699 0.41747376 0.58921965 0.36673967 0.18303041 0.26163886  0.55497358 0.3891567  0.62074144 0.41188278 0.44048012 0.45824554  0.52833889 0.33717309 0.55180698 0.44503026
0.87770329 0.34290362 0.48031785 0.38176259 0.16833534 0.26220884  0.53138435 0.33393209 0.60785751 0.48669982 0.46704031 0.57062845  0.63948171 0.27787277 0.56719368 0.39485698
0.88315127 0.30934542 0.46396982 0.43657932 0.17940991 0.29791205  0.51061717 0.31738931 0.52510785 0.44412972 0.52126844 0.56695002  0.65052649 0.28451402 0.56808483 0.45900131
0.88315127 0.30934542 0.46396982 0.43657932 0.17940991 0.29791205  0.51061717 0.31738931 0.52510785 0.44412972 0.52126844 0.56695002  0.65052649 0.28451402 0.56808483 0.45900131
0.88315127 0.30934542 0.46396982 0.43657932 0.17940991 0.29791205  0.51061717 0.31738931 0.52510785 0.44412972 0.52126844 0.56695002  0.65052649 0.28451402 0.56808483 0.45900131
0.88446668 0.26848999 0.42695005 0.48698253 0.20716885 0.33733842  0.49739217 0.32944201 0.47873074 0.483636   0.56269671 0.55548947  0.68211844 0.29183055 0.5811336  0.50350455
0.88474306 0.23426937 0.38798432 0.5159272  0.24552754 0.37983026  0.48090346 0.35642681 0.43918806 0.56183501 0.57312283 0.49380592  0.69269288 0.30622539 0.55112098 0.49081233
0.87734435 0.22672717 0.35154283 0.50138098 0.25365143 0.39190262  0.46736438 0.38276824 0.42867842 0.62053574 0.5803284  0.50090814  0.67722614 0.3393516  0.50915285 0.47152669
0.87867009 0.18701111 0.30093361 0.5449348  0.29813301 0.50058565  0.39764368 0.39114095 0.24737529 0.53481267 0.56559374 0.44308611  0.66638257 0.48629357 0.56290556 0.38778604
0.87867009 0.18701111 0.30093361 0.5449348  0.29813301 0.50058565  0.39764368 0.39114095 0.24737529 0.53481267 0.56559374 0.44308611  0.66638257 0.48629357 0.56290556 0.38778604
0.87867009 0.18701111 0.30093361 0.5449348  0.29813301 0.50058565  0.39764368 0.39114095 0.24737529 0.53481267 0.56559374 0.44308611  0.66638257 0.48629357 0.56290556 0.38778604
0.86952241 0.18151853 0.26365931 0.52716905 0.32148658 0.5113096  0.39759831 0.41891601 0.25703884 0.56268661 0.54904195 0.42873821  0.62993332 0.44163718 0.59339103 0.37021646
0.86050289 0.18120535 0.22794475 0.50238411 0.34087512 0.53249112  0.37094936 0.43505851 0.24652717 0.57100805 0.53876398 0.41898065  0.58348019 0.47299664 0.54790243 0.38537848
0.83757663 0.20024982 0.16489213 0.44734527 0.39165218 0.57271807  0.3575889  0.44525892 0.31661934 0.49702563 0.45935437 0.36401268  0.5171818  0.40936774 0.51290474 0.4891547 
0.8047809  0.24826821 0.0977911  0.35412712 0.45612291 0.62278197  0.35637158 0.45065112 0.40864818 0.38845759 0.29148671 0.28625432  0.45731867 0.33177787 0.54202877 0.52216951
0.78940831 0.30823021 0.11123037 0.26608538 0.40418446 0.55907522  0.37014007 0.4564474  0.50116053 0.39978273 0.27734723 0.3961274  0.42748232 0.37637257 0.44716707 0.47499927
0.78548636 0.32492756 0.11372766 0.22845341 0.38276825 0.53065775  0.34522863 0.43537146 0.4930477  0.40980957 0.3044102  0.40203274  0.44467291 0.33757959 0.45088574 0.48599792
0.78548636 0.32492756 0.11372766 0.22845341 0.38276825 0.53065775  0.34522863 0.43537146 0.4930477  0.40980957 0.3044102  0.40203274  0.44467291 0.33757959 0.45088574 0.48599792
0.78548636 0.32492756 0.11372766 0.22845341 0.38276825 0.53065775  0.34522863 0.43537146 0.4930477  0.40980957 0.3044102  0.40203274  0.44467291 0.33757959 0.45088574 0.48599792
0.78940831 0.30823021 0.11123037 0.26608538 0.40418446 0.55907522  0.37014007 0.4564474  0.50116053 0.39978273 0.27734723 0.3961274  0.42748232 0.37637257 0.44716707 0.47499927
0.80173305 0.29358431 0.13888395 0.29218963 0.37434805 0.53827873  0.36432135 0.46223601 0.45383842 0.44944722 0.32254909 0.42516425  0.41128055 0.41612263 0.45279261 0.43863944
0.83358421 0.25522018 0.21282161 0.38607765 0.30936176 0.49356096  0.37151559 0.43662437 0.37393906 0.52871835 0.48628312 0.50815054  0.53366781 0.50868945 0.39306109 0.40673589
0.85427798 0.24665993 0.27865831 0.43210812 0.26558309 0.45806041  0.38476321 0.41307974 0.32937596 0.55445924 0.54117628 0.54320163  0.59009309 0.56224772 0.42255526 0.35577782
0.88402004 0.29060651 0.44188706 0.43090636 0.31084256 0.37546984  0.48826743 0.40262205 0.49217745 0.66588187 0.4362078  0.35326278  0.57131011 0.55613962 0.40698052 0.34537201
0.92630662 0.3684863  0.69744587 0.41251809 0.52652501 0.33838974  0.55374434 0.342664   0.65112395 0.64912261 0.36129835 0.21824874  0.58761052 0.4441248  0.40851934 0.41750408
0.9295382  0.35612038 0.70129162 0.44804499 0.53114399 0.33910906  0.59354143 0.35173771 0.69944283 0.6602722  0.3731144  0.25267882  0.61357762 0.39254468 0.39060194 0.46238393
0.93352332 0.36820855 0.72883681 0.44341187 0.55134488 0.34362642  0.58577158 0.34205395 0.69062539 0.60509068 0.36336364 0.24556766  0.5771233  0.37625566 0.41792592 0.47889445
0.9295382  0.35612038 0.70129162 0.44804499 0.53114399 0.33910906  0.59354143 0.35173771 0.69944283 0.6602722  0.3731144  0.25267882  0.61357762 0.39254468 0.39060194 0.46238393
0.92638394 0.34050273 0.671817   0.46109922 0.48908268 0.32336116  0.61116938 0.35504974 0.7125623  0.67220216 0.37935657 0.26365271  0.63389928 0.38538    0.39566837 0.48518358
0.90970977 0.30900623 0.56598876 0.4771585  0.32127584 0.31029348  0.58967618 0.3603809  0.6416712  0.61906647 0.38784009 0.28362089  0.59525147 0.3973712  0.47526271 0.46127371
0.90970977 0.30900623 0.56598876 0.4771585  0.32127584 0.31029348  0.58967618 0.3603809  0.6416712  0.61906647 0.38784009 0.28362089  0.59525147 0.3973712  0.47526271 0.46127371
0.87140983 0.29573501 0.42269991 0.47104968 0.25487615 0.36751689  0.58795274 0.42850209 0.55762061 0.7415329  0.41517025 0.45080575  0.62729732 0.50236597 0.48573463 0.49801806
0.8631398  0.27900761 0.3737131  0.48285378 0.24978027 0.40144617  0.55428856 0.42821118 0.50175932 0.70764449 0.45995779 0.53603893  0.68065454 0.46440833 0.52594588 0.4568914 
0.83525555 0.29897401 0.29027564 0.40111339 0.25633615 0.43059497  0.51250615 0.46853332 0.49944241 0.66339383 0.41279208 0.59835153  0.5892842  0.42390918 0.56838261 0.3759794 
0.81908344 0.31751283 0.24782284 0.34383109 0.27678167 0.45464326  0.47273233 0.48048855 0.46837798 0.61810277 0.3771784  0.56221594  0.50323134 0.47657811 0.59320356 0.38366796
0.76884189 0.42462999 0.1881133  0.18764183 0.25405176 0.49294464  0.42556364 0.51077101 0.4208491  0.5313547  0.25166138 0.5905582  0.4846008  0.43334959 0.71090091 0.29366351
0.75651715 0.43927589 0.16045973 0.16153759 0.28388818 0.51374113  0.43138235 0.5049824  0.46817121 0.48169021 0.20645952 0.56152136  0.50080257 0.39359953 0.70527537 0.33002334
0.7321     0.4880292  0.14158173 0.1341015  0.28597647 0.5522249  0.4508681  0.57750578 0.47180062 0.43337432 0.19016221 0.53884252  0.46667918 0.41456639 0.6747926  0.42990293
0.70196273 0.54169533 0.12244725 0.15722644 0.31171405 0.58388782  0.51526523 0.4752776  0.50164497 0.4026971  0.22879334 0.52436096  0.67706049 0.53948145 0.5852279  0.44873593
0.64124129 0.63533514 0.1134828  0.22208918 0.30933939 0.60791902  0.57941865 0.45185686 0.48942281 0.42156461 0.28888438 0.51470986  0.61987491 0.57291408 0.50013036 0.51910937
0.57617405 0.71259532 0.08342786 0.30406862 0.35776325 0.57297053  0.69376748 0.34015746 0.48680885 0.42027373 0.45762965 0.48360427  0.58714577 0.57490161 0.59688203 0.50315318
0.50772517 0.76988743 0.08839284 0.43478171 0.37040493 0.54248621  0.64077704 0.30854859 0.45006168 0.45381378 0.5057321  0.47714987  0.38951683 0.45712603 0.52821675 0.44220822
0.43799019 0.79494566 0.0957897  0.52431825 0.40605603 0.42464512  0.61865175 0.38140634 0.37819463 0.43735065 0.55528199 0.45044176  0.25443575 0.37185045 0.47884873 0.35999102
0.42054847 0.80178357 0.10890297 0.55930774 0.3900353  0.45144325  0.54058613 0.40313805 0.42994763 0.42437063 0.56759398 0.43886439  0.26163807 0.35963271 0.44717233 0.3495316 
0.42054847 0.80178357 0.10890297 0.55930774 0.3900353  0.45144325  0.54058613 0.40313805 0.42994763 0.42437063 0.56759398 0.43886439  0.26163807 0.35963271 0.44717233 0.3495316 
0.40334436 0.80460479 0.12285463 0.58286797 0.37595784 0.48174344  0.46710441 0.44336238 0.51464293 0.39197487 0.64139114 0.40727923  0.29418271 0.38285263 0.43577543 0.3067368 
0.44054965 0.82022789 0.12361278 0.55557381 0.33438396 0.60795342  0.46314807 0.39556488 0.55763478 0.4277996  0.63100969 0.42226633  0.33193637 0.36346912 0.41500279 0.3699135 
0.44054965 0.82022789 0.12361278 0.55557381 0.33438396 0.60795342  0.46314807 0.39556488 0.55763478 0.4277996  0.63100969 0.42226633  0.33193637 0.36346912 0.41500279 0.3699135 
0.476184   0.81808372 0.11473078 0.51013595 0.32306887 0.63945974  0.52985071 0.36039565 0.48121269 0.46570131 0.52960427 0.45729399  0.36358119 0.32448577 0.38797662 0.45114741
0.4940234  0.80677454 0.11353979 0.46659322 0.32100984 0.64796911  0.56362945 0.40497688 0.48007569 0.43632574 0.55795765 0.43969584  0.44365733 0.3548675  0.39783813 0.46322553
0.54613843 0.77463399 0.11719805 0.37383787 0.30518924 0.66820719  0.61680396 0.47865598 0.41076565 0.4333827  0.47501885 0.44786116  0.54520764 0.36950805 0.38409753 0.49708548
0.56348734 0.7642965  0.13100261 0.3567271  0.27896904 0.7081317  0.58193414 0.50494316 0.39042092 0.43522554 0.39294224 0.45509741  0.59114729 0.35340423 0.34033081 0.49675441
0.58108692 0.75256055 0.12394235 0.31353641 0.28926624 0.69493698  0.64085643 0.51238524 0.37699323 0.42387175 0.40951623 0.44861004  0.63806581 0.39214551 0.40029533 0.49172826
0.58108692 0.75256055 0.12394235 0.31353641 0.28926624 0.69493698  0.64085643 0.51238524 0.37699323 0.42387175 0.40951623 0.44861004  0.63806581 0.39214551 0.40029533 0.49172826
0.58108692 0.75256055 0.12394235 0.31353641 0.28926624 0.69493698  0.64085643 0.51238524 0.37699323 0.42387175 0.40951623 0.44861004  0.63806581 0.39214551 0.40029533 0.49172826
0.59787761 0.73134667 0.12022963 0.27059545 0.29584709 0.67845973  0.66056277 0.55335991 0.40061692 0.40211321 0.42785235 0.44404497  0.69609507 0.42322775 0.46911648 0.50576494
0.59787761 0.73134667 0.12022963 0.27059545 0.29584709 0.67845973  0.66056277 0.55335991 0.40061692 0.40211321 0.42785235 0.44404497  0.69609507 0.42322775 0.46911648 0.50576494
0.59787761 0.73134667 0.12022963 0.27059545 0.29584709 0.67845973  0.66056277 0.55335991 0.40061692 0.40211321 0.42785235 0.44404497  0.69609507 0.42322775 0.46911648 0.50576494
0.61359639 0.70602902 0.12708186 0.24425495 0.28995095 0.66442193  0.63814237 0.62599148 0.39744107 0.41906917 0.41432031 0.453696  0.64102134 0.40103942 0.48983862 0.51784114
0.61359639 0.70602902 0.12708186 0.24425495 0.28995095 0.66442193  0.63814237 0.62599148 0.39744107 0.41906917 0.41432031 0.453696  0.64102134 0.40103942 0.48983862 0.51784114
0.62904831 0.692664   0.15022193 0.25207601 0.26587745 0.68134806  0.59337294 0.63627992 0.34688242 0.43780951 0.37201738 0.45874611  0.63509784 0.3932781  0.43381524 0.44956188
0.6472117  0.73730703 0.33407725 0.30580935 0.23810907 0.68818261  0.50682454 0.5974143  0.37922551 0.29302442 0.4689247  0.42508488  0.66147993 0.55745758 0.34081627 0.44665624
0.74497041 0.77229725 0.71437559 0.30700861 0.44784676 0.59931047  0.53747563 0.60777572 0.36838702 0.37714886 0.51289529 0.38585545  0.7177135  0.48648342 0.58268019 0.20627727
0.77554586 0.77441584 0.81951954 0.24703735 0.58950797 0.55996622  0.53003984 0.67149065 0.43121265 0.48825529 0.5152293  0.37967303  0.67857928 0.38980707 0.62689322 0.25876772
0.80794874 0.74955276 0.8279651  0.20906263 0.6348244  0.52865342  0.55221432 0.67568217 0.30572975 0.55141225 0.45567093 0.47061646  0.54058967 0.28666387 0.67926497 0.29847727
0.81202494 0.73902692 0.83807176 0.23637912 0.63778464 0.50918918  0.59846862 0.67884496 0.38671546 0.59221333 0.46708177 0.48942226  0.56333058 0.21277237 0.65040424 0.36970791
0.85094799 0.65337731 0.84075386 0.22287008 0.65489408 0.4229493  0.58908762 0.62535739 0.49681268 0.6535539  0.51660893 0.52421427  0.60186473 0.35988683 0.61054401 0.45787522
0.85045193 0.64903292 0.8307941  0.23448232 0.60700316 0.40937766  0.60489415 0.62240507 0.51080077 0.64602977 0.48087407 0.47192455  0.58911056 0.3766512  0.60666399 0.44009943
0.85368351 0.636667   0.83463985 0.27000923 0.61162215 0.41009698  0.64469125 0.63147877 0.55911965 0.65717936 0.49269013 0.50635463  0.61507767 0.32507109 0.5887466  0.48497928
0.86760901 0.60192121 0.8158071  0.26465581 0.5672427  0.37926781  0.65185503 0.55919756 0.6041277  0.65779997 0.39264974 0.48719392  0.61411171 0.41776121 0.64446974 0.4825868 
0.87710681 0.5452092  0.7644892  0.30720728 0.43337528 0.31528806  0.66182238 0.50276896 0.69377552 0.61821851 0.33913304 0.36780686  0.58532965 0.40563599 0.55297553 0.43246853
0.88951269 0.50983868 0.757981   0.31165026 0.44937841 0.29170884  0.62436796 0.48825163 0.71870064 0.59115629 0.40183028 0.34325603  0.56528255 0.34371639 0.45895097 0.40541295
0.88070125 0.48126924 0.69490152 0.32236443 0.40643593 0.27346379  0.65465248 0.51565441 0.74355297 0.67642207 0.40918337 0.35160663  0.61538872 0.32075596 0.46344285 0.37709205
0.87163637 0.45122561 0.62386764 0.36343059 0.26971985 0.26931793  0.65204462 0.51215939 0.69949394 0.60743998 0.43604978 0.4097637  0.59892174 0.31820365 0.51189576 0.40672672
0.86868585 0.43869018 0.59802366 0.37912565 0.22272117 0.26039331  0.66296257 0.51370296 0.70793136 0.6123639  0.44083306 0.41522767  0.6117456  0.31877316 0.50586671 0.4271409 
0.86457204 0.42290834 0.56717233 0.38894762 0.20699363 0.26073153  0.66459195 0.5148165  0.69658991 0.60510202 0.47402806 0.4721642  0.63735338 0.29437385 0.52019104 0.45492104
0.84909408 0.39770991 0.48242756 0.39145818 0.18470619 0.28948153  0.63279998 0.54650428 0.6711758  0.66229481 0.51561865 0.54215315  0.64552525 0.29538993 0.4952535  0.42528998
0.84977111 0.34265691 0.40430511 0.37992775 0.19478149 0.29410533  0.57558457 0.5006003  0.66747126 0.72700417 0.53618967 0.59983792  0.67523    0.31246915 0.40928049 0.38227266
0.83824514 0.33312798 0.3522811  0.37066953 0.20891909 0.32498357  0.55738717 0.51803715 0.63387829 0.6964547  0.53705214 0.63072262  0.65479968 0.24936556 0.46351391 0.34678149
0.8506742  0.30016216 0.34065463 0.3740101  0.22841035 0.31969246  0.53200244 0.43366585 0.64981951 0.69880805 0.49411341 0.6378478  0.67803638 0.21554383 0.47447939 0.31837053
0.84878343 0.29641247 0.32860771 0.38112961 0.21251467 0.33248471  0.5142992  0.42386586 0.60885759 0.63421532 0.51059134 0.67535483  0.66459426 0.21343005 0.50906243 0.321932  
0.8566097  0.26689064 0.32700939 0.42743881 0.23280522 0.34803364  0.51168405 0.41766128 0.56936445 0.65006864 0.54740522 0.6264438  0.6596201  0.2385185  0.48620562 0.40399791
0.8566097  0.26689064 0.32700939 0.42743881 0.23280522 0.34803364  0.51168405 0.41766128 0.56936445 0.65006864 0.54740522 0.6264438  0.6596201  0.2385185  0.48620562 0.40399791
0.86381685 0.23872625 0.32422672 0.47454545 0.25644406 0.37368502  0.5139712  0.41966668 0.53559212 0.66503991 0.56146021 0.57498266  0.65387377 0.26534547 0.4827911  0.47170622
0.84851612 0.23497293 0.25783371 0.43955379 0.27509967 0.42162198  0.44585781 0.43201535 0.46023128 0.64431069 0.57491437 0.58799496  0.61954244 0.35332674 0.40998127 0.46531738
0.84851612 0.23497293 0.25783371 0.43955379 0.27509967 0.42162198  0.44585781 0.43201535 0.46023128 0.64431069 0.57491437 0.58799496  0.61954244 0.35332674 0.40998127 0.46531738
0.86388872 0.17501093 0.24439444 0.52759553 0.32703812 0.48532874  0.43208933 0.42621906 0.36771893 0.63298555 0.58905386 0.47812188  0.64937879 0.30873204 0.50484297 0.51248763
0.86388872 0.17501093 0.24439444 0.52759553 0.32703812 0.48532874  0.43208933 0.42621906 0.36771893 0.63298555 0.58905386 0.47812188  0.64937879 0.30873204 0.50484297 0.51248763
0.86388872 0.17501093 0.24439444 0.52759553 0.32703812 0.48532874  0.43208933 0.42621906 0.36771893 0.63298555 0.58905386 0.47812188  0.64937879 0.30873204 0.50484297 0.51248763
0.86388872 0.17501093 0.24439444 0.52759553 0.32703812 0.48532874  0.43208933 0.42621906 0.36771893 0.63298555 0.58905386 0.47812188  0.64937879 0.30873204 0.50484297 0.51248763
0.8670258  0.11847783 0.19723805 0.63015477 0.43315417 0.60561415  0.4963395  0.49584739 0.37980291 0.57351933 0.47250581 0.38603231  0.59445716 0.30963945 0.63260844 0.50547858
0.8670258  0.11847783 0.19723805 0.63015477 0.43315417 0.60561415  0.4963395  0.49584739 0.37980291 0.57351933 0.47250581 0.38603231  0.59445716 0.30963945 0.63260844 0.50547858
0.8670258  0.11847783 0.19723805 0.63015477 0.43315417 0.60561415  0.4963395  0.49584739 0.37980291 0.57351933 0.47250581 0.38603231  0.59445716 0.30963945 0.63260844 0.50547858
0.8670258  0.11847783 0.19723805 0.63015477 0.43315417 0.60561415  0.4963395  0.49584739 0.37980291 0.57351933 0.47250581 0.38603231  0.59445716 0.30963945 0.63260844 0.50547858
0.8670258  0.11847783 0.19723805 0.63015477 0.43315417 0.60561415  0.4963395  0.49584739 0.37980291 0.57351933 0.47250581 0.38603231  0.59445716 0.30963945 0.63260844 0.50547858
0.86957041 0.10687807 0.19516025 0.66241004 0.45203567 0.6316836  0.52884258 0.52216474 0.40570713 0.55109847 0.43234104 0.41069736  0.5701884  0.33891675 0.61819521 0.45204367
0.86957041 0.10687807 0.19516025 0.66241004 0.45203567 0.6316836  0.52884258 0.52216474 0.40570713 0.55109847 0.43234104 0.41069736  0.5701884  0.33891675 0.61819521 0.45204367
0.86957041 0.10687807 0.19516025 0.66241004 0.45203567 0.6316836  0.52884258 0.52216474 0.40570713 0.55109847 0.43234104 0.41069736  0.5701884  0.33891675 0.61819521 0.45204367
0.86957041 0.10687807 0.19516025 0.66241004 0.45203567 0.6316836  0.52884258 0.52216474 0.40570713 0.55109847 0.43234104 0.41069736  0.5701884  0.33891675 0.61819521 0.45204367
0.8574745  0.11489105 0.1628141  0.63244423 0.47544142 0.63626764  0.53532306 0.53728276 0.45562841 0.54660849 0.40813821 0.39336757  0.50687644 0.31769419 0.61415544 0.53096287
0.8574745  0.11489105 0.1628141  0.63244423 0.47544142 0.63626764  0.53532306 0.53728276 0.45562841 0.54660849 0.40813821 0.39336757  0.50687644 0.31769419 0.61415544 0.53096287
0.86957041 0.10687807 0.19516025 0.66241004 0.45203567 0.6316836  0.52884258 0.52216474 0.40570713 0.55109847 0.43234104 0.41069736  0.5701884  0.33891675 0.61819521 0.45204367
0.86957041 0.10687807 0.19516025 0.66241004 0.45203567 0.6316836  0.52884258 0.52216474 0.40570713 0.55109847 0.43234104 0.41069736  0.5701884  0.33891675 0.61819521 0.45204367
0.86957041 0.10687807 0.19516025 0.66241004 0.45203567 0.6316836  0.52884258 0.52216474 0.40570713 0.55109847 0.43234104 0.41069736  0.5701884  0.33891675 0.61819521 0.45204367
0.87140812 0.09811743 0.19447443 0.68927052 0.46475096 0.6510342  0.55824585 0.5479646  0.43309093 0.53294149 0.40175972 0.44616885  0.54499553 0.36471553 0.58529327 0.40563243
0.87379207 0.086947   0.19414473 0.72284747 0.47784122 0.67171512  0.59152233 0.57414547 0.45785449 0.51635697 0.37820805 0.48344675  0.53010271 0.38331278 0.56013154 0.36905723
0.87379207 0.086947   0.19414473 0.72284747 0.47784122 0.67171512  0.59152233 0.57414547 0.45785449 0.51635697 0.37820805 0.48344675  0.53010271 0.38331278 0.56013154 0.36905723
0.86169617 0.09495998 0.16179858 0.69288166 0.50124696 0.67629916  0.59800281 0.58926348 0.50777577 0.51186699 0.35400523 0.46611696  0.46679076 0.36209022 0.55609177 0.44797643
0.85761997 0.10548583 0.15169192 0.66556517 0.49828673 0.6957634  0.55174851 0.58610069 0.42679006 0.47106591 0.34259438 0.44731116  0.44404985 0.43598172 0.5849525  0.37674579
0.85761997 0.10548583 0.15169192 0.66556517 0.49828673 0.6957634  0.55174851 0.58610069 0.42679006 0.47106591 0.34259438 0.44731116  0.44404985 0.43598172 0.5849525  0.37674579
0.85438839 0.11785175 0.14784618 0.63003826 0.49366775 0.69504408  0.51195141 0.57702699 0.37847117 0.45991632 0.33077833 0.41288107  0.41808275 0.48756183 0.60286989 0.33186593
0.83130461 0.16902759 0.11342101 0.53320898 0.52164248 0.71984303  0.47097714 0.5411203  0.39581518 0.37242278 0.21066516 0.3151746  0.43642439 0.41259728 0.66119543 0.32253675
0.81975853 0.18308042 0.0848586  0.50494426 0.54206757 0.74461963  0.45777488 0.53688988 0.43071472 0.31880795 0.17232378 0.29447141  0.41644836 0.40369539 0.60121579 0.3910644 
0.81792082 0.19184106 0.08554442 0.47808378 0.52935228 0.72526902  0.42837162 0.51109002 0.40333093 0.33696493 0.2029051  0.25899991  0.44164123 0.37789661 0.63411773 0.43747564
0.81792082 0.19184106 0.08554442 0.47808378 0.52935228 0.72526902  0.42837162 0.51109002 0.40333093 0.33696493 0.2029051  0.25899991  0.44164123 0.37789661 0.63411773 0.43747564
0.79464263 0.23472791 0.06400266 0.42395352 0.53313523 0.69279396  0.47575619 0.50700616 0.49338272 0.30237128 0.20839415 0.30286082  0.45253888 0.36056949 0.71299793 0.42368899
0.73580381 0.34071901 0.03567997 0.38483397 0.53699592 0.62558652  0.54289984 0.34053513 0.56946877 0.25083148 0.33463785 0.33417689  0.60670706 0.39360303 0.71643967 0.37035479
0.69557435 0.41128612 0.02118923 0.34329967 0.52879824 0.5399394  0.55201561 0.20466437 0.58142888 0.27734422 0.49358536 0.31144165  0.67526721 0.43010099 0.68064632 0.43801995
0.68796296 0.4411437  0.02730166 0.29870298 0.5036183  0.51027852  0.5588707  0.20471405 0.63036014 0.28282486 0.47945289 0.36543398  0.66239699 0.45233136 0.6417165  0.41088921
0.6159308  0.54791385 0.03244488 0.34706553 0.49134681 0.45191876  0.61219317 0.09727774 0.61463283 0.35075369 0.4299616  0.45312508  0.55273438 0.55958144 0.64818942 0.34919492
0.56461015 0.65022443 0.05206702 0.3703495  0.43509738 0.46190354  0.61687141 0.10425447 0.54761352 0.44176461 0.40265705 0.51503856  0.4715825  0.51194599 0.66702481 0.38891857
0.47326863 0.6233979  0.06795904 0.44329469 0.48634181 0.29690394  0.61137621 0.11001078 0.42055021 0.43396603 0.31400281 0.5223618  0.37039141 0.48445534 0.61686198 0.33084259
0.44536359 0.68845444 0.0830764  0.46847856 0.46007771 0.33401416  0.654747   0.23376912 0.35027259 0.4446318  0.38069585 0.49814401  0.33643408 0.43525544 0.60794355 0.35265369
0.34421265 0.67103328 0.13666582 0.45211589 0.44614021 0.29690711  0.71690648 0.42211025 0.24311283 0.40314325 0.44269328 0.45653921  0.3500069  0.39363536 0.50621162 0.38467497
0.25080051 0.59124391 0.17701487 0.46544276 0.4669348  0.19940758  0.67747426 0.45983635 0.16310105 0.40166159 0.25022513 0.48981933  0.49251699 0.36259336 0.42334971 0.48015389
0.19702943 0.55189153 0.20996872 0.46608029 0.44332763 0.24915054  0.65478031 0.42923938 0.16034715 0.41417384 0.24173593 0.49338735  0.42925116 0.30875976 0.33097173 0.48045945
0.14355037 0.5229741  0.24644129 0.4935869  0.41436966 0.30365141  0.54467914 0.44998359 0.25076917 0.41181624 0.23968257 0.49066789  0.47174686 0.2996688  0.3125306  0.49611039
0.14355037 0.5229741  0.24644129 0.4935869  0.41436966 0.30365141  0.54467914 0.44998359 0.25076917 0.41181624 0.23968257 0.49066789  0.47174686 0.2996688  0.3125306  0.49611039
0.07102051 0.46648761 0.29681783 0.49538875 0.38534053 0.36816237  0.42637893 0.52216562 0.40838993 0.37342912 0.31490181 0.45582256  0.6405316  0.37092096 0.3395245  0.50760399
0.07102051 0.46648761 0.29681783 0.49538875 0.38534053 0.36816237  0.42637893 0.52216562 0.40838993 0.37342912 0.31490181 0.45582256  0.6405316  0.37092096 0.3395245  0.50760399
0.05336775 0.43914143 0.31083182 0.46832666 0.37416152 0.39938838  0.45143619 0.50292086 0.40448693 0.37548598 0.33684065 0.45259001  0.60541605 0.3574237  0.32371238 0.49045415
0.01779563 0.38669558 0.33863985 0.42004769 0.35385851 0.46460162  0.48109267 0.47190843 0.43452283 0.38595027 0.3992976  0.44733029  0.52908455 0.38078184 0.39373238 0.44873962
0.00039479 0.36283831 0.35232302 0.39930133 0.34523319 0.50234819  0.48417291 0.45702496 0.47508945 0.39693445 0.45000532 0.44589633  0.47476172 0.42761975 0.50206904 0.41641874
0.00039479 0.36283831 0.35232302 0.39930133 0.34523319 0.50234819  0.48417291 0.45702496 0.47508945 0.39693445 0.45000532 0.44589633  0.47476172 0.42761975 0.50206904 0.41641874
0.00039479 0.36283831 0.35232302 0.39930133 0.34523319 0.50234819  0.48417291 0.45702496 0.47508945 0.39693445 0.45000532 0.44589633  0.47476172 0.42761975 0.50206904 0.41641874
0.00039479 0.36283831 0.35232302 0.39930133 0.34523319 0.50234819  0.48417291 0.45702496 0.47508945 0.39693445 0.45000532 0.44589633  0.47476172 0.42761975 0.50206904 0.41641874
0.00039479 0.36283831 0.35232302 0.39930133 0.34523319 0.50234819  0.48417291 0.45702496 0.47508945 0.39693445 0.45000532 0.44589633  0.47476172 0.42761975 0.50206904 0.41641874
0.00039479 0.36283831 0.35232302 0.39930133 0.34523319 0.50234819  0.48417291 0.45702496 0.47508945 0.39693445 0.45000532 0.44589633  0.47476172 0.42761975 0.50206904 0.41641874
0.00039479 0.36283831 0.35232302 0.39930133 0.34523319 0.50234819  0.48417291 0.45702496 0.47508945 0.39693445 0.45000532 0.44589633  0.47476172 0.42761975 0.50206904 0.41641874
0.00039479 0.36283831 0.35232302 0.39930133 0.34523319 0.50234819  0.48417291 0.45702496 0.47508945 0.39693445 0.45000532 0.44589633  0.47476172 0.42761975 0.50206904 0.41641874
0.00039479 0.36283831 0.35232302 0.39930133 0.34523319 0.50234819  0.48417291 0.45702496 0.47508945 0.39693445 0.45000532 0.44589633  0.47476172 0.42761975 0.50206904 0.41641874
0.00039479 0.36283831 0.35232302 0.39930133 0.34523319 0.50234819  0.48417291 0.45702496 0.47508945 0.39693445 0.45000532 0.44589633  0.47476172 0.42761975 0.50206904 0.41641874
0.00039479 0.36283831 0.35232302 0.39930133 0.34523319 0.50234819  0.48417291 0.45702496 0.47508945 0.39693445 0.45000532 0.44589633  0.47476172 0.42761975 0.50206904 0.41641874
0.00039479 0.36283831 0.35232302 0.39930133 0.34523319 0.50234819  0.48417291 0.45702496 0.47508945 0.39693445 0.45000532 0.44589633  0.47476172 0.42761975 0.50206904 0.41641874
0.00039479 0.36283831 0.35232302 0.39930133 0.34523319 0.50234819  0.48417291 0.45702496 0.47508945 0.39693445 0.45000532 0.44589633  0.47476172 0.42761975 0.50206904 0.41641874
0.00039479 0.36283831 0.35232302 0.39930133 0.34523319 0.50234819  0.48417291 0.45702496 0.47508945 0.39693445 0.45000532 0.44589633  0.47476172 0.42761975 0.50206904 0.41641874
0.00039479 0.36283831 0.35232302 0.39930133 0.34523319 0.50234819  0.48417291 0.45702496 0.47508945 0.39693445 0.45000532 0.44589633  0.47476172 0.42761975 0.50206904 0.41641874
0.00039479 0.36283831 0.35232302 0.39930133 0.34523319 0.50234819  0.48417291 0.45702496 0.47508945 0.39693445 0.45000532 0.44589633  0.47476172 0.42761975 0.50206904 0.41641874
0.00039479 0.36283831 0.35232302 0.39930133 0.34523319 0.50234819  0.48417291 0.45702496 0.47508945 0.39693445 0.45000532 0.44589633  0.47476172 0.42761975 0.50206904 0.41641874
0.00039479 0.36283831 0.35232302 0.39930133 0.34523319 0.50234819  0.48417291 0.45702496 0.47508945 0.39693445 0.45000532 0.44589633  0.47476172 0.42761975 0.50206904 0.41641874
