0.00039479 0.36283831 0.35232302 0.39930133 0.34523319 0.50234819  0.48417291 0.45702496 0.47508945 0.39693445 0.45000532 0.44589633  0.47476172 0.42761975 0.50206904 0.41641874
0.00039479 0.36283831 0.35232302 0.39930133 0.34523319 0.50234819  0.48417291 0.45702496 0.47508945 0.39693445 0.45000532 0.44589633  0.47476172 0.42761975 0.50206904 0.41641874
0.00039479 0.36283831 0.35232302 0.39930133 0.34523319 0.50234819  0.48417291 0.45702496 0.47508945 0.39693445 0.45000532 0.44589633  0.47476172 0.42761975 0.50206904 0.41641874
0.00039479 0.36283831 0.35232302 0.39930133 0.34523319 0.50234819  0.48417291 0.45702496 0.47508945 0.39693445 0.45000532 0.44589633  0.47476172 0.42761975 0.50206904 0.41641874
0.00039479 0.36283831 0.35232302 0.39930133 0.34523319 0.50234819  0.48417291 0.45702496 0.47508945 0.39693445 0.45000532 0.44589633  0.47476172 0.42761975 0.50206904 0.41641874
0.00039479 0.36283831 0.35232302 0.39930133 0.34523319 0.50234819  0.48417291 0.45702496 0.47508945 0.39693445 0.45000532 0.44589633  0.47476172 0.42761975 0.50206904 0.41641874
0.00039479 0.36283831 0.35232302 0.39930133 0.34523319 0.50234819  0.48417291 0.45702496 0.47508945 0.39693445 0.45000532 0.44589633  0.47476172 0.42761975 0.50206904 0.41641874
0.00039479 0.36283831 0.35232302 0.39930133 0.34523319 0.50234819  0.48417291 0.45702496 0.47508945 0.39693445 0.45000532 0.44589633  0.47476172 0.42761975 0.50206904 0.41641874
0.00039479 0.36283831 0.35232302 0.39930133 0.34523319 0.50234819  0.48417291 0.45702496 0.47508945 0.39693445 0.45000532 0.44589633  0.47476172 0.42761975 0.50206904 0.41641874
0.00039479 0.36283831 0.35232302 0.39930133 0.34523319 0.50234819  0.48417291 0.45702496 0.47508945 0.39693445 0.45000532 0.44589633  0.47476172 0.42761975 0.50206904 0.41641874
0.00039479 0.36283831 0.35232302 0.39930133 0.34523319 0.50234819  0.48417291 0.45702496 0.47508945 0.39693445 0.45000532 0.44589633  0.47476172 0.42761975 0.50206904 0.41641874
0.00039479 0.36283831 0.35232302 0.39930133 0.34523319 0.50234819  0.48417291 0.45702496 0.47508945 0.39693445 0.45000532 0.44589633  0.47476172 0.42761975 0.50206904 0.41641874
0.00039479 0.36283831 0.35232302 0.39930133 0.34523319 0.50234819  0.48417291 0.45702496 0.47508945 0.39693445 0.45000532 0.44589633  0.47476172 0.42761975 0.50206904 0.41641874
0.00039479 0.36283831 0.35232302 0.39930133 0.34523319 0.50234819  0.48417291 0.45702496 0.47508945 0.39693445 0.45000532 0.44589633  0.47476172 0.42761975 0.50206904 0.41641874
0.00039479 0.36283831 0.35232302 0.39930133 0.34523319 0.50234819  0.48417291 0.45702496 0.47508945 0.39693445 0.45000532 0.44589633  0.47476172 0.42761975 0.50206904 0.41641874
0.00039479 0.36283831 0.35232302 0.39930133 0.34523319 0.50234819  0.48417291 0.45702496 0.47508945 0.39693445 0.45000532 0.44589633  0.47476172 0.42761975 0.50206904 0.41641874
0.00039479 0.36283831 0.35232302 0.39930133 0.34523319 0.50234819  0.48417291 0.45702496 0.47508945 0.39693445 0.45000532 0.44589633  0.47476172 0.42761975 0.50206904 0.41641874
0.00039479 0.36283831 0.35232302 0.39930133 0.34523319 0.50234819  0.48417291 0.45702496 0.47508945 0.39693445 0.45000532 0.44589633  0.47476172 0.42761975 0.50206904 0.41641874
0.00039479 0.36283831 0.35232302 0.39930133 0.34523319 0.50234819  0.48417291 0.45702496 0.47508945 0.39693445 0.45000532 0.44589633  0.47476172 0.42761975 0.50206904 0.41641874
0.00039479 0.36283831 0.35232302 0.39930133 0.34523319 0.50234819  0.48417291 0.45702496 0.47508945 0.39693445 0.45000532 0.44589633  0.47476172 0.42761975 0.50206904 0.41641874
0.00039479 0.36283831 0.35232302 0.39930133 0.34523319 0.50234819  0.48417291 0.45702496 0.47508945 0.39693445 0.45000532 0.44589633  0.47476172 0.42761975 0.50206904 0.41641874
0.00039479 0.36283831 0.35232302 0.39930133 0.34523319 0.50234819  0.48417291 0.45702496 0.47508945 0.39693445 0.45000532 0.44589633  0.47476172 0.42761975 0.50206904 0.41641874
0.00039479 0.36283831 0.35232302 0.39930133 0.34523319 0.50234819  0.48417291 0.45702496 0.47508945 0.39693445 0.45000532 0.44589633  0.47476172 0.42761975 0.50206904 0.41641874
0.00039479 0.36283831 0.35232302 0.39930133 0.34523319 0.50234819  0.48417291 0.45702496 0.47508945 0.39693445 0.45000532 0.44589633  0.47476172 0.42761975 0.50206904 0.41641874
0.00039479 0.36283831 0.35232302 0.39930133 0.34523319 0.50234819  0.48417291 0.45702496 0.47508945 0.39693445 0.45000532 0.44589633  0.47476172 0.42761975 0.50206904 0.41641874
0.00039479 0.36283831 0.35232302 0.39930133 0.34523319 0.50234819  0.48417291 0.45702496 0.47508945 0.39693445 0.45000532 0.44589633  0.47476172 0.42761975 0.50206904 0.41641874
0.00039479 0.36283831 0.35232302 0.39930133 0.34523319 0.50234819  0.48417291 0.45702496 0.47508945 0.39693445 0.45000532 0.44589633  0.47476172 0.42761975 0.50206904 0.41641874
0.00039479 0.36283831 0.35232302 0.39930133 0.34523319 0.50234819  0.48417291 0.45702496 0.47508945 0.39693445 0.45000532 0.44589633  0.47476172 0.42761975 0.50206904 0.41641874
0.00039479 0.36283831 0.35232302 0.39930133 0.34523319 0.50234819  0.48417291 0.45702496 0.47508945 0.39693445 0.45000532 0.44589633  0.47476172 0.42761975 0.50206904 0.41641874
0.00039479 0.36283831 0.35232302 0.39930133 0.34523319 0.50234819  0.48417291 0.45702496 0.47508945 0.39693445 0.45000532 0.44589633  0.47476172 0.42761975 0.50206904 0.41641874
0.00039479 0.36283831 0.35232302 0.39930133 0.34523319 0.50234819  0.48417291 0.45702496 0.47508945 0.39693445 0.45000532 0.44589633  0.47476172 0.42761975 0.50206904 0.41641874
0.00039479 0.36283831 0.35232302 0.39930133 0.34523319 0.50234819  0.48417291 0.45702496 0.47508945 0.39693445 0.45000532 0.44589633  0.47476172 0.42761975 0.50206904 0.41641874
0.00039479 0.36283831 0.35232302 0.39930133 0.34523319 0.50234819  0.48417291 0.45702496 0.47508945 0.39693445 0.45000532 0.44589633  0.47476172 0.42761975 0.50206904 0.41641874
0.00039479 0.36283831 0.35232302 0.39930133 0.34523319 0.50234819  0.48417291 0.45702496 0.47508945 0.39693445 0.45000532 0.44589633  0.47476172 0.42761975 0.50206904 0.41641874
0.00039479 0.36283831 0.35232302 0.39930133 0.34523319 0.50234819  0.48417291 0.45702496 0.47508945 0.39693445 0.45000532 0.44589633  0.47476172 0.42761975 0.50206904 0.41641874
0.00039479 0.36283831 0.35232302 0.39930133 0.34523319 0.50234819  0.48417291 0.45702496 0.47508945 0.39693445 0.45000532 0.44589633  0.47476172 0.42761975 0.50206904 0.41641874
0.00039479 0.36283831 0.35232302 0.39930133 0.34523319 0.50234819  0.48417291 0.45702496 0.47508945 0.39693445 0.45000532 0.44589633  0.47476172 0.42761975 0.50206904 0.41641874
0.00039479 0.36283831 0.35232302 0.39930133 0.34523319 0.50234819  0.48417291 0.45702496 0.47508945 0.39693445 0.45000532 0.44589633  0.47476172 0.42761975 0.50206904 0.41641874
0.00039479 0.36283831 0.35232302 0.39930133 0.34523319 0.50234819  0.48417291 0.45702496 0.47508945 0.39693445 0.45000532 0.44589633  0.47476172 0.42761975 0.50206904 0.41641874
0.00039479 0.36283831 0.35232302 0.39930133 0.34523319 0.50234819  0.48417291 0.45702496 0.47508945 0.39693445 0.45000532 0.44589633  0.47476172 0.42761975 0.50206904 0.41641874
0.00039479 0.36283831 0.35232302 0.39930133 0.34523319 0.50234819  0.48417291 0.45702496 0.47508945 0.39693445 0.45000532 0.44589633  0.47476172 0.42761975 0.50206904 0.41641874
0.00039479 0.36283831 0.35232302 0.39930133 0.34523319 0.50234819  0.48417291 0.45702496 0.47508945 0.39693445 0.45000532 0.44589633  0.47476172 0.42761975 0.50206904 0.41641874
0.00039479 0.36283831 0.35232302 0.39930133 0.34523319 0.50234819  0.48417291 0.45702496 0.47508945 0.39693445 0.45000532 0.44589633  0.47476172 0.42761975 0.50206904 0.41641874
0.00039479 0.36283831 0.35232302 0.39930133 0.34523319 0.50234819  0.48417291 0.45702496 0.47508945 0.39693445 0.45000532 0.44589633  0.47476172 0.42761975 0.50206904 0.41641874
0.00039479 0.36283831 0.35232302 0.39930133 0.34523319 0.50234819  0.48417291 0.45702496 0.47508945 0.39693445 0.45000532 0.44589633  0.47476172 0.42761975 0.50206904 0.41641874
0.00039479 0.36283831 0.35232302 0.39930133 0.34523319 0.50234819  0.48417291 0.45702496 0.47508945 0.39693445 0.45000532 0.44589633  0.47476172 0.42761975 0.50206904 0.41641874
0.00039479 0.36283831 0.35232302 0.39930133 0.34523319 0.50234819  0.48417291 0.45702496 0.47508945 0.39693445 0.45000532 0.44589633  0.47476172 0.42761975 0.50206904 0.41641874
0.00039479 0.36283831 0.35232302 0.39930133 0.34523319 0.50234819  0.48417291 0.45702496 0.47508945 0.39693445 0.45000532 0.44589633  0.47476172 0.42761975 0.50206904 0.41641874
0.00039479 0.36283831 0.35232302 0.39930133 0.34523319 0.50234819  0.48417291 0.45702496 0.47508945 0.39693445 0.45000532 0.44589633  0.47476172 0.42761975 0.50206904 0.41641874
0.00039479 0.36283831 0.35232302 0.39930133 0.34523319 0.50234819  0.48417291 0.45702496 0.47508945 0.39693445 0.45000532 0.44589633  0.47476172 0.42761975 0.50206904 0.41641874
0.00039479 0.36283831 0.35232302 0.39930133 0.34523319 0.50234819  0.48417291 0.45702496 0.47508945 0.39693445 0.45000532 0.44589633  0.47476172 0.42761975 0.50206904 0.41641874
0.00039479 0.36283831 0.35232302 0.39930133 0.34523319 0.50234819  0.48417291 0.45702496 0.47508945 0.39693445 0.45000532 0.44589633  0.47476172 0.42761975 0.50206904 0.41641874
0.00039479 0.36283831 0.35232302 0.39930133 0.34523319 0.50234819  0.48417291 0.45702496 0.47508945 0.39693445 0.45000532 0.44589633  0.47476172 0.42761975 0.50206904 0.41641874
0.00039479 0.36283831 0.35232302 0.39930133 0.34523319 0.50234819  0.48417291 0.45702496 0.47508945 0.39693445 0.45000532 0.44589633  0.47476172 0.42761975 0.50206904 0.41641874
0.00039479 0.36283831 0.35232302 0.39930133 0.34523319 0.50234819  0.48417291 0.45702496 0.47508945 0.39693445 0.45000532 0.44589633  0.47476172 0.42761975 0.50206904 0.41641874
0.00039479 0.36283831 0.35232302 0.39930133 0.34523319 0.50234819  0.48417291 0.45702496 0.47508945 0.39693445 0.45000532 0.44589633  0.47476172 0.42761975 0.50206904 0.41641874
0.10793881 0.51863437 0.27377262 0.53488104 0.39348752 0.38155058  0.35682026 0.53749899 0.55193062 0.39144577 0.4384961  0.4497866  0.54021842 0.53931845 0.69220829 0.42490542
0.17942973 0.62032927 0.21894842 0.62384907 0.42876678 0.25692863  0.31361816 0.59421834 0.47465091 0.36125043 0.32139782 0.45373928  0.68833577 0.45784531 0.4789263  0.48600364
0.45897988 0.82090494 0.12868243 0.53369618 0.30899141 0.66975993  0.45636899 0.40061998 0.56590799 0.43330554 0.60340142 0.42570883  0.39612583 0.34770569 0.37657972 0.40835261
0.51101079 0.79536864 0.10407608 0.43385692 0.33361595 0.61793718  0.61944634 0.40478017 0.43235385 0.45635594 0.52487306 0.45612846  0.42308987 0.35243259 0.42836156 0.47959798
0.56373801 0.76289804 0.11013779 0.33064719 0.31548645 0.65501247  0.67572625 0.48609806 0.39733796 0.42202891 0.49159284 0.4413738  0.59212615 0.40824933 0.44406205 0.49205933
0.56373801 0.76289804 0.11013779 0.33064719 0.31548645 0.65501247  0.67572625 0.48609806 0.39733796 0.42202891 0.49159284 0.4413738  0.59212615 0.40824933 0.44406205 0.49205933
0.56373801 0.76289804 0.11013779 0.33064719 0.31548645 0.65501247  0.67572625 0.48609806 0.39733796 0.42202891 0.49159284 0.4413738  0.59212615 0.40824933 0.44406205 0.49205933
0.56373801 0.76289804 0.11013779 0.33064719 0.31548645 0.65501247  0.67572625 0.48609806 0.39733796 0.42202891 0.49159284 0.4413738  0.59212615 0.40824933 0.44406205 0.49205933
0.51122529 0.79950986 0.09455724 0.43195576 0.3493868  0.5994669  0.66683861 0.34610602 0.416032   0.46732754 0.53386627 0.462384  0.40329739 0.37544479 0.47961754 0.45658068
0.51122529 0.79950986 0.09455724 0.43195576 0.3493868  0.5994669  0.66683861 0.34610602 0.416032   0.46732754 0.53386627 0.462384  0.40329739 0.37544479 0.47961754 0.45658068
0.49362571 0.81124581 0.1016175  0.47514645 0.3390896  0.61266162  0.60791633 0.33866394 0.42945969 0.47868133 0.51729227 0.46887136  0.35637887 0.33670351 0.41965302 0.46160683
0.476184   0.81808372 0.11473078 0.51013595 0.32306887 0.63945974  0.52985071 0.36039565 0.48121269 0.46570131 0.52960427 0.45729399  0.36358119 0.32448577 0.38797662 0.45114741
0.44040188 0.82034229 0.13390782 0.56752468 0.31175412 0.65393346  0.39916614 0.40180063 0.59057552 0.45478735 0.55829857 0.44628621  0.39278733 0.34402745 0.40483746 0.43352958
0.45769011 0.81091681 0.14822078 0.55104837 0.28538645 0.69569411  0.36274502 0.43109521 0.57012433 0.46118968 0.48009098 0.45561706  0.43482895 0.33072119 0.35071193 0.43893896
0.49049094 0.78721431 0.18516541 0.54175865 0.23509275 0.75254475  0.28310577 0.46767083 0.49922095 0.48177286 0.35571143 0.46790342  0.47484512 0.30685605 0.25092183 0.37032862
0.48095389 0.78395668 0.23199805 0.57909286 0.21053918 0.7380397  0.22444659 0.45953724 0.53483344 0.46222541 0.33685248 0.4943922  0.58447675 0.37693521 0.26243548 0.43260898
0.49193739 0.77313555 0.34490764 0.64651908 0.15413333 0.73202133  0.15373805 0.43811793 0.51590422 0.40926519 0.4283473  0.53839704  0.75329305 0.50978    0.27550205 0.39510454
0.51569063 0.78535397 0.44991699 0.70150227 0.11344214 0.68593649  0.20355969 0.36859952 0.52753695 0.25856338 0.43512605 0.5487436  0.81750869 0.40866912 0.43190123 0.43905112
0.51569063 0.78535397 0.44991699 0.70150227 0.11344214 0.68593649  0.20355969 0.36859952 0.52753695 0.25856338 0.43512605 0.5487436  0.81750869 0.40866912 0.43190123 0.43905112
0.54320571 0.80274036 0.5710969  0.72414684 0.11645157 0.63178774  0.24856437 0.37256001 0.58087049 0.33323284 0.38799126 0.44946713  0.73255324 0.40237493 0.46503168 0.38884175
0.55475179 0.78868753 0.59965931 0.75241155 0.09602648 0.60701114  0.26176662 0.37679044 0.54597095 0.38684767 0.42633264 0.47017032  0.75252927 0.41127681 0.52501132 0.32031409
0.55873691 0.80077571 0.6272045  0.74777843 0.11622737 0.6115285  0.25399677 0.36710668 0.53715351 0.33166615 0.41658188 0.46305916  0.71607495 0.39498779 0.55233529 0.33682461
0.55873691 0.80077571 0.6272045  0.74777843 0.11622737 0.6115285  0.25399677 0.36710668 0.53715351 0.33166615 0.41658188 0.46305916  0.71607495 0.39498779 0.55233529 0.33682461
0.55873691 0.80077571 0.6272045  0.74777843 0.11622737 0.6115285  0.25399677 0.36710668 0.53715351 0.33166615 0.41658188 0.46305916  0.71607495 0.39498779 0.55233529 0.33682461
0.55873691 0.80077571 0.6272045  0.74777843 0.11622737 0.6115285  0.25399677 0.36710668 0.53715351 0.33166615 0.41658188 0.46305916  0.71607495 0.39498779 0.55233529 0.33682461
0.55873691 0.80077571 0.6272045  0.74777843 0.11622737 0.6115285  0.25399677 0.36710668 0.53715351 0.33166615 0.41658188 0.46305916  0.71607495 0.39498779 0.55233529 0.33682461
0.55873691 0.80077571 0.6272045  0.74777843 0.11622737 0.6115285  0.25399677 0.36710668 0.53715351 0.33166615 0.41658188 0.46305916  0.71607495 0.39498779 0.55233529 0.33682461
0.55462311 0.78499387 0.59635317 0.7576004  0.10049983 0.61186671  0.25562615 0.36822022 0.52581206 0.32440426 0.44977688 0.51999569  0.74168272 0.37058848 0.56665961 0.36460475
0.55462311 0.78499387 0.59635317 0.7576004  0.10049983 0.61186671  0.25562615 0.36822022 0.52581206 0.32440426 0.44977688 0.51999569  0.74168272 0.37058848 0.56665961 0.36460475
0.55462311 0.78499387 0.59635317 0.7576004  0.10049983 0.61186671  0.25562615 0.36822022 0.52581206 0.32440426 0.44977688 0.51999569  0.74168272 0.37058848 0.56665961 0.36460475
0.55462311 0.78499387 0.59635317 0.7576004  0.10049983 0.61186671  0.25562615 0.36822022 0.52581206 0.32440426 0.44977688 0.51999569  0.74168272 0.37058848 0.56665961 0.36460475
0.55462311 0.78499387 0.59635317 0.7576004  0.10049983 0.61186671  0.25562615 0.36822022 0.52581206 0.32440426 0.44977688 0.51999569  0.74168272 0.37058848 0.56665961 0.36460475
0.55462311 0.78499387 0.59635317 0.7576004  0.10049983 0.61186671  0.25562615 0.36822022 0.52581206 0.32440426 0.44977688 0.51999569  0.74168272 0.37058848 0.56665961 0.36460475
0.55462311 0.78499387 0.59635317 0.7576004  0.10049983 0.61186671  0.25562615 0.36822022 0.52581206 0.32440426 0.44977688 0.51999569  0.74168272 0.37058848 0.56665961 0.36460475
0.57330784 0.79374407 0.58679483 0.73803193 0.10169982 0.61564781  0.3143307  0.34857876 0.48053601 0.31607777 0.48518761 0.5078548  0.66850034 0.34516569 0.52466049 0.31989397
0.60618696 0.79304723 0.54237845 0.7001343  0.08345776 0.61367664  0.43253522 0.32542758 0.39151991 0.35917727 0.51292306 0.50226405  0.61783695 0.32313877 0.4304651  0.25870589
0.60618696 0.79304723 0.54237845 0.7001343  0.08345776 0.61367664  0.43253522 0.32542758 0.39151991 0.35917727 0.51292306 0.50226405  0.61783695 0.32313877 0.4304651  0.25870589
0.60618696 0.79304723 0.54237845 0.7001343  0.08345776 0.61367664  0.43253522 0.32542758 0.39151991 0.35917727 0.51292306 0.50226405  0.61783695 0.32313877 0.4304651  0.25870589
0.57699204 0.7784305  0.41762243 0.66568373 0.09410246 0.66675143  0.39705562 0.34387829 0.35650915 0.3601877  0.52775725 0.54431825  0.70845886 0.33893124 0.38761525 0.2239724 
0.55071224 0.78057809 0.31976524 0.60722077 0.1358302  0.71643135  0.36068067 0.39302378 0.39028763 0.44895324 0.49291509 0.52302606  0.67072032 0.39978078 0.21672504 0.23339145
0.51979097 0.7763801  0.2035599  0.54816423 0.22576445 0.71766051  0.35010702 0.41232848 0.36460437 0.51865861 0.3061171  0.51681837  0.50561244 0.30485869 0.2663585  0.33420422
0.44040188 0.82034229 0.13390782 0.56752468 0.31175412 0.65393346  0.39916614 0.40180063 0.59057552 0.45478735 0.55829857 0.44628621  0.39278733 0.34402745 0.40483746 0.43352958
0.25497667 0.67423172 0.20705817 0.59917024 0.36037425 0.50217669  0.30825225 0.44687671 0.5950904  0.48361689 0.4004164  0.49463966  0.44069144 0.4162461  0.59792302 0.52458486
0.25497667 0.67423172 0.20705817 0.59917024 0.36037425 0.50217669  0.30825225 0.44687671 0.5950904  0.48361689 0.4004164  0.49463966  0.44069144 0.4162461  0.59792302 0.52458486
0.1803063  0.58832053 0.24893123 0.56682335 0.36028762 0.47895663  0.31130894 0.46251027 0.54771074 0.49621531 0.26924465 0.52309287  0.53147628 0.42667836 0.6337842  0.60951862
0.07122011 0.46627534 0.29841124 0.49337556 0.38080775 0.39336383  0.41127003 0.5180593  0.46413927 0.3872952  0.36410375 0.45636008  0.58405497 0.42746984 0.47944806 0.48397387
0.00039479 0.36283831 0.35232302 0.39930133 0.34523319 0.50234819  0.48417291 0.45702496 0.47508945 0.39693445 0.45000532 0.44589633  0.47476172 0.42761975 0.50206904 0.41641874
0.00039479 0.36283831 0.35232302 0.39930133 0.34523319 0.50234819  0.48417291 0.45702496 0.47508945 0.39693445 0.45000532 0.44589633  0.47476172 0.42761975 0.50206904 0.41641874
0.00039479 0.36283831 0.35232302 0.39930133 0.34523319 0.50234819  0.48417291 0.45702496 0.47508945 0.39693445 0.45000532 0.44589633  0.47476172 0.42761975 0.50206904 0.41641874
0.00039479 0.36283831 0.35232302 0.39930133 0.34523319 0.50234819  0.48417291 0.45702496 0.47508945 0.39693445 0.45000532 0.44589633  0.47476172 0.42761975 0.50206904 0.41641874
0.00039479 0.36283831 0.35232302 0.39930133 0.34523319 0.50234819  0.48417291 0.45702496 0.47508945 0.39693445 0.45000532 0.44589633  0.47476172 0.42761975 0.50206904 0.41641874
0.00039479 0.36283831 0.35232302 0.39930133 0.34523319 0.50234819  0.48417291 0.45702496 0.47508945 0.39693445 0.45000532 0.44589633  0.47476172 0.42761975 0.50206904 0.41641874
0.00039479 0.36283831 0.35232302 0.39930133 0.34523319 0.50234819  0.48417291 0.45702496 0.47508945 0.39693445 0.45000532 0.44589633  0.47476172 0.42761975 0.50206904 0.41641874
0.00039479 0.36283831 0.35232302 0.39930133 0.34523319 0.50234819  0.48417291 0.45702496 0.47508945 0.39693445 0.45000532 0.44589633  0.47476172 0.42761975 0.50206904 0.41641874
0.00039479 0.36283831 0.35232302 0.39930133 0.34523319 0.50234819  0.48417291 0.45702496 0.47508945 0.39693445 0.45000532 0.44589633  0.47476172 0.42761975 0.50206904 0.41641874
0.00039479 0.36283831 0.35232302 0.39930133 0.34523319 0.50234819  0.48417291 0.45702496 0.47508945 0.39693445 0.45000532 0.44589633  0.47476172 0.42761975 0.50206904 0.41641874
0.00039479 0.36283831 0.35232302 0.39930133 0.34523319 0.50234819  0.48417291 0.45702496 0.47508945 0.39693445 0.45000532 0.44589633  0.47476172 0.42761975 0.50206904 0.41641874
0.00039479 0.36283831 0.35232302 0.39930133 0.34523319 0.50234819  0.48417291 0.45702496 0.47508945 0.39693445 0.45000532 0.44589633  0.47476172 0.42761975 0.50206904 0.41641874
0.00039479 0.36283831 0.35232302 0.39930133 0.34523319 0.50234819  0.48417291 0.45702496 0.47508945 0.39693445 0.45000532 0.44589633  0.47476172 0.42761975 0.50206904 0.41641874
0.00039479 0.36283831 0.35232302 0.39930133 0.34523319 0.50234819  0.48417291 0.45702496 0.47508945 0.39693445 0.45000532 0.44589633  0.47476172 0.42761975 0.50206904 0.41641874
0.00039479 0.36283831 0.35232302 0.39930133 0.34523319 0.50234819  0.48417291 0.45702496 0.47508945 0.39693445 0.45000532 0.44589633  0.47476172 0.42761975 0.50206904 0.41641874
0.00039479 0.36283831 0.35232302 0.39930133 0.34523319 0.50234819  0.48417291 0.45702496 0.47508945 0.39693445 0.45000532 0.44589633  0.47476172 0.42761975 0.50206904 0.41641874
0.00039479 0.36283831 0.35232302 0.39930133 0.34523319 0.50234819  0.48417291 0.45702496 0.47508945 0.39693445 0.45000532 0.44589633  0.47476172 0.42761975 0.50206904 0.41641874
0.00039479 0.36283831 0.35232302 0.39930133 0.34523319 0.50234819  0.48417291 0.45702496 0.47508945 0.39693445 0.45000532 0.44589633  0.47476172 0.42761975 0.50206904 0.41641874
0.00039479 0.36283831 0.35232302 0.39930133 0.34523319 0.50234819  0.48417291 0.45702496 0.47508945 0.39693445 0.45000532 0.44589633  0.47476172 0.42761975 0.50206904 0.41641874
0.00039479 0.36283831 0.35232302 0.39930133 0.34523319 0.50234819  0.48417291 0.45702496 0.47508945 0.39693445 0.45000532 0.44589633  0.47476172 0.42761975 0.50206904 0.41641874
