0.00039479 0.36283831 0.35232302 0.39930133 0.34523319 0.50234819  0.48417291 0.45702496 0.47508945 0.39693445 0.45000532 0.44589633  0.47476172 0.42761975 0.50206904 0.41641874
0.00039479 0.36283831 0.35232302 0.39930133 0.34523319 0.50234819  0.48417291 0.45702496 0.47508945 0.39693445 0.45000532 0.44589633  0.47476172 0.42761975 0.50206904 0.41641874
0.00039479 0.36283831 0.35232302 0.39930133 0.34523319 0.50234819  0.48417291 0.45702496 0.47508945 0.39693445 0.45000532 0.44589633  0.47476172 0.42761975 0.50206904 0.41641874
0.00039479 0.36283831 0.35232302 0.39930133 0.34523319 0.50234819  0.48417291 0.45702496 0.47508945 0.39693445 0.45000532 0.44589633  0.47476172 0.42761975 0.50206904 0.41641874
0.00039479 0.36283831 0.35232302 0.39930133 0.34523319 0.50234819  0.48417291 0.45702496 0.47508945 0.39693445 0.45000532 0.44589633  0.47476172 0.42761975 0.50206904 0.41641874
0.00039479 0.36283831 0.35232302 0.39930133 0.34523319 0.50234819  0.48417291 0.45702496 0.47508945 0.39693445 0.45000532 0.44589633  0.47476172 0.42761975 0.50206904 0.41641874
0.00039479 0.36283831 0.35232302 0.39930133 0.34523319 0.50234819  0.48417291 0.45702496 0.47508945 0.39693445 0.45000532 0.44589633  0.47476172 0.42761975 0.50206904 0.41641874
0.00039479 0.36283831 0.35232302 0.39930133 0.34523319 0.50234819  0.48417291 0.45702496 0.47508945 0.39693445 0.45000532 0.44589633  0.47476172 0.42761975 0.50206904 0.41641874
0.00039479 0.36283831 0.35232302 0.39930133 0.34523319 0.50234819  0.48417291 0.45702496 0.47508945 0.39693445 0.45000532 0.44589633  0.47476172 0.42761975 0.50206904 0.41641874
0.00039479 0.36283831 0.35232302 0.39930133 0.34523319 0.50234819  0.48417291 0.45702496 0.47508945 0.39693445 0.45000532 0.44589633  0.47476172 0.42761975 0.50206904 0.41641874
0.00039479 0.36283831 0.35232302 0.39930133 0.34523319 0.50234819  0.48417291 0.45702496 0.47508945 0.39693445 0.45000532 0.44589633  0.47476172 0.42761975 0.50206904 0.41641874
0.00039479 0.36283831 0.35232302 0.39930133 0.34523319 0.50234819  0.48417291 0.45702496 0.47508945 0.39693445 0.45000532 0.44589633  0.47476172 0.42761975 0.50206904 0.41641874
0.00039479 0.36283831 0.35232302 0.39930133 0.34523319 0.50234819  0.48417291 0.45702496 0.47508945 0.39693445 0.45000532 0.44589633  0.47476172 0.42761975 0.50206904 0.41641874
0.00039479 0.36283831 0.35232302 0.39930133 0.34523319 0.50234819  0.48417291 0.45702496 0.47508945 0.39693445 0.45000532 0.44589633  0.47476172 0.42761975 0.50206904 0.41641874
0.00039479 0.36283831 0.35232302 0.39930133 0.34523319 0.50234819  0.48417291 0.45702496 0.47508945 0.39693445 0.45000532 0.44589633  0.47476172 0.42761975 0.50206904 0.41641874
0.00039479 0.36283831 0.35232302 0.39930133 0.34523319 0.50234819  0.48417291 0.45702496 0.47508945 0.39693445 0.45000532 0.44589633  0.47476172 0.42761975 0.50206904 0.41641874
0.00039479 0.36283831 0.35232302 0.39930133 0.34523319 0.50234819  0.48417291 0.45702496 0.47508945 0.39693445 0.45000532 0.44589633  0.47476172 0.42761975 0.50206904 0.41641874
0.00039479 0.36283831 0.35232302 0.39930133 0.34523319 0.50234819  0.48417291 0.45702496 0.47508945 0.39693445 0.45000532 0.44589633  0.47476172 0.42761975 0.50206904 0.41641874
0.00039479 0.36283831 0.35232302 0.39930133 0.34523319 0.50234819  0.48417291 0.45702496 0.47508945 0.39693445 0.45000532 0.44589633  0.47476172 0.42761975 0.50206904 0.41641874
0.00039479 0.36283831 0.35232302 0.39930133 0.34523319 0.50234819  0.48417291 0.45702496 0.47508945 0.39693445 0.45000532 0.44589633  0.47476172 0.42761975 0.50206904 0.41641874
0.00039479 0.36283831 0.35232302 0.39930133 0.34523319 0.50234819  0.48417291 0.45702496 0.47508945 0.39693445 0.45000532 0.44589633  0.47476172 0.42761975 0.50206904 0.41641874
0.00039479 0.36283831 0.35232302 0.39930133 0.34523319 0.50234819  0.48417291 0.45702496 0.47508945 0.39693445 0.45000532 0.44589633  0.47476172 0.42761975 0.50206904 0.41641874
0.00039479 0.36283831 0.35232302 0.39930133 0.34523319 0.50234819  0.48417291 0.45702496 0.47508945 0.39693445 0.45000532 0.44589633  0.47476172 0.42761975 0.50206904 0.41641874
0.00039479 0.36283831 0.35232302 0.39930133 0.34523319 0.50234819  0.48417291 0.45702496 0.47508945 0.39693445 0.45000532 0.44589633  0.47476172 0.42761975 0.50206904 0.41641874
0.00039479 0.36283831 0.35232302 0.39930133 0.34523319 0.50234819  0.48417291 0.45702496 0.47508945 0.39693445 0.45000532 0.44589633  0.47476172 0.42761975 0.50206904 0.41641874
0.00039479 0.36283831 0.35232302 0.39930133 0.34523319 0.50234819  0.48417291 0.45702496 0.47508945 0.39693445 0.45000532 0.44589633  0.47476172 0.42761975 0.50206904 0.41641874
0.00039479 0.36283831 0.35232302 0.39930133 0.34523319 0.50234819  0.48417291 0.45702496 0.47508945 0.39693445 0.45000532 0.44589633  0.47476172 0.42761975 0.50206904 0.41641874
0.00039479 0.36283831 0.35232302 0.39930133 0.34523319 0.50234819  0.48417291 0.45702496 0.47508945 0.39693445 0.45000532 0.44589633  0.47476172 0.42761975 0.50206904 0.41641874
0.00039479 0.36283831 0.35232302 0.39930133 0.34523319 0.50234819  0.48417291 0.45702496 0.47508945 0.39693445 0.45000532 0.44589633  0.47476172 0.42761975 0.50206904 0.41641874
0.00039479 0.36283831 0.35232302 0.39930133 0.34523319 0.50234819  0.48417291 0.45702496 0.47508945 0.39693445 0.45000532 0.44589633  0.47476172 0.42761975 0.50206904 0.41641874
0.00039479 0.36283831 0.35232302 0.39930133 0.34523319 0.50234819  0.48417291 0.45702496 0.47508945 0.39693445 0.45000532 0.44589633  0.47476172 0.42761975 0.50206904 0.41641874
0.00039479 0.36283831 0.35232302 0.39930133 0.34523319 0.50234819  0.48417291 0.45702496 0.47508945 0.39693445 0.45000532 0.44589633  0.47476172 0.42761975 0.50206904 0.41641874
0.00039479 0.36283831 0.35232302 0.39930133 0.34523319 0.50234819  0.48417291 0.45702496 0.47508945 0.39693445 0.45000532 0.44589633  0.47476172 0.42761975 0.50206904 0.41641874
0.00039479 0.36283831 0.35232302 0.39930133 0.34523319 0.50234819  0.48417291 0.45702496 0.47508945 0.39693445 0.45000532 0.44589633  0.47476172 0.42761975 0.50206904 0.41641874
0.00039479 0.36283831 0.35232302 0.39930133 0.34523319 0.50234819  0.48417291 0.45702496 0.47508945 0.39693445 0.45000532 0.44589633  0.47476172 0.42761975 0.50206904 0.41641874
0.00039479 0.36283831 0.35232302 0.39930133 0.34523319 0.50234819  0.48417291 0.45702496 0.47508945 0.39693445 0.45000532 0.44589633  0.47476172 0.42761975 0.50206904 0.41641874
0.00039479 0.36283831 0.35232302 0.39930133 0.34523319 0.50234819  0.48417291 0.45702496 0.47508945 0.39693445 0.45000532 0.44589633  0.47476172 0.42761975 0.50206904 0.41641874
0.00039479 0.36283831 0.35232302 0.39930133 0.34523319 0.50234819  0.48417291 0.45702496 0.47508945 0.39693445 0.45000532 0.44589633  0.47476172 0.42761975 0.50206904 0.41641874
0.00039479 0.36283831 0.35232302 0.39930133 0.34523319 0.50234819  0.48417291 0.45702496 0.47508945 0.39693445 0.45000532 0.44589633  0.47476172 0.42761975 0.50206904 0.41641874
0.00039479 0.36283831 0.35232302 0.39930133 0.34523319 0.50234819  0.48417291 0.45702496 0.47508945 0.39693445 0.45000532 0.44589633  0.47476172 0.42761975 0.50206904 0.41641874
0.00039479 0.36283831 0.35232302 0.39930133 0.34523319 0.50234819  0.48417291 0.45702496 0.47508945 0.39693445 0.45000532 0.44589633  0.47476172 0.42761975 0.50206904 0.41641874
0.00039479 0.36283831 0.35232302 0.39930133 0.34523319 0.50234819  0.48417291 0.45702496 0.47508945 0.39693445 0.45000532 0.44589633  0.47476172 0.42761975 0.50206904 0.41641874
0.00039479 0.36283831 0.35232302 0.39930133 0.34523319 0.50234819  0.48417291 0.45702496 0.47508945 0.39693445 0.45000532 0.44589633  0.47476172 0.42761975 0.50206904 0.41641874
0.00039479 0.36283831 0.35232302 0.39930133 0.34523319 0.50234819  0.48417291 0.45702496 0.47508945 0.39693445 0.45000532 0.44589633  0.47476172 0.42761975 0.50206904 0.41641874
0.00039479 0.36283831 0.35232302 0.39930133 0.34523319 0.50234819  0.48417291 0.45702496 0.47508945 0.39693445 0.45000532 0.44589633  0.47476172 0.42761975 0.50206904 0.41641874
0.14531212 0.46688738 0.32734154 0.41277657 0.26618651 0.70914196  0.35419085 0.45320993 0.55401822 0.48556864 0.2837546  0.50092312  0.62365256 0.40476004 0.477682   0.59244979
0.57990249 0.57234455 0.26100742 0.32736244 0.16593533 0.67889478  0.26502473 0.84436327 0.43356373 0.49814959 0.36183127 0.49976678  0.39589366 0.21534963 0.46306078 0.4414476 
0.69210362 0.55588836 0.27329958 0.26178878 0.15487017 0.58306147  0.52932875 0.78529089 0.22116506 0.58120054 0.45353549 0.5636042  0.45824291 0.34155348 0.62338186 0.32820204
0.77732017 0.40823643 0.24803678 0.30504334 0.20580593 0.44034651  0.47218182 0.67893635 0.42520875 0.56112666 0.62093646 0.61381155  0.48957473 0.34349337 0.41932581 0.37603224
0.80895772 0.33363796 0.24149502 0.31283158 0.23508477 0.39029683  0.47805102 0.53570385 0.5674768  0.60664277 0.54278141 0.66391216  0.54371427 0.31401049 0.42124736 0.42287332
0.8334827  0.29265916 0.2622147  0.34613796 0.23117028 0.38042167  0.44618581 0.43621453 0.53349675 0.6134861  0.5240455  0.68836713  0.63026293 0.30141132 0.43625261 0.31554316
0.84109409 0.26280157 0.25610226 0.39073465 0.25635021 0.41008255  0.43933072 0.43616484 0.48456548 0.60800546 0.53817797 0.63437479  0.64313315 0.27918094 0.47518243 0.3426739 
0.87290824 0.17532411 0.28010901 0.55238048 0.30764959 0.46414722  0.45873828 0.41007657 0.3782306  0.62466412 0.59933183 0.48787944  0.69583192 0.27737259 0.55033157 0.4973256 
0.88833713 0.18425683 0.34806175 0.58035293 0.28502894 0.42666782  0.50024808 0.38609534 0.43341621 0.62584083 0.59215147 0.47945748  0.72015938 0.26540716 0.54716733 0.53644604
0.8932385  0.16290688 0.34412872 0.62706543 0.30965095 0.46339965  0.52239546 0.40859691 0.41894146 0.61246595 0.5725804  0.46287841  0.7221105  0.27749189 0.58867075 0.52051883
0.88409082 0.1574143  0.30685443 0.60929968 0.33300453 0.4741236  0.52235009 0.43637197 0.42860501 0.6403399  0.55602862 0.44853051  0.68566125 0.2328355  0.61915622 0.50294924
0.87780961 0.15397416 0.27617598 0.59909297 0.3322716  0.50087905  0.48088566 0.43257814 0.36375585 0.61128924 0.57976076 0.47130037  0.69778304 0.28945731 0.591835   0.48139839
0.87780961 0.15397416 0.27617598 0.59909297 0.3322716  0.50087905  0.48088566 0.43257814 0.36375585 0.61128924 0.57976076 0.47130037  0.69778304 0.28945731 0.591835   0.48139839
0.88350356 0.13049672 0.26994012 0.64408186 0.36199745 0.54056482  0.49823522 0.44419812 0.34700912 0.59559232 0.55091499 0.43595999  0.70442323 0.29421403 0.65683375 0.46606664
0.87040783 0.14070939 0.2241189  0.59198042 0.37842575 0.58121058  0.42533197 0.45717782 0.25551174 0.56311267 0.52922617 0.40739662  0.63522921 0.39946499 0.64020588 0.40999803
0.87432978 0.12401204 0.22162161 0.6296124  0.39984196 0.60962805  0.45024341 0.47825376 0.26362457 0.55308583 0.50216319 0.40149128  0.61803862 0.43825797 0.63648722 0.39899938
0.87109821 0.13637797 0.21777586 0.59408549 0.39522298 0.60890872  0.41044631 0.46918006 0.21530569 0.54193625 0.49034714 0.36706119  0.59207151 0.48983808 0.65440461 0.35411952
0.87109821 0.13637797 0.21777586 0.59408549 0.39522298 0.60890872  0.41044631 0.46918006 0.21530569 0.54193625 0.49034714 0.36706119  0.59207151 0.48983808 0.65440461 0.35411952
0.86717626 0.15307531 0.22027315 0.55645352 0.37380676 0.58049126  0.38553488 0.44810412 0.20719286 0.55196308 0.51741012 0.37296653  0.6092621  0.4510451  0.65812328 0.36511818
0.85010213 0.18154439 0.1920188  0.4846905  0.3744329  0.55625583  0.3680271  0.45091497 0.25913221 0.54729241 0.50518766 0.37404214  0.55629954 0.39156137 0.61810647 0.41569849
0.85658094 0.1979027  0.23044204 0.46475213 0.31945891 0.50407366  0.34603793 0.41398257 0.23841434 0.58103488 0.56582696 0.42488599  0.60067078 0.43420366 0.5516211  0.39637713
0.85658094 0.1979027  0.23044204 0.46475213 0.31945891 0.50407366  0.34603793 0.41398257 0.23841434 0.58103488 0.56582696 0.42488599  0.60067078 0.43420366 0.5516211  0.39637713
0.85658094 0.1979027  0.23044204 0.46475213 0.31945891 0.50407366  0.34603793 0.41398257 0.23841434 0.58103488 0.56582696 0.42488599  0.60067078 0.43420366 0.5516211  0.39637713
0.82921429 0.25811144 0.19496296 0.35623322 0.33585952 0.5145465  0.3392183  0.42452587 0.31732368 0.51173436 0.4121633  0.41322182  0.52872526 0.38508978 0.57646257 0.32223075
0.78548636 0.32492756 0.11372766 0.22845341 0.38276825 0.53065775  0.34522863 0.43537146 0.4930477  0.40980957 0.3044102  0.40203274  0.44467291 0.33757959 0.45088574 0.48599792
0.77045293 0.38261378 0.11810865 0.13503757 0.33883886 0.48945744  0.34555663 0.43957064 0.56631317 0.37898498 0.25354133 0.50240491  0.4553934  0.28566417 0.47715708 0.3362237 
0.75804705 0.41798431 0.12461685 0.13059459 0.32283573 0.51303666  0.38301105 0.45408797 0.54138804 0.4060472  0.19084409 0.52695574  0.47544049 0.34758377 0.57118164 0.36327928
0.74259513 0.43134932 0.10147678 0.12277353 0.34690923 0.49611053  0.42778048 0.44379952 0.59194669 0.38730686 0.23314702 0.52190563  0.48136398 0.35534509 0.62720503 0.43155854
0.72951914 0.46669373 0.10875725 0.12545181 0.32838676 0.52159159  0.46294952 0.49046353 0.5536294  0.40933504 0.21042107 0.53576805  0.48675003 0.39245896 0.70131912 0.46683025
0.71967093 0.52099502 0.1532082  0.13076093 0.26648521 0.55751601  0.47625283 0.66187709 0.4558594  0.43102097 0.23310094 0.53171735  0.44344248 0.44838812 0.66382713 0.45831389
0.71967093 0.52099502 0.1532082  0.13076093 0.26648521 0.55751601  0.47625283 0.66187709 0.4558594  0.43102097 0.23310094 0.53171735  0.44344248 0.44838812 0.66382713 0.45831389
0.71967093 0.52099502 0.1532082  0.13076093 0.26648521 0.55751601  0.47625283 0.66187709 0.4558594  0.43102097 0.23310094 0.53171735  0.44344248 0.44838812 0.66382713 0.45831389
0.75469311 0.49393757 0.24860696 0.21576557 0.1923024  0.51270502  0.48313282 0.63655866 0.33584595 0.50949337 0.33671338 0.6040151  0.57305283 0.53323958 0.70286459 0.27561848
0.83524312 0.61511356 0.68724279 0.1917643  0.45294315 0.43192029  0.55218314 0.55368593 0.46077638 0.5997431  0.24446608 0.38104949  0.59516779 0.59319886 0.65593853 0.17462861
0.83098932 0.59976126 0.654935   0.19509298 0.40819945 0.39307337  0.60160713 0.59155292 0.53599247 0.73724384 0.2043663  0.29566421  0.5970553  0.5951388  0.62849195 0.15033816
0.85313519 0.51647731 0.60414952 0.21065916 0.40396619 0.35832718  0.56116234 0.43373984 0.59632329 0.74622821 0.14562566 0.31573891  0.65476102 0.52428363 0.61502698 0.11337491
0.8409477  0.48801438 0.52307913 0.23086578 0.30441784 0.35294621  0.56655149 0.45976868 0.59578744 0.78027203 0.14934681 0.31903896  0.62733966 0.55405587 0.57637726 0.1396414 
0.79077234 0.43086454 0.2800786  0.20899563 0.24954437 0.41779231  0.50304156 0.5202722  0.53472408 0.70378909 0.23510529 0.51931349  0.51622455 0.45201578 0.65490919 0.29432592
0.78022207 0.41963835 0.22260352 0.21441596 0.22369978 0.4774943  0.42572185 0.49634017 0.38565647 0.55172228 0.29272961 0.62482298  0.53092316 0.48807661 0.68591896 0.25841494
0.74497106 0.45332872 0.13189733 0.13327288 0.30431326 0.53851772  0.4181801  0.50075198 0.50307075 0.42807538 0.16811814 0.54081816  0.48082654 0.38469764 0.64529573 0.39855099
0.71481644 0.49307996 0.09631979 0.12825407 0.3450387  0.53617585  0.49845024 0.449      0.58042891 0.38609797 0.23191715 0.52869951  0.60494917 0.45561787 0.66422429 0.48769129
0.71481644 0.49307996 0.09631979 0.12825407 0.3450387  0.53617585  0.49845024 0.449      0.58042891 0.38609797 0.23191715 0.52869951  0.60494917 0.45561787 0.66422429 0.48769129
0.68366309 0.54567752 0.08277055 0.17491726 0.36002047 0.56729231  0.54976705 0.31560378 0.58664961 0.36170185 0.26258424 0.51163546  0.75220509 0.53956235 0.59103227 0.47358705
0.63561378 0.61337764 0.07220883 0.24652883 0.37595194 0.57741949  0.62053126 0.24629421 0.53729916 0.39741244 0.32890635 0.49537626  0.72849875 0.52618955 0.60340506 0.45709588
0.60087978 0.6395923  0.05594569 0.30492914 0.4076458  0.53221942  0.64387106 0.15389081 0.55474973 0.41789498 0.40340217 0.50088291  0.6158481  0.52656429 0.63846324 0.4394358 
0.55337863 0.70681584 0.0705338  0.39224145 0.3847872  0.55389448  0.62307399 0.14508871 0.50099291 0.47432804 0.37875675 0.5210705  0.46359533 0.49496907 0.58927746 0.44467294
0.54094956 0.73978166 0.08216027 0.38890088 0.36529594 0.55918559  0.64845872 0.22946001 0.48505169 0.47197469 0.42169548 0.51394532  0.44035864 0.5287908  0.57831199 0.4730839 
0.50748535 0.76946066 0.08252357 0.43513376 0.38276117 0.52078212  0.66592059 0.27140944 0.43777099 0.47183556 0.49395271 0.48826066  0.35635921 0.46548558 0.57831976 0.42510395
0.45268339 0.76307213 0.08979264 0.50172985 0.41260614 0.40693946  0.61749785 0.30835012 0.39623687 0.44524703 0.46928121 0.48284432  0.28933564 0.44513295 0.54214115 0.36749965
0.4190961  0.78594906 0.09731725 0.54198473 0.42438664 0.36823846  0.61217763 0.38716247 0.34998388 0.44014661 0.51130932 0.46095869  0.23456838 0.38721613 0.52727773 0.34660798
0.4190961  0.78594906 0.09731725 0.54198473 0.42438664 0.36823846  0.61217763 0.38716247 0.34998388 0.44014661 0.51130932 0.46095869  0.23456838 0.38721613 0.52727773 0.34660798
0.45630139 0.80157215 0.0980754  0.51469056 0.38281276 0.49444844  0.60822129 0.33936496 0.39297573 0.47597134 0.50092787 0.47594578  0.27232204 0.36783261 0.50650509 0.40978468
0.47519548 0.81056876 0.09654784 0.49702408 0.36448215 0.55085511  0.61469541 0.33360884 0.42118648 0.47317538 0.54490054 0.46542886  0.29218941 0.35246694 0.45807609 0.42316772
0.5261554  0.77056448 0.0934625  0.41290408 0.34501238 0.60429272  0.63399796 0.31360369 0.45833489 0.45931972 0.47812384 0.48059238  0.45370629 0.4413626  0.48979367 0.48064733
0.54118938 0.74020843 0.08802954 0.38854883 0.3529397  0.58088968  0.62331518 0.26659917 0.49734238 0.4539529  0.43347487 0.50283453  0.47351626 0.52043125 0.52820898 0.49018817
0.60767606 0.65920188 0.07480033 0.23907581 0.37440424 0.52379441  0.69283633 0.36461821 0.55701828 0.37460493 0.48103675 0.48392667  0.64499663 0.65559472 0.64612161 0.51599154
0.62502497 0.64886439 0.08860489 0.22196503 0.34818404 0.56371892  0.65796651 0.39090538 0.53667355 0.37644778 0.39896013 0.49116292  0.69093629 0.63949091 0.60235489 0.51566047
0.68951631 0.56074627 0.11763066 0.12574211 0.30721065 0.55517413  0.55652297 0.61012512 0.53321756 0.38904356 0.29689995 0.51959869  0.56756511 0.51930834 0.68275568 0.54745419
0.75760537 0.37125839 0.10221406 0.21729177 0.38735049 0.51902273  0.41538279 0.50945432 0.52766513 0.38871587 0.38965187 0.38985745  0.4273597  0.37916264 0.49594365 0.58268815
0.80173305 0.29358431 0.13888395 0.29218963 0.37434805 0.53827873  0.36432135 0.46223601 0.45383842 0.44944722 0.32254909 0.42516425  0.41128055 0.41612263 0.45279261 0.43863944
0.83063599 0.26872574 0.21774976 0.37387759 0.30941393 0.48742106  0.37804144 0.42396733 0.41419678 0.49635443 0.47863207 0.50516865  0.50680511 0.53212327 0.35853585 0.50322467
0.86596336 0.27236314 0.34732285 0.43079558 0.26353641 0.44502116  0.38912091 0.3795077  0.33499941 0.46150623 0.51290861 0.50348677  0.52148058 0.59665919 0.40148705 0.43614561
0.90248991 0.3078399  0.52861169 0.47765597 0.24852166 0.35168837  0.49692964 0.32300778 0.46607928 0.40554038 0.44534596 0.38889433  0.53194772 0.48177301 0.54713517 0.49178449
0.9139644  0.35208597 0.62358361 0.43258868 0.39805924 0.37554272  0.47783486 0.323032   0.47635643 0.42237897 0.41880467 0.33672549  0.49870231 0.48065765 0.53378789 0.45192567
0.92686703 0.36993342 0.69912637 0.43245748 0.48411472 0.35672819  0.52310461 0.32476746 0.58104921 0.46766735 0.39920355 0.30544913  0.48560715 0.3920214  0.50369714 0.51569117
0.92497625 0.36618374 0.68707945 0.43957699 0.46821904 0.36952045  0.50540137 0.31496747 0.54008728 0.40307462 0.41568148 0.34295616  0.47216504 0.38990762 0.53828018 0.51925264
0.92202572 0.35364831 0.66123546 0.45527205 0.42122035 0.36059583  0.51631932 0.31651104 0.5485247  0.40799853 0.42046476 0.34842013  0.4849889  0.39047713 0.53225113 0.53966681
0.90153533 0.38505179 0.63521008 0.42924811 0.37856797 0.38083383  0.50321959 0.40740331 0.46041521 0.42002562 0.4617434  0.32960031  0.47546562 0.51447938 0.52282241 0.48033662
0.89947784 0.37736778 0.61821249 0.44381545 0.33547632 0.38121995  0.49986357 0.4046897  0.44017731 0.37048251 0.47527518 0.36435714  0.44961495 0.49496316 0.5566714  0.51047778
0.89408847 0.38593103 0.60420662 0.41978478 0.26606088 0.33805131  0.49076332 0.37848271 0.45337079 0.38997633 0.47369598 0.32809369  0.47455583 0.47014469 0.54932994 0.5007742 
0.8837606  0.35346671 0.52798573 0.44519095 0.1983982  0.34871631  0.47925091 0.37596493 0.39876871 0.35479045 0.53276192 0.43290709  0.54192055 0.45835456 0.56363631 0.51327252
0.87336558 0.33424472 0.46645596 0.44480621 0.18193774 0.37580997  0.43941585 0.37328465 0.32257809 0.31847791 0.58968907 0.51261349  0.57965011 0.49057706 0.55063941 0.51950181
0.84622598 0.35771001 0.40366938 0.41016499 0.18723728 0.42429251  0.45369757 0.44117789 0.2965319  0.4879205  0.53049104 0.53657533  0.58193469 0.62224808 0.53375341 0.48744878
0.84622598 0.35771001 0.40366938 0.41016499 0.18723728 0.42429251  0.45369757 0.44117789 0.2965319  0.4879205  0.53049104 0.53657533  0.58193469 0.62224808 0.53375341 0.48744878
0.83720646 0.35739683 0.36795481 0.38538005 0.20662581 0.44547403  0.42704862 0.45732039 0.28602023 0.49624194 0.52021307 0.52681777  0.53548156 0.65360754 0.48826481 0.50261081
0.84961234 0.32202631 0.36144661 0.38982302 0.22262894 0.42189481  0.38959421 0.44280306 0.31094535 0.46917972 0.58291032 0.50226693  0.51543447 0.59168794 0.39424024 0.47555523
0.86596688 0.32670252 0.43001446 0.43025999 0.19006164 0.38788233  0.42587677 0.39962608 0.31206845 0.37717864 0.59689464 0.51971571  0.56418338 0.52370326 0.50867129 0.50021617
0.87747939 0.35002657 0.49730729 0.43498424 0.19766528 0.37547175  0.43778647 0.3721711  0.33391954 0.32573979 0.55649407 0.45567695  0.55404234 0.51497637 0.53631509 0.49172166
0.88613889 0.35750307 0.54273545 0.43668342 0.20761418 0.32856202  0.49740294 0.38630314 0.44202522 0.41321386 0.51534767 0.38767449  0.52590161 0.47680176 0.53988836 0.53119411
0.88613889 0.35750307 0.54273545 0.43668342 0.20761418 0.32856202  0.49740294 0.38630314 0.44202522 0.41321386 0.51534767 0.38767449  0.52590161 0.47680176 0.53988836 0.53119411
0.89408847 0.38593103 0.60420662 0.41978478 0.26606088 0.33805131  0.49076332 0.37848271 0.45337079 0.38997633 0.47369598 0.32809369  0.47455583 0.47014469 0.54932994 0.5007742 
0.88168259 0.42130155 0.61071482 0.4153418  0.25005775 0.36163053  0.52821774 0.39300004 0.42844566 0.41703855 0.41099874 0.35264452  0.49460292 0.5320643  0.64335451 0.52782977
0.88168259 0.42130155 0.61071482 0.4153418  0.25005775 0.36163053  0.52821774 0.39300004 0.42844566 0.41703855 0.41099874 0.35264452  0.49460292 0.5320643  0.64335451 0.52782977
0.89408847 0.38593103 0.60420662 0.41978478 0.26606088 0.33805131  0.49076332 0.37848271 0.45337079 0.38997633 0.47369598 0.32809369  0.47455583 0.47014469 0.54932994 0.5007742 
0.89093422 0.37031338 0.574732   0.43283901 0.22399957 0.32230341  0.50839127 0.38179474 0.46649026 0.40190629 0.47993815 0.33906757  0.49487749 0.46298    0.55439637 0.52357385
0.88613889 0.35750307 0.54273545 0.43668342 0.20761418 0.32856202  0.49740294 0.38630314 0.44202522 0.41321386 0.51534767 0.38767449  0.52590161 0.47680176 0.53988836 0.53119411
0.90248991 0.3078399  0.52861169 0.47765597 0.24852166 0.35168837  0.49692964 0.32300778 0.46607928 0.40554038 0.44534596 0.38889433  0.53194772 0.48177301 0.54713517 0.49178449
0.89599781 0.2880217  0.48301065 0.49598547 0.22357814 0.37218088  0.48040699 0.31378312 0.41148131 0.33985508 0.49595521 0.49106347  0.57357443 0.4389265  0.58520745 0.50164305
0.8897166  0.28458156 0.4523322  0.48577876 0.22284522 0.39893632  0.43894255 0.30998929 0.34663214 0.31080442 0.51968736 0.51383333  0.58569622 0.49554831 0.55788622 0.48009219
0.8897166  0.28458156 0.4523322  0.48577876 0.22284522 0.39893632  0.43894255 0.30998929 0.34663214 0.31080442 0.51968736 0.51383333  0.58569622 0.49554831 0.55788622 0.48009219
0.88231789 0.27703935 0.41589071 0.47123254 0.23096911 0.41100868  0.42540348 0.33633071 0.3361225  0.36950516 0.52689293 0.52093554  0.57022948 0.52867451 0.51591809 0.46080655
0.87642615 0.26434831 0.38165361 0.47452911 0.2350892  0.42478367  0.40989132 0.346378   0.32351772 0.39404016 0.55426621 0.56093613  0.60756776 0.50916407 0.53238139 0.43760148
0.89179874 0.20438631 0.36821434 0.56257085 0.28702765 0.48849043  0.39612284 0.34058172 0.23100537 0.38271503 0.56840569 0.45106305  0.63740411 0.46456938 0.62724308 0.48477172
0.89325563 0.19758684 0.36888541 0.58575586 0.29469133 0.50019663  0.4233181  0.35770411 0.25778884 0.36561975 0.54941799 0.48416126  0.61758104 0.4875374  0.59284959 0.46613051
0.90016205 0.16834722 0.36269125 0.64976386 0.33244574 0.5519577  0.46339521 0.38693713 0.26496188 0.33519172 0.49837362 0.47708917  0.60050818 0.51784509 0.62428086 0.42396172
0.90506342 0.14699727 0.35875823 0.69647635 0.35706775 0.58868953  0.48554259 0.4094387  0.25048712 0.32181684 0.47880255 0.4605101  0.6024593  0.52992982 0.66578428 0.4080345 
0.89926978 0.1339851  0.32433078 0.69449232 0.35499435 0.58795379  0.49669704 0.43296345 0.25746846 0.39023484 0.47969694 0.46022437  0.63373354 0.51502879 0.6703892  0.35087178
0.89447938 0.1180223  0.28939969 0.71109557 0.38705461 0.62685419  0.51956651 0.48631529 0.29276126 0.45149361 0.43582583 0.47719821  0.607169   0.58093131 0.58703354 0.25761391
0.89447938 0.1180223  0.28939969 0.71109557 0.38705461 0.62685419  0.51956651 0.48631529 0.29276126 0.45149361 0.43582583 0.47719821  0.607169   0.58093131 0.58703354 0.25761391
0.89447938 0.1180223  0.28939969 0.71109557 0.38705461 0.62685419  0.51956651 0.48631529 0.29276126 0.45149361 0.43582583 0.47719821  0.607169   0.58093131 0.58703354 0.25761391
0.88545986 0.11770912 0.25368513 0.68631062 0.40644315 0.64803571  0.49291756 0.50245779 0.28224959 0.45981505 0.42554786 0.46744065  0.56071588 0.61229076 0.54154494 0.27277593
0.88545986 0.11770912 0.25368513 0.68631062 0.40644315 0.64803571  0.49291756 0.50245779 0.28224959 0.45981505 0.42554786 0.46744065  0.56071588 0.61229076 0.54154494 0.27277593
0.88545986 0.11770912 0.25368513 0.68631062 0.40644315 0.64803571  0.49291756 0.50245779 0.28224959 0.45981505 0.42554786 0.46744065  0.56071588 0.61229076 0.54154494 0.27277593
0.88545986 0.11770912 0.25368513 0.68631062 0.40644315 0.64803571  0.49291756 0.50245779 0.28224959 0.45981505 0.42554786 0.46744065  0.56071588 0.61229076 0.54154494 0.27277593
0.88545986 0.11770912 0.25368513 0.68631062 0.40644315 0.64803571  0.49291756 0.50245779 0.28224959 0.45981505 0.42554786 0.46744065  0.56071588 0.61229076 0.54154494 0.27277593
0.88545986 0.11770912 0.25368513 0.68631062 0.40644315 0.64803571  0.49291756 0.50245779 0.28224959 0.45981505 0.42554786 0.46744065  0.56071588 0.61229076 0.54154494 0.27277593
0.89447938 0.1180223  0.28939969 0.71109557 0.38705461 0.62685419  0.51956651 0.48631529 0.29276126 0.45149361 0.43582583 0.47719821  0.607169   0.58093131 0.58703354 0.25761391
0.89193477 0.12962206 0.2914775  0.6788403  0.36817311 0.60078475  0.48706342 0.45999794 0.26685703 0.47391448 0.47599059 0.45253316  0.63143776 0.55165401 0.60144676 0.31104882
0.89072229 0.13538424 0.2914358  0.65982119 0.36014454 0.58870945  0.46433588 0.44238489 0.24293727 0.48864559 0.49818919 0.42426487  0.65515081 0.52610303 0.63501425 0.33788587
0.89072229 0.13538424 0.2914358  0.65982119 0.36014454 0.58870945  0.46433588 0.44238489 0.24293727 0.48864559 0.49818919 0.42426487  0.65515081 0.52610303 0.63501425 0.33788587
0.89173415 0.13685974 0.29143752 0.65694639 0.35954712 0.58883714  0.46324509 0.443957   0.24220534 0.48782373 0.491807   0.44267852  0.62223277 0.54813888 0.60978252 0.39516765
0.89027726 0.14365921 0.29076644 0.63376138 0.35188344 0.57713095  0.43604983 0.42683461 0.21542187 0.50491901 0.5107947  0.4095803  0.64205585 0.52517086 0.64417602 0.41380886
0.87243442 0.18139334 0.26148219 0.52463196 0.32523375 0.53316317  0.36234207 0.39939959 0.21127212 0.53664216 0.54715078 0.42230716  0.6108422  0.50565261 0.56090266 0.45589676
0.87243442 0.18139334 0.26148219 0.52463196 0.32523375 0.53316317  0.36234207 0.39939959 0.21127212 0.53664216 0.54715078 0.42230716  0.6108422  0.50565261 0.56090266 0.45589676
0.86674048 0.20487077 0.26771805 0.47964307 0.29550791 0.4934774  0.3449925  0.38777962 0.22801885 0.55233908 0.57599655 0.45764754  0.604202   0.50089589 0.4959039  0.4712285 
0.86768866 0.20787026 0.27174726 0.47770408 0.29980544 0.49579058  0.34251793 0.3907203  0.21995655 0.53627112 0.57965376 0.47743819  0.58056731 0.48904752 0.50630511 0.50876387
0.86674048 0.20487077 0.26771805 0.47964307 0.29550791 0.4934774  0.3449925  0.38777962 0.22801885 0.55233908 0.57599655 0.45764754  0.604202   0.50089589 0.4959039  0.4712285 
0.86674048 0.20487077 0.26771805 0.47964307 0.29550791 0.4934774  0.3449925  0.38777962 0.22801885 0.55233908 0.57599655 0.45764754  0.604202   0.50089589 0.4959039  0.4712285 
0.86674048 0.20487077 0.26771805 0.47964307 0.29550791 0.4934774  0.3449925  0.38777962 0.22801885 0.55233908 0.57599655 0.45764754  0.604202   0.50089589 0.4959039  0.4712285 
0.87243442 0.18139334 0.26148219 0.52463196 0.32523375 0.53316317  0.36234207 0.39939959 0.21127212 0.53664216 0.54715078 0.42230716  0.6108422  0.50565261 0.56090266 0.45589676
0.87243442 0.18139334 0.26148219 0.52463196 0.32523375 0.53316317  0.36234207 0.39939959 0.21127212 0.53664216 0.54715078 0.42230716  0.6108422  0.50565261 0.56090266 0.45589676
0.87635637 0.16469599 0.2589849  0.56226394 0.34664997 0.56158064  0.3872535  0.42047553 0.21938496 0.52661532 0.5200878  0.41640182  0.59365161 0.54444559 0.55718399 0.4448981 
0.88125774 0.14334604 0.25505188 0.60897643 0.37127198 0.59831247  0.40940088 0.44297711 0.2049102  0.51324044 0.50051673 0.39982274  0.59560273 0.55653032 0.59868742 0.42897089
0.88024589 0.14187054 0.25505016 0.61185124 0.3718694  0.59818477  0.41049168 0.441405   0.20564214 0.5140623  0.50689892 0.38140909  0.62852076 0.53449447 0.62391914 0.3716891 
0.88024589 0.14187054 0.25505016 0.61185124 0.3718694  0.59818477  0.41049168 0.441405   0.20564214 0.5140623  0.50689892 0.38140909  0.62852076 0.53449447 0.62391914 0.3716891 
0.88024589 0.14187054 0.25505016 0.61185124 0.3718694  0.59818477  0.41049168 0.441405   0.20564214 0.5140623  0.50689892 0.38140909  0.62852076 0.53449447 0.62391914 0.3716891 
0.88170277 0.13507106 0.25572123 0.63503625 0.37953308 0.60989097  0.43768694 0.45852739 0.2324256  0.49696702 0.48791122 0.4145073  0.60869769 0.55746249 0.58952565 0.35304789
0.88170277 0.13507106 0.25572123 0.63503625 0.37953308 0.60989097  0.43768694 0.45852739 0.2324256  0.49696702 0.48791122 0.4145073  0.60869769 0.55746249 0.58952565 0.35304789
0.88170277 0.13507106 0.25572123 0.63503625 0.37953308 0.60989097  0.43768694 0.45852739 0.2324256  0.49696702 0.48791122 0.4145073  0.60869769 0.55746249 0.58952565 0.35304789
0.89193477 0.12962206 0.2914775  0.6788403  0.36817311 0.60078475  0.48706342 0.45999794 0.26685703 0.47391448 0.47599059 0.45253316  0.63143776 0.55165401 0.60144676 0.31104882
0.89926978 0.1339851  0.32433078 0.69449232 0.35499435 0.58795379  0.49669704 0.43296345 0.25746846 0.39023484 0.47969694 0.46022437  0.63373354 0.51502879 0.6703892  0.35087178
0.90516152 0.14667614 0.35856788 0.69119575 0.35087426 0.57417879  0.51220919 0.42291616 0.27007323 0.36569983 0.45232366 0.42022378  0.59639527 0.53453923 0.65392591 0.37407685
0.92352057 0.27257372 0.56748442 0.55666638 0.46997863 0.50769183  0.45848916 0.33479772 0.34205915 0.3267651  0.41848417 0.33019019  0.54041102 0.54015499 0.53445413 0.37605285
0.94371303 0.32876832 0.71918464 0.47262728 0.72116124 0.48141533  0.44884896 0.31017468 0.41140018 0.46372714 0.48634585 0.32008087  0.62441549 0.32591416 0.61232027 0.4782945 
0.94518045 0.33690242 0.7356878  0.45902597 0.76916047 0.4961665  0.43303777 0.31530573 0.39009387 0.45426015 0.51498803 0.36224966  0.6166652  0.31193965 0.6233804  0.49899673
0.94175456 0.35794415 0.74814484 0.40978174 0.79563518 0.48132068  0.3923198  0.29718211 0.36799295 0.47181111 0.57778586 0.42044473  0.64660996 0.2563823  0.63097909 0.52777118
0.9334973  0.38370418 0.74551192 0.37794894 0.72098574 0.43370315  0.41503973 0.2999764  0.42556213 0.47013149 0.54204399 0.42403575  0.61688966 0.29551099 0.5711672  0.48995589
0.92795368 0.38609593 0.7189021  0.36423376 0.67002629 0.43841623  0.38459661 0.29168255 0.36588272 0.4387974  0.50199096 0.36306116  0.60189905 0.383377   0.58896779 0.39802302
0.93198437 0.33828177 0.67212147 0.44765103 0.56147622 0.45070812  0.3984213  0.27340899 0.32930102 0.36714439 0.45673497 0.24865017  0.56451624 0.38328615 0.65746057 0.42503901
0.92227051 0.26902309 0.55688654 0.55143351 0.38096198 0.45430155  0.44908093 0.29862283 0.32187711 0.3003685  0.46365973 0.31614562  0.53924114 0.38710522 0.69553977 0.4979792 
0.92227051 0.26902309 0.55688654 0.55143351 0.38096198 0.45430155  0.44908093 0.29862283 0.32187711 0.3003685  0.46365973 0.31614562  0.53924114 0.38710522 0.69553977 0.4979792 
0.90557676 0.21504753 0.43514394 0.58204318 0.27344319 0.4351519  0.47779296 0.33151158 0.32595029 0.39694795 0.5109891  0.38090466  0.63468502 0.37943077 0.68467407 0.49165057
0.90557676 0.21504753 0.43514394 0.58204318 0.27344319 0.4351519  0.47779296 0.33151158 0.32595029 0.39694795 0.5109891  0.38090466  0.63468502 0.37943077 0.68467407 0.49165057
0.90557676 0.21504753 0.43514394 0.58204318 0.27344319 0.4351519  0.47779296 0.33151158 0.32595029 0.39694795 0.5109891  0.38090466  0.63468502 0.37943077 0.68467407 0.49165057
0.89666412 0.14972593 0.32720622 0.65118241 0.34435697 0.56493089  0.4506797  0.39892108 0.22666345 0.44704013 0.50997132 0.38406444  0.69044062 0.47000881 0.71137587 0.37581272
0.89047789 0.13642154 0.29080642 0.65565529 0.36050943 0.58907855  0.45986816 0.44287555 0.24007357 0.49100976 0.4949783  0.41943495  0.65126084 0.52868599 0.63584025 0.32969003
0.89047789 0.13642154 0.29080642 0.65565529 0.36050943 0.58907855  0.45986816 0.44287555 0.24007357 0.49100976 0.4949783  0.41943495  0.65126084 0.52868599 0.63584025 0.32969003
0.89047789 0.13642154 0.29080642 0.65565529 0.36050943 0.58907855  0.45986816 0.44287555 0.24007357 0.49100976 0.4949783  0.41943495  0.65126084 0.52868599 0.63584025 0.32969003
0.89047789 0.13642154 0.29080642 0.65565529 0.36050943 0.58907855  0.45986816 0.44287555 0.24007357 0.49100976 0.4949783  0.41943495  0.65126084 0.52868599 0.63584025 0.32969003
0.85117704 0.17579031 0.18211215 0.52867268 0.42687663 0.6583687  0.38372755 0.46101243 0.24499069 0.43390785 0.35354279 0.31496627  0.55934254 0.46431896 0.63321432 0.34038296
0.83489549 0.2021319  0.15155496 0.45518606 0.43260659 0.63708722  0.36142196 0.45294169 0.29465807 0.42691514 0.33204563 0.29728057  0.51106906 0.39750722 0.61669284 0.39155874
0.83489549 0.2021319  0.15155496 0.45518606 0.43260659 0.63708722  0.36142196 0.45294169 0.29465807 0.42691514 0.33204563 0.29728057  0.51106906 0.39750722 0.61669284 0.39155874
0.78542128 0.32434498 0.10799915 0.22558926 0.38923622 0.5491547  0.34093039 0.43582944 0.48895975 0.38811175 0.26760334 0.39506302  0.4666132  0.29012682 0.52967443 0.42397151
0.71217365 0.48305321 0.08218708 0.15191628 0.36945731 0.52473258  0.48570159 0.32970443 0.62192206 0.34711382 0.26817514 0.50518606  0.65463687 0.44069232 0.56938805 0.44034337
0.68366309 0.54567752 0.08277055 0.17491726 0.36002047 0.56729231  0.54976705 0.31560378 0.58664961 0.36170185 0.26258424 0.51163546  0.75220509 0.53956235 0.59103227 0.47358705
0.65836296 0.61334382 0.10408142 0.1724053  0.32219242 0.58629059  0.60783979 0.47672889 0.53943825 0.36464744 0.32756704 0.50253464  0.71482103 0.60325283 0.60956367 0.53334995
0.57557965 0.7072586  0.07725656 0.30241718 0.36981775 0.5512177  0.7019438  0.31501592 0.50753837 0.42084057 0.46838498 0.4917821  0.57846404 0.59025477 0.65699464 0.4991987 
0.52906469 0.78820068 0.09336626 0.38841304 0.34732777 0.60797626  0.70061735 0.39068725 0.41489499 0.43795197 0.56221965 0.44478585  0.48337353 0.40582652 0.48947905 0.4686588 
0.51122529 0.79950986 0.09455724 0.43195576 0.3493868  0.5994669  0.66683861 0.34610602 0.416032   0.46732754 0.53386627 0.462384  0.40329739 0.37544479 0.47961754 0.45658068
0.49362571 0.81124581 0.1016175  0.47514645 0.3390896  0.61266162  0.60791633 0.33866394 0.42945969 0.47868133 0.51729227 0.46887136  0.35637887 0.33670351 0.41965302 0.46160683
0.47519548 0.81056876 0.09654784 0.49702408 0.36448215 0.55085511  0.61469541 0.33360884 0.42118648 0.47317538 0.54490054 0.46542886  0.29218941 0.35246694 0.45807609 0.42316772
0.47519548 0.81056876 0.09654784 0.49702408 0.36448215 0.55085511  0.61469541 0.33360884 0.42118648 0.47317538 0.54490054 0.46542886  0.29218941 0.35246694 0.45807609 0.42316772
0.47519548 0.81056876 0.09654784 0.49702408 0.36448215 0.55085511  0.61469541 0.33360884 0.42118648 0.47317538 0.54490054 0.46542886  0.29218941 0.35246694 0.45807609 0.42316772
0.47519548 0.81056876 0.09654784 0.49702408 0.36448215 0.55085511  0.61469541 0.33360884 0.42118648 0.47317538 0.54490054 0.46542886  0.29218941 0.35246694 0.45807609 0.42316772
0.49362571 0.81124581 0.1016175  0.47514645 0.3390896  0.61266162  0.60791633 0.33866394 0.42945969 0.47868133 0.51729227 0.46887136  0.35637887 0.33670351 0.41965302 0.46160683
0.51146511 0.79993663 0.10042651 0.43160372 0.33703057 0.62117098  0.64169506 0.38324518 0.42832268 0.44930576 0.54564566 0.45127321  0.43645501 0.36708524 0.42951453 0.47368495
0.54644978 0.77232352 0.09582484 0.34712351 0.34185412 0.61325183  0.71214736 0.45680348 0.41778916 0.41562658 0.56980044 0.43204295  0.55008453 0.4215556  0.49818758 0.48664996
0.54644978 0.77232352 0.09582484 0.34712351 0.34185412 0.61325183  0.71214736 0.45680348 0.41778916 0.41562658 0.56980044 0.43204295  0.55008453 0.4215556  0.49818758 0.48664996
0.56324047 0.75110964 0.09211211 0.30418254 0.34843496 0.59677457  0.7318537  0.49777815 0.44141285 0.39386804 0.58813656 0.42747788  0.60811379 0.45263783 0.56700873 0.50068664
0.65939145 0.61739832 0.11789766 0.16476445 0.30831447 0.58913106  0.59311649 0.61900194 0.50625019 0.37158944 0.38155683 0.4828665  0.64249601 0.50678714 0.57000667 0.53846378
0.71499818 0.49003133 0.10384199 0.12750681 0.34173625 0.50611385  0.48389951 0.54894378 0.59645997 0.33995315 0.38232315 0.48118544  0.54213198 0.42027487 0.51461703 0.4851269 
0.75802386 0.4155796  0.12973512 0.131697   0.3193476  0.49474856  0.37094136 0.52394194 0.55037195 0.37663162 0.29648006 0.49527973  0.4321567  0.3194859  0.4661916  0.36463466
0.75802386 0.4155796  0.12973512 0.131697   0.3193476  0.49474856  0.37094136 0.52394194 0.55037195 0.37663162 0.29648006 0.49527973  0.4321567  0.3194859  0.4661916  0.36463466
0.75903572 0.4170551  0.12973684 0.12882219 0.31875017 0.49487625  0.36985057 0.52551405 0.54964001 0.37580976 0.29009787 0.51369338  0.39923866 0.34152174 0.44095988 0.42191645
0.81509189 0.32691693 0.21100198 0.26131613 0.27493784 0.46430319  0.3297097  0.41117793 0.39365208 0.46853848 0.39444595 0.55253894  0.51093376 0.4484881  0.4137519  0.3250438 
0.83261465 0.30704999 0.25537758 0.31622998 0.2403557  0.42889586  0.34327158 0.38734008 0.38920307 0.49507811 0.5094607  0.59827857  0.56013595 0.50976173 0.34447709 0.4248776 
0.83261465 0.30704999 0.25537758 0.31622998 0.2403557  0.42889586  0.34327158 0.38734008 0.38920307 0.49507811 0.5094607  0.59827857  0.56013595 0.50976173 0.34447709 0.4248776 
0.84416073 0.29299716 0.28393999 0.34449469 0.21993062 0.40411926  0.35647383 0.3915705  0.35430353 0.54869294 0.54780208 0.61898176  0.58011198 0.51866362 0.40445673 0.35634995
0.84416073 0.29299716 0.28393999 0.34449469 0.21993062 0.40411926  0.35647383 0.3915705  0.35430353 0.54869294 0.54780208 0.61898176  0.58011198 0.51866362 0.40445673 0.35634995
0.85136788 0.26483277 0.28115732 0.39160133 0.24356946 0.42977064  0.35876098 0.3935759  0.3205312  0.56366421 0.56185707 0.56752062  0.57436565 0.54549058 0.40104221 0.42405826
0.85897928 0.23497519 0.27504488 0.43619802 0.26874939 0.45943152  0.35190589 0.39352622 0.27159993 0.55818358 0.57598954 0.51352828  0.58723587 0.52326021 0.43997203 0.451189  
0.85897928 0.23497519 0.27504488 0.43619802 0.26874939 0.45943152  0.35190589 0.39352622 0.27159993 0.55818358 0.57598954 0.51352828  0.58723587 0.52326021 0.43997203 0.451189  
0.86674048 0.20487077 0.26771805 0.47964307 0.29550791 0.4934774  0.3449925  0.38777962 0.22801885 0.55233908 0.57599655 0.45764754  0.604202   0.50089589 0.4959039  0.4712285 
0.86674048 0.20487077 0.26771805 0.47964307 0.29550791 0.4934774  0.3449925  0.38777962 0.22801885 0.55233908 0.57599655 0.45764754  0.604202   0.50089589 0.4959039  0.4712285 
0.86572862 0.20339528 0.26771633 0.48251788 0.29610533 0.49334971  0.3460833  0.38620751 0.22875078 0.55316094 0.58237875 0.43923389  0.63712004 0.47886004 0.52113563 0.41394671
0.86572862 0.20339528 0.26771633 0.48251788 0.29610533 0.49334971  0.3460833  0.38620751 0.22875078 0.55316094 0.58237875 0.43923389  0.63712004 0.47886004 0.52113563 0.41394671
0.86572862 0.20339528 0.26771633 0.48251788 0.29610533 0.49334971  0.3460833  0.38620751 0.22875078 0.55316094 0.58237875 0.43923389  0.63712004 0.47886004 0.52113563 0.41394671
0.87062999 0.18204533 0.26378331 0.52923037 0.32072734 0.53008153  0.36823068 0.40870908 0.21427603 0.53978605 0.56280767 0.42265481  0.63907116 0.49094477 0.56263906 0.3980195 
0.87062999 0.18204533 0.26378331 0.52923037 0.32072734 0.53008153  0.36823068 0.40870908 0.21427603 0.53978605 0.56280767 0.42265481  0.63907116 0.49094477 0.56263906 0.3980195 
0.87062999 0.18204533 0.26378331 0.52923037 0.32072734 0.53008153  0.36823068 0.40870908 0.21427603 0.53978605 0.56280767 0.42265481  0.63907116 0.49094477 0.56263906 0.3980195 
0.87062999 0.18204533 0.26378331 0.52923037 0.32072734 0.53008153  0.36823068 0.40870908 0.21427603 0.53978605 0.56280767 0.42265481  0.63907116 0.49094477 0.56263906 0.3980195 
0.86148231 0.17655275 0.22650901 0.51146462 0.34408092 0.54080549  0.36818531 0.43648414 0.22393958 0.56766    0.54625589 0.40830692  0.60262191 0.44628839 0.59312452 0.38044992
0.86148231 0.17655275 0.22650901 0.51146462 0.34408092 0.54080549  0.36818531 0.43648414 0.22393958 0.56766    0.54625589 0.40830692  0.60262191 0.44628839 0.59312452 0.38044992
0.86148231 0.17655275 0.22650901 0.51146462 0.34408092 0.54080549  0.36818531 0.43648414 0.22393958 0.56766    0.54625589 0.40830692  0.60262191 0.44628839 0.59312452 0.38044992
0.84993623 0.19060558 0.1979466  0.48319991 0.36450601 0.56558208  0.35498306 0.43225372 0.25883913 0.51404517 0.50791451 0.38760372  0.58264588 0.4373865  0.53314488 0.44897757
0.81318369 0.25031966 0.12794196 0.34259939 0.40487029 0.57356803  0.32564143 0.43536379 0.35321324 0.44814892 0.36375156 0.32119651  0.4583075  0.33273496 0.55137298 0.49680833
0.80085895 0.26496556 0.10028839 0.31649515 0.4347067  0.59436451  0.33146015 0.42957517 0.40053535 0.39848443 0.31854969 0.29215966  0.47450926 0.29298489 0.54574744 0.53316816
0.77045293 0.38261378 0.11810865 0.13503757 0.33883886 0.48945744  0.34555663 0.43957064 0.56631317 0.37898498 0.25354133 0.50240491  0.4553934  0.28566417 0.47715708 0.3362237 
0.77045293 0.38261378 0.11810865 0.13503757 0.33883886 0.48945744  0.34555663 0.43957064 0.56631317 0.37898498 0.25354133 0.50240491  0.4553934  0.28566417 0.47715708 0.3362237 
0.72789242 0.45773556 0.08903931 0.12557578 0.36356117 0.51069479  0.46328119 0.40233599 0.6187462  0.36406978 0.2546431  0.51483709  0.59956313 0.418504   0.5901102  0.45241958
0.65836296 0.61334382 0.10408142 0.1724053  0.32219242 0.58629059  0.60783979 0.47672889 0.53943825 0.36464744 0.32756704 0.50253464  0.71482103 0.60325283 0.60956367 0.53334995
0.54585538 0.76698681 0.08965354 0.34547207 0.35390861 0.59149901  0.72032369 0.43166193 0.43851868 0.41619343 0.58055577 0.44022078  0.54140279 0.43690875 0.55830019 0.48269548
0.47519548 0.81056876 0.09654784 0.49702408 0.36448215 0.55085511  0.61469541 0.33360884 0.42118648 0.47317538 0.54490054 0.46542886  0.29218941 0.35246694 0.45807609 0.42316772
0.27200539 0.72589014 0.17275022 0.67768973 0.41412334 0.32694522  0.26050686 0.54263034 0.5627648  0.42983206 0.36494386 0.48207923  0.51985981 0.47338154 0.65258273 0.46664639
0.03540017 0.41718963 0.32450808 0.45341476 0.36814944 0.43963834  0.43244666 0.49689867 0.48559948 0.39258167 0.40702111 0.45241186  0.54776626 0.46341302 0.546645   0.45216901
0.00039479 0.36283831 0.35232302 0.39930133 0.34523319 0.50234819  0.48417291 0.45702496 0.47508945 0.39693445 0.45000532 0.44589633  0.47476172 0.42761975 0.50206904 0.41641874
0.00039479 0.36283831 0.35232302 0.39930133 0.34523319 0.50234819  0.48417291 0.45702496 0.47508945 0.39693445 0.45000532 0.44589633  0.47476172 0.42761975 0.50206904 0.41641874
0.00039479 0.36283831 0.35232302 0.39930133 0.34523319 0.50234819  0.48417291 0.45702496 0.47508945 0.39693445 0.45000532 0.44589633  0.47476172 0.42761975 0.50206904 0.41641874
0.00101576 0.37041167 0.36943189 0.37928678 0.43214738 0.52960772  0.45429803 0.46291096 0.4473186  0.4106318  0.51866834 0.5467549  0.4992207  0.39331353 0.51018588 0.45206906
0.00875787 0.4123508  0.45576771 0.30945473 0.68016703 0.59650713  0.38177987 0.47395259 0.37800674 0.42956625 0.61847711 0.69029721  0.51814452 0.35155546 0.51955922 0.459002  
0.01388917 0.43620083 0.50962648 0.26330895 0.83842335 0.6291664  0.34284034 0.47773519 0.34543645 0.45172355 0.68013175 0.79098265  0.52048185 0.30822643 0.53268287 0.48934027
0.01975429 0.45027101 0.5447474  0.26370105 0.84629897 0.63286837  0.32782563 0.45677559 0.33454866 0.38257497 0.68801992 0.81122795  0.48150246 0.31396006 0.53335928 0.57133199
0.01975429 0.45027101 0.5447474  0.26370105 0.84629897 0.63286837  0.32782563 0.45677559 0.33454866 0.38257497 0.68801992 0.81122795  0.48150246 0.31396006 0.53335928 0.57133199
0.01756741 0.43731734 0.51485181 0.29639352 0.72761755 0.60701924  0.3557017  0.45171218 0.3557403  0.34539537 0.63157469 0.73004908  0.4441825  0.33442268 0.5368614  0.56660226
0.01516682 0.42734786 0.49641887 0.3048838  0.70865122 0.60303518  0.36068601 0.45269178 0.36147023 0.35842197 0.64620808 0.74078522  0.47810017 0.33837129 0.52624749 0.56168594
0.030263   0.44374611 0.45783558 0.3565604  0.63174086 0.55325674  0.35565115 0.46896714 0.38332123 0.3333076  0.58231525 0.67772832  0.50524182 0.38532859 0.55531923 0.55215527
0.02500846 0.41098972 0.38945267 0.41473539 0.40704307 0.48635126  0.43053827 0.45926022 0.45340884 0.31675355 0.45670773 0.49163383  0.47362618 0.45084228 0.5372881  0.51288412
0.02354104 0.40285562 0.37294951 0.42833671 0.35904384 0.47160009  0.44634946 0.45412916 0.47471515 0.32622054 0.42806555 0.44946504  0.48137647 0.4648168  0.52622797 0.49218189
0.0787229  0.46026039 0.35062792 0.45521672 0.34355448 0.53526824  0.39550753 0.42809515 0.561585   0.36310612 0.45973765 0.45991865  0.44227666 0.52133937 0.65578149 0.48208538
0.21698034 0.60128956 0.25415883 0.55946048 0.32955165 0.55317962  0.24462051 0.49304911 0.63140103 0.50258276 0.31467424 0.51548239  0.5012208  0.53221525 0.79506376 0.50757453
0.36466787 0.76147709 0.17658399 0.61253539 0.32187828 0.59180183  0.23885165 0.4936817  0.67219251 0.46186639 0.45621999 0.46729465  0.52960248 0.44785727 0.54005705 0.47274217
0.54291955 0.75720674 0.17248134 0.43336616 0.24163752 0.73602949  0.40189625 0.53814395 0.41628281 0.46246767 0.31784845 0.46914753  0.58908762 0.32974693 0.28088877 0.4431927 
0.70496823 0.54738125 0.14077073 0.13356318 0.28313715 0.57210026  0.51175355 0.62041356 0.48265891 0.4077839  0.25459702 0.52464881  0.56164162 0.51154702 0.6267323  0.47917493
0.7572958  0.43868282 0.1595509  0.15937712 0.27447685 0.51772124  0.41236138 0.50654059 0.45574864 0.47773987 0.21332    0.56985501  0.46462477 0.42444771 0.65092127 0.36219116
0.80652534 0.28264638 0.13942425 0.28633165 0.34971232 0.50768435  0.33948594 0.44350017 0.43169326 0.4717379  0.41134566 0.4529604  0.48178093 0.29743678 0.53885497 0.42929833
0.82359947 0.2541773  0.16767861 0.35809466 0.34908619 0.53191977  0.35699373 0.44068931 0.3797539  0.47640857 0.42356811 0.45188479  0.53474349 0.35692051 0.57887177 0.37871802
0.85000082 0.14684402 0.15478951 0.56811024 0.45793532 0.66433881  0.43622762 0.50638501 0.32603073 0.46141057 0.38763816 0.35369326  0.48451477 0.48899094 0.57597197 0.44813146
0.86393086 0.12162076 0.1830222  0.6299519  0.45060048 0.66024313  0.48270636 0.53679629 0.31589475 0.49844089 0.40242788 0.41167435  0.48959797 0.51649007 0.61078988 0.34302861
0.86576857 0.11286012 0.18233639 0.65681238 0.46331577 0.67959373  0.51210962 0.56259615 0.34327855 0.48028391 0.37184656 0.44714585  0.46440511 0.54228885 0.57788794 0.29661737
0.86576857 0.11286012 0.18233639 0.65681238 0.46331577 0.67959373  0.51210962 0.56259615 0.34327855 0.48028391 0.37184656 0.44714585  0.46440511 0.54228885 0.57788794 0.29661737
0.86722545 0.10606064 0.18300746 0.67999739 0.47097945 0.69129993  0.53930488 0.57971854 0.37006201 0.46318863 0.35285885 0.48024406  0.44458203 0.56525687 0.54349445 0.27797615
0.86722545 0.10606064 0.18300746 0.67999739 0.47097945 0.69129993  0.53930488 0.57971854 0.37006201 0.46318863 0.35285885 0.48024406  0.44458203 0.56525687 0.54349445 0.27797615
0.86722545 0.10606064 0.18300746 0.67999739 0.47097945 0.69129993  0.53930488 0.57971854 0.37006201 0.46318863 0.35285885 0.48024406  0.44458203 0.56525687 0.54349445 0.27797615
0.86843793 0.10029846 0.18304916 0.6990165  0.47900802 0.70337523  0.56203242 0.59733159 0.39398177 0.44845752 0.33066026 0.50851235  0.42086898 0.59080785 0.50992696 0.25113911
0.8693625  0.09586861 0.18367228 0.71562688 0.48413245 0.71133762  0.58433612 0.61101176 0.42031635 0.43446439 0.31465459 0.54149571  0.40743817 0.59846993 0.4794988  0.23244732
0.8693625  0.09586861 0.18367228 0.71562688 0.48413245 0.71133762  0.58433612 0.61101176 0.42031635 0.43446439 0.31465459 0.54149571  0.40743817 0.59846993 0.4794988  0.23244732
0.85798232 0.10086025 0.14918207 0.68885276 0.51448443 0.72678797  0.58417791 0.62544259 0.45550898 0.4140968  0.27358636 0.50723094  0.36111581 0.54374292 0.50448075 0.26769589
0.85798232 0.10086025 0.14918207 0.68885276 0.51448443 0.72678797  0.58417791 0.62544259 0.45550898 0.4140968  0.27358636 0.50723094  0.36111581 0.54374292 0.50448075 0.26769589
0.84721018 0.11127071 0.12012003 0.67252278 0.54172444 0.7608793  0.58645177 0.63389762 0.50820581 0.34881952 0.21437745 0.50707451  0.32051612 0.55645097 0.41946092 0.30770169
0.84721018 0.11127071 0.12012003 0.67252278 0.54172444 0.7608793  0.58645177 0.63389762 0.50820581 0.34881952 0.21437745 0.50707451  0.32051612 0.55645097 0.41946092 0.30770169
0.84721018 0.11127071 0.12012003 0.67252278 0.54172444 0.7608793  0.58645177 0.63389762 0.50820581 0.34881952 0.21437745 0.50707451  0.32051612 0.55645097 0.41946092 0.30770169
0.84721018 0.11127071 0.12012003 0.67252278 0.54172444 0.7608793  0.58645177 0.63389762 0.50820581 0.34881952 0.21437745 0.50707451  0.32051612 0.55645097 0.41946092 0.30770169
0.83396087 0.13034645 0.09184333 0.62980815 0.56643642 0.77371339  0.56996678 0.61442884 0.52919335 0.31314817 0.18518125 0.4450543  0.3501487  0.50903882 0.44426354 0.3627533 
0.82558579 0.15570596 0.08474203 0.59266006 0.57766499 0.79839676  0.55645027 0.61049163 0.5239788  0.2587346  0.08671829 0.41366257  0.33739576 0.49242158 0.48305289 0.28048908
0.82558579 0.15570596 0.08474203 0.59266006 0.57766499 0.79839676  0.55645027 0.61049163 0.5239788  0.2587346  0.08671829 0.41366257  0.33739576 0.49242158 0.48305289 0.28048908
0.82412891 0.16250544 0.08407096 0.56947505 0.57000131 0.78669057  0.52925501 0.59336923 0.49719534 0.27582988 0.10570599 0.38056436  0.35721884 0.46945356 0.51744639 0.29913029
0.80746451 0.18163264 0.06088919 0.54263488 0.58604624 0.75768914  0.5512969  0.56546775 0.52383422 0.27182064 0.17020752 0.34724595  0.38685538 0.45166391 0.60703726 0.39424661
0.77993993 0.26111415 0.0515652  0.42675577 0.54978717 0.70737822  0.5112569  0.46554263 0.52018223 0.2791342  0.22989023 0.29579228  0.57073802 0.42372839 0.6759031  0.44455003
0.74693292 0.29585728 0.03040002 0.46957258 0.58205097 0.67965537  0.57009842 0.36361648 0.54380928 0.25577592 0.32162986 0.27681041  0.58377014 0.45922298 0.70930649 0.42706445
0.69061445 0.41370693 0.0216866  0.41782446 0.55629863 0.6263199  0.64412049 0.26800063 0.56793322 0.2686107  0.37115228 0.34407845  0.67299667 0.53338262 0.8017611  0.39571341
0.6058526  0.52911861 0.02630904 0.43405331 0.52016436 0.47745527  0.57150105 0.0469499  0.57218875 0.37428476 0.40161523 0.41484248  0.48962437 0.5068354  0.69425979 0.3571563 
0.48633004 0.75687039 0.07938867 0.47484045 0.41260123 0.47596261  0.64175884 0.26243574 0.39548926 0.46697091 0.47456313 0.4765836  0.34247726 0.37275217 0.57743509 0.37634757
0.32546821 0.71917675 0.12861165 0.58154342 0.46397682 0.21583673  0.55450489 0.45376    0.27162548 0.43310599 0.32669273 0.49368129  0.32546316 0.37705995 0.52500059 0.41047972
0.19660733 0.56835872 0.20745984 0.50478724 0.44632065 0.2405306  0.57395444 0.45586896 0.2365076  0.42933557 0.22582949 0.50745852  0.4773657  0.36162311 0.44647996 0.51730903
0.10557724 0.49067152 0.26906522 0.49887986 0.41115523 0.30637833  0.47319166 0.50257024 0.33030166 0.40352897 0.22005928 0.49069071  0.64587596 0.36999705 0.37968525 0.56899921
0.10557724 0.49067152 0.26906522 0.49887986 0.41115523 0.30637833  0.47319166 0.50257024 0.33030166 0.40352897 0.22005928 0.49069071  0.64587596 0.36999705 0.37968525 0.56899921
0.05336775 0.43914143 0.31083182 0.46832666 0.37416152 0.39938838  0.45143619 0.50292086 0.40448693 0.37548598 0.33684065 0.45259001  0.60541605 0.3574237  0.32371238 0.49045415
0.01779563 0.38669558 0.33863985 0.42004769 0.35385851 0.46460162  0.48109267 0.47190843 0.43452283 0.38595027 0.3992976  0.44733029  0.52908455 0.38078184 0.39373238 0.44873962
0.00039479 0.36283831 0.35232302 0.39930133 0.34523319 0.50234819  0.48417291 0.45702496 0.47508945 0.39693445 0.45000532 0.44589633  0.47476172 0.42761975 0.50206904 0.41641874
0.00039479 0.36283831 0.35232302 0.39930133 0.34523319 0.50234819  0.48417291 0.45702496 0.47508945 0.39693445 0.45000532 0.44589633  0.47476172 0.42761975 0.50206904 0.41641874
0.00039479 0.36283831 0.35232302 0.39930133 0.34523319 0.50234819  0.48417291 0.45702496 0.47508945 0.39693445 0.45000532 0.44589633  0.47476172 0.42761975 0.50206904 0.41641874
0.00039479 0.36283831 0.35232302 0.39930133 0.34523319 0.50234819  0.48417291 0.45702496 0.47508945 0.39693445 0.45000532 0.44589633  0.47476172 0.42761975 0.50206904 0.41641874
0.00039479 0.36283831 0.35232302 0.39930133 0.34523319 0.50234819  0.48417291 0.45702496 0.47508945 0.39693445 0.45000532 0.44589633  0.47476172 0.42761975 0.50206904 0.41641874
0.00039479 0.36283831 0.35232302 0.39930133 0.34523319 0.50234819  0.48417291 0.45702496 0.47508945 0.39693445 0.45000532 0.44589633  0.47476172 0.42761975 0.50206904 0.41641874
0.00039479 0.36283831 0.35232302 0.39930133 0.34523319 0.50234819  0.48417291 0.45702496 0.47508945 0.39693445 0.45000532 0.44589633  0.47476172 0.42761975 0.50206904 0.41641874
0.00039479 0.36283831 0.35232302 0.39930133 0.34523319 0.50234819  0.48417291 0.45702496 0.47508945 0.39693445 0.45000532 0.44589633  0.47476172 0.42761975 0.50206904 0.41641874
0.00039479 0.36283831 0.35232302 0.39930133 0.34523319 0.50234819  0.48417291 0.45702496 0.47508945 0.39693445 0.45000532 0.44589633  0.47476172 0.42761975 0.50206904 0.41641874
0.00039479 0.36283831 0.35232302 0.39930133 0.34523319 0.50234819  0.48417291 0.45702496 0.47508945 0.39693445 0.45000532 0.44589633  0.47476172 0.42761975 0.50206904 0.41641874
0.00039479 0.36283831 0.35232302 0.39930133 0.34523319 0.50234819  0.48417291 0.45702496 0.47508945 0.39693445 0.45000532 0.44589633  0.47476172 0.42761975 0.50206904 0.41641874
0.00039479 0.36283831 0.35232302 0.39930133 0.34523319 0.50234819  0.48417291 0.45702496 0.47508945 0.39693445 0.45000532 0.44589633  0.47476172 0.42761975 0.50206904 0.41641874
0.00039479 0.36283831 0.35232302 0.39930133 0.34523319 0.50234819  0.48417291 0.45702496 0.47508945 0.39693445 0.45000532 0.44589633  0.47476172 0.42761975 0.50206904 0.41641874
0.00039479 0.36283831 0.35232302 0.39930133 0.34523319 0.50234819  0.48417291 0.45702496 0.47508945 0.39693445 0.45000532 0.44589633  0.47476172 0.42761975 0.50206904 0.41641874
0.00039479 0.36283831 0.35232302 0.39930133 0.34523319 0.50234819  0.48417291 0.45702496 0.47508945 0.39693445 0.45000532 0.44589633  0.47476172 0.42761975 0.50206904 0.41641874
0.00039479 0.36283831 0.35232302 0.39930133 0.34523319 0.50234819  0.48417291 0.45702496 0.47508945 0.39693445 0.45000532 0.44589633  0.47476172 0.42761975 0.50206904 0.41641874
0.00039479 0.36283831 0.35232302 0.39930133 0.34523319 0.50234819  0.48417291 0.45702496 0.47508945 0.39693445 0.45000532 0.44589633  0.47476172 0.42761975 0.50206904 0.41641874
