0.00039479 0.36283831 0.35232302 0.39930133 0.34523319 0.50234819  0.48417291 0.45702496 0.47508945 0.39693445 0.45000532 0.44589633  0.47476172 0.42761975 0.50206904 0.41641874
0.00039479 0.36283831 0.35232302 0.39930133 0.34523319 0.50234819  0.48417291 0.45702496 0.47508945 0.39693445 0.45000532 0.44589633  0.47476172 0.42761975 0.50206904 0.41641874
0.00039479 0.36283831 0.35232302 0.39930133 0.34523319 0.50234819  0.48417291 0.45702496 0.47508945 0.39693445 0.45000532 0.44589633  0.47476172 0.42761975 0.50206904 0.41641874
0.00039479 0.36283831 0.35232302 0.39930133 0.34523319 0.50234819  0.48417291 0.45702496 0.47508945 0.39693445 0.45000532 0.44589633  0.47476172 0.42761975 0.50206904 0.41641874
0.00039479 0.36283831 0.35232302 0.39930133 0.34523319 0.50234819  0.48417291 0.45702496 0.47508945 0.39693445 0.45000532 0.44589633  0.47476172 0.42761975 0.50206904 0.41641874
0.00039479 0.36283831 0.35232302 0.39930133 0.34523319 0.50234819  0.48417291 0.45702496 0.47508945 0.39693445 0.45000532 0.44589633  0.47476172 0.42761975 0.50206904 0.41641874
0.00039479 0.36283831 0.35232302 0.39930133 0.34523319 0.50234819  0.48417291 0.45702496 0.47508945 0.39693445 0.45000532 0.44589633  0.47476172 0.42761975 0.50206904 0.41641874
0.00039479 0.36283831 0.35232302 0.39930133 0.34523319 0.50234819  0.48417291 0.45702496 0.47508945 0.39693445 0.45000532 0.44589633  0.47476172 0.42761975 0.50206904 0.41641874
0.00039479 0.36283831 0.35232302 0.39930133 0.34523319 0.50234819  0.48417291 0.45702496 0.47508945 0.39693445 0.45000532 0.44589633  0.47476172 0.42761975 0.50206904 0.41641874
0.00039479 0.36283831 0.35232302 0.39930133 0.34523319 0.50234819  0.48417291 0.45702496 0.47508945 0.39693445 0.45000532 0.44589633  0.47476172 0.42761975 0.50206904 0.41641874
0.00039479 0.36283831 0.35232302 0.39930133 0.34523319 0.50234819  0.48417291 0.45702496 0.47508945 0.39693445 0.45000532 0.44589633  0.47476172 0.42761975 0.50206904 0.41641874
0.00039479 0.36283831 0.35232302 0.39930133 0.34523319 0.50234819  0.48417291 0.45702496 0.47508945 0.39693445 0.45000532 0.44589633  0.47476172 0.42761975 0.50206904 0.41641874
0.00039479 0.36283831 0.35232302 0.39930133 0.34523319 0.50234819  0.48417291 0.45702496 0.47508945 0.39693445 0.45000532 0.44589633  0.47476172 0.42761975 0.50206904 0.41641874
0.00039479 0.36283831 0.35232302 0.39930133 0.34523319 0.50234819  0.48417291 0.45702496 0.47508945 0.39693445 0.45000532 0.44589633  0.47476172 0.42761975 0.50206904 0.41641874
0.00039479 0.36283831 0.35232302 0.39930133 0.34523319 0.50234819  0.48417291 0.45702496 0.47508945 0.39693445 0.45000532 0.44589633  0.47476172 0.42761975 0.50206904 0.41641874
0.00039479 0.36283831 0.35232302 0.39930133 0.34523319 0.50234819  0.48417291 0.45702496 0.47508945 0.39693445 0.45000532 0.44589633  0.47476172 0.42761975 0.50206904 0.41641874
0.00039479 0.36283831 0.35232302 0.39930133 0.34523319 0.50234819  0.48417291 0.45702496 0.47508945 0.39693445 0.45000532 0.44589633  0.47476172 0.42761975 0.50206904 0.41641874
0.00039479 0.36283831 0.35232302 0.39930133 0.34523319 0.50234819  0.48417291 0.45702496 0.47508945 0.39693445 0.45000532 0.44589633  0.47476172 0.42761975 0.50206904 0.41641874
0.00039479 0.36283831 0.35232302 0.39930133 0.34523319 0.50234819  0.48417291 0.45702496 0.47508945 0.39693445 0.45000532 0.44589633  0.47476172 0.42761975 0.50206904 0.41641874
0.00039479 0.36283831 0.35232302 0.39930133 0.34523319 0.50234819  0.48417291 0.45702496 0.47508945 0.39693445 0.45000532 0.44589633  0.47476172 0.42761975 0.50206904 0.41641874
0.00039479 0.36283831 0.35232302 0.39930133 0.34523319 0.50234819  0.48417291 0.45702496 0.47508945 0.39693445 0.45000532 0.44589633  0.47476172 0.42761975 0.50206904 0.41641874
0.00039479 0.36283831 0.35232302 0.39930133 0.34523319 0.50234819  0.48417291 0.45702496 0.47508945 0.39693445 0.45000532 0.44589633  0.47476172 0.42761975 0.50206904 0.41641874
0.00039479 0.36283831 0.35232302 0.39930133 0.34523319 0.50234819  0.48417291 0.45702496 0.47508945 0.39693445 0.45000532 0.44589633  0.47476172 0.42761975 0.50206904 0.41641874
0.00039479 0.36283831 0.35232302 0.39930133 0.34523319 0.50234819  0.48417291 0.45702496 0.47508945 0.39693445 0.45000532 0.44589633  0.47476172 0.42761975 0.50206904 0.41641874
0.00039479 0.36283831 0.35232302 0.39930133 0.34523319 0.50234819  0.48417291 0.45702496 0.47508945 0.39693445 0.45000532 0.44589633  0.47476172 0.42761975 0.50206904 0.41641874
0.00039479 0.36283831 0.35232302 0.39930133 0.34523319 0.50234819  0.48417291 0.45702496 0.47508945 0.39693445 0.45000532 0.44589633  0.47476172 0.42761975 0.50206904 0.41641874
0.00039479 0.36283831 0.35232302 0.39930133 0.34523319 0.50234819  0.48417291 0.45702496 0.47508945 0.39693445 0.45000532 0.44589633  0.47476172 0.42761975 0.50206904 0.41641874
0.00039479 0.36283831 0.35232302 0.39930133 0.34523319 0.50234819  0.48417291 0.45702496 0.47508945 0.39693445 0.45000532 0.44589633  0.47476172 0.42761975 0.50206904 0.41641874
0.00039479 0.36283831 0.35232302 0.39930133 0.34523319 0.50234819  0.48417291 0.45702496 0.47508945 0.39693445 0.45000532 0.44589633  0.47476172 0.42761975 0.50206904 0.41641874
0.00039479 0.36283831 0.35232302 0.39930133 0.34523319 0.50234819  0.48417291 0.45702496 0.47508945 0.39693445 0.45000532 0.44589633  0.47476172 0.42761975 0.50206904 0.41641874
0.00039479 0.36283831 0.35232302 0.39930133 0.34523319 0.50234819  0.48417291 0.45702496 0.47508945 0.39693445 0.45000532 0.44589633  0.47476172 0.42761975 0.50206904 0.41641874
0.00039479 0.36283831 0.35232302 0.39930133 0.34523319 0.50234819  0.48417291 0.45702496 0.47508945 0.39693445 0.45000532 0.44589633  0.47476172 0.42761975 0.50206904 0.41641874
0.00039479 0.36283831 0.35232302 0.39930133 0.34523319 0.50234819  0.48417291 0.45702496 0.47508945 0.39693445 0.45000532 0.44589633  0.47476172 0.42761975 0.50206904 0.41641874
0.00039479 0.36283831 0.35232302 0.39930133 0.34523319 0.50234819  0.48417291 0.45702496 0.47508945 0.39693445 0.45000532 0.44589633  0.47476172 0.42761975 0.50206904 0.41641874
0.00039479 0.36283831 0.35232302 0.39930133 0.34523319 0.50234819  0.48417291 0.45702496 0.47508945 0.39693445 0.45000532 0.44589633  0.47476172 0.42761975 0.50206904 0.41641874
0.00039479 0.36283831 0.35232302 0.39930133 0.34523319 0.50234819  0.48417291 0.45702496 0.47508945 0.39693445 0.45000532 0.44589633  0.47476172 0.42761975 0.50206904 0.41641874
0.00039479 0.36283831 0.35232302 0.39930133 0.34523319 0.50234819  0.48417291 0.45702496 0.47508945 0.39693445 0.45000532 0.44589633  0.47476172 0.42761975 0.50206904 0.41641874
0.00039479 0.36283831 0.35232302 0.39930133 0.34523319 0.50234819  0.48417291 0.45702496 0.47508945 0.39693445 0.45000532 0.44589633  0.47476172 0.42761975 0.50206904 0.41641874
0.00039479 0.36283831 0.35232302 0.39930133 0.34523319 0.50234819  0.48417291 0.45702496 0.47508945 0.39693445 0.45000532 0.44589633  0.47476172 0.42761975 0.50206904 0.41641874
0.00039479 0.36283831 0.35232302 0.39930133 0.34523319 0.50234819  0.48417291 0.45702496 0.47508945 0.39693445 0.45000532 0.44589633  0.47476172 0.42761975 0.50206904 0.41641874
0.00039479 0.36283831 0.35232302 0.39930133 0.34523319 0.50234819  0.48417291 0.45702496 0.47508945 0.39693445 0.45000532 0.44589633  0.47476172 0.42761975 0.50206904 0.41641874
0.00039479 0.36283831 0.35232302 0.39930133 0.34523319 0.50234819  0.48417291 0.45702496 0.47508945 0.39693445 0.45000532 0.44589633  0.47476172 0.42761975 0.50206904 0.41641874
0.00039479 0.36283831 0.35232302 0.39930133 0.34523319 0.50234819  0.48417291 0.45702496 0.47508945 0.39693445 0.45000532 0.44589633  0.47476172 0.42761975 0.50206904 0.41641874
0.01865742 0.3880557  0.34025579 0.41843982 0.3494262  0.49750935  0.46205159 0.46401308 0.50597385 0.40376969 0.46950961 0.4478266  0.44969389 0.45506031 0.57557814 0.40855754
0.03631018 0.41540188 0.32624181 0.4455019  0.36060521 0.46628334  0.43699433 0.48325785 0.50987685 0.40171282 0.44757077 0.45105915  0.48480944 0.46855757 0.59139026 0.42570739
0.09064186 0.4859996  0.2936877  0.49744814 0.36515056 0.46755773  0.37287141 0.49500836 0.58638633 0.42917995 0.46884562 0.4635  0.44360862 0.52570378 0.75830016 0.42725871
0.16340052 0.56152004 0.26574565 0.53730017 0.34177008 0.5567171  0.30166543 0.44225341 0.66488042 0.51144368 0.40919418 0.5094933  0.41935067 0.55061305 0.88832933 0.51491247
0.23703355 0.65847931 0.21674494 0.60285323 0.36162605 0.5149401  0.2613506  0.4604218  0.70281065 0.49761459 0.47382522 0.4940262  0.37578073 0.58329747 0.93309129 0.43873674
0.32814182 0.77170362 0.15751807 0.67042581 0.3808457  0.44991599  0.25376018 0.48097045 0.64218099 0.46450094 0.4516513  0.47933088  0.44118245 0.47070012 0.66369342 0.45249362
0.40309626 0.83420875 0.25121865 0.62436858 0.35200629 0.60738583  0.2652718  0.39342945 0.67098001 0.33998621 0.58702948 0.45076888  0.47708982 0.49392995 0.48371651 0.5112345 
0.53796716 0.99052347 0.62047198 0.42847914 0.82947593 0.71657228  0.36646484 0.28618971 0.47844461 0.2703472  0.71034497 0.54663745  0.41133267 0.33748564 0.41015037 0.51278674
0.57309479 0.96978881 0.63359395 0.3684601  0.80104923 0.76684229  0.36382245 0.36006553 0.45685641 0.24737396 0.66049076 0.53837015  0.53345043 0.3545611  0.36588635 0.53027424
0.67673997 0.89773622 0.60487006 0.17378072 0.77730834 0.71158418  0.58472696 0.43599597 0.32693629 0.23298164 0.50186773 0.51640475  0.69959711 0.43054954 0.4984503  0.59232454
0.72935708 0.85057631 0.69723442 0.20326912 0.71081661 0.68355578  0.5464204  0.47155282 0.26018394 0.22968786 0.50086011 0.55058309  0.78528181 0.38971951 0.5532896  0.44224417
0.76577589 0.81612701 0.77701317 0.21074985 0.68184346 0.5987709  0.57132173 0.55223813 0.31792267 0.37426657 0.48778052 0.5190305  0.64875714 0.32953881 0.61495827 0.44738482
0.78149466 0.79080936 0.7838654  0.18440935 0.67594732 0.58473311  0.54890134 0.62486969 0.31474681 0.39122253 0.47424849 0.52868152  0.5936834  0.30735048 0.63568041 0.45946102
0.80520037 0.73801973 0.78228538 0.2084386  0.60634266 0.54313611  0.54907531 0.56880506 0.28958633 0.37352301 0.44962029 0.56456975  0.63673416 0.39363819 0.7539433  0.36477683
0.86008385 0.60575309 0.75661788 0.1694518  0.65891021 0.44449871  0.44811725 0.4214683  0.42942669 0.31053632 0.47259265 0.56036313  0.62837389 0.41849296 0.62650222 0.3082136 
0.89380548 0.50826042 0.71706602 0.1589548  0.6793534  0.43767161  0.31307936 0.29801289 0.38498937 0.30177714 0.40984591 0.59930235  0.5596806  0.34826539 0.61774444 0.20603881
0.87247605 0.4245659  0.53497297 0.28420044 0.27798906 0.3831918  0.36452686 0.27463595 0.3761959  0.16355771 0.37664229 0.56517009  0.53125452 0.37852882 0.65495216 0.23234909
0.86047953 0.38372178 0.44541727 0.3162463  0.19304915 0.37229427  0.37756061 0.28953884 0.38514801 0.20494658 0.41504102 0.62160853  0.60173832 0.35242321 0.67045284 0.25235785
0.86047953 0.38372178 0.44541727 0.3162463  0.19304915 0.37229427  0.37756061 0.28953884 0.38514801 0.20494658 0.41504102 0.62160853  0.60173832 0.35242321 0.67045284 0.25235785
0.85070077 0.35862143 0.38344463 0.31889539 0.17077486 0.36704118  0.39648491 0.32274735 0.40094679 0.3285461  0.42568617 0.62843396  0.66946688 0.3538112  0.64773379 0.17868462
0.85167714 0.32571971 0.35410444 0.34149727 0.16767019 0.35443016  0.39646235 0.35302599 0.39565169 0.44166041 0.53135471 0.66692791  0.66675308 0.40355464 0.56697631 0.24166319
0.82513485 0.34527347 0.27401428 0.26179848 0.22164087 0.41101901  0.35625152 0.39300633 0.38958903 0.42344222 0.40606199 0.61143072  0.57109776 0.37364047 0.59076253 0.15699142
0.80220859 0.36431794 0.21096166 0.20675964 0.27241793 0.45124596  0.34289105 0.40320674 0.4596812  0.3494598  0.32665238 0.55646275  0.50479937 0.31001157 0.55576483 0.26076764
0.77045293 0.38261378 0.11810865 0.13503757 0.33883886 0.48945744  0.34555663 0.43957064 0.56631317 0.37898498 0.25354133 0.50240491  0.4553934  0.28566417 0.47715708 0.3362237 
0.75500101 0.3959788  0.09496858 0.12721651 0.36291236 0.47253131  0.39032606 0.42928219 0.61687182 0.36024464 0.29584427 0.49735479  0.46131689 0.29342549 0.53318046 0.40450296
0.71245785 0.48501546 0.0823423  0.14589847 0.37264681 0.52777345  0.49217761 0.34157134 0.62179105 0.35662963 0.27177815 0.50742406  0.6917453  0.48026016 0.53764033 0.45039154
0.6869528  0.55332568 0.10124925 0.14523618 0.33463308 0.55854562  0.55273139 0.47260665 0.56753253 0.37630446 0.29199093 0.51416131  0.67389465 0.55119576 0.60078894 0.51407421
0.57827445 0.72075359 0.08667916 0.27982729 0.35636228 0.57337153  0.72117092 0.45077362 0.48042033 0.38850122 0.54348759 0.44972003  0.62792376 0.53170648 0.60542403 0.51022748
0.51063446 0.78752363 0.0882966  0.41029067 0.37272032 0.54616975  0.70739643 0.38563215 0.40662178 0.43244602 0.58982791 0.44134334  0.41918407 0.42158995 0.52790212 0.43021969
0.51063446 0.78752363 0.0882966  0.41029067 0.37272032 0.54616975  0.70739643 0.38563215 0.40662178 0.43244602 0.58982791 0.44134334  0.41918407 0.42158995 0.52790212 0.43021969
0.49303488 0.79925958 0.09535686 0.45348135 0.36242311 0.55936447  0.64847414 0.37819007 0.42004947 0.44379981 0.57325392 0.4478307  0.37226555 0.38284866 0.4679376  0.43524584
0.54644978 0.77232352 0.09582484 0.34712351 0.34185412 0.61325183  0.71214736 0.45680348 0.41778916 0.41562658 0.56980044 0.43204295  0.55008453 0.4215556  0.49818758 0.48664996
0.59787761 0.73134667 0.12022963 0.27059545 0.29584709 0.67845973  0.66056277 0.55335991 0.40061692 0.40211321 0.42785235 0.44404497  0.69609507 0.42322775 0.46911648 0.50576494
0.65937042 0.62020572 0.11584846 0.16811665 0.30623614 0.60495166  0.60605688 0.56587439 0.48967665 0.40551366 0.30896402 0.5072982  0.65992569 0.53145363 0.64986738 0.54662447
0.70496823 0.54738125 0.14077073 0.13356318 0.28313715 0.57210026  0.51175355 0.62041356 0.48265891 0.4077839  0.25459702 0.52464881  0.56164162 0.51154702 0.6267323  0.47917493
0.71804421 0.51203684 0.13349026 0.13088489 0.30165962 0.5466192  0.4765845  0.57374955 0.5209762  0.38575571 0.27732297 0.51078638  0.55625557 0.47443315 0.55261821 0.44390322
0.83283927 0.35909405 0.31267238 0.26061563 0.20734597 0.39935103  0.36217542 0.38221847 0.40191883 0.45471291 0.39153414 0.57808682  0.56791296 0.47443251 0.47487132 0.15794311
0.91297749 0.46358005 0.75042796 0.25876685 0.54361711 0.28579162  0.50969632 0.31819313 0.70177035 0.59868807 0.3419638  0.33355269  0.59858473 0.3405513  0.45423224 0.2778489 
0.92080377 0.43405821 0.74882964 0.30507605 0.56390766 0.30134055  0.50708117 0.31198855 0.66227721 0.61454139 0.37877768 0.28464166  0.59361057 0.36563975 0.43137543 0.35991481
0.92080377 0.43405821 0.74882964 0.30507605 0.56390766 0.30134055  0.50708117 0.31198855 0.66227721 0.61454139 0.37877768 0.28464166  0.59361057 0.36563975 0.43137543 0.35991481
0.92960137 0.3849059  0.7313341  0.40577989 0.52992867 0.31520895  0.56086015 0.32097801 0.68251255 0.61511752 0.39042662 0.251473  0.5943139  0.33746268 0.42164458 0.4898931 
0.92960137 0.3849059  0.7313341  0.40577989 0.52992867 0.31520895  0.56086015 0.32097801 0.68251255 0.61511752 0.39042662 0.251473  0.5943139  0.33746268 0.42164458 0.4898931 
0.92062373 0.34881478 0.65552938 0.44252502 0.40699292 0.28641498  0.59426822 0.33211765 0.70598584 0.65264816 0.39815185 0.26029191  0.62631139 0.34266354 0.40873449 0.52132019
0.92062373 0.34881478 0.65552938 0.44252502 0.40699292 0.28641498  0.59426822 0.33211765 0.70598584 0.65264816 0.39815185 0.26029191  0.62631139 0.34266354 0.40873449 0.52132019
0.90578782 0.32570358 0.56848605 0.43952653 0.29985963 0.28187601  0.56476474 0.33930496 0.63355836 0.62909331 0.41490307 0.28952623  0.61244206 0.35857822 0.47898138 0.47227237
0.88400757 0.29284368 0.44954033 0.42803871 0.2651906  0.31518199  0.52395752 0.39179528 0.58577435 0.7317594  0.47173548 0.37522372  0.59883305 0.4260527  0.38110441 0.45418099
0.87400202 0.2643708  0.3844519  0.44115725 0.25358316 0.3292952  0.51007474 0.40295612 0.56182813 0.74903252 0.53230376 0.47216084  0.6617791  0.38214295 0.41189202 0.45875606
0.87162373 0.26033444 0.36970219 0.44966478 0.24436718 0.34944949  0.49192271 0.39261791 0.51857161 0.69060911 0.54971801 0.51739344  0.67779804 0.36369575 0.43563998 0.44083448
0.86973296 0.25658475 0.35765527 0.45678429 0.2284715  0.36224174  0.47421947 0.38281792 0.47760968 0.62601638 0.56619593 0.55490047  0.66435592 0.36158197 0.47022302 0.44439594
0.84528455 0.24733886 0.25398796 0.40402689 0.27048069 0.42090266  0.40606072 0.42294164 0.4119124  0.6331611  0.56309832 0.55356487  0.59357533 0.40490685 0.42789867 0.42043753
0.84528455 0.24733886 0.25398796 0.40402689 0.27048069 0.42090266  0.40606072 0.42294164 0.4119124  0.6331611  0.56309832 0.55356487  0.59357533 0.40490685 0.42789867 0.42043753
0.84528455 0.24733886 0.25398796 0.40402689 0.27048069 0.42090266  0.40606072 0.42294164 0.4119124  0.6331611  0.56309832 0.55356487  0.59357533 0.40490685 0.42789867 0.42043753
0.8492065  0.23064151 0.25149067 0.44165886 0.2918969  0.44932012  0.43097215 0.44401758 0.42002523 0.62313426 0.53603534 0.54765953  0.57638474 0.44369983 0.42418    0.40943888
0.86457909 0.17067951 0.2380514  0.5297006  0.34383535 0.51302688  0.41720367 0.4382213  0.32751288 0.61180913 0.55017483 0.43778645  0.6062211  0.39910514 0.5190417  0.45660912
0.87027303 0.14720208 0.23181554 0.5746895  0.37356119 0.55271265  0.43455324 0.44984127 0.31076616 0.59611221 0.52132905 0.40244607  0.61286129 0.40386186 0.58404046 0.44127737
0.85817713 0.15521506 0.1994694  0.54472369 0.39696694 0.5572967  0.44103372 0.46495929 0.36068743 0.59162223 0.49712623 0.38511628  0.54954933 0.3826393  0.58000068 0.52019657
0.85817713 0.15521506 0.1994694  0.54472369 0.39696694 0.5572967  0.44103372 0.46495929 0.36068743 0.59162223 0.49712623 0.38511628  0.54954933 0.3826393  0.58000068 0.52019657
0.85410093 0.1657409  0.18936274 0.51740719 0.39400671 0.57676094  0.39477941 0.4617965  0.27970172 0.55082115 0.48571538 0.36631048  0.52680843 0.4565308  0.60886141 0.44896593
0.8590023  0.14439095 0.18542972 0.56411969 0.41862872 0.61349277  0.41692679 0.48429807 0.26522697 0.53744627 0.46614431 0.34973141  0.52875955 0.46861553 0.65036484 0.43303872
0.8590023  0.14439095 0.18542972 0.56411969 0.41862872 0.61349277  0.41692679 0.48429807 0.26522697 0.53744627 0.46614431 0.34973141  0.52875955 0.46861553 0.65036484 0.43303872
0.84762212 0.14938258 0.1509395  0.53734556 0.4489807  0.62894312  0.41676858 0.49872891 0.3004196  0.51707868 0.42507608 0.31546663  0.48243719 0.41388851 0.67534679 0.46828729
0.84762212 0.14938258 0.1509395  0.53734556 0.4489807  0.62894312  0.41676858 0.49872891 0.3004196  0.51707868 0.42507608 0.31546663  0.48243719 0.41388851 0.67534679 0.46828729
0.84762212 0.14938258 0.1509395  0.53734556 0.4489807  0.62894312  0.41676858 0.49872891 0.3004196  0.51707868 0.42507608 0.31546663  0.48243719 0.41388851 0.67534679 0.46828729
0.84762212 0.14938258 0.1509395  0.53734556 0.4489807  0.62894312  0.41676858 0.49872891 0.3004196  0.51707868 0.42507608 0.31546663  0.48243719 0.41388851 0.67534679 0.46828729
0.83607603 0.16343542 0.12237709 0.50908085 0.46940579 0.65371972  0.40356633 0.49449849 0.33531914 0.46346385 0.3867347  0.29476344  0.46246116 0.40498663 0.61536715 0.53681494
0.8237513  0.17808131 0.09472352 0.4829766  0.4992422  0.6745162  0.40938504 0.48870988 0.38264125 0.41379936 0.34153283 0.26572659  0.47866293 0.36523656 0.60974161 0.57317477
0.81537622 0.20344082 0.08762222 0.44582851 0.51047077 0.69919957  0.39586853 0.48477267 0.3774267  0.35938579 0.24306986 0.23433486  0.46590999 0.34861932 0.64853095 0.49091055
0.81537622 0.20344082 0.08762222 0.44582851 0.51047077 0.69919957  0.39586853 0.48477267 0.3774267  0.35938579 0.24306986 0.23433486  0.46590999 0.34861932 0.64853095 0.49091055
0.81537622 0.20344082 0.08762222 0.44582851 0.51047077 0.69919957  0.39586853 0.48477267 0.3774267  0.35938579 0.24306986 0.23433486  0.46590999 0.34861932 0.64853095 0.49091055
0.81537622 0.20344082 0.08762222 0.44582851 0.51047077 0.69919957  0.39586853 0.48477267 0.3774267  0.35938579 0.24306986 0.23433486  0.46590999 0.34861932 0.64853095 0.49091055
0.7999243  0.21680584 0.06448215 0.43800745 0.53454427 0.68227344  0.44063796 0.47448422 0.42798535 0.34064545 0.2853728  0.22928475  0.47183348 0.35638064 0.70455434 0.55918981
0.78817607 0.26302502 0.06857775 0.35406627 0.49283751 0.63830705  0.41834167 0.45961286 0.45936566 0.33481898 0.2756219  0.28410112  0.49399823 0.29249921 0.73112982 0.48812256
0.7832747  0.28437498 0.07251078 0.30735378 0.4682155  0.60157522  0.39619429 0.43711129 0.47384042 0.34819386 0.29519297 0.30068019  0.49204711 0.28041448 0.68962639 0.50404977
0.7150525  0.42700375 0.0540391  0.21628062 0.43858662 0.4934386  0.47775489 0.28014591 0.62371729 0.30780478 0.40908699 0.41542363  0.60951428 0.36971467 0.58542089 0.42791792
0.64471685 0.54597324 0.04491397 0.24711559 0.43660447 0.45485053  0.57435893 0.14724179 0.66286866 0.35375389 0.43801361 0.49394884  0.59212676 0.51612949 0.6061019  0.41524588
0.60087978 0.6395923  0.05594569 0.30492914 0.4076458  0.53221942  0.64387106 0.15389081 0.55474973 0.41789498 0.40340217 0.50088291  0.6158481  0.52656429 0.63846324 0.4394358 
0.54957617 0.68058048 0.05749998 0.39470474 0.42717006 0.48530658  0.62755419 0.151259   0.50860604 0.44713143 0.44730602 0.49279641  0.45177253 0.43287735 0.62860951 0.37937772
0.41202758 0.72616447 0.08673886 0.53516198 0.47432695 0.27440179  0.60296124 0.35123016 0.34813272 0.40728805 0.46167905 0.4577295  0.34592514 0.39466333 0.57184096 0.29906361
0.3069406  0.69900486 0.13595492 0.57160495 0.47324793 0.1819387  0.5752299  0.46946107 0.23396006 0.39987129 0.32109942 0.47729508  0.39009376 0.37336736 0.43739786 0.39500839
0.23263438 0.62076669 0.17997944 0.55185723 0.46424879 0.18369552  0.540845   0.48661039 0.22465944 0.41715526 0.18913658 0.50858449  0.53975143 0.3560962  0.40794908 0.53031746
0.1234861  0.51654246 0.25523885 0.52229453 0.42027218 0.27466894  0.45908465 0.51873701 0.31559885 0.39553528 0.19247021 0.49167978  0.6872911  0.3576488  0.3385896  0.581581  
0.07102051 0.46648761 0.29681783 0.49538875 0.38534053 0.36816237  0.42637893 0.52216562 0.40838993 0.37342912 0.31490181 0.45582256  0.6405316  0.37092096 0.3395245  0.50760399
0.01779563 0.38669558 0.33863985 0.42004769 0.35385851 0.46460162  0.48109267 0.47190843 0.43452283 0.38595027 0.3992976  0.44733029  0.52908455 0.38078184 0.39373238 0.44873962
0.01779563 0.38669558 0.33863985 0.42004769 0.35385851 0.46460162  0.48109267 0.47190843 0.43452283 0.38595027 0.3992976  0.44733029  0.52908455 0.38078184 0.39373238 0.44873962
0.01779563 0.38669558 0.33863985 0.42004769 0.35385851 0.46460162  0.48109267 0.47190843 0.43452283 0.38595027 0.3992976  0.44733029  0.52908455 0.38078184 0.39373238 0.44873962
0.00039479 0.36283831 0.35232302 0.39930133 0.34523319 0.50234819  0.48417291 0.45702496 0.47508945 0.39693445 0.45000532 0.44589633  0.47476172 0.42761975 0.50206904 0.41641874
0.00039479 0.36283831 0.35232302 0.39930133 0.34523319 0.50234819  0.48417291 0.45702496 0.47508945 0.39693445 0.45000532 0.44589633  0.47476172 0.42761975 0.50206904 0.41641874
0.00039479 0.36283831 0.35232302 0.39930133 0.34523319 0.50234819  0.48417291 0.45702496 0.47508945 0.39693445 0.45000532 0.44589633  0.47476172 0.42761975 0.50206904 0.41641874
0.00039479 0.36283831 0.35232302 0.39930133 0.34523319 0.50234819  0.48417291 0.45702496 0.47508945 0.39693445 0.45000532 0.44589633  0.47476172 0.42761975 0.50206904 0.41641874
0.00039479 0.36283831 0.35232302 0.39930133 0.34523319 0.50234819  0.48417291 0.45702496 0.47508945 0.39693445 0.45000532 0.44589633  0.47476172 0.42761975 0.50206904 0.41641874
0.00039479 0.36283831 0.35232302 0.39930133 0.34523319 0.50234819  0.48417291 0.45702496 0.47508945 0.39693445 0.45000532 0.44589633  0.47476172 0.42761975 0.50206904 0.41641874
0.00039479 0.36283831 0.35232302 0.39930133 0.34523319 0.50234819  0.48417291 0.45702496 0.47508945 0.39693445 0.45000532 0.44589633  0.47476172 0.42761975 0.50206904 0.41641874
0.00039479 0.36283831 0.35232302 0.39930133 0.34523319 0.50234819  0.48417291 0.45702496 0.47508945 0.39693445 0.45000532 0.44589633  0.47476172 0.42761975 0.50206904 0.41641874
0.00039479 0.36283831 0.35232302 0.39930133 0.34523319 0.50234819  0.48417291 0.45702496 0.47508945 0.39693445 0.45000532 0.44589633  0.47476172 0.42761975 0.50206904 0.41641874
0.00039479 0.36283831 0.35232302 0.39930133 0.34523319 0.50234819  0.48417291 0.45702496 0.47508945 0.39693445 0.45000532 0.44589633  0.47476172 0.42761975 0.50206904 0.41641874
0.00039479 0.36283831 0.35232302 0.39930133 0.34523319 0.50234819  0.48417291 0.45702496 0.47508945 0.39693445 0.45000532 0.44589633  0.47476172 0.42761975 0.50206904 0.41641874
0.00039479 0.36283831 0.35232302 0.39930133 0.34523319 0.50234819  0.48417291 0.45702496 0.47508945 0.39693445 0.45000532 0.44589633  0.47476172 0.42761975 0.50206904 0.41641874
0.00039479 0.36283831 0.35232302 0.39930133 0.34523319 0.50234819  0.48417291 0.45702496 0.47508945 0.39693445 0.45000532 0.44589633  0.47476172 0.42761975 0.50206904 0.41641874
0.00039479 0.36283831 0.35232302 0.39930133 0.34523319 0.50234819  0.48417291 0.45702496 0.47508945 0.39693445 0.45000532 0.44589633  0.47476172 0.42761975 0.50206904 0.41641874
0.00039479 0.36283831 0.35232302 0.39930133 0.34523319 0.50234819  0.48417291 0.45702496 0.47508945 0.39693445 0.45000532 0.44589633  0.47476172 0.42761975 0.50206904 0.41641874
