0.00039479 0.36283831 0.35232302 0.39930133 0.34523319 0.50234819  0.48417291 0.45702496 0.47508945 0.39693445 0.45000532 0.44589633  0.47476172 0.42761975 0.50206904 0.41641874
0.00039479 0.36283831 0.35232302 0.39930133 0.34523319 0.50234819  0.48417291 0.45702496 0.47508945 0.39693445 0.45000532 0.44589633  0.47476172 0.42761975 0.50206904 0.41641874
0.00039479 0.36283831 0.35232302 0.39930133 0.34523319 0.50234819  0.48417291 0.45702496 0.47508945 0.39693445 0.45000532 0.44589633  0.47476172 0.42761975 0.50206904 0.41641874
0.00039479 0.36283831 0.35232302 0.39930133 0.34523319 0.50234819  0.48417291 0.45702496 0.47508945 0.39693445 0.45000532 0.44589633  0.47476172 0.42761975 0.50206904 0.41641874
0.00039479 0.36283831 0.35232302 0.39930133 0.34523319 0.50234819  0.48417291 0.45702496 0.47508945 0.39693445 0.45000532 0.44589633  0.47476172 0.42761975 0.50206904 0.41641874
0.00039479 0.36283831 0.35232302 0.39930133 0.34523319 0.50234819  0.48417291 0.45702496 0.47508945 0.39693445 0.45000532 0.44589633  0.47476172 0.42761975 0.50206904 0.41641874
0.00039479 0.36283831 0.35232302 0.39930133 0.34523319 0.50234819  0.48417291 0.45702496 0.47508945 0.39693445 0.45000532 0.44589633  0.47476172 0.42761975 0.50206904 0.41641874
0.00039479 0.36283831 0.35232302 0.39930133 0.34523319 0.50234819  0.48417291 0.45702496 0.47508945 0.39693445 0.45000532 0.44589633  0.47476172 0.42761975 0.50206904 0.41641874
0.00039479 0.36283831 0.35232302 0.39930133 0.34523319 0.50234819  0.48417291 0.45702496 0.47508945 0.39693445 0.45000532 0.44589633  0.47476172 0.42761975 0.50206904 0.41641874
0.00039479 0.36283831 0.35232302 0.39930133 0.34523319 0.50234819  0.48417291 0.45702496 0.47508945 0.39693445 0.45000532 0.44589633  0.47476172 0.42761975 0.50206904 0.41641874
0.00039479 0.36283831 0.35232302 0.39930133 0.34523319 0.50234819  0.48417291 0.45702496 0.47508945 0.39693445 0.45000532 0.44589633  0.47476172 0.42761975 0.50206904 0.41641874
0.00039479 0.36283831 0.35232302 0.39930133 0.34523319 0.50234819  0.48417291 0.45702496 0.47508945 0.39693445 0.45000532 0.44589633  0.47476172 0.42761975 0.50206904 0.41641874
0.00039479 0.36283831 0.35232302 0.39930133 0.34523319 0.50234819  0.48417291 0.45702496 0.47508945 0.39693445 0.45000532 0.44589633  0.47476172 0.42761975 0.50206904 0.41641874
0.00039479 0.36283831 0.35232302 0.39930133 0.34523319 0.50234819  0.48417291 0.45702496 0.47508945 0.39693445 0.45000532 0.44589633  0.47476172 0.42761975 0.50206904 0.41641874
0.00039479 0.36283831 0.35232302 0.39930133 0.34523319 0.50234819  0.48417291 0.45702496 0.47508945 0.39693445 0.45000532 0.44589633  0.47476172 0.42761975 0.50206904 0.41641874
0.00039479 0.36283831 0.35232302 0.39930133 0.34523319 0.50234819  0.48417291 0.45702496 0.47508945 0.39693445 0.45000532 0.44589633  0.47476172 0.42761975 0.50206904 0.41641874
0.00039479 0.36283831 0.35232302 0.39930133 0.34523319 0.50234819  0.48417291 0.45702496 0.47508945 0.39693445 0.45000532 0.44589633  0.47476172 0.42761975 0.50206904 0.41641874
0.00039479 0.36283831 0.35232302 0.39930133 0.34523319 0.50234819  0.48417291 0.45702496 0.47508945 0.39693445 0.45000532 0.44589633  0.47476172 0.42761975 0.50206904 0.41641874
0.00039479 0.36283831 0.35232302 0.39930133 0.34523319 0.50234819  0.48417291 0.45702496 0.47508945 0.39693445 0.45000532 0.44589633  0.47476172 0.42761975 0.50206904 0.41641874
0.00039479 0.36283831 0.35232302 0.39930133 0.34523319 0.50234819  0.48417291 0.45702496 0.47508945 0.39693445 0.45000532 0.44589633  0.47476172 0.42761975 0.50206904 0.41641874
0.00039479 0.36283831 0.35232302 0.39930133 0.34523319 0.50234819  0.48417291 0.45702496 0.47508945 0.39693445 0.45000532 0.44589633  0.47476172 0.42761975 0.50206904 0.41641874
0.00039479 0.36283831 0.35232302 0.39930133 0.34523319 0.50234819  0.48417291 0.45702496 0.47508945 0.39693445 0.45000532 0.44589633  0.47476172 0.42761975 0.50206904 0.41641874
0.00039479 0.36283831 0.35232302 0.39930133 0.34523319 0.50234819  0.48417291 0.45702496 0.47508945 0.39693445 0.45000532 0.44589633  0.47476172 0.42761975 0.50206904 0.41641874
0.00039479 0.36283831 0.35232302 0.39930133 0.34523319 0.50234819  0.48417291 0.45702496 0.47508945 0.39693445 0.45000532 0.44589633  0.47476172 0.42761975 0.50206904 0.41641874
0.00039479 0.36283831 0.35232302 0.39930133 0.34523319 0.50234819  0.48417291 0.45702496 0.47508945 0.39693445 0.45000532 0.44589633  0.47476172 0.42761975 0.50206904 0.41641874
0.00039479 0.36283831 0.35232302 0.39930133 0.34523319 0.50234819  0.48417291 0.45702496 0.47508945 0.39693445 0.45000532 0.44589633  0.47476172 0.42761975 0.50206904 0.41641874
0.00039479 0.36283831 0.35232302 0.39930133 0.34523319 0.50234819  0.48417291 0.45702496 0.47508945 0.39693445 0.45000532 0.44589633  0.47476172 0.42761975 0.50206904 0.41641874
0.00039479 0.36283831 0.35232302 0.39930133 0.34523319 0.50234819  0.48417291 0.45702496 0.47508945 0.39693445 0.45000532 0.44589633  0.47476172 0.42761975 0.50206904 0.41641874
0.00039479 0.36283831 0.35232302 0.39930133 0.34523319 0.50234819  0.48417291 0.45702496 0.47508945 0.39693445 0.45000532 0.44589633  0.47476172 0.42761975 0.50206904 0.41641874
0.00039479 0.36283831 0.35232302 0.39930133 0.34523319 0.50234819  0.48417291 0.45702496 0.47508945 0.39693445 0.45000532 0.44589633  0.47476172 0.42761975 0.50206904 0.41641874
0.00039479 0.36283831 0.35232302 0.39930133 0.34523319 0.50234819  0.48417291 0.45702496 0.47508945 0.39693445 0.45000532 0.44589633  0.47476172 0.42761975 0.50206904 0.41641874
0.00039479 0.36283831 0.35232302 0.39930133 0.34523319 0.50234819  0.48417291 0.45702496 0.47508945 0.39693445 0.45000532 0.44589633  0.47476172 0.42761975 0.50206904 0.41641874
0.00039479 0.36283831 0.35232302 0.39930133 0.34523319 0.50234819  0.48417291 0.45702496 0.47508945 0.39693445 0.45000532 0.44589633  0.47476172 0.42761975 0.50206904 0.41641874
0.00039479 0.36283831 0.35232302 0.39930133 0.34523319 0.50234819  0.48417291 0.45702496 0.47508945 0.39693445 0.45000532 0.44589633  0.47476172 0.42761975 0.50206904 0.41641874
0.00039479 0.36283831 0.35232302 0.39930133 0.34523319 0.50234819  0.48417291 0.45702496 0.47508945 0.39693445 0.45000532 0.44589633  0.47476172 0.42761975 0.50206904 0.41641874
0.00039479 0.36283831 0.35232302 0.39930133 0.34523319 0.50234819  0.48417291 0.45702496 0.47508945 0.39693445 0.45000532 0.44589633  0.47476172 0.42761975 0.50206904 0.41641874
0.00039479 0.36283831 0.35232302 0.39930133 0.34523319 0.50234819  0.48417291 0.45702496 0.47508945 0.39693445 0.45000532 0.44589633  0.47476172 0.42761975 0.50206904 0.41641874
0.00039479 0.36283831 0.35232302 0.39930133 0.34523319 0.50234819  0.48417291 0.45702496 0.47508945 0.39693445 0.45000532 0.44589633  0.47476172 0.42761975 0.50206904 0.41641874
0.00039479 0.36283831 0.35232302 0.39930133 0.34523319 0.50234819  0.48417291 0.45702496 0.47508945 0.39693445 0.45000532 0.44589633  0.47476172 0.42761975 0.50206904 0.41641874
0.00039479 0.36283831 0.35232302 0.39930133 0.34523319 0.50234819  0.48417291 0.45702496 0.47508945 0.39693445 0.45000532 0.44589633  0.47476172 0.42761975 0.50206904 0.41641874
0.03525649 0.41685964 0.32437467 0.45347996 0.36854765 0.43569141  0.43485985 0.4975719  0.47652552 0.39120509 0.39620065 0.45304628  0.55757342 0.45566594 0.52722734 0.46096477
0.12822398 0.51233079 0.28446045 0.48095293 0.3430834  0.54273707  0.39495011 0.45602887 0.59505121 0.43099511 0.51161447 0.45096188  0.44506859 0.48108869 0.62803155 0.43553529
0.36430328 0.72958404 0.17535625 0.55071153 0.32925892 0.57485296  0.34146276 0.50257438 0.57448146 0.46502654 0.40047468 0.47894818  0.51753992 0.37489159 0.49443729 0.56065586
0.54644978 0.77232352 0.09582484 0.34712351 0.34185412 0.61325183  0.71214736 0.45680348 0.41778916 0.41562658 0.56980044 0.43204295  0.55008453 0.4215556  0.49818758 0.48664996
0.62964615 0.67993392 0.12824543 0.21117154 0.29032701 0.64523296  0.62443677 0.6825204  0.42065696 0.40086651 0.42113481 0.45573688  0.62286445 0.37810761 0.55117293 0.53012125
0.77045293 0.38261378 0.11810865 0.13503757 0.33883886 0.48945744  0.34555663 0.43957064 0.56631317 0.37898498 0.25354133 0.50240491  0.4553934  0.28566417 0.47715708 0.3362237 
0.78582552 0.32265179 0.10466938 0.22307931 0.39077731 0.5531642  0.33178815 0.43377435 0.47380082 0.36765984 0.26768082 0.39253183  0.48522975 0.24106947 0.57201878 0.38339394
0.81459772 0.27260311 0.15695233 0.32416076 0.36513782 0.54432295  0.36131907 0.46629496 0.37710441 0.45756427 0.33165299 0.42569279  0.49095514 0.30180615 0.67912738 0.26257925
0.84370017 0.16607993 0.15343679 0.49971359 0.42756449 0.60052565  0.39185715 0.47765297 0.29230676 0.52710552 0.45213906 0.32137197  0.49962778 0.37509553 0.67906545 0.47928594
0.8574643  0.14991787 0.18759729 0.56006466 0.41030277 0.60575622  0.42529184 0.489403   0.2818777  0.53088859 0.46965562 0.39291465  0.53105733 0.44841979 0.62892177 0.40746217
0.85930201 0.14115723 0.18691148 0.58692514 0.42301806 0.62510682  0.45469511 0.51520286 0.30926149 0.51273161 0.4390743  0.42838614  0.50586446 0.47421857 0.59601983 0.36105093
0.86184662 0.12955746 0.18483368 0.61918041 0.44189956 0.65117627  0.48719819 0.54152021 0.33516571 0.49031074 0.39890954 0.45305119  0.4815957  0.50349587 0.58160661 0.30761602
0.88109605 0.09248121 0.21852828 0.7223051  0.44452901 0.67572901  0.54542624 0.55655184 0.34167615 0.49592347 0.40786544 0.49890572  0.55368418 0.51193129 0.56401032 0.26257802
0.88109605 0.09248121 0.21852828 0.7223051  0.44452901 0.67572901  0.54542624 0.55655184 0.34167615 0.49592347 0.40786544 0.49890572  0.55368418 0.51193129 0.56401032 0.26257802
0.88109605 0.09248121 0.21852828 0.7223051  0.44452901 0.67572901  0.54542624 0.55655184 0.34167615 0.49592347 0.40786544 0.49890572  0.55368418 0.51193129 0.56401032 0.26257802
0.88109605 0.09248121 0.21852828 0.7223051  0.44452901 0.67572901  0.54542624 0.55655184 0.34167615 0.49592347 0.40786544 0.49890572  0.55368418 0.51193129 0.56401032 0.26257802
0.88109605 0.09248121 0.21852828 0.7223051  0.44452901 0.67572901  0.54542624 0.55655184 0.34167615 0.49592347 0.40786544 0.49890572  0.55368418 0.51193129 0.56401032 0.26257802
0.88109605 0.09248121 0.21852828 0.7223051  0.44452901 0.67572901  0.54542624 0.55655184 0.34167615 0.49592347 0.40786544 0.49890572  0.55368418 0.51193129 0.56401032 0.26257802
0.88109605 0.09248121 0.21852828 0.7223051  0.44452901 0.67572901  0.54542624 0.55655184 0.34167615 0.49592347 0.40786544 0.49890572  0.55368418 0.51193129 0.56401032 0.26257802
0.88109605 0.09248121 0.21852828 0.7223051  0.44452901 0.67572901  0.54542624 0.55655184 0.34167615 0.49592347 0.40786544 0.49890572  0.55368418 0.51193129 0.56401032 0.26257802
0.86210198 0.13019918 0.18295594 0.60088832 0.4386652  0.64503998  0.44356458 0.50979175 0.27526188 0.50498414 0.42572724 0.37007432  0.53085633 0.45370832 0.65422483 0.35279289
0.84370017 0.16607993 0.15343679 0.49971359 0.42756449 0.60052565  0.39185715 0.47765297 0.29230676 0.52710552 0.45213906 0.32137197  0.49962778 0.37509553 0.67906545 0.47928594
0.79642084 0.2778244  0.09450049 0.3147807  0.44512516 0.6295818  0.3712851  0.4678959  0.44257934 0.33858804 0.21926397 0.34061237  0.49382107 0.25791092 0.67852096 0.35213498
0.77821413 0.35250937 0.11078182 0.17848262 0.36559738 0.52350332  0.33864324 0.43382403 0.52273208 0.37314048 0.25354835 0.44652416  0.47235953 0.26329985 0.53308895 0.3562632 
0.75500101 0.3959788  0.09496858 0.12721651 0.36291236 0.47253131  0.39032606 0.42928219 0.61687182 0.36024464 0.29584427 0.49735479  0.46131689 0.29342549 0.53318046 0.40450296
0.65908621 0.61824347 0.11569324 0.17413446 0.30304664 0.60191079  0.59958086 0.55400749 0.48980767 0.39599785 0.30536101 0.5050602  0.62281726 0.49188579 0.6816151  0.53657631
0.52801598 0.77829598 0.09084452 0.3890148  0.35596765 0.58298964  0.68654495 0.3870807  0.43965569 0.445569   0.55220238 0.45781893  0.46132665 0.40652703 0.54843868 0.47061736
0.49362571 0.81124581 0.1016175  0.47514645 0.3390896  0.61266162  0.60791633 0.33866394 0.42945969 0.47868133 0.51729227 0.46887136  0.35637887 0.33670351 0.41965302 0.46160683
0.31057296 0.70310714 0.20016539 0.56758487 0.31823045 0.60841373  0.31211331 0.44654194 0.6163957  0.47620037 0.39900598 0.48758083  0.5605385  0.38828215 0.50747314 0.56673529
0.14388741 0.56157058 0.25193824 0.56173362 0.3947412  0.36174341  0.36258237 0.52690665 0.47540666 0.40886073 0.33664702 0.47400091  0.55588178 0.40675498 0.50450666 0.51185432
0.01865742 0.3880557  0.34025579 0.41843982 0.3494262  0.49750935  0.46205159 0.46401308 0.50597385 0.40376969 0.46950961 0.4478266  0.44969389 0.45506031 0.57557814 0.40855754
0.01136472 0.42094568 0.47396275 0.30006319 0.69647902 0.58926216  0.39118624 0.46464089 0.40354071 0.45829686 0.56265125 0.60420067  0.52858834 0.38884334 0.49475597 0.37568202
0.02223567 0.46069147 0.55928756 0.25928077 0.81886012 0.60300232  0.37261964 0.46105042 0.41210117 0.46531363 0.53684182 0.55312606  0.50163801 0.39651045 0.48433134 0.35133686
0.02522417 0.47040355 0.58185981 0.24004343 0.87409045 0.60247167  0.37383222 0.46818521 0.43064131 0.51365837 0.53420589 0.54398562  0.52045604 0.3930009  0.4652954  0.34843811
0.03148691 0.49134796 0.63035953 0.22259771 0.93847507 0.61096423  0.36900936 0.46880786 0.43380004 0.4928838  0.52743855 0.53754749  0.48168163 0.36520463 0.49086354 0.36152009
0.02448687 0.46883582 0.57694193 0.24441476 0.85844641 0.60085827  0.37926584 0.46644442 0.43429908 0.51633549 0.51891816 0.5154465  0.52850863 0.41260915 0.45678973 0.31793989
0.02223567 0.46069147 0.55928756 0.25928077 0.81886012 0.60300232  0.37261964 0.46105042 0.41210117 0.46531363 0.53684182 0.55312606  0.50163801 0.39651045 0.48433134 0.35133686
0.00997895 0.40799868 0.44498515 0.33342397 0.55720357 0.54805172  0.435922   0.45611516 0.4463074  0.43520615 0.46146967 0.45486222  0.48591213 0.44156232 0.48208312 0.33067684
0.00519017 0.38707796 0.40035625 0.36817681 0.44953132 0.53059839  0.45485022 0.45580258 0.45628119 0.41054923 0.45798525 0.45106005  0.47395751 0.43820836 0.48540153 0.37622897
0.00039479 0.36283831 0.35232302 0.39930133 0.34523319 0.50234819  0.48417291 0.45702496 0.47508945 0.39693445 0.45000532 0.44589633  0.47476172 0.42761975 0.50206904 0.41641874
0.00039479 0.36283831 0.35232302 0.39930133 0.34523319 0.50234819  0.48417291 0.45702496 0.47508945 0.39693445 0.45000532 0.44589633  0.47476172 0.42761975 0.50206904 0.41641874
0.00039479 0.36283831 0.35232302 0.39930133 0.34523319 0.50234819  0.48417291 0.45702496 0.47508945 0.39693445 0.45000532 0.44589633  0.47476172 0.42761975 0.50206904 0.41641874
0.00039479 0.36283831 0.35232302 0.39930133 0.34523319 0.50234819  0.48417291 0.45702496 0.47508945 0.39693445 0.45000532 0.44589633  0.47476172 0.42761975 0.50206904 0.41641874
0.10663576 0.51871013 0.27094966 0.54157859 0.40127079 0.33183969  0.37758862 0.5497827  0.44588136 0.37796843 0.31336073 0.46103582  0.65335276 0.42065754 0.44179746 0.51834321
0.47504771 0.81068316 0.10684289 0.50897495 0.34185231 0.59683515  0.55071348 0.33984459 0.45412722 0.50016313 0.47218942 0.48944874  0.35304037 0.33302527 0.44791077 0.4867838 
0.47504771 0.81068316 0.10684289 0.50897495 0.34185231 0.59683515  0.55071348 0.33984459 0.45412722 0.50016313 0.47218942 0.48944874  0.35304037 0.33302527 0.44791077 0.4867838 
0.49362571 0.81124581 0.1016175  0.47514645 0.3390896  0.61266162  0.60791633 0.33866394 0.42945969 0.47868133 0.51729227 0.46887136  0.35637887 0.33670351 0.41965302 0.46160683
0.51122529 0.79950986 0.09455724 0.43195576 0.3493868  0.5994669  0.66683861 0.34610602 0.416032   0.46732754 0.53386627 0.462384  0.40329739 0.37544479 0.47961754 0.45658068
0.51122529 0.79950986 0.09455724 0.43195576 0.3493868  0.5994669  0.66683861 0.34610602 0.416032   0.46732754 0.53386627 0.462384  0.40329739 0.37544479 0.47961754 0.45658068
0.51122529 0.79950986 0.09455724 0.43195576 0.3493868  0.5994669  0.66683861 0.34610602 0.416032   0.46732754 0.53386627 0.462384  0.40329739 0.37544479 0.47961754 0.45658068
0.51122529 0.79950986 0.09455724 0.43195576 0.3493868  0.5994669  0.66683861 0.34610602 0.416032   0.46732754 0.53386627 0.462384  0.40329739 0.37544479 0.47961754 0.45658068
0.54586244 0.77974689 0.12267476 0.39836867 0.29679893 0.68115205  0.59554768 0.40168778 0.37523608 0.47557271 0.37358206 0.4789511  0.49127868 0.3460347  0.38172529 0.46165898
0.54586244 0.77974689 0.12267476 0.39836867 0.29679893 0.68115205  0.59554768 0.40168778 0.37523608 0.47557271 0.37358206 0.4789511  0.49127868 0.3460347  0.38172529 0.46165898
0.52826285 0.79148284 0.12973501 0.44155936 0.28650172 0.69434677  0.53662539 0.39424571 0.38866377 0.4869265  0.35700807 0.48543846  0.44436016 0.30729342 0.32176077 0.46668513
0.55293027 0.79413103 0.27282835 0.51418395 0.19052512 0.7016238  0.43408997 0.3925053  0.39054901 0.44122971 0.41874902 0.46751549  0.51641465 0.44164585 0.18240977 0.36113715
0.56651143 0.82206315 0.41928111 0.59608626 0.14951105 0.70305388  0.36340899 0.3583382  0.40725253 0.36326212 0.43145242 0.42637467  0.57650003 0.45859157 0.1813325  0.2859791 
0.59672414 0.83494014 0.54570408 0.63933452 0.14043329 0.67310198  0.36313502 0.30743886 0.34793201 0.25861628 0.46691289 0.44502662  0.55773912 0.4357549  0.29280218 0.28592822
0.59672414 0.83494014 0.54570408 0.63933452 0.14043329 0.67310198  0.36313502 0.30743886 0.34793201 0.25861628 0.46691289 0.44502662  0.55773912 0.4357549  0.29280218 0.28592822
0.59672414 0.83494014 0.54570408 0.63933452 0.14043329 0.67310198  0.36313502 0.30743886 0.34793201 0.25861628 0.46691289 0.44502662  0.55773912 0.4357549  0.29280218 0.28592822
0.61622218 0.82136422 0.5901381  0.63268786 0.14016674 0.65225912  0.33862264 0.34439399 0.34559753 0.27054578 0.4100073  0.40348824  0.40851586 0.35877424 0.34440502 0.25744693
0.69447708 0.72675005 0.62782869 0.52271421 0.10349938 0.60499982  0.35453162 0.57661544 0.3326262  0.26169714 0.4739623  0.40330429  0.46493997 0.32909896 0.53675888 0.2332967 
0.71019585 0.70143239 0.63468092 0.49637371 0.09760325 0.59096203  0.33211123 0.64924701 0.32945034 0.2786531  0.46043026 0.41295531  0.40986623 0.30691063 0.55748103 0.2453729 
0.76864298 0.63300096 0.53041901 0.35355271 0.12612069 0.5097146  0.56245332 0.66374088 0.18571434 0.37064212 0.44553514 0.4933866  0.53736541 0.3646527  0.71943691 0.25809518
0.78071783 0.64945327 0.5955249  0.36574345 0.12892702 0.4836949  0.5927633  0.64400996 0.24358217 0.33127478 0.4209086  0.47090247  0.49396938 0.32293192 0.74215321 0.33680876
0.77756357 0.63383562 0.56605028 0.37879768 0.08686571 0.467947  0.61039125 0.64732199 0.25670164 0.34320474 0.42715077 0.48187635  0.51429104 0.31576723 0.74721964 0.35960841
0.83037424 0.51656835 0.5558398  0.35083904 0.10160642 0.37028346  0.58489038 0.51809926 0.37752162 0.37835521 0.41851393 0.56971687  0.56392682 0.53534136 0.78754318 0.45717753
0.84685633 0.47067198 0.55943826 0.38259851 0.12056978 0.32724  0.59369027 0.50674472 0.48343246 0.39209407 0.49262202 0.56397185  0.56662063 0.39953026 0.66465788 0.50135259
0.90023233 0.35498611 0.57599486 0.41638944 0.22281222 0.27189668  0.5269737  0.29858082 0.59718952 0.43008945 0.43435527 0.41645969  0.54660143 0.32843981 0.53991564 0.49868521
0.90346391 0.34262018 0.57984061 0.45191635 0.2274312  0.272616  0.56677079 0.30765452 0.6455084  0.44123904 0.44617133 0.45088978  0.57256853 0.27685969 0.52199824 0.54356507
0.92192985 0.23871195 0.53276734 0.5968867  0.28728096 0.36231235  0.55691883 0.30497719 0.50788227 0.4376233  0.5075608  0.3464921  0.62226633 0.23469265 0.62776974 0.68622376
0.92435323 0.17683603 0.4734213  0.69511158 0.33033944 0.4581485  0.58941821 0.35228528 0.44038561 0.41854608 0.47745261 0.33951951  0.67815082 0.21818586 0.7626248  0.5798805 
0.92347986 0.14732837 0.43892745 0.73658797 0.33537026 0.49282458  0.60334131 0.37786962 0.42403341 0.41982682 0.48579915 0.38222109  0.69198435 0.2708006  0.74439812 0.5765021 
0.92840842 0.12455818 0.43651994 0.80242018 0.36734202 0.53957494  0.66912087 0.43036784 0.47470119 0.38082143 0.42208272 0.44416404  0.65282277 0.31867514 0.70482317 0.48649199
0.90923984 0.09316243 0.33365914 0.79870352 0.40042844 0.58995945  0.65763129 0.51091344 0.48775882 0.53064153 0.43396751 0.51667384  0.65257545 0.39188415 0.57598239 0.3855371 
0.91296047 0.07605669 0.3354985  0.85799105 0.42024232 0.61873193  0.7325067  0.55627426 0.57439828 0.48682651 0.38134038 0.60726189  0.61228322 0.39760352 0.49901214 0.34906193
0.91296047 0.07605669 0.3354985  0.85799105 0.42024232 0.61873193  0.7325067  0.55627426 0.57439828 0.48682651 0.38134038 0.60726189  0.61228322 0.39760352 0.49901214 0.34906193
0.91508895 0.0660545  0.33658346 0.89363059 0.43237733 0.63674091  0.77866005 0.58531942 0.62801421 0.45717652 0.34591317 0.66724573  0.578843   0.41908719 0.43931066 0.31721793
0.91508895 0.0660545  0.33658346 0.89363059 0.43237733 0.63674091  0.77866005 0.58531942 0.62801421 0.45717652 0.34591317 0.66724573  0.578843   0.41908719 0.43931066 0.31721793
0.91601352 0.06162465 0.33720658 0.91024098 0.43750176 0.6447033  0.80096376 0.59899959 0.65434878 0.44318339 0.3299075  0.70022909  0.56541219 0.42674928 0.4088825  0.29852615
0.91601352 0.06162465 0.33720658 0.91024098 0.43750176 0.6447033  0.80096376 0.59899959 0.65434878 0.44318339 0.3299075  0.70022909  0.56541219 0.42674928 0.4088825  0.29852615
0.91601352 0.06162465 0.33720658 0.91024098 0.43750176 0.6447033  0.80096376 0.59899959 0.65434878 0.44318339 0.3299075  0.70022909  0.56541219 0.42674928 0.4088825  0.29852615
0.91601352 0.06162465 0.33720658 0.91024098 0.43750176 0.6447033  0.80096376 0.59899959 0.65434878 0.44318339 0.3299075  0.70022909  0.56541219 0.42674928 0.4088825  0.29852615
0.91601352 0.06162465 0.33720658 0.91024098 0.43750176 0.6447033  0.80096376 0.59899959 0.65434878 0.44318339 0.3299075  0.70022909  0.56541219 0.42674928 0.4088825  0.29852615
0.90973232 0.05818451 0.30652814 0.90003427 0.43676884 0.67145874  0.75949932 0.59520576 0.58949962 0.41413273 0.35363965 0.72299895  0.57753398 0.48337109 0.38156128 0.27697529
0.90888139 0.0618525  0.30524233 0.88556306 0.43365011 0.66773685  0.7385661  0.5865549  0.56104703 0.42514873 0.36409991 0.6991173  0.58512224 0.49472068 0.4017791  0.26956976
0.90050766 0.05271755 0.26746841 0.87973205 0.46381861 0.68777553  0.75399684 0.62701541 0.58850788 0.44136023 0.32668059 0.70531616  0.52804933 0.47167424 0.40722439 0.22347832
0.88637994 0.06760733 0.22040781 0.80967477 0.47626705 0.72272131  0.65655466 0.62908501 0.46620741 0.42352263 0.31657733 0.64551789  0.46636641 0.58565501 0.414447   0.16487918
0.85838152 0.10768758 0.15184305 0.6858782  0.51319425 0.74833286  0.55766758 0.60509943 0.43194996 0.36730263 0.25458595 0.49142093  0.39725889 0.57001145 0.45392886 0.24747427
0.85838152 0.10768758 0.15184305 0.6858782  0.51319425 0.74833286  0.55766758 0.60509943 0.43194996 0.36730263 0.25458595 0.49142093  0.39725889 0.57001145 0.45392886 0.24747427
0.85760757 0.11132995 0.15234269 0.67394346 0.50637933 0.73901813  0.54219147 0.59241398 0.41415267 0.37896508 0.27545348 0.47087417  0.41788255 0.54840151 0.47896904 0.27599613
0.82335496 0.16614781 0.08457059 0.55754031 0.56318639 0.77737584  0.5137789  0.58068379 0.47939804 0.28749232 0.12657352 0.3600176  0.3778425  0.44784362 0.54248657 0.32765215
0.7877662  0.23159231 0.04996688 0.47306497 0.57007772 0.72292714  0.50864176 0.45933805 0.48068909 0.29498752 0.26670411 0.24688126  0.56576387 0.44881684 0.65304629 0.52661594
0.71414944 0.33347467 0.00989844 0.50700605 0.61735681 0.65680952  0.63386466 0.27656464 0.56719885 0.24649292 0.42084153 0.26216114  0.63001265 0.53708296 0.70060334 0.42536749
0.59067239 0.54086111 0.02871413 0.41830135 0.52985675 0.44803278  0.64289093 0.14667171 0.49771493 0.32808116 0.46077279 0.36993622  0.56964124 0.49062922 0.69905977 0.32118533
0.51237379 0.662456   0.0577088  0.41811015 0.46731224 0.3582692  0.63805373 0.19564176 0.45364423 0.40918911 0.43920851 0.4808927  0.43166748 0.451266   0.65239542 0.31674728
0.35614251 0.66250971 0.11676774 0.51049973 0.47799466 0.2428979  0.62593902 0.35305861 0.2603691  0.41590327 0.32600425 0.48478651  0.4141673  0.3418255  0.4955881  0.383362  
0.24532072 0.53240715 0.17921477 0.44536867 0.47730911 0.22582587  0.66619654 0.35929828 0.19374508 0.41200864 0.23487548 0.49595544  0.47433854 0.34111988 0.47541084 0.43916115
0.17895457 0.54101253 0.22147382 0.47772516 0.43514164 0.27175662  0.59901169 0.4366242  0.2326046  0.43139243 0.24776833 0.50422597  0.44225016 0.34812586 0.43066785 0.50015918
0.10758213 0.46983746 0.27356623 0.44628074 0.39570202 0.3518136  0.5838685  0.42386726 0.2384855  0.41493913 0.25361832 0.48862951  0.44957482 0.27461446 0.27160208 0.49178811
0.07057186 0.4363202  0.29688016 0.44476643 0.38823898 0.36908819  0.52491791 0.46269653 0.31979163 0.40788175 0.2630435  0.48417518  0.57287142 0.33420379 0.33510928 0.53324894
0.07057186 0.4363202  0.29688016 0.44476643 0.38823898 0.36908819  0.52491791 0.46269653 0.31979163 0.40788175 0.2630435  0.48417518  0.57287142 0.33420379 0.33510928 0.53324894
0.03585866 0.41212524 0.32497922 0.44119937 0.36258431 0.43456132  0.47408025 0.48300288 0.40965789 0.37891942 0.36959995 0.44872305  0.56049334 0.35167352 0.32731793 0.46450854
0.01779563 0.38669558 0.33863985 0.42004769 0.35385851 0.46460162  0.48109267 0.47190843 0.43452283 0.38595027 0.3992976  0.44733029  0.52908455 0.38078184 0.39373238 0.44873962
0.01779563 0.38669558 0.33863985 0.42004769 0.35385851 0.46460162  0.48109267 0.47190843 0.43452283 0.38595027 0.3992976  0.44733029  0.52908455 0.38078184 0.39373238 0.44873962
0.00039479 0.36283831 0.35232302 0.39930133 0.34523319 0.50234819  0.48417291 0.45702496 0.47508945 0.39693445 0.45000532 0.44589633  0.47476172 0.42761975 0.50206904 0.41641874
0.00039479 0.36283831 0.35232302 0.39930133 0.34523319 0.50234819  0.48417291 0.45702496 0.47508945 0.39693445 0.45000532 0.44589633  0.47476172 0.42761975 0.50206904 0.41641874
0.00039479 0.36283831 0.35232302 0.39930133 0.34523319 0.50234819  0.48417291 0.45702496 0.47508945 0.39693445 0.45000532 0.44589633  0.47476172 0.42761975 0.50206904 0.41641874
0.00039479 0.36283831 0.35232302 0.39930133 0.34523319 0.50234819  0.48417291 0.45702496 0.47508945 0.39693445 0.45000532 0.44589633  0.47476172 0.42761975 0.50206904 0.41641874
0.00039479 0.36283831 0.35232302 0.39930133 0.34523319 0.50234819  0.48417291 0.45702496 0.47508945 0.39693445 0.45000532 0.44589633  0.47476172 0.42761975 0.50206904 0.41641874
0.00039479 0.36283831 0.35232302 0.39930133 0.34523319 0.50234819  0.48417291 0.45702496 0.47508945 0.39693445 0.45000532 0.44589633  0.47476172 0.42761975 0.50206904 0.41641874
0.00039479 0.36283831 0.35232302 0.39930133 0.34523319 0.50234819  0.48417291 0.45702496 0.47508945 0.39693445 0.45000532 0.44589633  0.47476172 0.42761975 0.50206904 0.41641874
0.00039479 0.36283831 0.35232302 0.39930133 0.34523319 0.50234819  0.48417291 0.45702496 0.47508945 0.39693445 0.45000532 0.44589633  0.47476172 0.42761975 0.50206904 0.41641874
0.00039479 0.36283831 0.35232302 0.39930133 0.34523319 0.50234819  0.48417291 0.45702496 0.47508945 0.39693445 0.45000532 0.44589633  0.47476172 0.42761975 0.50206904 0.41641874
0.00039479 0.36283831 0.35232302 0.39930133 0.34523319 0.50234819  0.48417291 0.45702496 0.47508945 0.39693445 0.45000532 0.44589633  0.47476172 0.42761975 0.50206904 0.41641874
0.00039479 0.36283831 0.35232302 0.39930133 0.34523319 0.50234819  0.48417291 0.45702496 0.47508945 0.39693445 0.45000532 0.44589633  0.47476172 0.42761975 0.50206904 0.41641874
0.00039479 0.36283831 0.35232302 0.39930133 0.34523319 0.50234819  0.48417291 0.45702496 0.47508945 0.39693445 0.45000532 0.44589633  0.47476172 0.42761975 0.50206904 0.41641874
