0.00039479 0.36283831 0.35232302 0.39930133 0.34523319 0.50234819  0.48417291 0.45702496 0.47508945 0.39693445 0.45000532 0.44589633  0.47476172 0.42761975 0.50206904 0.41641874
0.00039479 0.36283831 0.35232302 0.39930133 0.34523319 0.50234819  0.48417291 0.45702496 0.47508945 0.39693445 0.45000532 0.44589633  0.47476172 0.42761975 0.50206904 0.41641874
0.00039479 0.36283831 0.35232302 0.39930133 0.34523319 0.50234819  0.48417291 0.45702496 0.47508945 0.39693445 0.45000532 0.44589633  0.47476172 0.42761975 0.50206904 0.41641874
0.00039479 0.36283831 0.35232302 0.39930133 0.34523319 0.50234819  0.48417291 0.45702496 0.47508945 0.39693445 0.45000532 0.44589633  0.47476172 0.42761975 0.50206904 0.41641874
0.00039479 0.36283831 0.35232302 0.39930133 0.34523319 0.50234819  0.48417291 0.45702496 0.47508945 0.39693445 0.45000532 0.44589633  0.47476172 0.42761975 0.50206904 0.41641874
0.00039479 0.36283831 0.35232302 0.39930133 0.34523319 0.50234819  0.48417291 0.45702496 0.47508945 0.39693445 0.45000532 0.44589633  0.47476172 0.42761975 0.50206904 0.41641874
0.00039479 0.36283831 0.35232302 0.39930133 0.34523319 0.50234819  0.48417291 0.45702496 0.47508945 0.39693445 0.45000532 0.44589633  0.47476172 0.42761975 0.50206904 0.41641874
0.00039479 0.36283831 0.35232302 0.39930133 0.34523319 0.50234819  0.48417291 0.45702496 0.47508945 0.39693445 0.45000532 0.44589633  0.47476172 0.42761975 0.50206904 0.41641874
0.00039479 0.36283831 0.35232302 0.39930133 0.34523319 0.50234819  0.48417291 0.45702496 0.47508945 0.39693445 0.45000532 0.44589633  0.47476172 0.42761975 0.50206904 0.41641874
0.00039479 0.36283831 0.35232302 0.39930133 0.34523319 0.50234819  0.48417291 0.45702496 0.47508945 0.39693445 0.45000532 0.44589633  0.47476172 0.42761975 0.50206904 0.41641874
0.00039479 0.36283831 0.35232302 0.39930133 0.34523319 0.50234819  0.48417291 0.45702496 0.47508945 0.39693445 0.45000532 0.44589633  0.47476172 0.42761975 0.50206904 0.41641874
0.00039479 0.36283831 0.35232302 0.39930133 0.34523319 0.50234819  0.48417291 0.45702496 0.47508945 0.39693445 0.45000532 0.44589633  0.47476172 0.42761975 0.50206904 0.41641874
0.00039479 0.36283831 0.35232302 0.39930133 0.34523319 0.50234819  0.48417291 0.45702496 0.47508945 0.39693445 0.45000532 0.44589633  0.47476172 0.42761975 0.50206904 0.41641874
0.00039479 0.36283831 0.35232302 0.39930133 0.34523319 0.50234819  0.48417291 0.45702496 0.47508945 0.39693445 0.45000532 0.44589633  0.47476172 0.42761975 0.50206904 0.41641874
0.00039479 0.36283831 0.35232302 0.39930133 0.34523319 0.50234819  0.48417291 0.45702496 0.47508945 0.39693445 0.45000532 0.44589633  0.47476172 0.42761975 0.50206904 0.41641874
0.00039479 0.36283831 0.35232302 0.39930133 0.34523319 0.50234819  0.48417291 0.45702496 0.47508945 0.39693445 0.45000532 0.44589633  0.47476172 0.42761975 0.50206904 0.41641874
0.00039479 0.36283831 0.35232302 0.39930133 0.34523319 0.50234819  0.48417291 0.45702496 0.47508945 0.39693445 0.45000532 0.44589633  0.47476172 0.42761975 0.50206904 0.41641874
0.00039479 0.36283831 0.35232302 0.39930133 0.34523319 0.50234819  0.48417291 0.45702496 0.47508945 0.39693445 0.45000532 0.44589633  0.47476172 0.42761975 0.50206904 0.41641874
0.00039479 0.36283831 0.35232302 0.39930133 0.34523319 0.50234819  0.48417291 0.45702496 0.47508945 0.39693445 0.45000532 0.44589633  0.47476172 0.42761975 0.50206904 0.41641874
0.00039479 0.36283831 0.35232302 0.39930133 0.34523319 0.50234819  0.48417291 0.45702496 0.47508945 0.39693445 0.45000532 0.44589633  0.47476172 0.42761975 0.50206904 0.41641874
0.00039479 0.36283831 0.35232302 0.39930133 0.34523319 0.50234819  0.48417291 0.45702496 0.47508945 0.39693445 0.45000532 0.44589633  0.47476172 0.42761975 0.50206904 0.41641874
0.00039479 0.36283831 0.35232302 0.39930133 0.34523319 0.50234819  0.48417291 0.45702496 0.47508945 0.39693445 0.45000532 0.44589633  0.47476172 0.42761975 0.50206904 0.41641874
0.00039479 0.36283831 0.35232302 0.39930133 0.34523319 0.50234819  0.48417291 0.45702496 0.47508945 0.39693445 0.45000532 0.44589633  0.47476172 0.42761975 0.50206904 0.41641874
0.00039479 0.36283831 0.35232302 0.39930133 0.34523319 0.50234819  0.48417291 0.45702496 0.47508945 0.39693445 0.45000532 0.44589633  0.47476172 0.42761975 0.50206904 0.41641874
0.00039479 0.36283831 0.35232302 0.39930133 0.34523319 0.50234819  0.48417291 0.45702496 0.47508945 0.39693445 0.45000532 0.44589633  0.47476172 0.42761975 0.50206904 0.41641874
0.00039479 0.36283831 0.35232302 0.39930133 0.34523319 0.50234819  0.48417291 0.45702496 0.47508945 0.39693445 0.45000532 0.44589633  0.47476172 0.42761975 0.50206904 0.41641874
0.00039479 0.36283831 0.35232302 0.39930133 0.34523319 0.50234819  0.48417291 0.45702496 0.47508945 0.39693445 0.45000532 0.44589633  0.47476172 0.42761975 0.50206904 0.41641874
0.00039479 0.36283831 0.35232302 0.39930133 0.34523319 0.50234819  0.48417291 0.45702496 0.47508945 0.39693445 0.45000532 0.44589633  0.47476172 0.42761975 0.50206904 0.41641874
0.00039479 0.36283831 0.35232302 0.39930133 0.34523319 0.50234819  0.48417291 0.45702496 0.47508945 0.39693445 0.45000532 0.44589633  0.47476172 0.42761975 0.50206904 0.41641874
0.00039479 0.36283831 0.35232302 0.39930133 0.34523319 0.50234819  0.48417291 0.45702496 0.47508945 0.39693445 0.45000532 0.44589633  0.47476172 0.42761975 0.50206904 0.41641874
0.00039479 0.36283831 0.35232302 0.39930133 0.34523319 0.50234819  0.48417291 0.45702496 0.47508945 0.39693445 0.45000532 0.44589633  0.47476172 0.42761975 0.50206904 0.41641874
0.00039479 0.36283831 0.35232302 0.39930133 0.34523319 0.50234819  0.48417291 0.45702496 0.47508945 0.39693445 0.45000532 0.44589633  0.47476172 0.42761975 0.50206904 0.41641874
0.00039479 0.36283831 0.35232302 0.39930133 0.34523319 0.50234819  0.48417291 0.45702496 0.47508945 0.39693445 0.45000532 0.44589633  0.47476172 0.42761975 0.50206904 0.41641874
0.00039479 0.36283831 0.35232302 0.39930133 0.34523319 0.50234819  0.48417291 0.45702496 0.47508945 0.39693445 0.45000532 0.44589633  0.47476172 0.42761975 0.50206904 0.41641874
0.00039479 0.36283831 0.35232302 0.39930133 0.34523319 0.50234819  0.48417291 0.45702496 0.47508945 0.39693445 0.45000532 0.44589633  0.47476172 0.42761975 0.50206904 0.41641874
0.00039479 0.36283831 0.35232302 0.39930133 0.34523319 0.50234819  0.48417291 0.45702496 0.47508945 0.39693445 0.45000532 0.44589633  0.47476172 0.42761975 0.50206904 0.41641874
0.03525649 0.41685964 0.32437467 0.45347996 0.36854765 0.43569141  0.43485985 0.4975719  0.47652552 0.39120509 0.39620065 0.45304628  0.55757342 0.45566594 0.52722734 0.46096477
0.10804545 0.5177001  0.27465313 0.53229948 0.39024189 0.39266398  0.35381301 0.53639741 0.57143171 0.39213077 0.46131335 0.44624208  0.52828365 0.55614932 0.721459   0.4109095 
0.14447911 0.5700276  0.24788815 0.57619888 0.40654171 0.35060211  0.32067847 0.55784364 0.58266704 0.38687812 0.4602126  0.44518481  0.53631072 0.57452774 0.74914018 0.39850858
0.19785185 0.64518546 0.20671798 0.64151159 0.43300978 0.25110585  0.29647881 0.59998832 0.50253266 0.36086939 0.35221816 0.4490006  0.66345749 0.48623326 0.53329341 0.45918016
0.27230287 0.73267769 0.16547083 0.68332028 0.43003633 0.28129444  0.27429226 0.57383444 0.55875287 0.38318526 0.44123623 0.44755586  0.5143895  0.4866367  0.6130834  0.38891645
0.30913033 0.75632575 0.16390663 0.6783825  0.39083563 0.41144953  0.2428697  0.49539152 0.61453616 0.46926347 0.38352375 0.49442087  0.47008713 0.47740784 0.69235099 0.47744809
0.34703591 0.78070022 0.15599052 0.65275933 0.36251509 0.50632265  0.2602343  0.47521433 0.67039174 0.46170498 0.49562397 0.46881395  0.46104983 0.45533444 0.61526442 0.46587666
0.38438991 0.80441982 0.1389571  0.63052601 0.35570899 0.5327666  0.33422335 0.42555785 0.61133757 0.46252145 0.5250024  0.46241813  0.36426426 0.40157421 0.53067538 0.42587196
0.38438991 0.80441982 0.1389571  0.63052601 0.35570899 0.5327666  0.33422335 0.42555785 0.61133757 0.46252145 0.5250024  0.46241813  0.36426426 0.40157421 0.53067538 0.42587196
0.47503902 0.80057932 0.16202534 0.53393759 0.25916625 0.73561862  0.3278752  0.45738239 0.5497796  0.46303252 0.39801436 0.4628533  0.48076861 0.31461737 0.30694521 0.43860789
0.49049094 0.78721431 0.18516541 0.54175865 0.23509275 0.75254475  0.28310577 0.46767083 0.49922095 0.48177286 0.35571143 0.46790342  0.47484512 0.30685605 0.25092183 0.37032862
0.50906895 0.78777696 0.17994002 0.50793015 0.23233004 0.76837122  0.34030862 0.46649019 0.47455342 0.46029106 0.40081428 0.44732604  0.47818362 0.31053428 0.22266408 0.34515165
0.60535887 0.76412346 0.26014428 0.40579146 0.1970699  0.68510854  0.55288045 0.46297842 0.30761087 0.42192452 0.38088604 0.4687596  0.63065715 0.46453674 0.21237672 0.43400123
0.60535887 0.76412346 0.26014428 0.40579146 0.1970699  0.68510854  0.55288045 0.46297842 0.30761087 0.42192452 0.38088604 0.4687596  0.63065715 0.46453674 0.21237672 0.43400123
0.77756357 0.63383562 0.56605028 0.37879768 0.08686571 0.467947  0.61039125 0.64732199 0.25670164 0.34320474 0.42715077 0.48187635  0.51429104 0.31576723 0.74721964 0.35960841
0.77756357 0.63383562 0.56605028 0.37879768 0.08686571 0.467947  0.61039125 0.64732199 0.25670164 0.34320474 0.42715077 0.48187635  0.51429104 0.31576723 0.74721964 0.35960841
0.77994186 0.63787198 0.58079999 0.37029015 0.09608169 0.44779271  0.62854328 0.6576602  0.29995816 0.40162816 0.40973651 0.43664375  0.4982721  0.33421444 0.72347168 0.37753   
0.78473719 0.65068229 0.61279655 0.36644574 0.11246708 0.4415341  0.63953161 0.65315179 0.3244232  0.39032058 0.374327   0.38803683  0.46724798 0.32039268 0.73797969 0.36990974
0.78473719 0.65068229 0.61279655 0.36644574 0.11246708 0.4415341  0.63953161 0.65315179 0.3244232  0.39032058 0.374327   0.38803683  0.46724798 0.32039268 0.73797969 0.36990974
0.79178378 0.68306628 0.67848416 0.32045521 0.25635151 0.46764025  0.61685512 0.65732341 0.32781285 0.45495722 0.36438326 0.35552099  0.49331438 0.34707998 0.69377057 0.29632299
0.79384127 0.6907503  0.69548176 0.30588787 0.29944316 0.46725413  0.62021115 0.66003703 0.34805075 0.50450034 0.35085149 0.32076417  0.51916506 0.3665962  0.65992158 0.26618184
0.79966465 0.71122378 0.74181186 0.28219696 0.3803176  0.48030021  0.60443103 0.65220941 0.33769693 0.47889965 0.34936843 0.32291914  0.50748922 0.35423066 0.6778981  0.25755441
0.80450595 0.72750889 0.77970277 0.2593824  0.44321197 0.47643257  0.61121632 0.66046584 0.37022144 0.53856846 0.32810722 0.27994814  0.50810747 0.35577493 0.64934411 0.23357877
0.80261518 0.72375921 0.76765584 0.2665019  0.42731629 0.48922482  0.59351308 0.65066584 0.32925951 0.47397573 0.34458515 0.31745517  0.49466536 0.35366115 0.68392715 0.23714023
0.80055768 0.71607519 0.75065825 0.28106924 0.38422463 0.48961094  0.59015706 0.64795223 0.30902161 0.42443262 0.35811692 0.352212  0.46881468 0.33414493 0.71777614 0.26728138
0.79830648 0.70793084 0.73300388 0.29593525 0.34463834 0.49175499  0.58351086 0.64255823 0.2868237  0.37341076 0.37604059 0.38989156  0.44194407 0.31804623 0.74531776 0.30067835
0.78551315 0.66226358 0.62752145 0.36189904 0.14531241 0.47743629  0.60375163 0.63950156 0.26804721 0.31996721 0.38549908 0.42229555  0.46294526 0.30911016 0.75666122 0.3291885 
0.79327907 0.60050803 0.56176255 0.36041999 0.09545088 0.43862357  0.61232617 0.5969226  0.30883271 0.31926847 0.38028728 0.51244813  0.52868466 0.35661481 0.81446727 0.38930914
0.79327907 0.60050803 0.56176255 0.36041999 0.09545088 0.43862357  0.61232617 0.5969226  0.30883271 0.31926847 0.38028728 0.51244813  0.52868466 0.35661481 0.81446727 0.38930914
0.80581051 0.50969371 0.45278128 0.31132217 0.09430113 0.42132475  0.54269326 0.53500651 0.30309779 0.35604709 0.3778725  0.61774581  0.62017768 0.53604558 0.81794055 0.32397988
0.81066692 0.41438249 0.33546072 0.2861852  0.15424947 0.41094278  0.43138495 0.53724838 0.35261437 0.47387207 0.4941682  0.61874415  0.6143203  0.4872531  0.55535461 0.17933891
0.80537078 0.37387626 0.25278746 0.24280588 0.21532837 0.42914108  0.37200263 0.50441212 0.38303639 0.50476851 0.44529437 0.59661433  0.54556528 0.44408742 0.51085461 0.14557941
0.81779984 0.34091044 0.24116099 0.24614646 0.23481963 0.42384997  0.3466179  0.42004082 0.39897761 0.50712186 0.40235564 0.60373951  0.56880198 0.41026569 0.52182008 0.11716846
0.78254884 0.3746008  0.1504548  0.16500338 0.31543311 0.4848734  0.33907615 0.42445262 0.51639189 0.38347495 0.27774416 0.5197347  0.51870536 0.30688673 0.48119685 0.25730451
0.77045293 0.38261378 0.11810865 0.13503757 0.33883886 0.48945744  0.34555663 0.43957064 0.56631317 0.37898498 0.25354133 0.50240491  0.4553934  0.28566417 0.47715708 0.3362237 
0.77045293 0.38261378 0.11810865 0.13503757 0.33883886 0.48945744  0.34555663 0.43957064 0.56631317 0.37898498 0.25354133 0.50240491  0.4553934  0.28566417 0.47715708 0.3362237 
0.77045293 0.38261378 0.11810865 0.13503757 0.33883886 0.48945744  0.34555663 0.43957064 0.56631317 0.37898498 0.25354133 0.50240491  0.4553934  0.28566417 0.47715708 0.3362237 
0.72789242 0.45773556 0.08903931 0.12557578 0.36356117 0.51069479  0.46328119 0.40233599 0.6187462  0.36406978 0.2546431  0.51483709  0.59956313 0.418504   0.5901102  0.45241958
0.66637486 0.55510299 0.06845759 0.19139357 0.38638814 0.52553166  0.58618817 0.28630919 0.6071008  0.35529953 0.34079183 0.50230461  0.71016346 0.55286862 0.64515781 0.46817767
0.60767606 0.65920188 0.07480033 0.23907581 0.37440424 0.52379441  0.69283633 0.36461821 0.55701828 0.37460493 0.48103675 0.48392667  0.64499663 0.65559472 0.64612161 0.51599154
0.59296473 0.69138144 0.07971514 0.26112765 0.3643441  0.55649327  0.71347382 0.38113214 0.51043254 0.39851518 0.47596577 0.4790392  0.64517503 0.60598385 0.66570318 0.51718986
0.57557965 0.7072586  0.07725656 0.30241718 0.36981775 0.5512177  0.7019438  0.31501592 0.50753837 0.42084057 0.46838498 0.4917821  0.57846404 0.59025477 0.65699464 0.4991987 
0.54375498 0.75882854 0.08640224 0.36971339 0.35530959 0.591098  0.69292025 0.32104577 0.4449072  0.44796593 0.49469783 0.47410501  0.50062481 0.48010388 0.54975819 0.47562118
0.55878896 0.72847248 0.08096928 0.34535815 0.3632369  0.56769496  0.68223746 0.27404124 0.48391469 0.44259912 0.45004886 0.49634717  0.52043477 0.55917253 0.58817349 0.48516202
0.59296473 0.69138144 0.07971514 0.26112765 0.3643441  0.55649327  0.71347382 0.38113214 0.51043254 0.39851518 0.47596577 0.4790392  0.64517503 0.60598385 0.66570318 0.51718986
0.60767606 0.65920188 0.07480033 0.23907581 0.37440424 0.52379441  0.69283633 0.36461821 0.55701828 0.37460493 0.48103675 0.48392667  0.64499663 0.65559472 0.64612161 0.51599154
0.60767606 0.65920188 0.07480033 0.23907581 0.37440424 0.52379441  0.69283633 0.36461821 0.55701828 0.37460493 0.48103675 0.48392667  0.64499663 0.65559472 0.64612161 0.51599154
0.67408174 0.58802617 0.11093365 0.14606481 0.31629629 0.5722528  0.58541939 0.54936046 0.5362624  0.3816034  0.31403501 0.51218567  0.65974729 0.5810645  0.63028581 0.54542615
0.74334434 0.44437054 0.11217939 0.13339684 0.33948767 0.52762092  0.41851176 0.41262444 0.56818756 0.38281012 0.21234017 0.5198872  0.59363963 0.41074267 0.53408681 0.38414032
0.74334434 0.44437054 0.11217939 0.13339684 0.33948767 0.52762092  0.41851176 0.41262444 0.56818756 0.38281012 0.21234017 0.5198872  0.59363963 0.41074267 0.53408681 0.38414032
0.83149073 0.26991404 0.22628487 0.33823706 0.30014219 0.42479666  0.38443892 0.44523508 0.42410448 0.64629345 0.51007039 0.47219669  0.49150353 0.476023   0.42897167 0.44604767
0.83149073 0.26991404 0.22628487 0.33823706 0.30014219 0.42479666  0.38443892 0.44523508 0.42410448 0.64629345 0.51007039 0.47219669  0.49150353 0.476023   0.42897167 0.44604767
0.88686774 0.3027732  0.47246649 0.40922132 0.31863281 0.30934128  0.5357363  0.40060257 0.6253017  0.81750658 0.44884587 0.31673755  0.63083337 0.44738662 0.3273508  0.42160041
0.9030247  0.32424462 0.56071532 0.42853852 0.38192669 0.30202902  0.58351938 0.38809504 0.71680403 0.80077459 0.40588863 0.26513685  0.61917342 0.4126516  0.28802597 0.48595822
0.90778402 0.3343923  0.59220398 0.42804649 0.4137907  0.30496882  0.59058496 0.38196633 0.72117553 0.7985619  0.39333528 0.24677502  0.64559273 0.37178906 0.32953259 0.42528149
0.91198592 0.31734121 0.59086538 0.4674036  0.43662551 0.33170845  0.62128563 0.40555968 0.74082816 0.79483233 0.36327562 0.24095653  0.62595317 0.40396691 0.31674348 0.42102317
0.90883167 0.30172356 0.56139077 0.48045782 0.3945642  0.31596055  0.63891358 0.40887171 0.75394763 0.80676229 0.36951779 0.25193042  0.64627483 0.39680222 0.32180991 0.44382282
0.90156941 0.29424173 0.52577186 0.46555557 0.40388033 0.32627151  0.62687661 0.43577914 0.74818951 0.87038085 0.37693988 0.25669508  0.62931836 0.42903372 0.27466231 0.43057935
0.89939163 0.2866212  0.50824592 0.47967925 0.35994747 0.32740203  0.62133252 0.43143955 0.72304396 0.8176361  0.39130379 0.29190676  0.60574821 0.41094414 0.3138543  0.45617887
0.8923451  0.26566653 0.45859498 0.49838967 0.30397579 0.33580469  0.60369799 0.43055395 0.67638102 0.77792182 0.44463697 0.37819325  0.60990171 0.4086672  0.32688791 0.4971961 
0.881292   0.2353679  0.38662295 0.5139601  0.2808106  0.35667058  0.57628537 0.43367176 0.62301136 0.7550731  0.51727335 0.49834804  0.66906588 0.36846111 0.38507649 0.49867943
0.881292   0.2353679  0.38662295 0.5139601  0.2808106  0.35667058  0.57628537 0.43367176 0.62301136 0.7550731  0.51727335 0.49834804  0.66906588 0.36846111 0.38507649 0.49867943
0.88115555 0.23530752 0.38580036 0.51431614 0.27961836 0.35843199  0.57478327 0.43310576 0.61825984 0.75015527 0.51705683 0.50068559  0.67055561 0.36935582 0.39025596 0.49263726
0.86061006 0.22546541 0.29806179 0.48027297 0.31314449 0.41049175  0.52993692 0.46668511 0.57415521 0.72792724 0.50764133 0.52181273  0.60367218 0.33761169 0.39900079 0.47230812
0.85871928 0.22171572 0.28601487 0.48739248 0.29724881 0.423284  0.51223368 0.45688512 0.53319328 0.66333451 0.52411925 0.55931976  0.59023006 0.33549791 0.43358383 0.47586959
0.85871928 0.22171572 0.28601487 0.48739248 0.29724881 0.423284  0.51223368 0.45688512 0.53319328 0.66333451 0.52411925 0.55931976  0.59023006 0.33549791 0.43358383 0.47586959
0.85571476 0.16632657 0.20955101 0.5352617  0.37186008 0.51833025  0.46348124 0.46241302 0.42575304 0.61846874 0.53778805 0.45488675  0.56887625 0.32630246 0.49708453 0.58040817
0.85571476 0.16632657 0.20955101 0.5352617  0.37186008 0.51833025  0.46348124 0.46241302 0.42575304 0.61846874 0.53778805 0.45488675  0.56887625 0.32630246 0.49708453 0.58040817
0.85002852 0.14784077 0.16882493 0.55347647 0.4319379  0.57346637  0.4806726  0.48846383 0.44419894 0.58240423 0.46787405 0.3852816  0.52919408 0.27633217 0.58706524 0.60032499
0.85002852 0.14784077 0.16882493 0.55347647 0.4319379  0.57346637  0.4806726  0.48846383 0.44419894 0.58240423 0.46787405 0.3852816  0.52919408 0.27633217 0.58706524 0.60032499
0.8549299  0.12649082 0.16489191 0.60018897 0.45655992 0.6101982  0.50281998 0.51096541 0.42972419 0.56902935 0.44830298 0.36870252  0.5311452  0.2884169  0.62856866 0.58439778
0.8549299  0.12649082 0.16489191 0.60018897 0.45655992 0.6101982  0.50281998 0.51096541 0.42972419 0.56902935 0.44830298 0.36870252  0.5311452  0.2884169  0.62856866 0.58439778
0.8549299  0.12649082 0.16489191 0.60018897 0.45655992 0.6101982  0.50281998 0.51096541 0.42972419 0.56902935 0.44830298 0.36870252  0.5311452  0.2884169  0.62856866 0.58439778
0.8574745  0.11489105 0.1628141  0.63244423 0.47544142 0.63626764  0.53532306 0.53728276 0.45562841 0.54660849 0.40813821 0.39336757  0.50687644 0.31769419 0.61415544 0.53096287
0.8574745  0.11489105 0.1628141  0.63244423 0.47544142 0.63626764  0.53532306 0.53728276 0.45562841 0.54660849 0.40813821 0.39336757  0.50687644 0.31769419 0.61415544 0.53096287
0.8574745  0.11489105 0.1628141  0.63244423 0.47544142 0.63626764  0.53532306 0.53728276 0.45562841 0.54660849 0.40813821 0.39336757  0.50687644 0.31769419 0.61415544 0.53096287
0.8574745  0.11489105 0.1628141  0.63244423 0.47544142 0.63626764  0.53532306 0.53728276 0.45562841 0.54660849 0.40813821 0.39336757  0.50687644 0.31769419 0.61415544 0.53096287
0.8574745  0.11489105 0.1628141  0.63244423 0.47544142 0.63626764  0.53532306 0.53728276 0.45562841 0.54660849 0.40813821 0.39336757  0.50687644 0.31769419 0.61415544 0.53096287
0.8574745  0.11489105 0.1628141  0.63244423 0.47544142 0.63626764  0.53532306 0.53728276 0.45562841 0.54660849 0.40813821 0.39336757  0.50687644 0.31769419 0.61415544 0.53096287
0.8574745  0.11489105 0.1628141  0.63244423 0.47544142 0.63626764  0.53532306 0.53728276 0.45562841 0.54660849 0.40813821 0.39336757  0.50687644 0.31769419 0.61415544 0.53096287
0.85985846 0.10372063 0.1624844  0.66602118 0.48853168 0.65694856  0.56859954 0.56346362 0.48039198 0.53002397 0.38458655 0.43064547  0.49198362 0.33629144 0.58899371 0.49438767
0.85985846 0.10372063 0.1624844  0.66602118 0.48853168 0.65694856  0.56859954 0.56346362 0.48039198 0.53002397 0.38458655 0.43064547  0.49198362 0.33629144 0.58899371 0.49438767
0.85985846 0.10372063 0.1624844  0.66602118 0.48853168 0.65694856  0.56859954 0.56346362 0.48039198 0.53002397 0.38458655 0.43064547  0.49198362 0.33629144 0.58899371 0.49438767
0.85985846 0.10372063 0.1624844  0.66602118 0.48853168 0.65694856  0.56859954 0.56346362 0.48039198 0.53002397 0.38458655 0.43064547  0.49198362 0.33629144 0.58899371 0.49438767
0.85985846 0.10372063 0.1624844  0.66602118 0.48853168 0.65694856  0.56859954 0.56346362 0.48039198 0.53002397 0.38458655 0.43064547  0.49198362 0.33629144 0.58899371 0.49438767
0.86169617 0.09495998 0.16179858 0.69288166 0.50124696 0.67629916  0.59800281 0.58926348 0.50777577 0.51186699 0.35400523 0.46611696  0.46679076 0.36209022 0.55609177 0.44797643
0.86169617 0.09495998 0.16179858 0.69288166 0.50124696 0.67629916  0.59800281 0.58926348 0.50777577 0.51186699 0.35400523 0.46611696  0.46679076 0.36209022 0.55609177 0.44797643
0.86169617 0.09495998 0.16179858 0.69288166 0.50124696 0.67629916  0.59800281 0.58926348 0.50777577 0.51186699 0.35400523 0.46611696  0.46679076 0.36209022 0.55609177 0.44797643
0.85761997 0.10548583 0.15169192 0.66556517 0.49828673 0.6957634  0.55174851 0.58610069 0.42679006 0.47106591 0.34259438 0.44731116  0.44404985 0.43598172 0.5849525  0.37674579
0.85761997 0.10548583 0.15169192 0.66556517 0.49828673 0.6957634  0.55174851 0.58610069 0.42679006 0.47106591 0.34259438 0.44731116  0.44404985 0.43598172 0.5849525  0.37674579
0.85761997 0.10548583 0.15169192 0.66556517 0.49828673 0.6957634  0.55174851 0.58610069 0.42679006 0.47106591 0.34259438 0.44731116  0.44404985 0.43598172 0.5849525  0.37674579
0.85761997 0.10548583 0.15169192 0.66556517 0.49828673 0.6957634  0.55174851 0.58610069 0.42679006 0.47106591 0.34259438 0.44731116  0.44404985 0.43598172 0.5849525  0.37674579
0.85761997 0.10548583 0.15169192 0.66556517 0.49828673 0.6957634  0.55174851 0.58610069 0.42679006 0.47106591 0.34259438 0.44731116  0.44404985 0.43598172 0.5849525  0.37674579
0.83051756 0.14655048 0.0916302  0.5756693  0.54392925 0.74061716  0.50456787 0.56700795 0.46069283 0.356637   0.24723508 0.36314103  0.41430849 0.43890988 0.53726471 0.43675342
0.81975853 0.18308042 0.0848586  0.50494426 0.54206757 0.74461963  0.45777488 0.53688988 0.43071472 0.31880795 0.17232378 0.29447141  0.41644836 0.40369539 0.60121579 0.3910644 
0.81975853 0.18308042 0.0848586  0.50494426 0.54206757 0.74461963  0.45777488 0.53688988 0.43071472 0.31880795 0.17232378 0.29447141  0.41644836 0.40369539 0.60121579 0.3910644 
0.81792082 0.19184106 0.08554442 0.47808378 0.52935228 0.72526902  0.42837162 0.51109002 0.40333093 0.33696493 0.2029051  0.25899991  0.44164123 0.37789661 0.63411773 0.43747564
0.79464263 0.23472791 0.06400266 0.42395352 0.53313523 0.69279396  0.47575619 0.50700616 0.49338272 0.30237128 0.20839415 0.30286082  0.45253888 0.36056949 0.71299793 0.42368899
0.79464263 0.23472791 0.06400266 0.42395352 0.53313523 0.69279396  0.47575619 0.50700616 0.49338272 0.30237128 0.20839415 0.30286082  0.45253888 0.36056949 0.71299793 0.42368899
0.78096892 0.29118941 0.07136042 0.30695963 0.46919867 0.61265567  0.41605452 0.45760746 0.49313799 0.3198477  0.26156691 0.33556226  0.49974456 0.26567224 0.73454434 0.42041425
0.72835783 0.37366873 0.0416908  0.3058662  0.4934924  0.56278525  0.48824937 0.2917162  0.55803931 0.28662722 0.39437369 0.32609092  0.6290247  0.35224101 0.68934947 0.43971692
0.72074644 0.40352631 0.04780324 0.26126951 0.46831247 0.53312437  0.49510446 0.29176588 0.60697057 0.29210786 0.38024122 0.38008325  0.61615448 0.37447138 0.65041965 0.41258618
0.65817199 0.49239139 0.03135128 0.33554953 0.49308883 0.52858218  0.5847951  0.15311516 0.60254086 0.33221247 0.40917486 0.40272771  0.61573308 0.49852189 0.72703253 0.41995364
0.63000552 0.5781528  0.04982879 0.26916744 0.42654432 0.48754939  0.59499642 0.16375572 0.61628292 0.37766414 0.43294263 0.48906137  0.59230516 0.46651861 0.62568346 0.4164442 
0.54911231 0.67226093 0.06409719 0.39049359 0.42010812 0.49070643  0.614301   0.16207023 0.48866851 0.45543333 0.37572509 0.50675584  0.49609462 0.43247959 0.63861543 0.4044338 
0.40598419 0.6657501  0.09279051 0.52542866 0.48102153 0.28757531  0.5620732  0.24331116 0.35290849 0.4524726  0.31884977 0.50397819  0.3693154  0.33690847 0.57125905 0.35877386
0.36186742 0.71210868 0.12426371 0.51648501 0.44466962 0.29270001  0.62080944 0.41304845 0.28067684 0.45672507 0.32937753 0.50495637  0.38194171 0.39354967 0.57466527 0.45698246
0.36186742 0.71210868 0.12426371 0.51648501 0.44466962 0.29270001  0.62080944 0.41304845 0.28067684 0.45672507 0.32937753 0.50495637  0.38194171 0.39354967 0.57466527 0.45698246
0.3073109  0.66183317 0.15050595 0.50820099 0.44912152 0.26087838  0.60322279 0.45187724 0.29031363 0.42200755 0.33684949 0.4893699  0.46177515 0.40288233 0.53327604 0.44380858
0.25211594 0.64050632 0.1702971  0.55498426 0.45962304 0.20045085  0.54426829 0.47813842 0.25196406 0.40870996 0.25818559 0.49374233  0.48581658 0.37221451 0.43168415 0.45386749
0.19706279 0.58046647 0.20646373 0.52848602 0.44533366 0.2318071  0.52189748 0.4960985  0.28451237 0.40384787 0.24057375 0.49428938  0.60367551 0.37149399 0.3946381  0.51871609
0.16135844 0.56208699 0.23164423 0.54433703 0.42511992 0.26344407  0.46595319 0.51084208 0.30538097 0.38403262 0.23338145 0.48078174  0.63594566 0.33183569 0.28945259 0.51611788
0.12425167 0.51607436 0.25538578 0.5188985  0.41734613 0.28102709  0.46675122 0.51268272 0.31184647 0.39364458 0.20441174 0.48853369  0.67037269 0.34217413 0.31239051 0.56340722
0.07097163 0.43517496 0.29720119 0.44105381 0.38577871 0.37255173  0.53345497 0.45894531 0.31025978 0.4033215  0.26821372 0.48129728  0.56936386 0.31610535 0.29761918 0.51988512
0.05376752 0.43799618 0.31115285 0.46461404 0.37170126 0.40285192  0.45997324 0.49916965 0.39495508 0.37092573 0.34201088 0.44971212  0.60190849 0.33932527 0.28622227 0.47709032
0.01779563 0.38669558 0.33863985 0.42004769 0.35385851 0.46460162  0.48109267 0.47190843 0.43452283 0.38595027 0.3992976  0.44733029  0.52908455 0.38078184 0.39373238 0.44873962
0.01779563 0.38669558 0.33863985 0.42004769 0.35385851 0.46460162  0.48109267 0.47190843 0.43452283 0.38595027 0.3992976  0.44733029  0.52908455 0.38078184 0.39373238 0.44873962
0.00039479 0.36283831 0.35232302 0.39930133 0.34523319 0.50234819  0.48417291 0.45702496 0.47508945 0.39693445 0.45000532 0.44589633  0.47476172 0.42761975 0.50206904 0.41641874
0.00039479 0.36283831 0.35232302 0.39930133 0.34523319 0.50234819  0.48417291 0.45702496 0.47508945 0.39693445 0.45000532 0.44589633  0.47476172 0.42761975 0.50206904 0.41641874
0.00039479 0.36283831 0.35232302 0.39930133 0.34523319 0.50234819  0.48417291 0.45702496 0.47508945 0.39693445 0.45000532 0.44589633  0.47476172 0.42761975 0.50206904 0.41641874
0.00039479 0.36283831 0.35232302 0.39930133 0.34523319 0.50234819  0.48417291 0.45702496 0.47508945 0.39693445 0.45000532 0.44589633  0.47476172 0.42761975 0.50206904 0.41641874
0.00039479 0.36283831 0.35232302 0.39930133 0.34523319 0.50234819  0.48417291 0.45702496 0.47508945 0.39693445 0.45000532 0.44589633  0.47476172 0.42761975 0.50206904 0.41641874
0.00039479 0.36283831 0.35232302 0.39930133 0.34523319 0.50234819  0.48417291 0.45702496 0.47508945 0.39693445 0.45000532 0.44589633  0.47476172 0.42761975 0.50206904 0.41641874
0.00039479 0.36283831 0.35232302 0.39930133 0.34523319 0.50234819  0.48417291 0.45702496 0.47508945 0.39693445 0.45000532 0.44589633  0.47476172 0.42761975 0.50206904 0.41641874
0.00039479 0.36283831 0.35232302 0.39930133 0.34523319 0.50234819  0.48417291 0.45702496 0.47508945 0.39693445 0.45000532 0.44589633  0.47476172 0.42761975 0.50206904 0.41641874
0.00039479 0.36283831 0.35232302 0.39930133 0.34523319 0.50234819  0.48417291 0.45702496 0.47508945 0.39693445 0.45000532 0.44589633  0.47476172 0.42761975 0.50206904 0.41641874
0.00039479 0.36283831 0.35232302 0.39930133 0.34523319 0.50234819  0.48417291 0.45702496 0.47508945 0.39693445 0.45000532 0.44589633  0.47476172 0.42761975 0.50206904 0.41641874
0.00039479 0.36283831 0.35232302 0.39930133 0.34523319 0.50234819  0.48417291 0.45702496 0.47508945 0.39693445 0.45000532 0.44589633  0.47476172 0.42761975 0.50206904 0.41641874
0.00039479 0.36283831 0.35232302 0.39930133 0.34523319 0.50234819  0.48417291 0.45702496 0.47508945 0.39693445 0.45000532 0.44589633  0.47476172 0.42761975 0.50206904 0.41641874
