0.00039479 0.36283831 0.35232302 0.39930133 0.34523319 0.50234819  0.48417291 0.45702496 0.47508945 0.39693445 0.45000532 0.44589633  0.47476172 0.42761975 0.50206904 0.41641874
0.00039479 0.36283831 0.35232302 0.39930133 0.34523319 0.50234819  0.48417291 0.45702496 0.47508945 0.39693445 0.45000532 0.44589633  0.47476172 0.42761975 0.50206904 0.41641874
0.00039479 0.36283831 0.35232302 0.39930133 0.34523319 0.50234819  0.48417291 0.45702496 0.47508945 0.39693445 0.45000532 0.44589633  0.47476172 0.42761975 0.50206904 0.41641874
0.00039479 0.36283831 0.35232302 0.39930133 0.34523319 0.50234819  0.48417291 0.45702496 0.47508945 0.39693445 0.45000532 0.44589633  0.47476172 0.42761975 0.50206904 0.41641874
0.00039479 0.36283831 0.35232302 0.39930133 0.34523319 0.50234819  0.48417291 0.45702496 0.47508945 0.39693445 0.45000532 0.44589633  0.47476172 0.42761975 0.50206904 0.41641874
0.00039479 0.36283831 0.35232302 0.39930133 0.34523319 0.50234819  0.48417291 0.45702496 0.47508945 0.39693445 0.45000532 0.44589633  0.47476172 0.42761975 0.50206904 0.41641874
0.00039479 0.36283831 0.35232302 0.39930133 0.34523319 0.50234819  0.48417291 0.45702496 0.47508945 0.39693445 0.45000532 0.44589633  0.47476172 0.42761975 0.50206904 0.41641874
0.00039479 0.36283831 0.35232302 0.39930133 0.34523319 0.50234819  0.48417291 0.45702496 0.47508945 0.39693445 0.45000532 0.44589633  0.47476172 0.42761975 0.50206904 0.41641874
0.00039479 0.36283831 0.35232302 0.39930133 0.34523319 0.50234819  0.48417291 0.45702496 0.47508945 0.39693445 0.45000532 0.44589633  0.47476172 0.42761975 0.50206904 0.41641874
0.00039479 0.36283831 0.35232302 0.39930133 0.34523319 0.50234819  0.48417291 0.45702496 0.47508945 0.39693445 0.45000532 0.44589633  0.47476172 0.42761975 0.50206904 0.41641874
0.00039479 0.36283831 0.35232302 0.39930133 0.34523319 0.50234819  0.48417291 0.45702496 0.47508945 0.39693445 0.45000532 0.44589633  0.47476172 0.42761975 0.50206904 0.41641874
0.00039479 0.36283831 0.35232302 0.39930133 0.34523319 0.50234819  0.48417291 0.45702496 0.47508945 0.39693445 0.45000532 0.44589633  0.47476172 0.42761975 0.50206904 0.41641874
0.00039479 0.36283831 0.35232302 0.39930133 0.34523319 0.50234819  0.48417291 0.45702496 0.47508945 0.39693445 0.45000532 0.44589633  0.47476172 0.42761975 0.50206904 0.41641874
0.00039479 0.36283831 0.35232302 0.39930133 0.34523319 0.50234819  0.48417291 0.45702496 0.47508945 0.39693445 0.45000532 0.44589633  0.47476172 0.42761975 0.50206904 0.41641874
0.00039479 0.36283831 0.35232302 0.39930133 0.34523319 0.50234819  0.48417291 0.45702496 0.47508945 0.39693445 0.45000532 0.44589633  0.47476172 0.42761975 0.50206904 0.41641874
0.00039479 0.36283831 0.35232302 0.39930133 0.34523319 0.50234819  0.48417291 0.45702496 0.47508945 0.39693445 0.45000532 0.44589633  0.47476172 0.42761975 0.50206904 0.41641874
0.00039479 0.36283831 0.35232302 0.39930133 0.34523319 0.50234819  0.48417291 0.45702496 0.47508945 0.39693445 0.45000532 0.44589633  0.47476172 0.42761975 0.50206904 0.41641874
0.00039479 0.36283831 0.35232302 0.39930133 0.34523319 0.50234819  0.48417291 0.45702496 0.47508945 0.39693445 0.45000532 0.44589633  0.47476172 0.42761975 0.50206904 0.41641874
0.00039479 0.36283831 0.35232302 0.39930133 0.34523319 0.50234819  0.48417291 0.45702496 0.47508945 0.39693445 0.45000532 0.44589633  0.47476172 0.42761975 0.50206904 0.41641874
0.00039479 0.36283831 0.35232302 0.39930133 0.34523319 0.50234819  0.48417291 0.45702496 0.47508945 0.39693445 0.45000532 0.44589633  0.47476172 0.42761975 0.50206904 0.41641874
0.00039479 0.36283831 0.35232302 0.39930133 0.34523319 0.50234819  0.48417291 0.45702496 0.47508945 0.39693445 0.45000532 0.44589633  0.47476172 0.42761975 0.50206904 0.41641874
0.00039479 0.36283831 0.35232302 0.39930133 0.34523319 0.50234819  0.48417291 0.45702496 0.47508945 0.39693445 0.45000532 0.44589633  0.47476172 0.42761975 0.50206904 0.41641874
0.00039479 0.36283831 0.35232302 0.39930133 0.34523319 0.50234819  0.48417291 0.45702496 0.47508945 0.39693445 0.45000532 0.44589633  0.47476172 0.42761975 0.50206904 0.41641874
0.00039479 0.36283831 0.35232302 0.39930133 0.34523319 0.50234819  0.48417291 0.45702496 0.47508945 0.39693445 0.45000532 0.44589633  0.47476172 0.42761975 0.50206904 0.41641874
0.00039479 0.36283831 0.35232302 0.39930133 0.34523319 0.50234819  0.48417291 0.45702496 0.47508945 0.39693445 0.45000532 0.44589633  0.47476172 0.42761975 0.50206904 0.41641874
0.00039479 0.36283831 0.35232302 0.39930133 0.34523319 0.50234819  0.48417291 0.45702496 0.47508945 0.39693445 0.45000532 0.44589633  0.47476172 0.42761975 0.50206904 0.41641874
0.00039479 0.36283831 0.35232302 0.39930133 0.34523319 0.50234819  0.48417291 0.45702496 0.47508945 0.39693445 0.45000532 0.44589633  0.47476172 0.42761975 0.50206904 0.41641874
0.00039479 0.36283831 0.35232302 0.39930133 0.34523319 0.50234819  0.48417291 0.45702496 0.47508945 0.39693445 0.45000532 0.44589633  0.47476172 0.42761975 0.50206904 0.41641874
0.00039479 0.36283831 0.35232302 0.39930133 0.34523319 0.50234819  0.48417291 0.45702496 0.47508945 0.39693445 0.45000532 0.44589633  0.47476172 0.42761975 0.50206904 0.41641874
0.00039479 0.36283831 0.35232302 0.39930133 0.34523319 0.50234819  0.48417291 0.45702496 0.47508945 0.39693445 0.45000532 0.44589633  0.47476172 0.42761975 0.50206904 0.41641874
0.00039479 0.36283831 0.35232302 0.39930133 0.34523319 0.50234819  0.48417291 0.45702496 0.47508945 0.39693445 0.45000532 0.44589633  0.47476172 0.42761975 0.50206904 0.41641874
0.00039479 0.36283831 0.35232302 0.39930133 0.34523319 0.50234819  0.48417291 0.45702496 0.47508945 0.39693445 0.45000532 0.44589633  0.47476172 0.42761975 0.50206904 0.41641874
0.00039479 0.36283831 0.35232302 0.39930133 0.34523319 0.50234819  0.48417291 0.45702496 0.47508945 0.39693445 0.45000532 0.44589633  0.47476172 0.42761975 0.50206904 0.41641874
0.00039479 0.36283831 0.35232302 0.39930133 0.34523319 0.50234819  0.48417291 0.45702496 0.47508945 0.39693445 0.45000532 0.44589633  0.47476172 0.42761975 0.50206904 0.41641874
0.00039479 0.36283831 0.35232302 0.39930133 0.34523319 0.50234819  0.48417291 0.45702496 0.47508945 0.39693445 0.45000532 0.44589633  0.47476172 0.42761975 0.50206904 0.41641874
0.00039479 0.36283831 0.35232302 0.39930133 0.34523319 0.50234819  0.48417291 0.45702496 0.47508945 0.39693445 0.45000532 0.44589633  0.47476172 0.42761975 0.50206904 0.41641874
0.00039479 0.36283831 0.35232302 0.39930133 0.34523319 0.50234819  0.48417291 0.45702496 0.47508945 0.39693445 0.45000532 0.44589633  0.47476172 0.42761975 0.50206904 0.41641874
0.00039479 0.36283831 0.35232302 0.39930133 0.34523319 0.50234819  0.48417291 0.45702496 0.47508945 0.39693445 0.45000532 0.44589633  0.47476172 0.42761975 0.50206904 0.41641874
0.00039479 0.36283831 0.35232302 0.39930133 0.34523319 0.50234819  0.48417291 0.45702496 0.47508945 0.39693445 0.45000532 0.44589633  0.47476172 0.42761975 0.50206904 0.41641874
0.00039479 0.36283831 0.35232302 0.39930133 0.34523319 0.50234819  0.48417291 0.45702496 0.47508945 0.39693445 0.45000532 0.44589633  0.47476172 0.42761975 0.50206904 0.41641874
0.00039479 0.36283831 0.35232302 0.39930133 0.34523319 0.50234819  0.48417291 0.45702496 0.47508945 0.39693445 0.45000532 0.44589633  0.47476172 0.42761975 0.50206904 0.41641874
0.00039479 0.36283831 0.35232302 0.39930133 0.34523319 0.50234819  0.48417291 0.45702496 0.47508945 0.39693445 0.45000532 0.44589633  0.47476172 0.42761975 0.50206904 0.41641874
0.00039479 0.36283831 0.35232302 0.39930133 0.34523319 0.50234819  0.48417291 0.45702496 0.47508945 0.39693445 0.45000532 0.44589633  0.47476172 0.42761975 0.50206904 0.41641874
0.00039479 0.36283831 0.35232302 0.39930133 0.34523319 0.50234819  0.48417291 0.45702496 0.47508945 0.39693445 0.45000532 0.44589633  0.47476172 0.42761975 0.50206904 0.41641874
0.03525649 0.41685964 0.32437467 0.45347996 0.36854765 0.43569141  0.43485985 0.4975719  0.47652552 0.39120509 0.39620065 0.45304628  0.55757342 0.45566594 0.52722734 0.46096477
0.08948736 0.49521366 0.28518251 0.51992462 0.39140831 0.38269037  0.37354917 0.53067635 0.51969359 0.39491743 0.40176919 0.45701493  0.55467763 0.50816085 0.64166497 0.45742585
0.18182336 0.6115072  0.23038255 0.59256905 0.39579447 0.39837373  0.29928996 0.53353038 0.64535274 0.41880594 0.52026096 0.45149202  0.42166975 0.58526961 0.85186808 0.37553421
0.2351961  0.68666507 0.18921238 0.65788176 0.42226254 0.29887746  0.27509029 0.57567507 0.56521837 0.39279722 0.41226652 0.45530781  0.54881652 0.49697514 0.63602132 0.43620579
0.29182572 0.73372811 0.16962812 0.64247515 0.39668351 0.38975628  0.29817365 0.54832291 0.61293383 0.38289633 0.54205971 0.42627977  0.50693885 0.45730658 0.53404121 0.40267413
0.32872762 0.77157234 0.15467178 0.65849826 0.38432666 0.43569193  0.27720796 0.51384097 0.64364067 0.4209667  0.53149912 0.44639332  0.46081215 0.45835741 0.59062133 0.41662925
0.36572065 0.78945042 0.14643217 0.63319087 0.36371508 0.51010375  0.31893885 0.45557287 0.62511569 0.45337848 0.5310347  0.45667306  0.38786745 0.42991166 0.57326529 0.42116588
0.44040188 0.82034229 0.13390782 0.56752468 0.31175412 0.65393346  0.39916614 0.40180063 0.59057552 0.45478735 0.55829857 0.44628621  0.39278733 0.34402745 0.40483746 0.43352958
0.47626812 0.81147946 0.14299539 0.51721986 0.28262374 0.71152057  0.41994787 0.42991457 0.5454568  0.43970787 0.52519383 0.43503968  0.43816745 0.33439942 0.32245419 0.41376199
0.51100211 0.78526481 0.15925853 0.45881955 0.25092989 0.75672065  0.39660807 0.52231796 0.52800623 0.41922533 0.450698   0.42953303  0.55081811 0.33402468 0.287396   0.43142207
0.57714604 0.74644566 0.28062569 0.493742   0.14125538 0.73518537  0.38000224 0.54077036 0.38413228 0.45074823 0.53957033 0.49463451  0.69154061 0.49577855 0.19139225 0.32118211
0.61664611 0.73881823 0.38848861 0.49605477 0.10990682 0.70352428  0.35545906 0.56471187 0.33665859 0.37924116 0.52197345 0.48190046  0.63116632 0.52922426 0.19508595 0.33470692
0.62075991 0.75460008 0.41933994 0.4862328  0.12563435 0.70318606  0.35382968 0.56359832 0.34800004 0.38650304 0.48877845 0.42496392  0.60555854 0.55362357 0.18076163 0.30692677
0.67076194 0.72637943 0.56534916 0.56667845 0.04786613 0.61774037  0.38135287 0.53977386 0.29793372 0.31265314 0.5124025  0.46308221  0.57155107 0.39825567 0.43423528 0.26148466
0.65504316 0.75169708 0.55849693 0.59301895 0.05376227 0.63177816  0.40377326 0.4671423  0.30110958 0.29569718 0.52593454 0.45343119  0.6266248  0.420444   0.41351313 0.24940846
0.63720376 0.76300626 0.55968791 0.63656168 0.0558213  0.62326879  0.36999453 0.42256106 0.30224658 0.32507275 0.49758115 0.47102934  0.54654867 0.39006227 0.40365162 0.23733034
0.59922423 0.79257862 0.51055477 0.68395003 0.08206698 0.64635247  0.37845307 0.32502861 0.31354716 0.34869607 0.53886972 0.51670429  0.63537509 0.41798166 0.37431155 0.21699515
0.58064622 0.79201597 0.51578016 0.71777854 0.08482969 0.630526  0.32125022 0.32620925 0.33821469 0.37017787 0.49376687 0.53728166  0.63203658 0.41430342 0.40256929 0.24217212
0.53956145 0.75665524 0.50613297 0.75587123 0.06318064 0.64036341  0.21094323 0.37861855 0.4453153  0.3618427  0.5186693  0.59848364  0.82128295 0.45732107 0.49750641 0.33416364
0.50835562 0.78099093 0.4170637  0.68585025 0.1266209  0.69876745  0.19392607 0.39563401 0.53692553 0.34224302 0.43141971 0.54105239  0.81521291 0.44529434 0.36295878 0.39922816
0.43685798 0.74074055 0.2839061  0.64338409 0.21073244 0.65186281  0.14736969 0.4962507  0.5022226  0.46487409 0.27607326 0.52945345  0.74728222 0.46222535 0.3821755  0.38476182
0.39160543 0.72336572 0.24248118 0.63566296 0.26192983 0.60695254  0.18440894 0.50334335 0.50731706 0.48765258 0.28327402 0.5158537  0.71880171 0.42382596 0.45166132 0.40022856
0.23516403 0.66248281 0.2106632  0.62152834 0.37771163 0.42924064  0.28091101 0.48497514 0.54722355 0.4823776  0.27306196 0.5172532  0.54908685 0.42038715 0.59961049 0.5865709 
0.14484083 0.53494041 0.27761978 0.51596283 0.33673897 0.55528327  0.33795816 0.43039625 0.59724773 0.5073646  0.35451885 0.51428863  0.44321    0.46686736 0.73305491 0.55380817
0.10901787 0.48622695 0.30353338 0.47755394 0.32387065 0.59885261  0.35817776 0.4097428  0.60993259 0.51872982 0.37440623 0.51759335  0.41376545 0.48531732 0.78702444 0.54831078
0.03631018 0.41540188 0.32624181 0.4455019  0.36060521 0.46628334  0.43699433 0.48325785 0.50987685 0.40171282 0.44757077 0.45105915  0.48480944 0.46855757 0.59139026 0.42570739
0.00039479 0.36283831 0.35232302 0.39930133 0.34523319 0.50234819  0.48417291 0.45702496 0.47508945 0.39693445 0.45000532 0.44589633  0.47476172 0.42761975 0.50206904 0.41641874
0.00039479 0.36283831 0.35232302 0.39930133 0.34523319 0.50234819  0.48417291 0.45702496 0.47508945 0.39693445 0.45000532 0.44589633  0.47476172 0.42761975 0.50206904 0.41641874
0.00039479 0.36283831 0.35232302 0.39930133 0.34523319 0.50234819  0.48417291 0.45702496 0.47508945 0.39693445 0.45000532 0.44589633  0.47476172 0.42761975 0.50206904 0.41641874
0.00039479 0.36283831 0.35232302 0.39930133 0.34523319 0.50234819  0.48417291 0.45702496 0.47508945 0.39693445 0.45000532 0.44589633  0.47476172 0.42761975 0.50206904 0.41641874
0.00039479 0.36283831 0.35232302 0.39930133 0.34523319 0.50234819  0.48417291 0.45702496 0.47508945 0.39693445 0.45000532 0.44589633  0.47476172 0.42761975 0.50206904 0.41641874
0.00039479 0.36283831 0.35232302 0.39930133 0.34523319 0.50234819  0.48417291 0.45702496 0.47508945 0.39693445 0.45000532 0.44589633  0.47476172 0.42761975 0.50206904 0.41641874
0.01804755 0.39018449 0.33830903 0.42636341 0.35641219 0.47112218  0.45911565 0.47626972 0.47899245 0.39487759 0.42806648 0.44912887  0.50987727 0.441117   0.51788115 0.43356859
0.01804755 0.39018449 0.33830903 0.42636341 0.35641219 0.47112218  0.45911565 0.47626972 0.47899245 0.39487759 0.42806648 0.44912887  0.50987727 0.441117   0.51788115 0.43356859
0.34703591 0.78070022 0.15599052 0.65275933 0.36251509 0.50632265  0.2602343  0.47521433 0.67039174 0.46170498 0.49562397 0.46881395  0.46104983 0.45533444 0.61526442 0.46587666
0.36610368 0.79359113 0.15060289 0.63922827 0.35098746 0.54604688  0.28099153 0.45721214 0.68450359 0.45312166 0.55212056 0.45454268  0.45472048 0.44356838 0.56928905 0.44537256
0.36610368 0.79359113 0.15060289 0.63922827 0.35098746 0.54604688  0.28099153 0.45721214 0.68450359 0.45312166 0.55212056 0.45454268  0.45472048 0.44356838 0.56928905 0.44537256
0.40328691 0.81091504 0.13839651 0.60897078 0.33594668 0.58834586  0.34724066 0.41638698 0.62757836 0.4576079  0.5504961  0.45498459  0.40178024 0.38521367 0.48525966 0.43980125
0.40328691 0.81091504 0.13839651 0.60897078 0.33594668 0.58834586  0.34724066 0.41638698 0.62757836 0.4576079  0.5504961  0.45498459  0.40178024 0.38521367 0.48525966 0.43980125
0.40328691 0.81091504 0.13839651 0.60897078 0.33594668 0.58834586  0.34724066 0.41638698 0.62757836 0.4576079  0.5504961  0.45498459  0.40178024 0.38521367 0.48525966 0.43980125
0.42197165 0.81966524 0.12883817 0.58940231 0.33714667 0.59212695  0.40594522 0.39674552 0.58230231 0.4492814  0.58590683 0.4428437  0.32859787 0.35979088 0.44326054 0.39509047
0.42197165 0.81966524 0.12883817 0.58940231 0.33714667 0.59212695  0.40594522 0.39674552 0.58230231 0.4492814  0.58590683 0.4428437  0.32859787 0.35979088 0.44326054 0.39509047
0.42197165 0.81966524 0.12883817 0.58940231 0.33714667 0.59212695  0.40594522 0.39674552 0.58230231 0.4492814  0.58590683 0.4428437  0.32859787 0.35979088 0.44326054 0.39509047
0.42197165 0.81966524 0.12883817 0.58940231 0.33714667 0.59212695  0.40594522 0.39674552 0.58230231 0.4492814  0.58590683 0.4428437  0.32859787 0.35979088 0.44326054 0.39509047
0.42197165 0.81966524 0.12883817 0.58940231 0.33714667 0.59212695  0.40594522 0.39674552 0.58230231 0.4492814  0.58590683 0.4428437  0.32859787 0.35979088 0.44326054 0.39509047
0.42197165 0.81966524 0.12883817 0.58940231 0.33714667 0.59212695  0.40594522 0.39674552 0.58230231 0.4492814  0.58590683 0.4428437  0.32859787 0.35979088 0.44326054 0.39509047
0.44040188 0.82034229 0.13390782 0.56752468 0.31175412 0.65393346  0.39916614 0.40180063 0.59057552 0.45478735 0.55829857 0.44628621  0.39278733 0.34402745 0.40483746 0.43352958
0.45769011 0.81091681 0.14822078 0.55104837 0.28538645 0.69569411  0.36274502 0.43109521 0.57012433 0.46118968 0.48009098 0.45561706  0.43482895 0.33072119 0.35071193 0.43893896
0.49049094 0.78721431 0.18516541 0.54175865 0.23509275 0.75254475  0.28310577 0.46767083 0.49922095 0.48177286 0.35571143 0.46790342  0.47484512 0.30685605 0.25092183 0.37032862
0.52890835 0.79271444 0.32370351 0.61824836 0.16005485 0.72252214  0.26567442 0.38682218 0.39746216 0.41033848 0.43663987 0.5341316  0.58965446 0.44236304 0.19488926 0.33089316
0.5348001  0.80540548 0.35794061 0.61495179 0.15593476 0.70874715  0.28118657 0.37677488 0.41006693 0.38580348 0.40926659 0.49413102  0.55231618 0.46187347 0.17842597 0.35409823
0.60508496 0.76697819 0.48793455 0.64765297 0.08259761 0.64289655  0.33529182 0.40982076 0.29823136 0.48977851 0.49349959 0.48318325  0.46207515 0.44408462 0.28403251 0.16023058
0.62609988 0.78232357 0.58790778 0.68805792 0.06202788 0.59123779  0.39992895 0.36023867 0.36420159 0.3764488  0.46626823 0.46100238  0.46771588 0.31771138 0.42226431 0.24089004
0.647067   0.77469767 0.63882912 0.64617347 0.10421953 0.56975274  0.37155661 0.42802951 0.39129379 0.43038241 0.42547675 0.41220892  0.3391931  0.28156711 0.44591979 0.23804001
0.66924741 0.77163082 0.67328426 0.60103953 0.11513127 0.56876969  0.39407496 0.48963732 0.41865299 0.39674945 0.39764802 0.3508591  0.37487999 0.28347443 0.46913634 0.24841091
0.66924741 0.77163082 0.67328426 0.60103953 0.11513127 0.56876969  0.39407496 0.48963732 0.41865299 0.39674945 0.39764802 0.3508591  0.37487999 0.28347443 0.46913634 0.24841091
0.66924741 0.77163082 0.67328426 0.60103953 0.11513127 0.56876969  0.39407496 0.48963732 0.41865299 0.39674945 0.39764802 0.3508591  0.37487999 0.28347443 0.46913634 0.24841091
0.71885535 0.70890889 0.68010908 0.49807289 0.10755216 0.54405229  0.39172769 0.66337904 0.43755603 0.36612717 0.41928387 0.34495285  0.3817255  0.26873603 0.5610543  0.28484534
0.72049648 0.71753089 0.6986677  0.4800026  0.16978898 0.55655459  0.38003296 0.66546869 0.43186724 0.39167191 0.43350596 0.36109046  0.40124295 0.27215994 0.54945323 0.26745522
0.72402139 0.733349   0.73216845 0.45183395 0.26087986 0.57091964  0.3675778  0.67331336 0.43079883 0.43174803 0.44861636 0.36850242  0.41934332 0.27770165 0.52666437 0.2580163 
0.75080782 0.75438101 0.79615176 0.37344906 0.37796293 0.56902285  0.41445848 0.67492211 0.42231419 0.41131067 0.43273266 0.31176037  0.44385427 0.3156831  0.59244029 0.21568952
0.78876925 0.73846421 0.81015758 0.26934131 0.47713374 0.52148393  0.52192341 0.70582122 0.43361043 0.4967057  0.43054655 0.29053177  0.53290182 0.36502034 0.64900734 0.2114862 
0.81309804 0.74525538 0.84925008 0.22603783 0.68110543 0.52519025  0.5819257  0.68471931 0.36487041 0.5823186  0.50366713 0.55778175  0.55140069 0.18338216 0.66504227 0.4251178 
0.81309804 0.74525538 0.84925008 0.22603783 0.68110543 0.52519025  0.5819257  0.68471931 0.36487041 0.5823186  0.50366713 0.55778175  0.55140069 0.18338216 0.66504227 0.4251178 
0.81309804 0.74525538 0.84925008 0.22603783 0.68110543 0.52519025  0.5819257  0.68471931 0.36487041 0.5823186  0.50366713 0.55778175  0.55140069 0.18338216 0.66504227 0.4251178 
0.81009236 0.73457188 0.82822328 0.24254415 0.63371625 0.52326318  0.58104425 0.67906502 0.3526948  0.54884345 0.51354171 0.57274793  0.54918472 0.17571431 0.68849006 0.41772358
0.80322242 0.70568993 0.76071923 0.30533598 0.42617619 0.50203198  0.59363431 0.65644148 0.31984994 0.38808144 0.47422887 0.54161966  0.45417146 0.18953296 0.75116934 0.45259059
0.79799242 0.68449544 0.70752045 0.35528604 0.26347144 0.48616519  0.61550695 0.63656808 0.31047175 0.29119587 0.41101807 0.47069501  0.42865769 0.20438562 0.77221364 0.41721771
0.83745739 0.50970172 0.57060426 0.33549971 0.16023751 0.36138178  0.51129536 0.50954357 0.40984343 0.19108629 0.4610307  0.47181118  0.4666188  0.29090319 0.65407103 0.34229404
0.83708602 0.45199094 0.47342004 0.3150709  0.13090013 0.37300021  0.45891534 0.45030042 0.35935888 0.23853869 0.4624013  0.57961829  0.5634703  0.45191314 0.64519697 0.31881531
0.83673033 0.40023639 0.39664525 0.30188683 0.16653577 0.38589899  0.40108157 0.4106284  0.38741281 0.34145439 0.46402416 0.61390331  0.61266016 0.43915918 0.56322095 0.22443534
0.82681936 0.34122362 0.27687556 0.2709314  0.2154311  0.40266845  0.37326685 0.40389832 0.40948928 0.49880042 0.41263361 0.61349707  0.6152551  0.37890624 0.56730868 0.10200643
0.81779984 0.34091044 0.24116099 0.24614646 0.23481963 0.42384997  0.3466179  0.42004082 0.39897761 0.50712186 0.40235564 0.60373951  0.56880198 0.41026569 0.52182008 0.11716846
0.80641966 0.34590208 0.20667078 0.21937233 0.26517161 0.43930032  0.34645969 0.43447165 0.43417024 0.48675427 0.36128741 0.56947474  0.52247962 0.35553868 0.54680203 0.15241702
0.80641966 0.34590208 0.20667078 0.21937233 0.26517161 0.43930032  0.34645969 0.43447165 0.43417024 0.48675427 0.36128741 0.56947474  0.52247962 0.35553868 0.54680203 0.15241702
0.77806432 0.3527562  0.11199621 0.17963426 0.36401879 0.51911832  0.33870154 0.43952096 0.5173819  0.37350434 0.2676738  0.44841257  0.46826362 0.26343379 0.5160869  0.36335444
0.7936518  0.29312995 0.10307106 0.26938851 0.41106786 0.56871313  0.329173   0.42756977 0.43430768 0.38351315 0.3044947  0.3436208  0.4802556  0.26615792 0.54916196 0.46545985
0.7936518  0.29312995 0.10307106 0.26938851 0.41106786 0.56871313  0.329173   0.42756977 0.43430768 0.38351315 0.3044947  0.3436208  0.4802556  0.26615792 0.54916196 0.46545985
0.7936518  0.29312995 0.10307106 0.26938851 0.41106786 0.56871313  0.329173   0.42756977 0.43430768 0.38351315 0.3044947  0.3436208  0.4802556  0.26615792 0.54916196 0.46545985
0.7936518  0.29312995 0.10307106 0.26938851 0.41106786 0.56871313  0.329173   0.42756977 0.43430768 0.38351315 0.3044947  0.3436208  0.4802556  0.26615792 0.54916196 0.46545985
0.7936518  0.29312995 0.10307106 0.26938851 0.41106786 0.56871313  0.329173   0.42756977 0.43430768 0.38351315 0.3044947  0.3436208  0.4802556  0.26615792 0.54916196 0.46545985
0.7936518  0.29312995 0.10307106 0.26938851 0.41106786 0.56871313  0.329173   0.42756977 0.43430768 0.38351315 0.3044947  0.3436208  0.4802556  0.26615792 0.54916196 0.46545985
0.78582552 0.32265179 0.10466938 0.22307931 0.39077731 0.5531642  0.33178815 0.43377435 0.47380082 0.36765984 0.26768082 0.39253183  0.48522975 0.24106947 0.57201878 0.38339394
0.78582552 0.32265179 0.10466938 0.22307931 0.39077731 0.5531642  0.33178815 0.43377435 0.47380082 0.36765984 0.26768082 0.39253183  0.48522975 0.24106947 0.57201878 0.38339394
0.7703736  0.3360168  0.08152931 0.21525825 0.41485081 0.53623807  0.37655758 0.42348591 0.52435947 0.3489195  0.30998375 0.38748171  0.49115325 0.2488308  0.62804216 0.45167321
0.7556709  0.36240303 0.06909185 0.2180605  0.43150275 0.55082233  0.41205829 0.38202238 0.55115898 0.32568243 0.33147983 0.38041317  0.60935239 0.3119897  0.59094733 0.47253424
0.7072913  0.45710816 0.06136593 0.17283557 0.4118281  0.45939272  0.48466829 0.28589251 0.66729838 0.31364927 0.40907998 0.47130438  0.59254815 0.39207898 0.52948902 0.40787842
0.6386925  0.50992567 0.03333612 0.2734362  0.47800014 0.3694648  0.54368359 0.12766936 0.67952058 0.32118572 0.52831912 0.4659555  0.5078902  0.46997331 0.55050041 0.34975119
0.58244955 0.63891525 0.05087603 0.32680677 0.43303835 0.47041291  0.65065014 0.1488357  0.54647652 0.41238904 0.43101044 0.49744041  0.55165864 0.54232772 0.67688632 0.40099669
0.43669568 0.77421311 0.090257   0.49879404 0.43468384 0.35504374  0.67109991 0.39460454 0.33655619 0.42879282 0.52788332 0.45447132  0.2814869  0.42595741 0.58724225 0.34158183
0.32539205 0.72242557 0.12454503 0.58656137 0.47532714 0.18079891  0.55850099 0.47628372 0.26619709 0.39639963 0.35782634 0.47006674  0.37563455 0.40452496 0.48794117 0.36248795
0.08837313 0.49349274 0.28301688 0.52244009 0.39707778 0.33667853  0.39970993 0.54279457 0.41499696 0.3711332  0.29385644 0.45910554  0.67842059 0.39321697 0.36828835 0.52620442
0.01779563 0.38669558 0.33863985 0.42004769 0.35385851 0.46460162  0.48109267 0.47190843 0.43452283 0.38595027 0.3992976  0.44733029  0.52908455 0.38078184 0.39373238 0.44873962
0.00039479 0.36283831 0.35232302 0.39930133 0.34523319 0.50234819  0.48417291 0.45702496 0.47508945 0.39693445 0.45000532 0.44589633  0.47476172 0.42761975 0.50206904 0.41641874
0.00039479 0.36283831 0.35232302 0.39930133 0.34523319 0.50234819  0.48417291 0.45702496 0.47508945 0.39693445 0.45000532 0.44589633  0.47476172 0.42761975 0.50206904 0.41641874
0.00039479 0.36283831 0.35232302 0.39930133 0.34523319 0.50234819  0.48417291 0.45702496 0.47508945 0.39693445 0.45000532 0.44589633  0.47476172 0.42761975 0.50206904 0.41641874
0.00039479 0.36283831 0.35232302 0.39930133 0.34523319 0.50234819  0.48417291 0.45702496 0.47508945 0.39693445 0.45000532 0.44589633  0.47476172 0.42761975 0.50206904 0.41641874
0.00039479 0.36283831 0.35232302 0.39930133 0.34523319 0.50234819  0.48417291 0.45702496 0.47508945 0.39693445 0.45000532 0.44589633  0.47476172 0.42761975 0.50206904 0.41641874
0.00039479 0.36283831 0.35232302 0.39930133 0.34523319 0.50234819  0.48417291 0.45702496 0.47508945 0.39693445 0.45000532 0.44589633  0.47476172 0.42761975 0.50206904 0.41641874
0.00039479 0.36283831 0.35232302 0.39930133 0.34523319 0.50234819  0.48417291 0.45702496 0.47508945 0.39693445 0.45000532 0.44589633  0.47476172 0.42761975 0.50206904 0.41641874
0.00039479 0.36283831 0.35232302 0.39930133 0.34523319 0.50234819  0.48417291 0.45702496 0.47508945 0.39693445 0.45000532 0.44589633  0.47476172 0.42761975 0.50206904 0.41641874
0.00039479 0.36283831 0.35232302 0.39930133 0.34523319 0.50234819  0.48417291 0.45702496 0.47508945 0.39693445 0.45000532 0.44589633  0.47476172 0.42761975 0.50206904 0.41641874
0.00039479 0.36283831 0.35232302 0.39930133 0.34523319 0.50234819  0.48417291 0.45702496 0.47508945 0.39693445 0.45000532 0.44589633  0.47476172 0.42761975 0.50206904 0.41641874
0.00039479 0.36283831 0.35232302 0.39930133 0.34523319 0.50234819  0.48417291 0.45702496 0.47508945 0.39693445 0.45000532 0.44589633  0.47476172 0.42761975 0.50206904 0.41641874
0.00039479 0.36283831 0.35232302 0.39930133 0.34523319 0.50234819  0.48417291 0.45702496 0.47508945 0.39693445 0.45000532 0.44589633  0.47476172 0.42761975 0.50206904 0.41641874
0.07328924 0.45899447 0.30748865 0.47039679 0.35341332 0.49904157  0.39954041 0.47437942 0.5797793  0.43147587 0.489891   0.46021702  0.40571962 0.50340777 0.72953631 0.40865829
0.27605373 0.69077777 0.19407558 0.57215956 0.36106529 0.50492007  0.3588137  0.4905673  0.65410724 0.38040951 0.66681801 0.40665429  0.43036943 0.48133302 0.57986053 0.31194826
0.4001884  0.72803807 0.14916137 0.49483759 0.36947401 0.46877873  0.3904465  0.67815633 0.67034192 0.2886704  0.68959703 0.36533801  0.74135523 0.51362975 0.53199692 0.41487617
0.43388813 0.6705978  0.14538257 0.37479652 0.38665567 0.41832348  0.51359105 0.75664776 0.61779718 0.20439744 0.75249507 0.32392793  0.83808597 0.52942486 0.53743527 0.38148183
0.4620128  0.60990962 0.14572661 0.352899   0.39676266 0.38070647  0.45371623 0.81476199 0.63954645 0.19429118 0.80166027 0.30902813  0.76296514 0.44531693 0.46413284 0.36650245
0.47945451 0.60307171 0.13261333 0.3179095  0.41278339 0.35390834  0.53178185 0.79303029 0.58779344 0.2072712  0.78934828 0.32060549  0.75576282 0.45753467 0.49580924 0.37696187
0.49813925 0.61182191 0.12305499 0.29834104 0.41398338 0.35768944  0.5904864  0.77338883 0.54251739 0.1989447  0.82475901 0.3084646  0.68258044 0.43211188 0.45381012 0.33225109
0.51121523 0.57647751 0.11577451 0.29566276 0.43250585 0.33220838  0.55531735 0.72672482 0.58083469 0.17691652 0.84748496 0.29460218  0.67719439 0.39499801 0.37969603 0.29697938
0.51121523 0.57647751 0.11577451 0.29566276 0.43250585 0.33220838  0.55531735 0.72672482 0.58083469 0.17691652 0.84748496 0.29460218  0.67719439 0.39499801 0.37969603 0.29697938
0.51121523 0.57647751 0.11577451 0.29566276 0.43250585 0.33220838  0.55531735 0.72672482 0.58083469 0.17691652 0.84748496 0.29460218  0.67719439 0.39499801 0.37969603 0.29697938
0.54313067 0.54147673 0.09690804 0.25005068 0.45664345 0.26920932  0.60816159 0.66998655 0.54272513 0.18540203 0.77875879 0.33107481  0.64447135 0.42138897 0.37151137 0.33857586
0.52423367 0.53498151 0.09746863 0.27160592 0.47640576 0.21363006  0.59514427 0.67915742 0.52648435 0.19031558 0.75326509 0.33850835  0.60695537 0.43774951 0.41692709 0.32464657
0.52423367 0.53498151 0.09746863 0.27160592 0.47640576 0.21363006  0.59514427 0.67915742 0.52648435 0.19031558 0.75326509 0.33850835  0.60695537 0.43774951 0.41692709 0.32464657
0.52423367 0.53498151 0.09746863 0.27160592 0.47640576 0.21363006  0.59514427 0.67915742 0.52648435 0.19031558 0.75326509 0.33850835  0.60695537 0.43774951 0.41692709 0.32464657
0.52423367 0.53498151 0.09746863 0.27160592 0.47640576 0.21363006  0.59514427 0.67915742 0.52648435 0.19031558 0.75326509 0.33850835  0.60695537 0.43774951 0.41692709 0.32464657
0.52423367 0.53498151 0.09746863 0.27160592 0.47640576 0.21363006  0.59514427 0.67915742 0.52648435 0.19031558 0.75326509 0.33850835  0.60695537 0.43774951 0.41692709 0.32464657
0.52423367 0.53498151 0.09746863 0.27160592 0.47640576 0.21363006  0.59514427 0.67915742 0.52648435 0.19031558 0.75326509 0.33850835  0.60695537 0.43774951 0.41692709 0.32464657
0.52423367 0.53498151 0.09746863 0.27160592 0.47640576 0.21363006  0.59514427 0.67915742 0.52648435 0.19031558 0.75326509 0.33850835  0.60695537 0.43774951 0.41692709 0.32464657
0.52423367 0.53498151 0.09746863 0.27160592 0.47640576 0.21363006  0.59514427 0.67915742 0.52648435 0.19031558 0.75326509 0.33850835  0.60695537 0.43774951 0.41692709 0.32464657
0.50952234 0.56716106 0.10238344 0.29365776 0.46634562 0.24632893  0.61578176 0.69567135 0.47989861 0.21422583 0.7481941  0.33362088  0.60713377 0.38813863 0.43650865 0.32584489
0.52841934 0.57365628 0.10182285 0.27210252 0.44658331 0.30190819  0.62879907 0.68650049 0.49613939 0.20931229 0.77368781 0.32618734  0.64464976 0.37177809 0.39109293 0.33977418
0.51270057 0.59897393 0.09497062 0.29844302 0.45247944 0.31594598  0.65121947 0.61386892 0.49931525 0.19235633 0.78721985 0.31653632  0.6997235  0.39396642 0.37037079 0.32769798
0.43528009 0.68985499 0.13110572 0.37289043 0.40230034 0.41071433  0.60536226 0.67838713 0.54282828 0.23558012 0.73336857 0.33346442  0.84904054 0.5645744  0.50777736 0.37966114
0.43528009 0.68985499 0.13110572 0.37289043 0.40230034 0.41071433  0.60536226 0.67838713 0.54282828 0.23558012 0.73336857 0.33346442  0.84904054 0.5645744  0.50777736 0.37966114
0.34513888 0.71682137 0.14873739 0.54809593 0.41633732 0.35232179  0.41176773 0.59977289 0.60125087 0.30069642 0.63914984 0.38023902  0.66860123 0.51892816 0.53120438 0.35038012
0.23571092 0.67829854 0.19069976 0.63317498 0.42176731 0.29018323  0.33057011 0.57327393 0.50179833 0.34374015 0.42968137 0.42817153  0.63564462 0.45257168 0.43926371 0.40421428
0.05458158 0.4365882  0.31503877 0.45653105 0.36408194 0.45613583  0.4342582  0.48981089 0.51560813 0.38389732 0.4769636  0.43762014  0.49660486 0.48833009 0.58333181 0.37716963
0.0177474  0.38984345 0.33852207 0.42635267 0.35697043 0.47086435  0.45750391 0.47765391 0.48169648 0.39463854 0.42895995 0.44917931  0.51265071 0.44991576 0.53083289 0.43501917
0.0177474  0.38984345 0.33852207 0.42635267 0.35697043 0.47086435  0.45750391 0.47765391 0.48169648 0.39463854 0.42895995 0.44917931  0.51265071 0.44991576 0.53083289 0.43501917
0.00039479 0.36283831 0.35232302 0.39930133 0.34523319 0.50234819  0.48417291 0.45702496 0.47508945 0.39693445 0.45000532 0.44589633  0.47476172 0.42761975 0.50206904 0.41641874
0.00039479 0.36283831 0.35232302 0.39930133 0.34523319 0.50234819  0.48417291 0.45702496 0.47508945 0.39693445 0.45000532 0.44589633  0.47476172 0.42761975 0.50206904 0.41641874
0.00039479 0.36283831 0.35232302 0.39930133 0.34523319 0.50234819  0.48417291 0.45702496 0.47508945 0.39693445 0.45000532 0.44589633  0.47476172 0.42761975 0.50206904 0.41641874
0.00039479 0.36283831 0.35232302 0.39930133 0.34523319 0.50234819  0.48417291 0.45702496 0.47508945 0.39693445 0.45000532 0.44589633  0.47476172 0.42761975 0.50206904 0.41641874
0.00039479 0.36283831 0.35232302 0.39930133 0.34523319 0.50234819  0.48417291 0.45702496 0.47508945 0.39693445 0.45000532 0.44589633  0.47476172 0.42761975 0.50206904 0.41641874
0.00039479 0.36283831 0.35232302 0.39930133 0.34523319 0.50234819  0.48417291 0.45702496 0.47508945 0.39693445 0.45000532 0.44589633  0.47476172 0.42761975 0.50206904 0.41641874
0.00039479 0.36283831 0.35232302 0.39930133 0.34523319 0.50234819  0.48417291 0.45702496 0.47508945 0.39693445 0.45000532 0.44589633  0.47476172 0.42761975 0.50206904 0.41641874
0.00039479 0.36283831 0.35232302 0.39930133 0.34523319 0.50234819  0.48417291 0.45702496 0.47508945 0.39693445 0.45000532 0.44589633  0.47476172 0.42761975 0.50206904 0.41641874
0.00039479 0.36283831 0.35232302 0.39930133 0.34523319 0.50234819  0.48417291 0.45702496 0.47508945 0.39693445 0.45000532 0.44589633  0.47476172 0.42761975 0.50206904 0.41641874
0.00039479 0.36283831 0.35232302 0.39930133 0.34523319 0.50234819  0.48417291 0.45702496 0.47508945 0.39693445 0.45000532 0.44589633  0.47476172 0.42761975 0.50206904 0.41641874
0.00039479 0.36283831 0.35232302 0.39930133 0.34523319 0.50234819  0.48417291 0.45702496 0.47508945 0.39693445 0.45000532 0.44589633  0.47476172 0.42761975 0.50206904 0.41641874
0.00039479 0.36283831 0.35232302 0.39930133 0.34523319 0.50234819  0.48417291 0.45702496 0.47508945 0.39693445 0.45000532 0.44589633  0.47476172 0.42761975 0.50206904 0.41641874
0.00039479 0.36283831 0.35232302 0.39930133 0.34523319 0.50234819  0.48417291 0.45702496 0.47508945 0.39693445 0.45000532 0.44589633  0.47476172 0.42761975 0.50206904 0.41641874
0.00039479 0.36283831 0.35232302 0.39930133 0.34523319 0.50234819  0.48417291 0.45702496 0.47508945 0.39693445 0.45000532 0.44589633  0.47476172 0.42761975 0.50206904 0.41641874
0.00039479 0.36283831 0.35232302 0.39930133 0.34523319 0.50234819  0.48417291 0.45702496 0.47508945 0.39693445 0.45000532 0.44589633  0.47476172 0.42761975 0.50206904 0.41641874
0.00039479 0.36283831 0.35232302 0.39930133 0.34523319 0.50234819  0.48417291 0.45702496 0.47508945 0.39693445 0.45000532 0.44589633  0.47476172 0.42761975 0.50206904 0.41641874
0.00039479 0.36283831 0.35232302 0.39930133 0.34523319 0.50234819  0.48417291 0.45702496 0.47508945 0.39693445 0.45000532 0.44589633  0.47476172 0.42761975 0.50206904 0.41641874
0.00039479 0.36283831 0.35232302 0.39930133 0.34523319 0.50234819  0.48417291 0.45702496 0.47508945 0.39693445 0.45000532 0.44589633  0.47476172 0.42761975 0.50206904 0.41641874
0.00039479 0.36283831 0.35232302 0.39930133 0.34523319 0.50234819  0.48417291 0.45702496 0.47508945 0.39693445 0.45000532 0.44589633  0.47476172 0.42761975 0.50206904 0.41641874
0.00039479 0.36283831 0.35232302 0.39930133 0.34523319 0.50234819  0.48417291 0.45702496 0.47508945 0.39693445 0.45000532 0.44589633  0.47476172 0.42761975 0.50206904 0.41641874
0.00039479 0.36283831 0.35232302 0.39930133 0.34523319 0.50234819  0.48417291 0.45702496 0.47508945 0.39693445 0.45000532 0.44589633  0.47476172 0.42761975 0.50206904 0.41641874
0.00039479 0.36283831 0.35232302 0.39930133 0.34523319 0.50234819  0.48417291 0.45702496 0.47508945 0.39693445 0.45000532 0.44589633  0.47476172 0.42761975 0.50206904 0.41641874
0.00039479 0.36283831 0.35232302 0.39930133 0.34523319 0.50234819  0.48417291 0.45702496 0.47508945 0.39693445 0.45000532 0.44589633  0.47476172 0.42761975 0.50206904 0.41641874
0.00039479 0.36283831 0.35232302 0.39930133 0.34523319 0.50234819  0.48417291 0.45702496 0.47508945 0.39693445 0.45000532 0.44589633  0.47476172 0.42761975 0.50206904 0.41641874
