0.00039479 0.36283831 0.35232302 0.39930133 0.34523319 0.50234819  0.48417291 0.45702496 0.47508945 0.39693445 0.45000532 0.44589633  0.47476172 0.42761975 0.50206904 0.41641874
0.00039479 0.36283831 0.35232302 0.39930133 0.34523319 0.50234819  0.48417291 0.45702496 0.47508945 0.39693445 0.45000532 0.44589633  0.47476172 0.42761975 0.50206904 0.41641874
0.00039479 0.36283831 0.35232302 0.39930133 0.34523319 0.50234819  0.48417291 0.45702496 0.47508945 0.39693445 0.45000532 0.44589633  0.47476172 0.42761975 0.50206904 0.41641874
0.00039479 0.36283831 0.35232302 0.39930133 0.34523319 0.50234819  0.48417291 0.45702496 0.47508945 0.39693445 0.45000532 0.44589633  0.47476172 0.42761975 0.50206904 0.41641874
0.00039479 0.36283831 0.35232302 0.39930133 0.34523319 0.50234819  0.48417291 0.45702496 0.47508945 0.39693445 0.45000532 0.44589633  0.47476172 0.42761975 0.50206904 0.41641874
0.00039479 0.36283831 0.35232302 0.39930133 0.34523319 0.50234819  0.48417291 0.45702496 0.47508945 0.39693445 0.45000532 0.44589633  0.47476172 0.42761975 0.50206904 0.41641874
0.00039479 0.36283831 0.35232302 0.39930133 0.34523319 0.50234819  0.48417291 0.45702496 0.47508945 0.39693445 0.45000532 0.44589633  0.47476172 0.42761975 0.50206904 0.41641874
0.00039479 0.36283831 0.35232302 0.39930133 0.34523319 0.50234819  0.48417291 0.45702496 0.47508945 0.39693445 0.45000532 0.44589633  0.47476172 0.42761975 0.50206904 0.41641874
0.00039479 0.36283831 0.35232302 0.39930133 0.34523319 0.50234819  0.48417291 0.45702496 0.47508945 0.39693445 0.45000532 0.44589633  0.47476172 0.42761975 0.50206904 0.41641874
0.00039479 0.36283831 0.35232302 0.39930133 0.34523319 0.50234819  0.48417291 0.45702496 0.47508945 0.39693445 0.45000532 0.44589633  0.47476172 0.42761975 0.50206904 0.41641874
0.00039479 0.36283831 0.35232302 0.39930133 0.34523319 0.50234819  0.48417291 0.45702496 0.47508945 0.39693445 0.45000532 0.44589633  0.47476172 0.42761975 0.50206904 0.41641874
0.00039479 0.36283831 0.35232302 0.39930133 0.34523319 0.50234819  0.48417291 0.45702496 0.47508945 0.39693445 0.45000532 0.44589633  0.47476172 0.42761975 0.50206904 0.41641874
0.00039479 0.36283831 0.35232302 0.39930133 0.34523319 0.50234819  0.48417291 0.45702496 0.47508945 0.39693445 0.45000532 0.44589633  0.47476172 0.42761975 0.50206904 0.41641874
0.00039479 0.36283831 0.35232302 0.39930133 0.34523319 0.50234819  0.48417291 0.45702496 0.47508945 0.39693445 0.45000532 0.44589633  0.47476172 0.42761975 0.50206904 0.41641874
0.00039479 0.36283831 0.35232302 0.39930133 0.34523319 0.50234819  0.48417291 0.45702496 0.47508945 0.39693445 0.45000532 0.44589633  0.47476172 0.42761975 0.50206904 0.41641874
0.00039479 0.36283831 0.35232302 0.39930133 0.34523319 0.50234819  0.48417291 0.45702496 0.47508945 0.39693445 0.45000532 0.44589633  0.47476172 0.42761975 0.50206904 0.41641874
0.00039479 0.36283831 0.35232302 0.39930133 0.34523319 0.50234819  0.48417291 0.45702496 0.47508945 0.39693445 0.45000532 0.44589633  0.47476172 0.42761975 0.50206904 0.41641874
0.00039479 0.36283831 0.35232302 0.39930133 0.34523319 0.50234819  0.48417291 0.45702496 0.47508945 0.39693445 0.45000532 0.44589633  0.47476172 0.42761975 0.50206904 0.41641874
0.00039479 0.36283831 0.35232302 0.39930133 0.34523319 0.50234819  0.48417291 0.45702496 0.47508945 0.39693445 0.45000532 0.44589633  0.47476172 0.42761975 0.50206904 0.41641874
0.00039479 0.36283831 0.35232302 0.39930133 0.34523319 0.50234819  0.48417291 0.45702496 0.47508945 0.39693445 0.45000532 0.44589633  0.47476172 0.42761975 0.50206904 0.41641874
0.00039479 0.36283831 0.35232302 0.39930133 0.34523319 0.50234819  0.48417291 0.45702496 0.47508945 0.39693445 0.45000532 0.44589633  0.47476172 0.42761975 0.50206904 0.41641874
0.00039479 0.36283831 0.35232302 0.39930133 0.34523319 0.50234819  0.48417291 0.45702496 0.47508945 0.39693445 0.45000532 0.44589633  0.47476172 0.42761975 0.50206904 0.41641874
0.00039479 0.36283831 0.35232302 0.39930133 0.34523319 0.50234819  0.48417291 0.45702496 0.47508945 0.39693445 0.45000532 0.44589633  0.47476172 0.42761975 0.50206904 0.41641874
0.00039479 0.36283831 0.35232302 0.39930133 0.34523319 0.50234819  0.48417291 0.45702496 0.47508945 0.39693445 0.45000532 0.44589633  0.47476172 0.42761975 0.50206904 0.41641874
0.00039479 0.36283831 0.35232302 0.39930133 0.34523319 0.50234819  0.48417291 0.45702496 0.47508945 0.39693445 0.45000532 0.44589633  0.47476172 0.42761975 0.50206904 0.41641874
0.00039479 0.36283831 0.35232302 0.39930133 0.34523319 0.50234819  0.48417291 0.45702496 0.47508945 0.39693445 0.45000532 0.44589633  0.47476172 0.42761975 0.50206904 0.41641874
0.00039479 0.36283831 0.35232302 0.39930133 0.34523319 0.50234819  0.48417291 0.45702496 0.47508945 0.39693445 0.45000532 0.44589633  0.47476172 0.42761975 0.50206904 0.41641874
0.00039479 0.36283831 0.35232302 0.39930133 0.34523319 0.50234819  0.48417291 0.45702496 0.47508945 0.39693445 0.45000532 0.44589633  0.47476172 0.42761975 0.50206904 0.41641874
0.00039479 0.36283831 0.35232302 0.39930133 0.34523319 0.50234819  0.48417291 0.45702496 0.47508945 0.39693445 0.45000532 0.44589633  0.47476172 0.42761975 0.50206904 0.41641874
0.00039479 0.36283831 0.35232302 0.39930133 0.34523319 0.50234819  0.48417291 0.45702496 0.47508945 0.39693445 0.45000532 0.44589633  0.47476172 0.42761975 0.50206904 0.41641874
0.00039479 0.36283831 0.35232302 0.39930133 0.34523319 0.50234819  0.48417291 0.45702496 0.47508945 0.39693445 0.45000532 0.44589633  0.47476172 0.42761975 0.50206904 0.41641874
0.00039479 0.36283831 0.35232302 0.39930133 0.34523319 0.50234819  0.48417291 0.45702496 0.47508945 0.39693445 0.45000532 0.44589633  0.47476172 0.42761975 0.50206904 0.41641874
0.00039479 0.36283831 0.35232302 0.39930133 0.34523319 0.50234819  0.48417291 0.45702496 0.47508945 0.39693445 0.45000532 0.44589633  0.47476172 0.42761975 0.50206904 0.41641874
0.00039479 0.36283831 0.35232302 0.39930133 0.34523319 0.50234819  0.48417291 0.45702496 0.47508945 0.39693445 0.45000532 0.44589633  0.47476172 0.42761975 0.50206904 0.41641874
0.00039479 0.36283831 0.35232302 0.39930133 0.34523319 0.50234819  0.48417291 0.45702496 0.47508945 0.39693445 0.45000532 0.44589633  0.47476172 0.42761975 0.50206904 0.41641874
0.00039479 0.36283831 0.35232302 0.39930133 0.34523319 0.50234819  0.48417291 0.45702496 0.47508945 0.39693445 0.45000532 0.44589633  0.47476172 0.42761975 0.50206904 0.41641874
0.00039479 0.36283831 0.35232302 0.39930133 0.34523319 0.50234819  0.48417291 0.45702496 0.47508945 0.39693445 0.45000532 0.44589633  0.47476172 0.42761975 0.50206904 0.41641874
0.00039479 0.36283831 0.35232302 0.39930133 0.34523319 0.50234819  0.48417291 0.45702496 0.47508945 0.39693445 0.45000532 0.44589633  0.47476172 0.42761975 0.50206904 0.41641874
0.00039479 0.36283831 0.35232302 0.39930133 0.34523319 0.50234819  0.48417291 0.45702496 0.47508945 0.39693445 0.45000532 0.44589633  0.47476172 0.42761975 0.50206904 0.41641874
0.00039479 0.36283831 0.35232302 0.39930133 0.34523319 0.50234819  0.48417291 0.45702496 0.47508945 0.39693445 0.45000532 0.44589633  0.47476172 0.42761975 0.50206904 0.41641874
0.00039479 0.36283831 0.35232302 0.39930133 0.34523319 0.50234819  0.48417291 0.45702496 0.47508945 0.39693445 0.45000532 0.44589633  0.47476172 0.42761975 0.50206904 0.41641874
0.00039479 0.36283831 0.35232302 0.39930133 0.34523319 0.50234819  0.48417291 0.45702496 0.47508945 0.39693445 0.45000532 0.44589633  0.47476172 0.42761975 0.50206904 0.41641874
0.00039479 0.36283831 0.35232302 0.39930133 0.34523319 0.50234819  0.48417291 0.45702496 0.47508945 0.39693445 0.45000532 0.44589633  0.47476172 0.42761975 0.50206904 0.41641874
0.00039479 0.36283831 0.35232302 0.39930133 0.34523319 0.50234819  0.48417291 0.45702496 0.47508945 0.39693445 0.45000532 0.44589633  0.47476172 0.42761975 0.50206904 0.41641874
0.01790387 0.3898545  0.33817562 0.42642862 0.35681041 0.46717525  0.46152885 0.47694295 0.46991849 0.39350101 0.41724602 0.4497633  0.51968443 0.43336993 0.49846349 0.44236435
0.03525649 0.41685964 0.32437467 0.45347996 0.36854765 0.43569141  0.43485985 0.4975719  0.47652552 0.39120509 0.39620065 0.45304628  0.55757342 0.45566594 0.52722734 0.46096477
0.10790948 0.52006986 0.27295207 0.53758714 0.39565131 0.37686759  0.35640982 0.53644634 0.54757535 0.39453639 0.43258952 0.45227625  0.52979935 0.5365488  0.69603209 0.43060237
0.25420759 0.70204294 0.18282382 0.64992507 0.41227261 0.33734392  0.28598077 0.561254   0.5928632  0.38803469 0.48039407 0.44021782  0.51991185 0.49026741 0.60736375 0.41125132
0.30983353 0.76257574 0.15619934 0.67616474 0.40265727 0.37928527  0.27073384 0.51959709 0.61542993 0.42376266 0.48752646 0.45691024  0.44094478 0.47372309 0.63905033 0.40324622
0.30983353 0.76257574 0.15619934 0.67616474 0.40265727 0.37928527  0.27073384 0.51959709 0.61542993 0.42376266 0.48752646 0.45691024  0.44094478 0.47372309 0.63905033 0.40324622
0.34701385 0.78240103 0.14302599 0.649796   0.38904819 0.42241165  0.33043978 0.48218667 0.57047466 0.43036649 0.50438096 0.45426877  0.37035593 0.41636324 0.55200767 0.39712865
0.36532214 0.79152891 0.14434472 0.64405707 0.36723662 0.49304237  0.31346612 0.44356003 0.59722573 0.47110477 0.46850581 0.47668941  0.37059361 0.41334027 0.57665075 0.44637606
0.36532214 0.79152891 0.14434472 0.64405707 0.36723662 0.49304237  0.31346612 0.44356003 0.59722573 0.47110477 0.46850581 0.47668941  0.37059361 0.41334027 0.57665075 0.44637606
0.38400688 0.80027911 0.13478638 0.62448861 0.36843661 0.49682347  0.37217067 0.42391857 0.55194968 0.46277827 0.50391654 0.46454851  0.29741123 0.38791748 0.53465163 0.40166528
0.40307465 0.81317002 0.12939876 0.61095755 0.35690898 0.53654769  0.3929279  0.40591639 0.56606153 0.45419495 0.56041313 0.45027724  0.29108188 0.37615142 0.48867626 0.38116118
0.44008288 0.81440972 0.12924302 0.55525142 0.32875372 0.61418067  0.44335167 0.40979085 0.54966721 0.43821909 0.57790772 0.43314237  0.35860985 0.36406623 0.42199544 0.39442332
0.49463756 0.8127213  0.10161922 0.47227164 0.33849218 0.61278931  0.60682553 0.34023605 0.42872776 0.47785947 0.51091008 0.48728501  0.32346084 0.35873936 0.39442129 0.51888861
0.51342515 0.80441161 0.10445744 0.42678992 0.34073067 0.62361186  0.63812969 0.38775796 0.41952845 0.43241594 0.54292067 0.48947751  0.37990228 0.37727271 0.414684   0.5685021 
0.54816995 0.78016697 0.12192245 0.36743214 0.31469156 0.67361429  0.60937834 0.48573393 0.39806497 0.4157623  0.48107643 0.50602503  0.48094976 0.37052811 0.37454834 0.61673163
0.57122374 0.75921235 0.16162797 0.35674366 0.29561667 0.64674554  0.59659156 0.531331   0.38550054 0.34903862 0.47125074 0.52336727  0.4281718  0.31171457 0.46421293 0.6686308 
0.58882332 0.74747641 0.15456772 0.31355298 0.30591387 0.63355082  0.65551385 0.53877308 0.37207285 0.33768483 0.48782474 0.5168799  0.47509032 0.35045585 0.52417745 0.66360465
0.63839051 0.68812062 0.16261341 0.23043027 0.30990037 0.64173321  0.62721965 0.53813424 0.40170624 0.32510598 0.37185015 0.57740937  0.58825793 0.42010338 0.61801669 0.71477086
0.68418557 0.59948991 0.15342922 0.15093977 0.32826389 0.56644233  0.58219377 0.5311447  0.51051537 0.27762624 0.33908667 0.60657987  0.58973261 0.5258511  0.69818474 0.73539349
0.75347968 0.51282123 0.25784755 0.18851425 0.21826442 0.51545872  0.46736671 0.63501911 0.34759763 0.39707588 0.3444227  0.68941317  0.40354839 0.48765179 0.71236965 0.57667283
0.8130762  0.40488541 0.30399492 0.23718188 0.22436748 0.43738327  0.35562012 0.45419089 0.38252535 0.31930257 0.44855643 0.68465324  0.49202383 0.42462851 0.48828843 0.42164399
0.83307157 0.34393435 0.2938584  0.28363381 0.21118392 0.40282915  0.35304577 0.36945085 0.41124534 0.37947719 0.48001037 0.67467145  0.5437712  0.43619968 0.44667755 0.42017002
0.83988599 0.31293702 0.29225836 0.33281781 0.23207189 0.41825039  0.35152142 0.36167416 0.37248413 0.39615236 0.52320644 0.60734677  0.57171508 0.43925229 0.44905246 0.44495414
0.84749738 0.28307943 0.28614592 0.3774145  0.25725182 0.44791126  0.34466633 0.36162448 0.32355287 0.39067173 0.53733891 0.55335444  0.5845853  0.41702191 0.48798228 0.47208489
0.85375635 0.25191556 0.27933404 0.42646013 0.27659314 0.47124946  0.34942806 0.36068921 0.29784283 0.42171097 0.5477367  0.48210265  0.60247366 0.45569725 0.47416656 0.50225783
0.85236987 0.21631857 0.23473292 0.45213944 0.32670523 0.51601929  0.3424693  0.38271766 0.2639253  0.44374041 0.53119193 0.411874  0.58299054 0.38867655 0.5605839  0.50472775
0.84027396 0.22433155 0.20238677 0.42217363 0.35011098 0.52060334  0.34894978 0.39783567 0.31384658 0.43925043 0.5069891  0.39454422  0.51967858 0.36745399 0.55654413 0.58364694
0.84491164 0.20461286 0.19774541 0.46299729 0.37847342 0.55988711  0.36722252 0.41822443 0.30723076 0.41334599 0.46306072 0.37170389  0.51947758 0.37274252 0.58184718 0.52897766
0.83038209 0.18691285 0.12861295 0.46409195 0.43967994 0.61403394  0.38621676 0.48287851 0.35206586 0.47916077 0.41558047 0.33010382  0.45582097 0.40022991 0.55036839 0.55214668
0.80381791 0.20916158 0.07786101 0.44918575 0.50161843 0.62997959  0.45953244 0.4844145  0.47386639 0.39602483 0.39048295 0.32428515  0.45423317 0.39379214 0.56719875 0.62994873
0.79544283 0.2345211  0.0707597  0.41203766 0.512847   0.65466297  0.44601593 0.48047729 0.46865184 0.34161126 0.29201998 0.29289342  0.44148024 0.3771749  0.60598809 0.54768451
0.77462628 0.28801946 0.06221357 0.34910831 0.49684836 0.6204401  0.43664172 0.39889914 0.48600634 0.34648018 0.35528572 0.27413567  0.58144131 0.4026981  0.56095733 0.61130981
0.75158032 0.34515694 0.06162899 0.32483432 0.48075406 0.60785788  0.47239323 0.33818417 0.53798245 0.34452066 0.35828831 0.32071498  0.66075326 0.48668463 0.46955763 0.58215103
0.71966501 0.45685107 0.07955963 0.19300511 0.39628566 0.55342483  0.49446476 0.34357674 0.58801872 0.37160091 0.28583314 0.45596292  0.68599897 0.50708712 0.53422581 0.51809985
0.6659832  0.55679245 0.07465464 0.19877095 0.37996849 0.53251897  0.57592207 0.30541925 0.58060259 0.39501763 0.32431431 0.51200936  0.66934858 0.55640965 0.59418683 0.47371422
0.62496429 0.64977641 0.08911328 0.22259949 0.34803657 0.56555505  0.65641521 0.39391279 0.53656709 0.38100726 0.40282916 0.49325752  0.68703825 0.64228845 0.59199608 0.52140092
0.54035873 0.72779543 0.07589963 0.36723578 0.38862945 0.50588845  0.68901654 0.26898614 0.47564147 0.43709317 0.47765712 0.49290466  0.45624531 0.57493596 0.62659657 0.44672291
0.47413788 0.79276436 0.09591745 0.47503659 0.38218542 0.50378521  0.63545682 0.38736094 0.40380869 0.44871336 0.54776022 0.45526424  0.33474957 0.3992092  0.51335332 0.42131655
0.43885676 0.81091145 0.11022171 0.55356882 0.36822373 0.52207397  0.52361247 0.36451141 0.4566987  0.46510891 0.53171883 0.46128503  0.26187575 0.35660974 0.47181541 0.39877901
0.38427659 0.79171388 0.12824226 0.59639903 0.38748547 0.44201921  0.44634718 0.46136457 0.50053108 0.40055819 0.58489454 0.4215505  0.30051206 0.39461869 0.4817508  0.3272409 
0.38427659 0.79171388 0.12824226 0.59639903 0.38748547 0.44201921  0.44634718 0.46136457 0.50053108 0.40055819 0.58489454 0.4215505  0.30051206 0.39461869 0.4817508  0.3272409 
0.34673006 0.76795845 0.14838734 0.62693313 0.38173493 0.45400553  0.37221334 0.42434035 0.52206432 0.47284379 0.44866714 0.47939627  0.27913051 0.39602644 0.58112502 0.41361135
0.38469192 0.78984597 0.14147216 0.59573559 0.35187669 0.55013642  0.39944469 0.40058205 0.56438691 0.46146451 0.5491364  0.45460807  0.29266853 0.3688947  0.48672065 0.40649028
0.43932056 0.80932774 0.14264273 0.57229154 0.31092647 0.63205146  0.3710754  0.4230327  0.56195758 0.45112425 0.50383022 0.45007995  0.37453753 0.34368706 0.39949382 0.3947594 
0.43932056 0.80932774 0.14264273 0.57229154 0.31092647 0.63205146  0.3710754  0.4230327  0.56195758 0.45112425 0.50383022 0.45007995  0.37453753 0.34368706 0.39949382 0.3947594 
0.45775079 0.8100048  0.14771238 0.5504139  0.28553392 0.69385797  0.36429632 0.4280878  0.57023079 0.45663019 0.47622195 0.45352245  0.43872699 0.32792364 0.36107074 0.43319851
0.52311471 0.77970226 0.28927607 0.61626433 0.15798145 0.7217864  0.27682887 0.41034692 0.40444349 0.47875648 0.43753427 0.53384587  0.62092869 0.427462   0.19949419 0.27373044
0.55025261 0.77838172 0.38707165 0.66913755 0.1108299  0.68054414  0.28650465 0.37646829 0.36065172 0.45168153 0.49211971 0.57292601  0.61990581 0.45075365 0.2460034  0.27937131
0.56883062 0.77894437 0.38184626 0.63530905 0.10806719 0.69637061  0.3437075  0.37528765 0.33598419 0.43019973 0.53722257 0.55234864  0.62324431 0.45443188 0.21774565 0.25419434
0.56883062 0.77894437 0.38184626 0.63530905 0.10806719 0.69637061  0.3437075  0.37528765 0.33598419 0.43019973 0.53722257 0.55234864  0.62324431 0.45443188 0.21774565 0.25419434
0.60511597 0.80526966 0.54479187 0.68065346 0.07794689 0.63257748  0.39396522 0.31498131 0.32615193 0.32416106 0.51149644 0.4767037  0.59803681 0.4374921  0.35784825 0.24020022
0.61981868 0.77888343 0.55722933 0.67785121 0.06129495 0.61799323  0.35846451 0.35644484 0.29935242 0.34739814 0.49000037 0.48377224  0.47983767 0.37433319 0.39494308 0.21933918
0.61981868 0.77888343 0.55722933 0.67785121 0.06129495 0.61799323  0.35846451 0.35644484 0.29935242 0.34739814 0.49000037 0.48377224  0.47983767 0.37433319 0.39494308 0.21933918
0.62297293 0.79450108 0.58670395 0.66479698 0.10335626 0.63374113  0.34083656 0.35313281 0.28623295 0.33546818 0.4837582  0.47279836  0.45951601 0.38149788 0.38987665 0.19653953
0.62776826 0.80731139 0.61870051 0.66095257 0.11974165 0.62748252  0.35182489 0.34862441 0.31069799 0.32416061 0.44834868 0.42419144  0.42849189 0.36767612 0.40438466 0.18891927
0.668619   0.80083522 0.66607192 0.55341689 0.19464667 0.65828711  0.37766906 0.45172775 0.29794891 0.24282287 0.48875419 0.40287683  0.55834216 0.40092183 0.43867761 0.21810894
0.6872883  0.78805299 0.69876814 0.51138133 0.23574923 0.65317393  0.34433071 0.52281575 0.28633564 0.25485491 0.47043887 0.40706389  0.49044455 0.37816399 0.46542881 0.20977097
0.69118405 0.80412231 0.73455063 0.47775622 0.33951444 0.66131653  0.33967647 0.52738551 0.30503716 0.33397886 0.46517479 0.38157319  0.54107371 0.40160369 0.42223236 0.15449187
0.70048125 0.82108044 0.79475219 0.45975069 0.43219492 0.64636794  0.37292622 0.53921307 0.3770884  0.42344473 0.45603756 0.36960366  0.57403976 0.34266782 0.42656797 0.15200061
0.77020155 0.74692607 0.82309267 0.29810409 0.49757859 0.57502521  0.41129367 0.72039267 0.42940567 0.42852632 0.49185504 0.36494131  0.54487925 0.33227606 0.65646999 0.21394311
0.79086954 0.75560296 0.84906588 0.22422055 0.65977022 0.5726415  0.46466425 0.71884017 0.37664229 0.52518971 0.56239624 0.48760014  0.58483912 0.29234195 0.6721049  0.273557  
0.80807366 0.75278174 0.83511422 0.20066032 0.67384767 0.54234131  0.53814597 0.67861584 0.29194699 0.55758548 0.48859909 0.5191853  0.55229448 0.26912203 0.6835018  0.3163518 
0.80660624 0.74464764 0.81861106 0.21426163 0.62584845 0.52759014  0.55395716 0.67348479 0.3132533  0.56705247 0.45995691 0.47701651  0.56004478 0.28309654 0.67244166 0.29564956
0.80527074 0.73288253 0.7915715  0.24603617 0.49557323 0.49038347  0.59635544 0.66310557 0.3552256  0.54796182 0.36062579 0.32842803  0.5263247  0.33736217 0.65390011 0.24293362
0.81953993 0.69715284 0.77426981 0.23502715 0.45113928 0.45302952  0.60053353 0.61346131 0.40922893 0.53320164 0.28345825 0.3021903  0.52791744 0.43484358 0.68775941 0.24311961
0.82788784 0.64884875 0.72706009 0.22611596 0.43178257 0.4359676  0.56951386 0.59629293 0.4213756  0.5060495  0.31569425 0.35942153  0.5802123  0.48229627 0.66460183 0.20748919
0.81373284 0.52175584 0.50201834 0.30345859 0.15727088 0.40707161  0.57246297 0.54088999 0.36225817 0.41064249 0.36836246 0.61111356  0.62757334 0.48284769 0.8336607  0.32814061
0.74331292 0.49892921 0.21411675 0.18899145 0.22265438 0.52815537  0.48297461 0.65098949 0.37103857 0.48912578 0.29564515 0.56975033  0.52673046 0.47851256 0.72784654 0.31086704
0.74331292 0.49892921 0.21411675 0.18899145 0.22265438 0.52815537  0.48297461 0.65098949 0.37103857 0.48912578 0.29564515 0.56975033  0.52673046 0.47851256 0.72784654 0.31086704
0.71967093 0.52099502 0.1532082  0.13076093 0.26648521 0.55751601  0.47625283 0.66187709 0.4558594  0.43102097 0.23310094 0.53171735  0.44344248 0.44838812 0.66382713 0.45831389
0.74561798 0.45095013 0.13624332 0.12725402 0.30334447 0.51832777  0.40839578 0.53845927 0.52544682 0.40369384 0.23378282 0.51983056  0.45220379 0.3814055  0.56021617 0.39169024
0.77045293 0.38261378 0.11810865 0.13503757 0.33883886 0.48945744  0.34555663 0.43957064 0.56631317 0.37898498 0.25354133 0.50240491  0.4553934  0.28566417 0.47715708 0.3362237 
0.78548636 0.32492756 0.11372766 0.22845341 0.38276825 0.53065775  0.34522863 0.43537146 0.4930477  0.40980957 0.3044102  0.40203274  0.44467291 0.33757959 0.45088574 0.48599792
0.78548636 0.32492756 0.11372766 0.22845341 0.38276825 0.53065775  0.34522863 0.43537146 0.4930477  0.40980957 0.3044102  0.40203274  0.44467291 0.33757959 0.45088574 0.48599792
0.78940831 0.30823021 0.11123037 0.26608538 0.40418446 0.55907522  0.37014007 0.4564474  0.50116053 0.39978273 0.27734723 0.3961274  0.42748232 0.37637257 0.44716707 0.47499927
0.78940831 0.30823021 0.11123037 0.26608538 0.40418446 0.55907522  0.37014007 0.4564474  0.50116053 0.39978273 0.27734723 0.3961274  0.42748232 0.37637257 0.44716707 0.47499927
0.79716951 0.2781258  0.10390354 0.30953043 0.43094298 0.5931211  0.36322667 0.4507008  0.45757945 0.39393823 0.27735424 0.34024666  0.44444845 0.35400825 0.50309895 0.49503877
0.8047809  0.24826821 0.0977911  0.35412712 0.45612291 0.62278197  0.35637158 0.45065112 0.40864818 0.38845759 0.29148671 0.28625432  0.45731867 0.33177787 0.54202877 0.52216951
0.8047809  0.24826821 0.0977911  0.35412712 0.45612291 0.62278197  0.35637158 0.45065112 0.40864818 0.38845759 0.29148671 0.28625432  0.45731867 0.33177787 0.54202877 0.52216951
0.8047809  0.24826821 0.0977911  0.35412712 0.45612291 0.62278197  0.35637158 0.45065112 0.40864818 0.38845759 0.29148671 0.28625432  0.45731867 0.33177787 0.54202877 0.52216951
0.8047809  0.24826821 0.0977911  0.35412712 0.45612291 0.62278197  0.35637158 0.45065112 0.40864818 0.38845759 0.29148671 0.28625432  0.45731867 0.33177787 0.54202877 0.52216951
0.81047484 0.22479077 0.09155524 0.39911602 0.48584876 0.66246775  0.37372115 0.46227109 0.39190146 0.37276068 0.26264094 0.25091394  0.46395887 0.33653459 0.60702753 0.50683777
0.81537622 0.20344082 0.08762222 0.44582851 0.51047077 0.69919957  0.39586853 0.48477267 0.3774267  0.35938579 0.24306986 0.23433486  0.46590999 0.34861932 0.64853095 0.49091055
0.81537622 0.20344082 0.08762222 0.44582851 0.51047077 0.69919957  0.39586853 0.48477267 0.3774267  0.35938579 0.24306986 0.23433486  0.46590999 0.34861932 0.64853095 0.49091055
0.81537622 0.20344082 0.08762222 0.44582851 0.51047077 0.69919957  0.39586853 0.48477267 0.3774267  0.35938579 0.24306986 0.23433486  0.46590999 0.34861932 0.64853095 0.49091055
0.7999243  0.21680584 0.06448215 0.43800745 0.53454427 0.68227344  0.44063796 0.47448422 0.42798535 0.34064545 0.2853728  0.22928475  0.47183348 0.35638064 0.70455434 0.55918981
0.7999243  0.21680584 0.06448215 0.43800745 0.53454427 0.68227344  0.44063796 0.47448422 0.42798535 0.34064545 0.2853728  0.22928475  0.47183348 0.35638064 0.70455434 0.55918981
0.7999243  0.21680584 0.06448215 0.43800745 0.53454427 0.68227344  0.44063796 0.47448422 0.42798535 0.34064545 0.2853728  0.22928475  0.47183348 0.35638064 0.70455434 0.55918981
0.7999243  0.21680584 0.06448215 0.43800745 0.53454427 0.68227344  0.44063796 0.47448422 0.42798535 0.34064545 0.2853728  0.22928475  0.47183348 0.35638064 0.70455434 0.55918981
0.7999243  0.21680584 0.06448215 0.43800745 0.53454427 0.68227344  0.44063796 0.47448422 0.42798535 0.34064545 0.2853728  0.22928475  0.47183348 0.35638064 0.70455434 0.55918981
0.8024689  0.20520608 0.06240434 0.47026271 0.55342578 0.70834289  0.47314104 0.50080158 0.45388958 0.31822459 0.24520803 0.2539498  0.44756472 0.38565794 0.69014112 0.5057549 
0.78522159 0.24319207 0.05204468 0.4408097  0.55119621 0.6968577  0.47613867 0.43302069 0.45478486 0.31740838 0.30686887 0.22221621  0.59003263 0.41953954 0.66745951 0.58005085
0.75727426 0.32167951 0.05539313 0.36982321 0.5104799  0.64754365  0.4897428  0.34980414 0.52123572 0.32882375 0.32944253 0.2853746  0.66739345 0.49144135 0.53455639 0.56681929
0.71481084 0.37096431 0.02887394 0.3571011  0.54277723 0.55030957  0.56364889 0.30042696 0.60152479 0.30472526 0.45291286 0.31771852  0.58438633 0.49576299 0.65530545 0.47967507
0.71481084 0.37096431 0.02887394 0.3571011  0.54277723 0.55030957  0.56364889 0.30042696 0.60152479 0.30472526 0.45291286 0.31771852  0.58438633 0.49576299 0.65530545 0.47967507
0.67500303 0.47845425 0.03835402 0.29792159 0.48449551 0.52546324  0.60552566 0.22698339 0.61524377 0.33070286 0.43080362 0.39440442  0.65973162 0.56344225 0.67639467 0.4856136 
0.64605217 0.55619117 0.04620898 0.23890947 0.43075476 0.47931506  0.59959454 0.15682909 0.64254693 0.34963116 0.4387799  0.47916506  0.67699464 0.55479038 0.55347613 0.42095693
0.62762194 0.55551412 0.04113932 0.2607871  0.45614731 0.41750855  0.60637362 0.15177398 0.63427371 0.34412521 0.46638816 0.47572256  0.61280518 0.5705538  0.59189921 0.38251782
0.57885258 0.59760781 0.04464249 0.31049385 0.46491006 0.36708333  0.64698631 0.17094841 0.56631119 0.34774051 0.47195658 0.47990724  0.55124255 0.59496157 0.63266167 0.35055096
0.56414126 0.62978737 0.0495573  0.33254569 0.45484992 0.39978219  0.6676238  0.18746235 0.51972545 0.37165076 0.46688559 0.47501977  0.55142096 0.54535069 0.65224323 0.35174928
0.52845357 0.64450603 0.05383061 0.3970419  0.46803138 0.36068018  0.63490014 0.15565853 0.47986098 0.39832285 0.42305577 0.48701838  0.45587571 0.53062899 0.62883781 0.32378331
0.49706334 0.66468634 0.06639795 0.39706938 0.46708373 0.31486299  0.68203705 0.27222862 0.41955862 0.35828186 0.46693717 0.46059837  0.4862684  0.56670363 0.60371017 0.31585102
0.44529587 0.69735497 0.07454945 0.48263384 0.47954606 0.27334999  0.65246699 0.28040804 0.35347739 0.39582021 0.43926009 0.4664713  0.36651492 0.47261893 0.60386236 0.28084902
0.42676826 0.67718308 0.08189272 0.47269536 0.48881716 0.23945197  0.673192   0.29610911 0.31581197 0.36258551 0.43366678 0.45008508  0.43114553 0.46892633 0.51625962 0.26537769
0.39602419 0.67792432 0.11411955 0.43997755 0.44482526 0.31899597  0.70737353 0.32850716 0.29499134 0.4163133  0.40676454 0.47896345  0.37941463 0.45812785 0.50741973 0.39092242
0.28855788 0.67568081 0.14802833 0.55638299 0.46821564 0.19552742  0.58174669 0.46412674 0.23228544 0.40714085 0.30982269 0.48162591  0.39168041 0.36611064 0.43544225 0.42033749
0.25201757 0.62428758 0.17391279 0.51506514 0.45516145 0.22647589  0.61788848 0.44378209 0.20154903 0.4117085  0.28810619 0.4862277  0.39558811 0.33090135 0.37851036 0.44673434
0.23410871 0.59841664 0.18773916 0.49165048 0.4460445  0.25818529  0.63199549 0.42761532 0.21625184 0.4197022  0.31569527 0.48523863  0.35417296 0.3432496  0.41960601 0.43415255
0.21584608 0.57319925 0.19980639 0.47251199 0.44185149 0.26302413  0.6541168  0.4206272  0.18536744 0.41286696 0.29619098 0.48330835  0.37924079 0.31580904 0.3460969  0.44201375
0.1783447  0.54314133 0.21952706 0.48564875 0.44212764 0.24536944  0.59607576 0.44888084 0.2056232  0.42250034 0.2063252  0.50552824  0.50243353 0.33418255 0.37297085 0.52517023
0.16090298 0.54997924 0.23264034 0.52063825 0.42610691 0.27216757  0.51801014 0.47061254 0.2573762  0.40952032 0.2186372  0.49395088  0.50963585 0.32196481 0.34129445 0.51471081
0.16090298 0.54997924 0.23264034 0.52063825 0.42610691 0.27216757  0.51801014 0.47061254 0.2573762  0.40952032 0.2186372  0.49395088  0.50963585 0.32196481 0.34129445 0.51471081
0.14355037 0.5229741  0.24644129 0.4935869  0.41436966 0.30365141  0.54467914 0.44998359 0.25076917 0.41181624 0.23968257 0.49066789  0.47174686 0.2996688  0.3125306  0.49611039
0.14355037 0.5229741  0.24644129 0.4935869  0.41436966 0.30365141  0.54467914 0.44998359 0.25076917 0.41181624 0.23968257 0.49066789  0.47174686 0.2996688  0.3125306  0.49611039
0.12482632 0.50028553 0.25810943 0.48337034 0.41162815 0.30764571  0.53896038 0.45715856 0.25890929 0.41415864 0.22198959 0.49408901  0.50458724 0.31726395 0.33742414 0.51807062
0.12482632 0.50028553 0.25810943 0.48337034 0.41162815 0.30764571  0.53896038 0.45715856 0.25890929 0.41415864 0.22198959 0.49408901  0.50458724 0.31726395 0.33742414 0.51807062
