0.00039479 0.36283831 0.35232302 0.39930133 0.34523319 0.50234819  0.48417291 0.45702496 0.47508945 0.39693445 0.45000532 0.44589633  0.47476172 0.42761975 0.50206904 0.41641874
0.00039479 0.36283831 0.35232302 0.39930133 0.34523319 0.50234819  0.48417291 0.45702496 0.47508945 0.39693445 0.45000532 0.44589633  0.47476172 0.42761975 0.50206904 0.41641874
0.00039479 0.36283831 0.35232302 0.39930133 0.34523319 0.50234819  0.48417291 0.45702496 0.47508945 0.39693445 0.45000532 0.44589633  0.47476172 0.42761975 0.50206904 0.41641874
0.00039479 0.36283831 0.35232302 0.39930133 0.34523319 0.50234819  0.48417291 0.45702496 0.47508945 0.39693445 0.45000532 0.44589633  0.47476172 0.42761975 0.50206904 0.41641874
0.00039479 0.36283831 0.35232302 0.39930133 0.34523319 0.50234819  0.48417291 0.45702496 0.47508945 0.39693445 0.45000532 0.44589633  0.47476172 0.42761975 0.50206904 0.41641874
0.00039479 0.36283831 0.35232302 0.39930133 0.34523319 0.50234819  0.48417291 0.45702496 0.47508945 0.39693445 0.45000532 0.44589633  0.47476172 0.42761975 0.50206904 0.41641874
0.00039479 0.36283831 0.35232302 0.39930133 0.34523319 0.50234819  0.48417291 0.45702496 0.47508945 0.39693445 0.45000532 0.44589633  0.47476172 0.42761975 0.50206904 0.41641874
0.00039479 0.36283831 0.35232302 0.39930133 0.34523319 0.50234819  0.48417291 0.45702496 0.47508945 0.39693445 0.45000532 0.44589633  0.47476172 0.42761975 0.50206904 0.41641874
0.00039479 0.36283831 0.35232302 0.39930133 0.34523319 0.50234819  0.48417291 0.45702496 0.47508945 0.39693445 0.45000532 0.44589633  0.47476172 0.42761975 0.50206904 0.41641874
0.00039479 0.36283831 0.35232302 0.39930133 0.34523319 0.50234819  0.48417291 0.45702496 0.47508945 0.39693445 0.45000532 0.44589633  0.47476172 0.42761975 0.50206904 0.41641874
0.00039479 0.36283831 0.35232302 0.39930133 0.34523319 0.50234819  0.48417291 0.45702496 0.47508945 0.39693445 0.45000532 0.44589633  0.47476172 0.42761975 0.50206904 0.41641874
0.00039479 0.36283831 0.35232302 0.39930133 0.34523319 0.50234819  0.48417291 0.45702496 0.47508945 0.39693445 0.45000532 0.44589633  0.47476172 0.42761975 0.50206904 0.41641874
0.00039479 0.36283831 0.35232302 0.39930133 0.34523319 0.50234819  0.48417291 0.45702496 0.47508945 0.39693445 0.45000532 0.44589633  0.47476172 0.42761975 0.50206904 0.41641874
0.00039479 0.36283831 0.35232302 0.39930133 0.34523319 0.50234819  0.48417291 0.45702496 0.47508945 0.39693445 0.45000532 0.44589633  0.47476172 0.42761975 0.50206904 0.41641874
0.00039479 0.36283831 0.35232302 0.39930133 0.34523319 0.50234819  0.48417291 0.45702496 0.47508945 0.39693445 0.45000532 0.44589633  0.47476172 0.42761975 0.50206904 0.41641874
0.00039479 0.36283831 0.35232302 0.39930133 0.34523319 0.50234819  0.48417291 0.45702496 0.47508945 0.39693445 0.45000532 0.44589633  0.47476172 0.42761975 0.50206904 0.41641874
0.00039479 0.36283831 0.35232302 0.39930133 0.34523319 0.50234819  0.48417291 0.45702496 0.47508945 0.39693445 0.45000532 0.44589633  0.47476172 0.42761975 0.50206904 0.41641874
0.00039479 0.36283831 0.35232302 0.39930133 0.34523319 0.50234819  0.48417291 0.45702496 0.47508945 0.39693445 0.45000532 0.44589633  0.47476172 0.42761975 0.50206904 0.41641874
0.00039479 0.36283831 0.35232302 0.39930133 0.34523319 0.50234819  0.48417291 0.45702496 0.47508945 0.39693445 0.45000532 0.44589633  0.47476172 0.42761975 0.50206904 0.41641874
0.00039479 0.36283831 0.35232302 0.39930133 0.34523319 0.50234819  0.48417291 0.45702496 0.47508945 0.39693445 0.45000532 0.44589633  0.47476172 0.42761975 0.50206904 0.41641874
0.00039479 0.36283831 0.35232302 0.39930133 0.34523319 0.50234819  0.48417291 0.45702496 0.47508945 0.39693445 0.45000532 0.44589633  0.47476172 0.42761975 0.50206904 0.41641874
0.00039479 0.36283831 0.35232302 0.39930133 0.34523319 0.50234819  0.48417291 0.45702496 0.47508945 0.39693445 0.45000532 0.44589633  0.47476172 0.42761975 0.50206904 0.41641874
0.00039479 0.36283831 0.35232302 0.39930133 0.34523319 0.50234819  0.48417291 0.45702496 0.47508945 0.39693445 0.45000532 0.44589633  0.47476172 0.42761975 0.50206904 0.41641874
0.00039479 0.36283831 0.35232302 0.39930133 0.34523319 0.50234819  0.48417291 0.45702496 0.47508945 0.39693445 0.45000532 0.44589633  0.47476172 0.42761975 0.50206904 0.41641874
0.00039479 0.36283831 0.35232302 0.39930133 0.34523319 0.50234819  0.48417291 0.45702496 0.47508945 0.39693445 0.45000532 0.44589633  0.47476172 0.42761975 0.50206904 0.41641874
0.00039479 0.36283831 0.35232302 0.39930133 0.34523319 0.50234819  0.48417291 0.45702496 0.47508945 0.39693445 0.45000532 0.44589633  0.47476172 0.42761975 0.50206904 0.41641874
0.00039479 0.36283831 0.35232302 0.39930133 0.34523319 0.50234819  0.48417291 0.45702496 0.47508945 0.39693445 0.45000532 0.44589633  0.47476172 0.42761975 0.50206904 0.41641874
0.00039479 0.36283831 0.35232302 0.39930133 0.34523319 0.50234819  0.48417291 0.45702496 0.47508945 0.39693445 0.45000532 0.44589633  0.47476172 0.42761975 0.50206904 0.41641874
0.00039479 0.36283831 0.35232302 0.39930133 0.34523319 0.50234819  0.48417291 0.45702496 0.47508945 0.39693445 0.45000532 0.44589633  0.47476172 0.42761975 0.50206904 0.41641874
0.00039479 0.36283831 0.35232302 0.39930133 0.34523319 0.50234819  0.48417291 0.45702496 0.47508945 0.39693445 0.45000532 0.44589633  0.47476172 0.42761975 0.50206904 0.41641874
0.00039479 0.36283831 0.35232302 0.39930133 0.34523319 0.50234819  0.48417291 0.45702496 0.47508945 0.39693445 0.45000532 0.44589633  0.47476172 0.42761975 0.50206904 0.41641874
0.00039479 0.36283831 0.35232302 0.39930133 0.34523319 0.50234819  0.48417291 0.45702496 0.47508945 0.39693445 0.45000532 0.44589633  0.47476172 0.42761975 0.50206904 0.41641874
0.00039479 0.36283831 0.35232302 0.39930133 0.34523319 0.50234819  0.48417291 0.45702496 0.47508945 0.39693445 0.45000532 0.44589633  0.47476172 0.42761975 0.50206904 0.41641874
0.00039479 0.36283831 0.35232302 0.39930133 0.34523319 0.50234819  0.48417291 0.45702496 0.47508945 0.39693445 0.45000532 0.44589633  0.47476172 0.42761975 0.50206904 0.41641874
0.00039479 0.36283831 0.35232302 0.39930133 0.34523319 0.50234819  0.48417291 0.45702496 0.47508945 0.39693445 0.45000532 0.44589633  0.47476172 0.42761975 0.50206904 0.41641874
0.00039479 0.36283831 0.35232302 0.39930133 0.34523319 0.50234819  0.48417291 0.45702496 0.47508945 0.39693445 0.45000532 0.44589633  0.47476172 0.42761975 0.50206904 0.41641874
0.00039479 0.36283831 0.35232302 0.39930133 0.34523319 0.50234819  0.48417291 0.45702496 0.47508945 0.39693445 0.45000532 0.44589633  0.47476172 0.42761975 0.50206904 0.41641874
0.00039479 0.36283831 0.35232302 0.39930133 0.34523319 0.50234819  0.48417291 0.45702496 0.47508945 0.39693445 0.45000532 0.44589633  0.47476172 0.42761975 0.50206904 0.41641874
0.00039479 0.36283831 0.35232302 0.39930133 0.34523319 0.50234819  0.48417291 0.45702496 0.47508945 0.39693445 0.45000532 0.44589633  0.47476172 0.42761975 0.50206904 0.41641874
0.00039479 0.36283831 0.35232302 0.39930133 0.34523319 0.50234819  0.48417291 0.45702496 0.47508945 0.39693445 0.45000532 0.44589633  0.47476172 0.42761975 0.50206904 0.41641874
0.00039479 0.36283831 0.35232302 0.39930133 0.34523319 0.50234819  0.48417291 0.45702496 0.47508945 0.39693445 0.45000532 0.44589633  0.47476172 0.42761975 0.50206904 0.41641874
0.00039479 0.36283831 0.35232302 0.39930133 0.34523319 0.50234819  0.48417291 0.45702496 0.47508945 0.39693445 0.45000532 0.44589633  0.47476172 0.42761975 0.50206904 0.41641874
0.00039479 0.36283831 0.35232302 0.39930133 0.34523319 0.50234819  0.48417291 0.45702496 0.47508945 0.39693445 0.45000532 0.44589633  0.47476172 0.42761975 0.50206904 0.41641874
0.00039479 0.36283831 0.35232302 0.39930133 0.34523319 0.50234819  0.48417291 0.45702496 0.47508945 0.39693445 0.45000532 0.44589633  0.47476172 0.42761975 0.50206904 0.41641874
0.00039479 0.36283831 0.35232302 0.39930133 0.34523319 0.50234819  0.48417291 0.45702496 0.47508945 0.39693445 0.45000532 0.44589633  0.47476172 0.42761975 0.50206904 0.41641874
0.00039479 0.36283831 0.35232302 0.39930133 0.34523319 0.50234819  0.48417291 0.45702496 0.47508945 0.39693445 0.45000532 0.44589633  0.47476172 0.42761975 0.50206904 0.41641874
0.03718503 0.40822758 0.33291252 0.42837829 0.3401551  0.53140737  0.44132658 0.44831201 0.54363927 0.43700439 0.47510292 0.46421281  0.38506329 0.45875291 0.66318088 0.42402888
0.1449784  0.53666385 0.27797609 0.51963764 0.33752708 0.56253988  0.31880478 0.43648343 0.63699866 0.51182472 0.37837385 0.51423198  0.44422895 0.52222511 0.83396221 0.54173596
0.25600872 0.67275107 0.2098515  0.59310703 0.35431607 0.53679644  0.2884901  0.44385683 0.68376209 0.48799575 0.49355974 0.4864128  0.38662137 0.54688698 0.84709721 0.43471811
0.31041084 0.72472872 0.18743416 0.61579574 0.34676627 0.53685325  0.2605916  0.47617315 0.65246755 0.47847714 0.40866475 0.49223713  0.52363477 0.48966698 0.70116403 0.50150793
0.42077982 0.79042591 0.16891652 0.57868462 0.2796124  0.70335716  0.25235995 0.47938356 0.68867285 0.4555569  0.46792939 0.45778789  0.60236558 0.3953406  0.44168353 0.49740989
0.4684613  0.78614017 0.27807128 0.58977915 0.20789106 0.75205572  0.16006031 0.46766678 0.60101812 0.38440762 0.36307625 0.48680248  0.64365873 0.43383042 0.29644423 0.5092723 
0.5166168  0.77517774 0.44003595 0.68974677 0.13004724 0.68572499  0.19195987 0.42509231 0.50285779 0.46182047 0.44377165 0.51192126  0.79411443 0.51172174 0.36664597 0.28363472
0.53447376 0.76440915 0.48194802 0.67389029 0.15545661 0.68688864  0.13883121 0.46324381 0.46293881 0.47312758 0.41603341 0.50801592  0.65559362 0.45572752 0.39867437 0.23997403
0.53447376 0.76440915 0.48194802 0.67389029 0.15545661 0.68688864  0.13883121 0.46324381 0.46293881 0.47312758 0.41603341 0.50801592  0.65559362 0.45572752 0.39867437 0.23997403
0.53447376 0.76440915 0.48194802 0.67389029 0.15545661 0.68688864  0.13883121 0.46324381 0.46293881 0.47312758 0.41603341 0.50801592  0.65559362 0.45572752 0.39867437 0.23997403
0.55724334 0.74149229 0.52149833 0.66921962 0.13319222 0.65697902  0.11956841 0.49697398 0.45050539 0.3968881  0.4026047  0.52312015  0.56570723 0.35734614 0.52008668 0.28182503
0.58332678 0.75778469 0.54838148 0.66419738 0.12626831 0.64868776  0.19181203 0.45099109 0.41573898 0.32986086 0.43080986 0.50387705  0.50799159 0.29879715 0.52005569 0.2563999 
0.62561148 0.72209021 0.49912885 0.54597593 0.15512931 0.61086957  0.24338405 0.56016902 0.40089627 0.41714482 0.40496827 0.46863873  0.40230695 0.35421527 0.48422361 0.22731255
0.64418949 0.72265286 0.49390346 0.51214743 0.1523666  0.62669604  0.3005869  0.55898838 0.37622874 0.39566302 0.45007112 0.44806135  0.40564546 0.3578935  0.45596586 0.20213558
0.64103523 0.70703521 0.46442885 0.52520165 0.11030529 0.61094814  0.31821485 0.56230041 0.38934822 0.40759298 0.45631329 0.45903523  0.42596712 0.35072882 0.46103229 0.22493523
0.6897455  0.65233108 0.42778486 0.40700068 0.09734227 0.61187657  0.42407526 0.68155348 0.36633623 0.33727634 0.54201645 0.47914336  0.64528055 0.41118159 0.55389118 0.2777585 
0.68395186 0.6393189  0.39335741 0.40501665 0.09526887 0.61114083  0.43522972 0.70507823 0.37331757 0.40569434 0.54291085 0.47885763  0.67655478 0.39628056 0.5584961  0.22059578
0.68076015 0.63570002 0.23328819 0.26993971 0.19965274 0.62922597  0.53125549 0.67951239 0.28384499 0.40994415 0.3944874  0.49729522  0.56139459 0.33349849 0.5375464  0.36958317
0.65690977 0.65659368 0.18357643 0.25497621 0.23965826 0.65453418  0.56671084 0.66582392 0.32030805 0.41458102 0.39943169 0.47587878  0.64314448 0.35200101 0.53093704 0.37287463
0.62937929 0.69188656 0.14453327 0.2453331  0.27214964 0.67619689  0.60208774 0.62017728 0.37327417 0.40265089 0.39236392 0.45113597  0.67201469 0.39253462 0.4744274  0.44976578
0.61392737 0.70525158 0.1213932  0.23751204 0.29622314 0.65927076  0.64685717 0.60988884 0.42383282 0.38391055 0.43466685 0.44608585  0.67793819 0.40029594 0.53045078 0.51804505
0.61392737 0.70525158 0.1213932  0.23751204 0.29622314 0.65927076  0.64685717 0.60988884 0.42383282 0.38391055 0.43466685 0.44608585  0.67793819 0.40029594 0.53045078 0.51804505
0.59787761 0.73134667 0.12022963 0.27059545 0.29584709 0.67845973  0.66056277 0.55335991 0.40061692 0.40211321 0.42785235 0.44404497  0.69609507 0.42322775 0.46911648 0.50576494
0.59787761 0.73134667 0.12022963 0.27059545 0.29584709 0.67845973  0.66056277 0.55335991 0.40061692 0.40211321 0.42785235 0.44404497  0.69609507 0.42322775 0.46911648 0.50576494
0.59787761 0.73134667 0.12022963 0.27059545 0.29584709 0.67845973  0.66056277 0.55335991 0.40061692 0.40211321 0.42785235 0.44404497  0.69609507 0.42322775 0.46911648 0.50576494
0.54641361 0.77786319 0.10717082 0.37130226 0.32110757 0.64790077  0.66574753 0.41697443 0.39455026 0.43979481 0.48014303 0.45202209  0.52931319 0.3897227  0.44571233 0.46832773
0.52906469 0.78820068 0.09336626 0.38841304 0.34732777 0.60797626  0.70061735 0.39068725 0.41489499 0.43795197 0.56221965 0.44478585  0.48337353 0.40582652 0.48947905 0.4686588 
0.52906469 0.78820068 0.09336626 0.38841304 0.34732777 0.60797626  0.70061735 0.39068725 0.41489499 0.43795197 0.56221965 0.44478585  0.48337353 0.40582652 0.48947905 0.4686588 
0.49362571 0.81124581 0.1016175  0.47514645 0.3390896  0.61266162  0.60791633 0.33866394 0.42945969 0.47868133 0.51729227 0.46887136  0.35637887 0.33670351 0.41965302 0.46160683
0.49362571 0.81124581 0.1016175  0.47514645 0.3390896  0.61266162  0.60791633 0.33866394 0.42945969 0.47868133 0.51729227 0.46887136  0.35637887 0.33670351 0.41965302 0.46160683
0.49362571 0.81124581 0.1016175  0.47514645 0.3390896  0.61266162  0.60791633 0.33866394 0.42945969 0.47868133 0.51729227 0.46887136  0.35637887 0.33670351 0.41965302 0.46160683
0.45775376 0.81740666 0.10966112 0.53201358 0.34846142 0.57765323  0.53662979 0.35534054 0.47293948 0.46019537 0.55721253 0.45385149  0.29939173 0.3402492  0.42639969 0.4127083 
0.40307465 0.81317002 0.12939876 0.61095755 0.35690898 0.53654769  0.3929279  0.40591639 0.56606153 0.45419495 0.56041313 0.45027724  0.29108188 0.37615142 0.48867626 0.38116118
0.3468045  0.78215462 0.1349952  0.64789402 0.40857879 0.36978608  0.38267021 0.46830133 0.49698787 0.42483595 0.49581903 0.45264481  0.27730618 0.40630613 0.55843754 0.33903484
0.30910826 0.75802656 0.1509421  0.67541917 0.41736873 0.32753852  0.31307518 0.50236386 0.51461908 0.43792497 0.39228075 0.47987568  0.37939323 0.43843664 0.62909424 0.40870008
0.30910826 0.75802656 0.1509421  0.67541917 0.41736873 0.32753852  0.31307518 0.50236386 0.51461908 0.43792497 0.39228075 0.47987568  0.37939323 0.43843664 0.62909424 0.40870008
0.27331472 0.73415319 0.16547255 0.68044548 0.42943891 0.28142213  0.27320147 0.57540654 0.55802093 0.3823634  0.43485404 0.46596951  0.48147146 0.50867255 0.58785167 0.44619824
0.23577403 0.69015689 0.18730303 0.66379722 0.42817354 0.27154285  0.26814621 0.59119369 0.54114076 0.38601268 0.36270601 0.47946963  0.56432221 0.51921843 0.59762003 0.50660418
0.23577403 0.69015689 0.18730303 0.66379722 0.42817354 0.27154285  0.26814621 0.59119369 0.54114076 0.38601268 0.36270601 0.47946963  0.56432221 0.51921843 0.59762003 0.50660418
0.1829471  0.6216034  0.23144291 0.60314629 0.41588988 0.35819784  0.27842083 0.56538728 0.59292896 0.39449873 0.44427442 0.52072396  0.44883739 0.56689215 0.78609807 0.54620785
0.1829471  0.6216034  0.23144291 0.60314629 0.41588988 0.35819784  0.27842083 0.56538728 0.59292896 0.39449873 0.44427442 0.52072396  0.44883739 0.56689215 0.78609807 0.54620785
0.12765257 0.55222036 0.26330702 0.55800732 0.41559314 0.34237579  0.33000686 0.56739414 0.51464584 0.36580172 0.3939511  0.51276026  0.5408707  0.52048486 0.62283561 0.57608451
0.12765257 0.55222036 0.26330702 0.55800732 0.41559314 0.34237579  0.33000686 0.56739414 0.51464584 0.36580172 0.3939511  0.51276026  0.5408707  0.52048486 0.62283561 0.57608451
0.12765257 0.55222036 0.26330702 0.55800732 0.41559314 0.34237579  0.33000686 0.56739414 0.51464584 0.36580172 0.3939511  0.51276026  0.5408707  0.52048486 0.62283561 0.57608451
0.12765257 0.55222036 0.26330702 0.55800732 0.41559314 0.34237579  0.33000686 0.56739414 0.51464584 0.36580172 0.3939511  0.51276026  0.5408707  0.52048486 0.62283561 0.57608451
0.12765257 0.55222036 0.26330702 0.55800732 0.41559314 0.34237579  0.33000686 0.56739414 0.51464584 0.36580172 0.3939511  0.51276026  0.5408707  0.52048486 0.62283561 0.57608451
0.12765257 0.55222036 0.26330702 0.55800732 0.41559314 0.34237579  0.33000686 0.56739414 0.51464584 0.36580172 0.3939511  0.51276026  0.5408707  0.52048486 0.62283561 0.57608451
0.12758109 0.55116235 0.26261355 0.55959925 0.40979092 0.33940956  0.33386711 0.56482898 0.51855229 0.3665323  0.38516853 0.49280068  0.54857585 0.52965227 0.61755428 0.55125551
0.12758109 0.55116235 0.26261355 0.55959925 0.40979092 0.33940956  0.33386711 0.56482898 0.51855229 0.3665323  0.38516853 0.49280068  0.54857585 0.52965227 0.61755428 0.55125551
0.16347599 0.59412521 0.23813012 0.59172079 0.40371093 0.35405823  0.30148457 0.5530588  0.57266068 0.41476893 0.39510773 0.48820208  0.49463644 0.55675033 0.71987222 0.51636392
0.16246413 0.59264972 0.2381284  0.5945956  0.40430835 0.35393054  0.30257537 0.55148669 0.57339261 0.41559078 0.40148992 0.46978843  0.52755448 0.53471448 0.74510394 0.45908213
0.16307444 0.58129895 0.24907183 0.57198208 0.37780226 0.4451643  0.30223347 0.49550364 0.61712765 0.4689244  0.40724168 0.49324373  0.44159927 0.54085684 0.8408241  0.48578458
0.2358805  0.67934431 0.19810153 0.6467268  0.40275651 0.36868609  0.25786834 0.53492184 0.61147155 0.44315864 0.3979586  0.48406639  0.49837737 0.5378146  0.78581293 0.45628574
0.27200539 0.72589014 0.17275022 0.67768973 0.41412334 0.32694522  0.26050686 0.54263034 0.5627648  0.42983206 0.36494386 0.48207923  0.51985981 0.47338154 0.65258273 0.46664639
0.29082203 0.74719787 0.16258789 0.68412143 0.4126472  0.34081881  0.25984336 0.53401816 0.58778509 0.42852519 0.41939891 0.47200023  0.46984945 0.48043082 0.66770791 0.42820069
0.29082203 0.74719787 0.16258789 0.68412143 0.4126472  0.34081881  0.25984336 0.53401816 0.58778509 0.42852519 0.41939891 0.47200023  0.46984945 0.48043082 0.66770791 0.42820069
0.29082203 0.74719787 0.16258789 0.68412143 0.4126472  0.34081881  0.25984336 0.53401816 0.58778509 0.42852519 0.41939891 0.47200023  0.46984945 0.48043082 0.66770791 0.42820069
0.29082203 0.74719787 0.16258789 0.68412143 0.4126472  0.34081881  0.25984336 0.53401816 0.58778509 0.42852519 0.41939891 0.47200023  0.46984945 0.48043082 0.66770791 0.42820069
0.29082203 0.74719787 0.16258789 0.68412143 0.4126472  0.34081881  0.25984336 0.53401816 0.58778509 0.42852519 0.41939891 0.47200023  0.46984945 0.48043082 0.66770791 0.42820069
0.29082203 0.74719787 0.16258789 0.68412143 0.4126472  0.34081881  0.25984336 0.53401816 0.58778509 0.42852519 0.41939891 0.47200023  0.46984945 0.48043082 0.66770791 0.42820069
0.29082203 0.74719787 0.16258789 0.68412143 0.4126472  0.34081881  0.25984336 0.53401816 0.58778509 0.42852519 0.41939891 0.47200023  0.46984945 0.48043082 0.66770791 0.42820069
0.29082203 0.74719787 0.16258789 0.68412143 0.4126472  0.34081881  0.25984336 0.53401816 0.58778509 0.42852519 0.41939891 0.47200023  0.46984945 0.48043082 0.66770791 0.42820069
0.29082203 0.74719787 0.16258789 0.68412143 0.4126472  0.34081881  0.25984336 0.53401816 0.58778509 0.42852519 0.41939891 0.47200023  0.46984945 0.48043082 0.66770791 0.42820069
0.29082203 0.74719787 0.16258789 0.68412143 0.4126472  0.34081881  0.25984336 0.53401816 0.58778509 0.42852519 0.41939891 0.47200023  0.46984945 0.48043082 0.66770791 0.42820069
0.27230287 0.73267769 0.16547083 0.68332028 0.43003633 0.28129444  0.27429226 0.57383444 0.55875287 0.38318526 0.44123623 0.44755586  0.5143895  0.4866367  0.6130834  0.38891645
0.27230287 0.73267769 0.16547083 0.68332028 0.43003633 0.28129444  0.27429226 0.57383444 0.55875287 0.38318526 0.44123623 0.44755586  0.5143895  0.4866367  0.6130834  0.38891645
0.27230287 0.73267769 0.16547083 0.68332028 0.43003633 0.28129444  0.27429226 0.57383444 0.55875287 0.38318526 0.44123623 0.44755586  0.5143895  0.4866367  0.6130834  0.38891645
0.27230287 0.73267769 0.16547083 0.68332028 0.43003633 0.28129444  0.27429226 0.57383444 0.55875287 0.38318526 0.44123623 0.44755586  0.5143895  0.4866367  0.6130834  0.38891645
0.27230287 0.73267769 0.16547083 0.68332028 0.43003633 0.28129444  0.27429226 0.57383444 0.55875287 0.38318526 0.44123623 0.44755586  0.5143895  0.4866367  0.6130834  0.38891645
0.27230287 0.73267769 0.16547083 0.68332028 0.43003633 0.28129444  0.27429226 0.57383444 0.55875287 0.38318526 0.44123623 0.44755586  0.5143895  0.4866367  0.6130834  0.38891645
0.19785185 0.64518546 0.20671798 0.64151159 0.43300978 0.25110585  0.29647881 0.59998832 0.50253266 0.36086939 0.35221816 0.4490006  0.66345749 0.48623326 0.53329341 0.45918016
0.19785185 0.64518546 0.20671798 0.64151159 0.43300978 0.25110585  0.29647881 0.59998832 0.50253266 0.36086939 0.35221816 0.4490006  0.66345749 0.48623326 0.53329341 0.45918016
0.1794004  0.62176476 0.21812787 0.62655517 0.43093057 0.25224564  0.31320772 0.59316568 0.47029563 0.36434105 0.31549124 0.45622894  0.6779167  0.45507566 0.4827501  0.49170059
0.12465262 0.54626153 0.25608617 0.56860248 0.41376876 0.29294757  0.35948081 0.56931313 0.43639442 0.36491771 0.29486426 0.4576446  0.69645401 0.42835546 0.42128832 0.51061636
0.08913358 0.49586722 0.28342336 0.52420079 0.39633225 0.35581982  0.38156348 0.539855   0.47410638 0.3800885  0.35467582 0.45607373  0.62116061 0.46837203 0.52706021 0.47786884
0.05290925 0.44420582 0.31036068 0.48054205 0.37972666 0.40446539  0.40980259 0.51681666 0.48042852 0.38914823 0.37426181 0.45627883  0.59268897 0.4691632  0.54303946 0.47811462
0.01790387 0.3898545  0.33817562 0.42642862 0.35681041 0.46717525  0.46152885 0.47694295 0.46991849 0.39350101 0.41724602 0.4497633  0.51968443 0.43336993 0.49846349 0.44236435
0.01790387 0.3898545  0.33817562 0.42642862 0.35681041 0.46717525  0.46152885 0.47694295 0.46991849 0.39350101 0.41724602 0.4497633  0.51968443 0.43336993 0.49846349 0.44236435
0.01790387 0.3898545  0.33817562 0.42642862 0.35681041 0.46717525  0.46152885 0.47694295 0.46991849 0.39350101 0.41724602 0.4497633  0.51968443 0.43336993 0.49846349 0.44236435
0.00039479 0.36283831 0.35232302 0.39930133 0.34523319 0.50234819  0.48417291 0.45702496 0.47508945 0.39693445 0.45000532 0.44589633  0.47476172 0.42761975 0.50206904 0.41641874
0.00039479 0.36283831 0.35232302 0.39930133 0.34523319 0.50234819  0.48417291 0.45702496 0.47508945 0.39693445 0.45000532 0.44589633  0.47476172 0.42761975 0.50206904 0.41641874
0.00039479 0.36283831 0.35232302 0.39930133 0.34523319 0.50234819  0.48417291 0.45702496 0.47508945 0.39693445 0.45000532 0.44589633  0.47476172 0.42761975 0.50206904 0.41641874
0.00039479 0.36283831 0.35232302 0.39930133 0.34523319 0.50234819  0.48417291 0.45702496 0.47508945 0.39693445 0.45000532 0.44589633  0.47476172 0.42761975 0.50206904 0.41641874
0.00039479 0.36283831 0.35232302 0.39930133 0.34523319 0.50234819  0.48417291 0.45702496 0.47508945 0.39693445 0.45000532 0.44589633  0.47476172 0.42761975 0.50206904 0.41641874
0.00039479 0.36283831 0.35232302 0.39930133 0.34523319 0.50234819  0.48417291 0.45702496 0.47508945 0.39693445 0.45000532 0.44589633  0.47476172 0.42761975 0.50206904 0.41641874
0.01830365 0.38870926 0.33849665 0.42271599 0.35435014 0.47063879  0.4700659  0.47319173 0.46038664 0.38894076 0.42241625 0.4468854  0.51617687 0.4152715  0.46097338 0.42900053
0.01830365 0.38870926 0.33849665 0.42271599 0.35435014 0.47063879  0.4700659  0.47319173 0.46038664 0.38894076 0.42241625 0.4468854  0.51617687 0.4152715  0.46097338 0.42900053
0.00039479 0.36283831 0.35232302 0.39930133 0.34523319 0.50234819  0.48417291 0.45702496 0.47508945 0.39693445 0.45000532 0.44589633  0.47476172 0.42761975 0.50206904 0.41641874
0.00039479 0.36283831 0.35232302 0.39930133 0.34523319 0.50234819  0.48417291 0.45702496 0.47508945 0.39693445 0.45000532 0.44589633  0.47476172 0.42761975 0.50206904 0.41641874
0.00039479 0.36283831 0.35232302 0.39930133 0.34523319 0.50234819  0.48417291 0.45702496 0.47508945 0.39693445 0.45000532 0.44589633  0.47476172 0.42761975 0.50206904 0.41641874
0.00039479 0.36283831 0.35232302 0.39930133 0.34523319 0.50234819  0.48417291 0.45702496 0.47508945 0.39693445 0.45000532 0.44589633  0.47476172 0.42761975 0.50206904 0.41641874
