0.00039479 0.36283831 0.35232302 0.39930133 0.34523319 0.50234819  0.48417291 0.45702496 0.47508945 0.39693445 0.45000532 0.44589633  0.47476172 0.42761975 0.50206904 0.41641874
0.00039479 0.36283831 0.35232302 0.39930133 0.34523319 0.50234819  0.48417291 0.45702496 0.47508945 0.39693445 0.45000532 0.44589633  0.47476172 0.42761975 0.50206904 0.41641874
0.00039479 0.36283831 0.35232302 0.39930133 0.34523319 0.50234819  0.48417291 0.45702496 0.47508945 0.39693445 0.45000532 0.44589633  0.47476172 0.42761975 0.50206904 0.41641874
0.00039479 0.36283831 0.35232302 0.39930133 0.34523319 0.50234819  0.48417291 0.45702496 0.47508945 0.39693445 0.45000532 0.44589633  0.47476172 0.42761975 0.50206904 0.41641874
0.00039479 0.36283831 0.35232302 0.39930133 0.34523319 0.50234819  0.48417291 0.45702496 0.47508945 0.39693445 0.45000532 0.44589633  0.47476172 0.42761975 0.50206904 0.41641874
0.00039479 0.36283831 0.35232302 0.39930133 0.34523319 0.50234819  0.48417291 0.45702496 0.47508945 0.39693445 0.45000532 0.44589633  0.47476172 0.42761975 0.50206904 0.41641874
0.00039479 0.36283831 0.35232302 0.39930133 0.34523319 0.50234819  0.48417291 0.45702496 0.47508945 0.39693445 0.45000532 0.44589633  0.47476172 0.42761975 0.50206904 0.41641874
0.00039479 0.36283831 0.35232302 0.39930133 0.34523319 0.50234819  0.48417291 0.45702496 0.47508945 0.39693445 0.45000532 0.44589633  0.47476172 0.42761975 0.50206904 0.41641874
0.00039479 0.36283831 0.35232302 0.39930133 0.34523319 0.50234819  0.48417291 0.45702496 0.47508945 0.39693445 0.45000532 0.44589633  0.47476172 0.42761975 0.50206904 0.41641874
0.00039479 0.36283831 0.35232302 0.39930133 0.34523319 0.50234819  0.48417291 0.45702496 0.47508945 0.39693445 0.45000532 0.44589633  0.47476172 0.42761975 0.50206904 0.41641874
0.00039479 0.36283831 0.35232302 0.39930133 0.34523319 0.50234819  0.48417291 0.45702496 0.47508945 0.39693445 0.45000532 0.44589633  0.47476172 0.42761975 0.50206904 0.41641874
0.00039479 0.36283831 0.35232302 0.39930133 0.34523319 0.50234819  0.48417291 0.45702496 0.47508945 0.39693445 0.45000532 0.44589633  0.47476172 0.42761975 0.50206904 0.41641874
0.00039479 0.36283831 0.35232302 0.39930133 0.34523319 0.50234819  0.48417291 0.45702496 0.47508945 0.39693445 0.45000532 0.44589633  0.47476172 0.42761975 0.50206904 0.41641874
0.00039479 0.36283831 0.35232302 0.39930133 0.34523319 0.50234819  0.48417291 0.45702496 0.47508945 0.39693445 0.45000532 0.44589633  0.47476172 0.42761975 0.50206904 0.41641874
0.00039479 0.36283831 0.35232302 0.39930133 0.34523319 0.50234819  0.48417291 0.45702496 0.47508945 0.39693445 0.45000532 0.44589633  0.47476172 0.42761975 0.50206904 0.41641874
0.00039479 0.36283831 0.35232302 0.39930133 0.34523319 0.50234819  0.48417291 0.45702496 0.47508945 0.39693445 0.45000532 0.44589633  0.47476172 0.42761975 0.50206904 0.41641874
0.00039479 0.36283831 0.35232302 0.39930133 0.34523319 0.50234819  0.48417291 0.45702496 0.47508945 0.39693445 0.45000532 0.44589633  0.47476172 0.42761975 0.50206904 0.41641874
0.00039479 0.36283831 0.35232302 0.39930133 0.34523319 0.50234819  0.48417291 0.45702496 0.47508945 0.39693445 0.45000532 0.44589633  0.47476172 0.42761975 0.50206904 0.41641874
0.00039479 0.36283831 0.35232302 0.39930133 0.34523319 0.50234819  0.48417291 0.45702496 0.47508945 0.39693445 0.45000532 0.44589633  0.47476172 0.42761975 0.50206904 0.41641874
0.00039479 0.36283831 0.35232302 0.39930133 0.34523319 0.50234819  0.48417291 0.45702496 0.47508945 0.39693445 0.45000532 0.44589633  0.47476172 0.42761975 0.50206904 0.41641874
0.00039479 0.36283831 0.35232302 0.39930133 0.34523319 0.50234819  0.48417291 0.45702496 0.47508945 0.39693445 0.45000532 0.44589633  0.47476172 0.42761975 0.50206904 0.41641874
0.00039479 0.36283831 0.35232302 0.39930133 0.34523319 0.50234819  0.48417291 0.45702496 0.47508945 0.39693445 0.45000532 0.44589633  0.47476172 0.42761975 0.50206904 0.41641874
0.00039479 0.36283831 0.35232302 0.39930133 0.34523319 0.50234819  0.48417291 0.45702496 0.47508945 0.39693445 0.45000532 0.44589633  0.47476172 0.42761975 0.50206904 0.41641874
0.00039479 0.36283831 0.35232302 0.39930133 0.34523319 0.50234819  0.48417291 0.45702496 0.47508945 0.39693445 0.45000532 0.44589633  0.47476172 0.42761975 0.50206904 0.41641874
0.00039479 0.36283831 0.35232302 0.39930133 0.34523319 0.50234819  0.48417291 0.45702496 0.47508945 0.39693445 0.45000532 0.44589633  0.47476172 0.42761975 0.50206904 0.41641874
0.00039479 0.36283831 0.35232302 0.39930133 0.34523319 0.50234819  0.48417291 0.45702496 0.47508945 0.39693445 0.45000532 0.44589633  0.47476172 0.42761975 0.50206904 0.41641874
0.00039479 0.36283831 0.35232302 0.39930133 0.34523319 0.50234819  0.48417291 0.45702496 0.47508945 0.39693445 0.45000532 0.44589633  0.47476172 0.42761975 0.50206904 0.41641874
0.00039479 0.36283831 0.35232302 0.39930133 0.34523319 0.50234819  0.48417291 0.45702496 0.47508945 0.39693445 0.45000532 0.44589633  0.47476172 0.42761975 0.50206904 0.41641874
0.00039479 0.36283831 0.35232302 0.39930133 0.34523319 0.50234819  0.48417291 0.45702496 0.47508945 0.39693445 0.45000532 0.44589633  0.47476172 0.42761975 0.50206904 0.41641874
0.00039479 0.36283831 0.35232302 0.39930133 0.34523319 0.50234819  0.48417291 0.45702496 0.47508945 0.39693445 0.45000532 0.44589633  0.47476172 0.42761975 0.50206904 0.41641874
0.00039479 0.36283831 0.35232302 0.39930133 0.34523319 0.50234819  0.48417291 0.45702496 0.47508945 0.39693445 0.45000532 0.44589633  0.47476172 0.42761975 0.50206904 0.41641874
0.00039479 0.36283831 0.35232302 0.39930133 0.34523319 0.50234819  0.48417291 0.45702496 0.47508945 0.39693445 0.45000532 0.44589633  0.47476172 0.42761975 0.50206904 0.41641874
0.00039479 0.36283831 0.35232302 0.39930133 0.34523319 0.50234819  0.48417291 0.45702496 0.47508945 0.39693445 0.45000532 0.44589633  0.47476172 0.42761975 0.50206904 0.41641874
0.00039479 0.36283831 0.35232302 0.39930133 0.34523319 0.50234819  0.48417291 0.45702496 0.47508945 0.39693445 0.45000532 0.44589633  0.47476172 0.42761975 0.50206904 0.41641874
0.00039479 0.36283831 0.35232302 0.39930133 0.34523319 0.50234819  0.48417291 0.45702496 0.47508945 0.39693445 0.45000532 0.44589633  0.47476172 0.42761975 0.50206904 0.41641874
0.00039479 0.36283831 0.35232302 0.39930133 0.34523319 0.50234819  0.48417291 0.45702496 0.47508945 0.39693445 0.45000532 0.44589633  0.47476172 0.42761975 0.50206904 0.41641874
0.00039479 0.36283831 0.35232302 0.39930133 0.34523319 0.50234819  0.48417291 0.45702496 0.47508945 0.39693445 0.45000532 0.44589633  0.47476172 0.42761975 0.50206904 0.41641874
0.00039479 0.36283831 0.35232302 0.39930133 0.34523319 0.50234819  0.48417291 0.45702496 0.47508945 0.39693445 0.45000532 0.44589633  0.47476172 0.42761975 0.50206904 0.41641874
0.00039479 0.36283831 0.35232302 0.39930133 0.34523319 0.50234819  0.48417291 0.45702496 0.47508945 0.39693445 0.45000532 0.44589633  0.47476172 0.42761975 0.50206904 0.41641874
0.00039479 0.36283831 0.35232302 0.39930133 0.34523319 0.50234819  0.48417291 0.45702496 0.47508945 0.39693445 0.45000532 0.44589633  0.47476172 0.42761975 0.50206904 0.41641874
0.00039479 0.36283831 0.35232302 0.39930133 0.34523319 0.50234819  0.48417291 0.45702496 0.47508945 0.39693445 0.45000532 0.44589633  0.47476172 0.42761975 0.50206904 0.41641874
0.00039479 0.36283831 0.35232302 0.39930133 0.34523319 0.50234819  0.48417291 0.45702496 0.47508945 0.39693445 0.45000532 0.44589633  0.47476172 0.42761975 0.50206904 0.41641874
0.00039479 0.36283831 0.35232302 0.39930133 0.34523319 0.50234819  0.48417291 0.45702496 0.47508945 0.39693445 0.45000532 0.44589633  0.47476172 0.42761975 0.50206904 0.41641874
0.03722225 0.38648637 0.35075882 0.39436354 0.30603248 0.63250328  0.45275035 0.37858204 0.53087274 0.48301266 0.39229284 0.49276134  0.43045935 0.41839089 0.58133663 0.50495038
0.16326454 0.5638898  0.26404459 0.54258783 0.3471795  0.54092071  0.30426225 0.44230234 0.64102406 0.5138493  0.38047036 0.51552747  0.42086638 0.53101253 0.86290242 0.53460534
0.23810496 0.63610903 0.23231212 0.54705168 0.32619401 0.62454174  0.30196091 0.42808763 0.72475459 0.50079732 0.53792179 0.47997845  0.38278929 0.52280975 0.80350579 0.48501485
0.40228448 0.73381911 0.20898604 0.52623998 0.23958712 0.79645309  0.22553586 0.48846034 0.70711367 0.48021297 0.42915278 0.47001561  0.59167102 0.42161552 0.49393905 0.49582749
0.49233407 0.77896505 0.26648826 0.60586699 0.1801872  0.72258935  0.2246048  0.4451064  0.49964082 0.482593   0.37792071 0.52865698  0.63079911 0.43166223 0.23745353 0.39736041
0.60667977 0.73707088 0.37577135 0.54867595 0.09330446 0.69204973  0.40223616 0.51983547 0.31191624 0.48431803 0.57474126 0.4926669  0.73749032 0.54541343 0.23894837 0.19694034
0.69439579 0.6110913  0.43492347 0.44797108 0.04923911 0.58950127  0.34806832 0.77605633 0.33624729 0.48366858 0.55800669 0.52403286  0.55836076 0.37510102 0.52487927 0.2013383 
0.71827658 0.60279549 0.45854166 0.4149871  0.06026924 0.54955111  0.44845505 0.78729224 0.38766877 0.50136545 0.55084854 0.49477564  0.59315749 0.35722049 0.61216501 0.21786301
0.75292241 0.59313636 0.43147673 0.35643737 0.09036743 0.4924528  0.60000238 0.7253362  0.25122046 0.54674123 0.46473939 0.53793817  0.55341053 0.34621831 0.65523831 0.27111723
0.75292241 0.59313636 0.43147673 0.35643737 0.09036743 0.4924528  0.60000238 0.7253362  0.25122046 0.54674123 0.46473939 0.53793817  0.55341053 0.34621831 0.65523831 0.27111723
0.75292241 0.59313636 0.43147673 0.35643737 0.09036743 0.4924528  0.60000238 0.7253362  0.25122046 0.54674123 0.46473939 0.53793817  0.55341053 0.34621831 0.65523831 0.27111723
0.78264667 0.53340816 0.41907975 0.31338249 0.10627656 0.45217149  0.5816225  0.60869019 0.32024015 0.55138838 0.3525686  0.58949949  0.59047178 0.49956432 0.75393276 0.28762045
0.797358   0.50122861 0.41416494 0.29133064 0.11633671 0.41947263  0.56098501 0.59217625 0.3668259  0.52747813 0.35763958 0.59438696  0.59029337 0.5491752  0.7343512  0.28642213
0.8244976  0.47776332 0.47695152 0.32597186 0.11103718 0.37099009  0.54670328 0.52428301 0.39287209 0.35803553 0.4168376  0.57042512  0.5880088  0.41750417 0.7512372  0.31847516
0.8244976  0.47776332 0.47695152 0.32597186 0.11103718 0.37099009  0.54670328 0.52428301 0.39287209 0.35803553 0.4168376  0.57042512  0.5880088  0.41750417 0.7512372  0.31847516
0.85002486 0.40653356 0.48687901 0.38775817 0.12129131 0.30136141  0.57130505 0.484719   0.51738964 0.431222   0.54943737 0.60676023  0.61811659 0.32311604 0.60947303 0.4366983 
0.85002486 0.40653356 0.48687901 0.38775817 0.12129131 0.30136141  0.57130505 0.484719   0.51738964 0.431222   0.54943737 0.60676023  0.61811659 0.32311604 0.60947303 0.4366983 
0.86289593 0.37183308 0.4771946  0.38692954 0.1396281  0.28765424  0.53861705 0.40796519 0.54865977 0.42592306 0.52739329 0.60873587  0.63226395 0.2932473  0.57997616 0.40534636
0.86289593 0.37183308 0.4771946  0.38692954 0.1396281  0.28765424  0.53861705 0.40796519 0.54865977 0.42592306 0.52739329 0.60873587  0.63226395 0.2932473  0.57997616 0.40534636
0.87532499 0.33886726 0.46556814 0.39027012 0.15911936 0.28236313  0.51323232 0.32359389 0.56460099 0.42827641 0.48445456 0.61586105  0.65550065 0.25942556 0.59094164 0.3769354 
0.86798998 0.33450422 0.43271485 0.3746181  0.17229812 0.29519409  0.5035987  0.35062838 0.57398957 0.51195605 0.48074821 0.60816984  0.65320487 0.29605079 0.5219992  0.33711243
0.87519714 0.30633984 0.42993218 0.42172474 0.19593697 0.32084547  0.50588584 0.35263378 0.54021724 0.52692733 0.4948032  0.5567087  0.64745854 0.32287775 0.51858467 0.40482075
0.88302341 0.276818   0.42833386 0.46803394 0.21622752 0.33639439  0.5032707  0.3464292  0.5007241  0.54278064 0.53161709 0.50779767  0.64248438 0.3479662  0.49572786 0.48688666
0.86973296 0.25658475 0.35765527 0.45678429 0.2284715  0.36224174  0.47421947 0.38281792 0.47760968 0.62601638 0.56619593 0.55490047  0.66435592 0.36158197 0.47022302 0.44439594
0.86973296 0.25658475 0.35765527 0.45678429 0.2284715  0.36224174  0.47421947 0.38281792 0.47760968 0.62601638 0.56619593 0.55490047  0.66435592 0.36158197 0.47022302 0.44439594
0.84120835 0.2578647  0.24388131 0.37671039 0.26752046 0.4403669  0.35980641 0.41977885 0.33092669 0.59236002 0.55168748 0.53475907  0.57083443 0.47879835 0.4567594  0.34920689
0.77045293 0.38261378 0.11810865 0.13503757 0.33883886 0.48945744  0.34555663 0.43957064 0.56631317 0.37898498 0.25354133 0.50240491  0.4553934  0.28566417 0.47715708 0.3362237 
0.75500101 0.3959788  0.09496858 0.12721651 0.36291236 0.47253131  0.39032606 0.42928219 0.61687182 0.36024464 0.29584427 0.49735479  0.46131689 0.29342549 0.53318046 0.40450296
0.68951631 0.56074627 0.11763066 0.12574211 0.30721065 0.55517413  0.55652297 0.61012512 0.53321756 0.38904356 0.29689995 0.51959869  0.56756511 0.51930834 0.68275568 0.54745419
0.65836296 0.61334382 0.10408142 0.1724053  0.32219242 0.58629059  0.60783979 0.47672889 0.53943825 0.36464744 0.32756704 0.50253464  0.71482103 0.60325283 0.60956367 0.53334995
0.64101405 0.62368131 0.09027685 0.18951608 0.34841263 0.54636608  0.64270961 0.45044172 0.55978299 0.3628046  0.40964366 0.4952984  0.66888137 0.61935665 0.65333039 0.53368102
0.62496429 0.64977641 0.08911328 0.22259949 0.34803657 0.56555505  0.65641521 0.39391279 0.53656709 0.38100726 0.40282916 0.49325752  0.68703825 0.64228845 0.59199608 0.52140092
0.65836296 0.61334382 0.10408142 0.1724053  0.32219242 0.58629059  0.60783979 0.47672889 0.53943825 0.36464744 0.32756704 0.50253464  0.71482103 0.60325283 0.60956367 0.53334995
0.67408174 0.58802617 0.11093365 0.14606481 0.31629629 0.5722528  0.58541939 0.54936046 0.5362624  0.3816034  0.31403501 0.51218567  0.65974729 0.5810645  0.63028581 0.54542615
0.67408174 0.58802617 0.11093365 0.14606481 0.31629629 0.5722528  0.58541939 0.54936046 0.5362624  0.3816034  0.31403501 0.51218567  0.65974729 0.5810645  0.63028581 0.54542615
0.68951631 0.56074627 0.11763066 0.12574211 0.30721065 0.55517413  0.55652297 0.61012512 0.53321756 0.38904356 0.29689995 0.51959869  0.56756511 0.51930834 0.68275568 0.54745419
0.71546336 0.49070137 0.10066578 0.12223521 0.34406991 0.5159859  0.48866592 0.4867073  0.60280498 0.36171643 0.29758183 0.50771191  0.57632643 0.45232573 0.57914472 0.48083054
0.71546336 0.49070137 0.10066578 0.12223521 0.34406991 0.5159859  0.48866592 0.4867073  0.60280498 0.36171643 0.29758183 0.50771191  0.57632643 0.45232573 0.57914472 0.48083054
0.71546336 0.49070137 0.10066578 0.12223521 0.34406991 0.5159859  0.48866592 0.4867073  0.60280498 0.36171643 0.29758183 0.50771191  0.57632643 0.45232573 0.57914472 0.48083054
0.68951631 0.56074627 0.11763066 0.12574211 0.30721065 0.55517413  0.55652297 0.61012512 0.53321756 0.38904356 0.29689995 0.51959869  0.56756511 0.51930834 0.68275568 0.54745419
0.68951631 0.56074627 0.11763066 0.12574211 0.30721065 0.55517413  0.55652297 0.61012512 0.53321756 0.38904356 0.29689995 0.51959869  0.56756511 0.51930834 0.68275568 0.54745419
0.68951631 0.56074627 0.11763066 0.12574211 0.30721065 0.55517413  0.55652297 0.61012512 0.53321756 0.38904356 0.29689995 0.51959869  0.56756511 0.51930834 0.68275568 0.54745419
0.62861766 0.67587943 0.11442918 0.21881239 0.30420496 0.6423925  0.63916007 0.54024736 0.45384503 0.39392452 0.36714503 0.47540502  0.69518946 0.4745733  0.59072993 0.52500743
0.58058938 0.74077215 0.10591668 0.28707176 0.32221476 0.63669908  0.69698389 0.52406533 0.42106811 0.39571088 0.50605994 0.43471412  0.65405345 0.43653402 0.52324201 0.50035556
0.58058938 0.74077215 0.10591668 0.28707176 0.32221476 0.63669908  0.69698389 0.52406533 0.42106811 0.39571088 0.50605994 0.43471412  0.65405345 0.43653402 0.52324201 0.50035556
0.58058938 0.74077215 0.10591668 0.28707176 0.32221476 0.63669908  0.69698389 0.52406533 0.42106811 0.39571088 0.50605994 0.43471412  0.65405345 0.43653402 0.52324201 0.50035556
0.52906469 0.78820068 0.09336626 0.38841304 0.34732777 0.60797626  0.70061735 0.39068725 0.41489499 0.43795197 0.56221965 0.44478585  0.48337353 0.40582652 0.48947905 0.4686588 
0.52906469 0.78820068 0.09336626 0.38841304 0.34732777 0.60797626  0.70061735 0.39068725 0.41489499 0.43795197 0.56221965 0.44478585  0.48337353 0.40582652 0.48947905 0.4686588 
0.52906469 0.78820068 0.09336626 0.38841304 0.34732777 0.60797626  0.70061735 0.39068725 0.41489499 0.43795197 0.56221965 0.44478585  0.48337353 0.40582652 0.48947905 0.4686588 
0.56370184 0.76843772 0.12148377 0.35482595 0.2947399  0.68966142  0.62932641 0.44626902 0.37409907 0.44619714 0.40193544 0.46135294  0.57135481 0.37641643 0.39158679 0.4737371 
0.56370184 0.76843772 0.12148377 0.35482595 0.2947399  0.68966142  0.62932641 0.44626902 0.37409907 0.44619714 0.40193544 0.46135294  0.57135481 0.37641643 0.39158679 0.4737371 
0.65637448 0.85528397 0.47053569 0.14070001 0.78850496 0.79454434  0.48830812 0.51699666 0.27358383 0.37216623 0.48127596 0.56452032  0.68344848 0.41611827 0.38583315 0.46021807
0.74351529 0.82392041 0.70228868 0.17483664 0.72400217 0.67927929  0.51783985 0.5424366  0.25494539 0.27156213 0.50131129 0.56047319  0.77360015 0.38144597 0.5593417  0.4041613 
0.74289431 0.81634706 0.68517981 0.19485119 0.63708798 0.65201976  0.54771474 0.5365506  0.28271623 0.25786478 0.43264828 0.45961462  0.74914117 0.41575219 0.55122485 0.36851098
0.79060592 0.75614063 0.77319387 0.2579346  0.47021446 0.48556223  0.6551398  0.62509599 0.4163104  0.55153545 0.34024547 0.24915026  0.63245627 0.42075152 0.59234466 0.25200037
0.77349215 0.72667725 0.67836795 0.24493167 0.46111894 0.49314009  0.66443048 0.68533899 0.44149776 0.75881461 0.34718428 0.24828448  0.69788905 0.45876473 0.50068316 0.13850418
0.83167207 0.53873607 0.57696882 0.21214593 0.40106115 0.38290846  0.55847644 0.51430249 0.56160398 0.80445766 0.21342493 0.29696606  0.61084994 0.50450682 0.50756085 0.08842684
0.81385388 0.42399301 0.33788655 0.1931988  0.27967428 0.37819804  0.48175529 0.46244735 0.5969876  0.66448778 0.19726297 0.40851394  0.44789246 0.45881166 0.55000748 0.25447913
0.80147003 0.39148377 0.25804841 0.21482487 0.25885086 0.41246554  0.44972048 0.46326999 0.52978486 0.62333749 0.2752455  0.55068366  0.52685744 0.39645471 0.60454306 0.24113262
0.77037179 0.40333841 0.15227042 0.15669883 0.29299932 0.49224018  0.37719233 0.45987658 0.49406593 0.45571168 0.23604596 0.55599259  0.45923872 0.38733384 0.57680718 0.32691945
0.74259513 0.43134932 0.10147678 0.12277353 0.34690923 0.49611053  0.42778048 0.44379952 0.59194669 0.38730686 0.23314702 0.52190563  0.48136398 0.35534509 0.62720503 0.43155854
0.74259513 0.43134932 0.10147678 0.12277353 0.34690923 0.49611053  0.42778048 0.44379952 0.59194669 0.38730686 0.23314702 0.52190563  0.48136398 0.35534509 0.62720503 0.43155854
0.72789242 0.45773556 0.08903931 0.12557578 0.36356117 0.51069479  0.46328119 0.40233599 0.6187462  0.36406978 0.2546431  0.51483709  0.59956313 0.418504   0.5901102  0.45241958
0.72789242 0.45773556 0.08903931 0.12557578 0.36356117 0.51069479  0.46328119 0.40233599 0.6187462  0.36406978 0.2546431  0.51483709  0.59956313 0.418504   0.5901102  0.45241958
0.72789242 0.45773556 0.08903931 0.12557578 0.36356117 0.51069479  0.46328119 0.40233599 0.6187462  0.36406978 0.2546431  0.51483709  0.59956313 0.418504   0.5901102  0.45241958
0.72789242 0.45773556 0.08903931 0.12557578 0.36356117 0.51069479  0.46328119 0.40233599 0.6187462  0.36406978 0.2546431  0.51483709  0.59956313 0.418504   0.5901102  0.45241958
0.72789242 0.45773556 0.08903931 0.12557578 0.36356117 0.51069479  0.46328119 0.40233599 0.6187462  0.36406978 0.2546431  0.51483709  0.59956313 0.418504   0.5901102  0.45241958
0.71217365 0.48305321 0.08218708 0.15191628 0.36945731 0.52473258  0.48570159 0.32970443 0.62192206 0.34711382 0.26817514 0.50518606  0.65463687 0.44069232 0.56938805 0.44034337
0.68438634 0.55057717 0.09438237 0.17664641 0.34087469 0.5829125  0.54150812 0.39288237 0.53701903 0.39305226 0.2403782  0.51416102  0.66020132 0.42819531 0.6630837  0.4768134 
0.63879247 0.62198303 0.0830568  0.21427404 0.35799121 0.5719377  0.63951367 0.37957694 0.52924492 0.38450872 0.35776492 0.4954415  0.6961945  0.53312649 0.69423624 0.50072793
0.61132943 0.6853049  0.10011623 0.23528871 0.33057263 0.60063185  0.67558119 0.51095277 0.47429622 0.38752219 0.44535262 0.46607417  0.65314784 0.48787957 0.64485546 0.51959805
0.59663914 0.71467705 0.10708025 0.25398835 0.32259081 0.61751011  0.68327829 0.58059425 0.44428401 0.37750822 0.51287444 0.436755  0.63589656 0.41360221 0.58457631 0.51263567
0.59663914 0.71467705 0.10708025 0.25398835 0.32259081 0.61751011  0.68327829 0.58059425 0.44428401 0.37750822 0.51287444 0.436755  0.63589656 0.41360221 0.58457631 0.51263567
0.59663914 0.71467705 0.10708025 0.25398835 0.32259081 0.61751011  0.68327829 0.58059425 0.44428401 0.37750822 0.51287444 0.436755  0.63589656 0.41360221 0.58457631 0.51263567
0.61392737 0.70525158 0.1213932  0.23751204 0.29622314 0.65927076  0.64685717 0.60988884 0.42383282 0.38391055 0.43466685 0.44608585  0.67793819 0.40029594 0.53045078 0.51804505
0.62936194 0.67797168 0.12809022 0.21718934 0.28713751 0.64219209  0.61796075 0.6706535  0.42078798 0.3913507  0.4175318  0.45349888  0.58575601 0.33853978 0.58292065 0.52007308
0.6902569  0.5795608  0.14568554 0.15561502 0.27307701 0.60479913  0.53239104 0.63692749 0.43607316 0.43169415 0.24952604 0.51976134  0.56182003 0.46193614 0.64631386 0.48037325
0.81083449 0.67855406 0.67329461 0.06310281 0.72049482 0.56933758  0.41954799 0.53451365 0.38493948 0.34971719 0.2958963  0.53557011  0.55538586 0.51050287 0.64371081 0.39435924
0.83926263 0.66990698 0.77326976 0.11994866 0.68235335 0.49514954  0.49026542 0.53404728 0.43226766 0.45631497 0.31828617 0.52786531  0.57966508 0.46408936 0.70224155 0.36194881
0.84114486 0.66959896 0.77805972 0.12305338 0.6436784  0.46142361  0.52422398 0.54143316 0.48951226 0.50721426 0.26513706 0.43034299  0.55089197 0.49930094 0.67461358 0.3620946 
0.87569126 0.56780175 0.75135467 0.18651871 0.51639106 0.35880957  0.51276465 0.40998176 0.57470375 0.52818229 0.21233147 0.30078081  0.55990128 0.49356689 0.60494141 0.17982059
0.8708087  0.48842255 0.62495984 0.21387524 0.4554913  0.34953806  0.50248681 0.3667766  0.59952776 0.65312543 0.19318907 0.3385944  0.66868736 0.43819879 0.6212522  0.07192144
0.85973515 0.4023629  0.46912479 0.24017709 0.33271297 0.32311552  0.46999311 0.40254095 0.62713563 0.71951256 0.27150111 0.34435563  0.63309514 0.43369427 0.44460652 0.05654847
0.84861326 0.37408253 0.39333401 0.27421588 0.24812427 0.36270679  0.41979348 0.38419755 0.49821425 0.55826088 0.35433459 0.51045901  0.64084541 0.40743882 0.5222785  0.07994975
0.80570394 0.34892342 0.20881484 0.21618065 0.25822538 0.42843402  0.35309838 0.43515884 0.44889889 0.50263188 0.37815281 0.58640972  0.50549002 0.38904313 0.51778031 0.19608765
0.77045293 0.38261378 0.11810865 0.13503757 0.33883886 0.48945744  0.34555663 0.43957064 0.56631317 0.37898498 0.25354133 0.50240491  0.4553934  0.28566417 0.47715708 0.3362237 
0.74029831 0.42236503 0.08253112 0.13001876 0.3795643  0.48711557  0.42582677 0.38781866 0.64367133 0.33700756 0.31734034 0.49028625  0.57951604 0.35658439 0.49608563 0.425364  
0.64471685 0.54597324 0.04491397 0.24711559 0.43660447 0.45485053  0.57435893 0.14724179 0.66286866 0.35375389 0.43801361 0.49394884  0.59212676 0.51612949 0.6061019  0.41524588
0.63000552 0.5781528  0.04982879 0.26916744 0.42654432 0.48754939  0.59499642 0.16375572 0.61628292 0.37766414 0.43294263 0.48906137  0.59230516 0.46651861 0.62568346 0.4164442 
0.53068208 0.67158388 0.05902753 0.41237122 0.44550067 0.42889992  0.62108008 0.15701512 0.48039529 0.44992739 0.40333336 0.50331333  0.43190516 0.44824302 0.67703851 0.36599469
0.37419944 0.68947888 0.10328975 0.53668697 0.48579302 0.22206174  0.59273426 0.37426341 0.29546759 0.41335745 0.33909645 0.48289849  0.42484018 0.39432177 0.58537336 0.36246378
0.25201078 0.6405344  0.17993188 0.55194478 0.43627218 0.27394552  0.4952607  0.4830242  0.34289667 0.42620333 0.28161828 0.4996873  0.57060455 0.38571654 0.46502931 0.53228375
0.17878813 0.55391837 0.22046421 0.50475475 0.4366825  0.26062189  0.53687498 0.48223481 0.2934357  0.40917201 0.26139151 0.4935685  0.57567122 0.38121849 0.42444273 0.51094427
0.12423964 0.51474366 0.25731903 0.51430573 0.41288798 0.30500304  0.45960739 0.50580715 0.35165421 0.40580395 0.2447338  0.48974308  0.61730056 0.37933919 0.41570425 0.54777419
0.05351142 0.43947142 0.31096524 0.46826146 0.37376331 0.40333531  0.449023   0.50224764 0.41356088 0.37686256 0.34766111 0.45195559  0.59560889 0.36517078 0.34313004 0.48165838
0.03544839 0.41404176 0.32462587 0.44710978 0.36503751 0.43337561  0.45603541 0.49115319 0.43842582 0.38389341 0.37735876 0.45056284  0.56420009 0.3942791  0.4095445  0.46588946
0.05335725 0.43991271 0.3107995  0.47052444 0.37415446 0.40166621  0.4419284  0.50731996 0.42372301 0.37589972 0.34976968 0.45155191  0.60561524 0.38193084 0.36844884 0.47847125
0.1081208  0.51499118 0.27300484 0.52854022 0.39219096 0.35811296  0.39428786 0.53421708 0.45913669 0.37127878 0.37144687 0.44928825  0.59993134 0.42344947 0.44647833 0.44570758
0.16104553 0.59444216 0.23139585 0.60387053 0.42423122 0.26141588  0.33796238 0.58585846 0.43570782 0.35851857 0.28794454 0.45783095  0.71415184 0.42238734 0.40522218 0.50602254
0.23476218 0.6886814  0.1873013  0.66667202 0.42877097 0.27141515  0.269237   0.58962159 0.5418727  0.38683453 0.3690882  0.46105598  0.59724024 0.49718258 0.62285176 0.44932239
0.30859991 0.74584671 0.16242317 0.66324855 0.3970333  0.38429566  0.29676502 0.4723494  0.51634986 0.47997013 0.30195054 0.51237532  0.42964127 0.42836439 0.63861215 0.49639319
0.38406606 0.79529077 0.13675428 0.61502548 0.36546721 0.49725383  0.38858062 0.41692271 0.52644673 0.45683989 0.47380662 0.46845061  0.33763516 0.38186429 0.52034711 0.4066619 
0.55327351 0.92525519 0.48232709 0.42771448 0.57707944 0.64016639  0.52036947 0.32910338 0.55102595 0.61078    0.35907015 0.23015882  0.46389341 0.47734708 0.1790431  0.31217025
0.72838663 0.83319522 0.73994221 0.34240135 0.50483982 0.53159819  0.65214256 0.43958492 0.44029052 0.52899893 0.28265874 0.22777036  0.57899151 0.35637846 0.48846729 0.24425616
0.82029231 0.69954056 0.76673706 0.20578354 0.5281343  0.46468642  0.61347626 0.50499603 0.4510448  0.52937189 0.26995108 0.37292081  0.68158509 0.55386709 0.71549973 0.28029788
0.84804257 0.64113017 0.76944069 0.17767698 0.55568756 0.44750473  0.52666263 0.52410064 0.41337306 0.4756686  0.30160834 0.47783934  0.58848757 0.50191244 0.76718566 0.25738256
0.84656325 0.63156477 0.74764127 0.20278319 0.45996527 0.42360669  0.55404691 0.51696769 0.44257036 0.46088194 0.23842167 0.38162953  0.56100925 0.54028461 0.75220495 0.23096209
0.8479697  0.56737033 0.66634123 0.20987351 0.44031777 0.40566479  0.52009893 0.49371219 0.4557245  0.49786055 0.2882707  0.41209958  0.60990965 0.50244495 0.68995485 0.1255786 
0.84202986 0.41398979 0.43240688 0.27425427 0.27635567 0.39414925  0.44684193 0.36840558 0.44028562 0.49299554 0.33903486 0.62632589  0.68705102 0.39908817 0.69681873 0.14191596
0.84336576 0.3542584  0.35059134 0.30324337 0.18395363 0.37987214  0.38685129 0.34978184 0.41033537 0.41222574 0.42197982 0.62074275  0.6671711  0.39043642 0.57879134 0.13886165
0.83807663 0.30154128 0.27315533 0.34865082 0.25652111 0.46719486  0.37386185 0.41534711 0.36365456 0.48419235 0.40589943 0.56072093  0.58231431 0.52054203 0.48420143 0.19144769
0.82537504 0.2715185  0.1997925  0.35042015 0.33051721 0.50891809  0.37104312 0.45134842 0.3690176  0.50755203 0.3850933  0.46319723  0.49456854 0.44624708 0.51681203 0.29119259
0.82537504 0.2715185  0.1997925  0.35042015 0.33051721 0.50891809  0.37104312 0.45134842 0.3690176  0.50755203 0.3850933  0.46319723  0.49456854 0.44624708 0.51681203 0.29119259
0.84151132 0.21605458 0.19956697 0.43101329 0.34604716 0.51828059  0.37764624 0.44953902 0.33065106 0.55612109 0.48356329 0.43870821  0.52428761 0.4405     0.53395455 0.39349631
0.82920155 0.22560933 0.15779082 0.41019717 0.40288075 0.59740145  0.34407239 0.44132171 0.31140479 0.44261206 0.36089141 0.33262095  0.50442886 0.3927505  0.55169409 0.40689048
0.82279958 0.21014488 0.11920882 0.42522026 0.45601234 0.64167127  0.36790244 0.4680597  0.34457935 0.42242516 0.3078428  0.27995079  0.4477571  0.37628466 0.61265307 0.47047794
0.81047484 0.22479077 0.09155524 0.39911602 0.48584876 0.66246775  0.37372115 0.46227109 0.39190146 0.37276068 0.26264094 0.25091394  0.46395887 0.33653459 0.60702753 0.50683777
0.81537622 0.20344082 0.08762222 0.44582851 0.51047077 0.69919957  0.39586853 0.48477267 0.3774267  0.35938579 0.24306986 0.23433486  0.46590999 0.34861932 0.64853095 0.49091055
0.81537622 0.20344082 0.08762222 0.44582851 0.51047077 0.69919957  0.39586853 0.48477267 0.3774267  0.35938579 0.24306986 0.23433486  0.46590999 0.34861932 0.64853095 0.49091055
0.81537622 0.20344082 0.08762222 0.44582851 0.51047077 0.69919957  0.39586853 0.48477267 0.3774267  0.35938579 0.24306986 0.23433486  0.46590999 0.34861932 0.64853095 0.49091055
0.81792082 0.19184106 0.08554442 0.47808378 0.52935228 0.72526902  0.42837162 0.51109002 0.40333093 0.33696493 0.2029051  0.25899991  0.44164123 0.37789661 0.63411773 0.43747564
0.81792082 0.19184106 0.08554442 0.47808378 0.52935228 0.72526902  0.42837162 0.51109002 0.40333093 0.33696493 0.2029051  0.25899991  0.44164123 0.37789661 0.63411773 0.43747564
0.81792082 0.19184106 0.08554442 0.47808378 0.52935228 0.72526902  0.42837162 0.51109002 0.40333093 0.33696493 0.2029051  0.25899991  0.44164123 0.37789661 0.63411773 0.43747564
0.8191333  0.18607888 0.08558611 0.49710288 0.53738084 0.73734432  0.45109915 0.52870306 0.42725069 0.32223382 0.18070651 0.28726821  0.41792818 0.40344759 0.60055024 0.41063859
0.8191333  0.18607888 0.08558611 0.49710288 0.53738084 0.73734432  0.45109915 0.52870306 0.42725069 0.32223382 0.18070651 0.28726821  0.41792818 0.40344759 0.60055024 0.41063859
0.81966812 0.18364374 0.08521554 0.50465086 0.5420657  0.74375826  0.46080559 0.5369273  0.43874864 0.31389344 0.16567281 0.29868639  0.40073373 0.42306797 0.58271926 0.39396491
0.80300373 0.20277093 0.06203377 0.4778107  0.55811064 0.71475683  0.48284748 0.50902581 0.46538752 0.30988421 0.23017433 0.26536798  0.43037028 0.40527831 0.67231014 0.48908122
0.80300373 0.20277093 0.06203377 0.4778107  0.55811064 0.71475683  0.48284748 0.50902581 0.46538752 0.30988421 0.23017433 0.26536798  0.43037028 0.40527831 0.67231014 0.48908122
0.7877662  0.23159231 0.04996688 0.47306497 0.57007772 0.72292714  0.50864176 0.45933805 0.48068909 0.29498752 0.26670411 0.24688126  0.56576387 0.44881684 0.65304629 0.52661594
0.7877662  0.23159231 0.04996688 0.47306497 0.57007772 0.72292714  0.50864176 0.45933805 0.48068909 0.29498752 0.26670411 0.24688126  0.56576387 0.44881684 0.65304629 0.52661594
0.69413216 0.39870278 0.02251908 0.45796638 0.57617375 0.65072786  0.67817417 0.29113165 0.59120499 0.27903577 0.34401182 0.34070431  0.63718952 0.62123294 0.75569808 0.42529232
0.69413216 0.39870278 0.02251908 0.45796638 0.57617375 0.65072786  0.67817417 0.29113165 0.59120499 0.27903577 0.34401182 0.34070431  0.63718952 0.62123294 0.75569808 0.42529232
0.58814349 0.61543781 0.04464017 0.37179566 0.46276419 0.51009868  0.66799971 0.16045568 0.52972979 0.39669212 0.40216466 0.46210003  0.55829883 0.54708444 0.74188507 0.38566494
0.4915092  0.64142631 0.06075083 0.45171104 0.48399859 0.3068705  0.59212253 0.11802306 0.45050608 0.42589273 0.33669189 0.51310972  0.40070993 0.51879586 0.63742387 0.30828533
0.4915092  0.64142631 0.06075083 0.45171104 0.48399859 0.3068705  0.59212253 0.11802306 0.45050608 0.42589273 0.33669189 0.51310972  0.40070993 0.51879586 0.63742387 0.30828533
0.42676826 0.67718308 0.08189272 0.47269536 0.48881716 0.23945197  0.673192   0.29610911 0.31581197 0.36258551 0.43366678 0.45008508  0.43114553 0.46892633 0.51625962 0.26537769
0.42676826 0.67718308 0.08189272 0.47269536 0.48881716 0.23945197  0.673192   0.29610911 0.31581197 0.36258551 0.43366678 0.45008508  0.43114553 0.46892633 0.51625962 0.26537769
0.25158365 0.62630391 0.17200172 0.52385541 0.46166988 0.19901358  0.61203519 0.45772861 0.17820335 0.40574582 0.24492787 0.49197587  0.44401183 0.3311088  0.3653408  0.45985093
0.25158365 0.62630391 0.17200172 0.52385541 0.46166988 0.19901358  0.61203519 0.45772861 0.17820335 0.40574582 0.24492787 0.49197587  0.44401183 0.3311088  0.3653408  0.45985093
0.12482632 0.50028553 0.25810943 0.48337034 0.41162815 0.30764571  0.53896038 0.45715856 0.25890929 0.41415864 0.22198959 0.49408901  0.50458724 0.31726395 0.33742414 0.51807062
0.12482632 0.50028553 0.25810943 0.48337034 0.41162815 0.30764571  0.53896038 0.45715856 0.25890929 0.41415864 0.22198959 0.49408901  0.50458724 0.31726395 0.33742414 0.51807062
0.07102051 0.46648761 0.29681783 0.49538875 0.38534053 0.36816237  0.42637893 0.52216562 0.40838993 0.37342912 0.31490181 0.45582256  0.6405316  0.37092096 0.3395245  0.50760399
0.07102051 0.46648761 0.29681783 0.49538875 0.38534053 0.36816237  0.42637893 0.52216562 0.40838993 0.37342912 0.31490181 0.45582256  0.6405316  0.37092096 0.3395245  0.50760399
0.05295748 0.44105795 0.31047847 0.47423707 0.37661473 0.39820267  0.43339135 0.51107118 0.43325487 0.38045997 0.34459946 0.45442981  0.6091228  0.40002928 0.40593895 0.49183507
0.05295748 0.44105795 0.31047847 0.47423707 0.37661473 0.39820267  0.43339135 0.51107118 0.43325487 0.38045997 0.34459946 0.45442981  0.6091228  0.40002928 0.40593895 0.49183507
0.05295748 0.44105795 0.31047847 0.47423707 0.37661473 0.39820267  0.43339135 0.51107118 0.43325487 0.38045997 0.34459946 0.45442981  0.6091228  0.40002928 0.40593895 0.49183507
0.01804755 0.39018449 0.33830903 0.42636341 0.35641219 0.47112218  0.45911565 0.47626972 0.47899245 0.39487759 0.42806648 0.44912887  0.50987727 0.441117   0.51788115 0.43356859
0.01804755 0.39018449 0.33830903 0.42636341 0.35641219 0.47112218  0.45911565 0.47626972 0.47899245 0.39487759 0.42806648 0.44912887  0.50987727 0.441117   0.51788115 0.43356859
0.01804755 0.39018449 0.33830903 0.42636341 0.35641219 0.47112218  0.45911565 0.47626972 0.47899245 0.39487759 0.42806648 0.44912887  0.50987727 0.441117   0.51788115 0.43356859
0.00039479 0.36283831 0.35232302 0.39930133 0.34523319 0.50234819  0.48417291 0.45702496 0.47508945 0.39693445 0.45000532 0.44589633  0.47476172 0.42761975 0.50206904 0.41641874
0.00039479 0.36283831 0.35232302 0.39930133 0.34523319 0.50234819  0.48417291 0.45702496 0.47508945 0.39693445 0.45000532 0.44589633  0.47476172 0.42761975 0.50206904 0.41641874
0.00039479 0.36283831 0.35232302 0.39930133 0.34523319 0.50234819  0.48417291 0.45702496 0.47508945 0.39693445 0.45000532 0.44589633  0.47476172 0.42761975 0.50206904 0.41641874
0.00039479 0.36283831 0.35232302 0.39930133 0.34523319 0.50234819  0.48417291 0.45702496 0.47508945 0.39693445 0.45000532 0.44589633  0.47476172 0.42761975 0.50206904 0.41641874
0.00039479 0.36283831 0.35232302 0.39930133 0.34523319 0.50234819  0.48417291 0.45702496 0.47508945 0.39693445 0.45000532 0.44589633  0.47476172 0.42761975 0.50206904 0.41641874
0.00039479 0.36283831 0.35232302 0.39930133 0.34523319 0.50234819  0.48417291 0.45702496 0.47508945 0.39693445 0.45000532 0.44589633  0.47476172 0.42761975 0.50206904 0.41641874
0.00039479 0.36283831 0.35232302 0.39930133 0.34523319 0.50234819  0.48417291 0.45702496 0.47508945 0.39693445 0.45000532 0.44589633  0.47476172 0.42761975 0.50206904 0.41641874
0.00039479 0.36283831 0.35232302 0.39930133 0.34523319 0.50234819  0.48417291 0.45702496 0.47508945 0.39693445 0.45000532 0.44589633  0.47476172 0.42761975 0.50206904 0.41641874
0.00039479 0.36283831 0.35232302 0.39930133 0.34523319 0.50234819  0.48417291 0.45702496 0.47508945 0.39693445 0.45000532 0.44589633  0.47476172 0.42761975 0.50206904 0.41641874
0.00039479 0.36283831 0.35232302 0.39930133 0.34523319 0.50234819  0.48417291 0.45702496 0.47508945 0.39693445 0.45000532 0.44589633  0.47476172 0.42761975 0.50206904 0.41641874
0.00039479 0.36283831 0.35232302 0.39930133 0.34523319 0.50234819  0.48417291 0.45702496 0.47508945 0.39693445 0.45000532 0.44589633  0.47476172 0.42761975 0.50206904 0.41641874
0.00039479 0.36283831 0.35232302 0.39930133 0.34523319 0.50234819  0.48417291 0.45702496 0.47508945 0.39693445 0.45000532 0.44589633  0.47476172 0.42761975 0.50206904 0.41641874
0.00039479 0.36283831 0.35232302 0.39930133 0.34523319 0.50234819  0.48417291 0.45702496 0.47508945 0.39693445 0.45000532 0.44589633  0.47476172 0.42761975 0.50206904 0.41641874
0.00039479 0.36283831 0.35232302 0.39930133 0.34523319 0.50234819  0.48417291 0.45702496 0.47508945 0.39693445 0.45000532 0.44589633  0.47476172 0.42761975 0.50206904 0.41641874
0.00039479 0.36283831 0.35232302 0.39930133 0.34523319 0.50234819  0.48417291 0.45702496 0.47508945 0.39693445 0.45000532 0.44589633  0.47476172 0.42761975 0.50206904 0.41641874
0.00039479 0.36283831 0.35232302 0.39930133 0.34523319 0.50234819  0.48417291 0.45702496 0.47508945 0.39693445 0.45000532 0.44589633  0.47476172 0.42761975 0.50206904 0.41641874
