0.00039479 0.36283831 0.35232302 0.39930133 0.34523319 0.50234819  0.48417291 0.45702496 0.47508945 0.39693445 0.45000532 0.44589633  0.47476172 0.42761975 0.50206904 0.41641874
0.00039479 0.36283831 0.35232302 0.39930133 0.34523319 0.50234819  0.48417291 0.45702496 0.47508945 0.39693445 0.45000532 0.44589633  0.47476172 0.42761975 0.50206904 0.41641874
0.00039479 0.36283831 0.35232302 0.39930133 0.34523319 0.50234819  0.48417291 0.45702496 0.47508945 0.39693445 0.45000532 0.44589633  0.47476172 0.42761975 0.50206904 0.41641874
0.00039479 0.36283831 0.35232302 0.39930133 0.34523319 0.50234819  0.48417291 0.45702496 0.47508945 0.39693445 0.45000532 0.44589633  0.47476172 0.42761975 0.50206904 0.41641874
0.00039479 0.36283831 0.35232302 0.39930133 0.34523319 0.50234819  0.48417291 0.45702496 0.47508945 0.39693445 0.45000532 0.44589633  0.47476172 0.42761975 0.50206904 0.41641874
0.00039479 0.36283831 0.35232302 0.39930133 0.34523319 0.50234819  0.48417291 0.45702496 0.47508945 0.39693445 0.45000532 0.44589633  0.47476172 0.42761975 0.50206904 0.41641874
0.00039479 0.36283831 0.35232302 0.39930133 0.34523319 0.50234819  0.48417291 0.45702496 0.47508945 0.39693445 0.45000532 0.44589633  0.47476172 0.42761975 0.50206904 0.41641874
0.00039479 0.36283831 0.35232302 0.39930133 0.34523319 0.50234819  0.48417291 0.45702496 0.47508945 0.39693445 0.45000532 0.44589633  0.47476172 0.42761975 0.50206904 0.41641874
0.00039479 0.36283831 0.35232302 0.39930133 0.34523319 0.50234819  0.48417291 0.45702496 0.47508945 0.39693445 0.45000532 0.44589633  0.47476172 0.42761975 0.50206904 0.41641874
0.00039479 0.36283831 0.35232302 0.39930133 0.34523319 0.50234819  0.48417291 0.45702496 0.47508945 0.39693445 0.45000532 0.44589633  0.47476172 0.42761975 0.50206904 0.41641874
0.00039479 0.36283831 0.35232302 0.39930133 0.34523319 0.50234819  0.48417291 0.45702496 0.47508945 0.39693445 0.45000532 0.44589633  0.47476172 0.42761975 0.50206904 0.41641874
0.00039479 0.36283831 0.35232302 0.39930133 0.34523319 0.50234819  0.48417291 0.45702496 0.47508945 0.39693445 0.45000532 0.44589633  0.47476172 0.42761975 0.50206904 0.41641874
0.00039479 0.36283831 0.35232302 0.39930133 0.34523319 0.50234819  0.48417291 0.45702496 0.47508945 0.39693445 0.45000532 0.44589633  0.47476172 0.42761975 0.50206904 0.41641874
0.00039479 0.36283831 0.35232302 0.39930133 0.34523319 0.50234819  0.48417291 0.45702496 0.47508945 0.39693445 0.45000532 0.44589633  0.47476172 0.42761975 0.50206904 0.41641874
0.00039479 0.36283831 0.35232302 0.39930133 0.34523319 0.50234819  0.48417291 0.45702496 0.47508945 0.39693445 0.45000532 0.44589633  0.47476172 0.42761975 0.50206904 0.41641874
0.00039479 0.36283831 0.35232302 0.39930133 0.34523319 0.50234819  0.48417291 0.45702496 0.47508945 0.39693445 0.45000532 0.44589633  0.47476172 0.42761975 0.50206904 0.41641874
0.00039479 0.36283831 0.35232302 0.39930133 0.34523319 0.50234819  0.48417291 0.45702496 0.47508945 0.39693445 0.45000532 0.44589633  0.47476172 0.42761975 0.50206904 0.41641874
0.00039479 0.36283831 0.35232302 0.39930133 0.34523319 0.50234819  0.48417291 0.45702496 0.47508945 0.39693445 0.45000532 0.44589633  0.47476172 0.42761975 0.50206904 0.41641874
0.00039479 0.36283831 0.35232302 0.39930133 0.34523319 0.50234819  0.48417291 0.45702496 0.47508945 0.39693445 0.45000532 0.44589633  0.47476172 0.42761975 0.50206904 0.41641874
0.00039479 0.36283831 0.35232302 0.39930133 0.34523319 0.50234819  0.48417291 0.45702496 0.47508945 0.39693445 0.45000532 0.44589633  0.47476172 0.42761975 0.50206904 0.41641874
0.00039479 0.36283831 0.35232302 0.39930133 0.34523319 0.50234819  0.48417291 0.45702496 0.47508945 0.39693445 0.45000532 0.44589633  0.47476172 0.42761975 0.50206904 0.41641874
0.00039479 0.36283831 0.35232302 0.39930133 0.34523319 0.50234819  0.48417291 0.45702496 0.47508945 0.39693445 0.45000532 0.44589633  0.47476172 0.42761975 0.50206904 0.41641874
0.00039479 0.36283831 0.35232302 0.39930133 0.34523319 0.50234819  0.48417291 0.45702496 0.47508945 0.39693445 0.45000532 0.44589633  0.47476172 0.42761975 0.50206904 0.41641874
0.00039479 0.36283831 0.35232302 0.39930133 0.34523319 0.50234819  0.48417291 0.45702496 0.47508945 0.39693445 0.45000532 0.44589633  0.47476172 0.42761975 0.50206904 0.41641874
0.00039479 0.36283831 0.35232302 0.39930133 0.34523319 0.50234819  0.48417291 0.45702496 0.47508945 0.39693445 0.45000532 0.44589633  0.47476172 0.42761975 0.50206904 0.41641874
0.00039479 0.36283831 0.35232302 0.39930133 0.34523319 0.50234819  0.48417291 0.45702496 0.47508945 0.39693445 0.45000532 0.44589633  0.47476172 0.42761975 0.50206904 0.41641874
0.00039479 0.36283831 0.35232302 0.39930133 0.34523319 0.50234819  0.48417291 0.45702496 0.47508945 0.39693445 0.45000532 0.44589633  0.47476172 0.42761975 0.50206904 0.41641874
0.00039479 0.36283831 0.35232302 0.39930133 0.34523319 0.50234819  0.48417291 0.45702496 0.47508945 0.39693445 0.45000532 0.44589633  0.47476172 0.42761975 0.50206904 0.41641874
0.00039479 0.36283831 0.35232302 0.39930133 0.34523319 0.50234819  0.48417291 0.45702496 0.47508945 0.39693445 0.45000532 0.44589633  0.47476172 0.42761975 0.50206904 0.41641874
0.00039479 0.36283831 0.35232302 0.39930133 0.34523319 0.50234819  0.48417291 0.45702496 0.47508945 0.39693445 0.45000532 0.44589633  0.47476172 0.42761975 0.50206904 0.41641874
0.00039479 0.36283831 0.35232302 0.39930133 0.34523319 0.50234819  0.48417291 0.45702496 0.47508945 0.39693445 0.45000532 0.44589633  0.47476172 0.42761975 0.50206904 0.41641874
0.00039479 0.36283831 0.35232302 0.39930133 0.34523319 0.50234819  0.48417291 0.45702496 0.47508945 0.39693445 0.45000532 0.44589633  0.47476172 0.42761975 0.50206904 0.41641874
0.00039479 0.36283831 0.35232302 0.39930133 0.34523319 0.50234819  0.48417291 0.45702496 0.47508945 0.39693445 0.45000532 0.44589633  0.47476172 0.42761975 0.50206904 0.41641874
0.00039479 0.36283831 0.35232302 0.39930133 0.34523319 0.50234819  0.48417291 0.45702496 0.47508945 0.39693445 0.45000532 0.44589633  0.47476172 0.42761975 0.50206904 0.41641874
0.00039479 0.36283831 0.35232302 0.39930133 0.34523319 0.50234819  0.48417291 0.45702496 0.47508945 0.39693445 0.45000532 0.44589633  0.47476172 0.42761975 0.50206904 0.41641874
0.00039479 0.36283831 0.35232302 0.39930133 0.34523319 0.50234819  0.48417291 0.45702496 0.47508945 0.39693445 0.45000532 0.44589633  0.47476172 0.42761975 0.50206904 0.41641874
0.00039479 0.36283831 0.35232302 0.39930133 0.34523319 0.50234819  0.48417291 0.45702496 0.47508945 0.39693445 0.45000532 0.44589633  0.47476172 0.42761975 0.50206904 0.41641874
0.00039479 0.36283831 0.35232302 0.39930133 0.34523319 0.50234819  0.48417291 0.45702496 0.47508945 0.39693445 0.45000532 0.44589633  0.47476172 0.42761975 0.50206904 0.41641874
0.00039479 0.36283831 0.35232302 0.39930133 0.34523319 0.50234819  0.48417291 0.45702496 0.47508945 0.39693445 0.45000532 0.44589633  0.47476172 0.42761975 0.50206904 0.41641874
0.00039479 0.36283831 0.35232302 0.39930133 0.34523319 0.50234819  0.48417291 0.45702496 0.47508945 0.39693445 0.45000532 0.44589633  0.47476172 0.42761975 0.50206904 0.41641874
0.00039479 0.36283831 0.35232302 0.39930133 0.34523319 0.50234819  0.48417291 0.45702496 0.47508945 0.39693445 0.45000532 0.44589633  0.47476172 0.42761975 0.50206904 0.41641874
0.00039479 0.36283831 0.35232302 0.39930133 0.34523319 0.50234819  0.48417291 0.45702496 0.47508945 0.39693445 0.45000532 0.44589633  0.47476172 0.42761975 0.50206904 0.41641874
0.00039479 0.36283831 0.35232302 0.39930133 0.34523319 0.50234819  0.48417291 0.45702496 0.47508945 0.39693445 0.45000532 0.44589633  0.47476172 0.42761975 0.50206904 0.41641874
0.00039479 0.36283831 0.35232302 0.39930133 0.34523319 0.50234819  0.48417291 0.45702496 0.47508945 0.39693445 0.45000532 0.44589633  0.47476172 0.42761975 0.50206904 0.41641874
0.00039479 0.36283831 0.35232302 0.39930133 0.34523319 0.50234819  0.48417291 0.45702496 0.47508945 0.39693445 0.45000532 0.44589633  0.47476172 0.42761975 0.50206904 0.41641874
0.00039479 0.36283831 0.35232302 0.39930133 0.34523319 0.50234819  0.48417291 0.45702496 0.47508945 0.39693445 0.45000532 0.44589633  0.47476172 0.42761975 0.50206904 0.41641874
0.00039479 0.36283831 0.35232302 0.39930133 0.34523319 0.50234819  0.48417291 0.45702496 0.47508945 0.39693445 0.45000532 0.44589633  0.47476172 0.42761975 0.50206904 0.41641874
0.00039479 0.36283831 0.35232302 0.39930133 0.34523319 0.50234819  0.48417291 0.45702496 0.47508945 0.39693445 0.45000532 0.44589633  0.47476172 0.42761975 0.50206904 0.41641874
0.00039479 0.36283831 0.35232302 0.39930133 0.34523319 0.50234819  0.48417291 0.45702496 0.47508945 0.39693445 0.45000532 0.44589633  0.47476172 0.42761975 0.50206904 0.41641874
0.00039479 0.36283831 0.35232302 0.39930133 0.34523319 0.50234819  0.48417291 0.45702496 0.47508945 0.39693445 0.45000532 0.44589633  0.47476172 0.42761975 0.50206904 0.41641874
0.00039479 0.36283831 0.35232302 0.39930133 0.34523319 0.50234819  0.48417291 0.45702496 0.47508945 0.39693445 0.45000532 0.44589633  0.47476172 0.42761975 0.50206904 0.41641874
0.00039479 0.36283831 0.35232302 0.39930133 0.34523319 0.50234819  0.48417291 0.45702496 0.47508945 0.39693445 0.45000532 0.44589633  0.47476172 0.42761975 0.50206904 0.41641874
0.00039479 0.36283831 0.35232302 0.39930133 0.34523319 0.50234819  0.48417291 0.45702496 0.47508945 0.39693445 0.45000532 0.44589633  0.47476172 0.42761975 0.50206904 0.41641874
0.00039479 0.36283831 0.35232302 0.39930133 0.34523319 0.50234819  0.48417291 0.45702496 0.47508945 0.39693445 0.45000532 0.44589633  0.47476172 0.42761975 0.50206904 0.41641874
0.00039479 0.36283831 0.35232302 0.39930133 0.34523319 0.50234819  0.48417291 0.45702496 0.47508945 0.39693445 0.45000532 0.44589633  0.47476172 0.42761975 0.50206904 0.41641874
0.074102   0.45098136 0.30918604 0.4421874  0.35181909 0.50201326  0.46347033 0.45808069 0.51584858 0.3907871  0.52176034 0.43336675  0.44563971 0.43919636 0.52052136 0.38324305
0.23840798 0.65616229 0.20692689 0.57275933 0.38357196 0.42144219  0.37165548 0.52179103 0.5692959  0.35125234 0.5702799  0.40890258  0.53583948 0.46751729 0.49166465 0.33542731
0.41648729 0.64674053 0.15906574 0.35405015 0.37803035 0.45607005  0.51667129 0.74176429 0.6583638  0.21538162 0.80320279 0.32249397  0.78376314 0.57626277 0.64577192 0.34916095
0.47110048 0.69951988 0.12848096 0.36516653 0.37858455 0.4560026  0.55157059 0.72130522 0.61018655 0.22930565 0.79349911 0.32817326  0.70027299 0.50769467 0.58303888 0.35224239
0.48350636 0.66414936 0.12197276 0.36960951 0.39458768 0.43242339  0.51411617 0.70678789 0.63511167 0.20224343 0.85619635 0.30362242  0.6802259  0.44577507 0.48901431 0.32518681
0.53308994 0.61222885 0.14059167 0.30106868 0.35421336 0.46311344  0.45602027 0.84523922 0.63716419 0.23214548 0.797921   0.32412898  0.59715945 0.34606715 0.52378325 0.37773016
0.53308994 0.61222885 0.14059167 0.30106868 0.35421336 0.46311344  0.45602027 0.84523922 0.63716419 0.23214548 0.797921   0.32412898  0.59715945 0.34606715 0.52378325 0.37773016
0.54146502 0.58686934 0.14769297 0.33821678 0.3429848  0.43843006  0.46953679 0.84917643 0.64237874 0.28655905 0.89638397 0.35552071  0.60991238 0.36268439 0.4849939  0.45999438
0.57962992 0.60003632 0.17756025 0.31466192 0.26672039 0.5468739  0.42217177 0.89162819 0.5993416  0.38404112 0.70827671 0.4188207  0.51315994 0.33913539 0.62697109 0.50514208
0.59654171 0.59098852 0.20275028 0.31201514 0.21734116 0.65548417  0.31007244 0.90193759 0.65091752 0.43950823 0.55878323 0.46271307  0.62862162 0.34822893 0.63948777 0.60450963
0.58925178 0.63683418 0.19315089 0.29848926 0.21947251 0.69714337  0.29633819 0.87091684 0.61385461 0.38812195 0.479157   0.42566782  0.49576779 0.26744763 0.57631347 0.48256079
0.59074732 0.66887675 0.18521782 0.33272797 0.2176132  0.70034034  0.32986368 0.79828787 0.51706491 0.41928028 0.43370272 0.43810834  0.34728231 0.19437121 0.46887866 0.44902351
0.559263   0.72225174 0.17735723 0.38613408 0.22632278 0.73660797  0.37246569 0.68099429 0.49689386 0.43004279 0.44402327 0.42865444  0.45762137 0.27905918 0.35507449 0.43471536
0.5968057  0.7272429  0.13079458 0.28719592 0.28337011 0.68089919  0.61843603 0.5850168  0.37381738 0.44082771 0.39598419 0.45826107  0.58299208 0.36995719 0.42101748 0.50380447
0.64508072 0.65265402 0.13494245 0.19084885 0.28124137 0.6281543  0.59554035 0.74328506 0.41761212 0.40830666 0.40399976 0.4631499  0.53068227 0.31635145 0.6036428  0.53214929
0.67480498 0.59292582 0.12254547 0.14779396 0.29715051 0.58787299  0.57716046 0.62663905 0.48663181 0.41295381 0.29182897 0.51471122  0.56774352 0.46969747 0.70233725 0.54865251
0.71664808 0.50139421 0.11844165 0.12628044 0.31004998 0.53529877  0.49563753 0.56721734 0.52235927 0.41463398 0.23246514 0.53379241  0.47260267 0.42232771 0.73081599 0.4981822 
0.72951914 0.46669373 0.10875725 0.12545181 0.32838676 0.52159159  0.46294952 0.49046353 0.5536294  0.40933504 0.21042107 0.53576805  0.48675003 0.39245896 0.70131912 0.46683025
0.74259513 0.43134932 0.10147678 0.12277353 0.34690923 0.49611053  0.42778048 0.44379952 0.59194669 0.38730686 0.23314702 0.52190563  0.48136398 0.35534509 0.62720503 0.43155854
0.75500101 0.3959788  0.09496858 0.12721651 0.36291236 0.47253131  0.39032606 0.42928219 0.61687182 0.36024464 0.29584427 0.49735479  0.46131689 0.29342549 0.53318046 0.40450296
0.75500101 0.3959788  0.09496858 0.12721651 0.36291236 0.47253131  0.39032606 0.42928219 0.61687182 0.36024464 0.29584427 0.49735479  0.46131689 0.29342549 0.53318046 0.40450296
0.75500101 0.3959788  0.09496858 0.12721651 0.36291236 0.47253131  0.39032606 0.42928219 0.61687182 0.36024464 0.29584427 0.49735479  0.46131689 0.29342549 0.53318046 0.40450296
0.75500101 0.3959788  0.09496858 0.12721651 0.36291236 0.47253131  0.39032606 0.42928219 0.61687182 0.36024464 0.29584427 0.49735479  0.46131689 0.29342549 0.53318046 0.40450296
0.75500101 0.3959788  0.09496858 0.12721651 0.36291236 0.47253131  0.39032606 0.42928219 0.61687182 0.36024464 0.29584427 0.49735479  0.46131689 0.29342549 0.53318046 0.40450296
0.75500101 0.3959788  0.09496858 0.12721651 0.36291236 0.47253131  0.39032606 0.42928219 0.61687182 0.36024464 0.29584427 0.49735479  0.46131689 0.29342549 0.53318046 0.40450296
0.75500101 0.3959788  0.09496858 0.12721651 0.36291236 0.47253131  0.39032606 0.42928219 0.61687182 0.36024464 0.29584427 0.49735479  0.46131689 0.29342549 0.53318046 0.40450296
0.71217365 0.48305321 0.08218708 0.15191628 0.36945731 0.52473258  0.48570159 0.32970443 0.62192206 0.34711382 0.26817514 0.50518606  0.65463687 0.44069232 0.56938805 0.44034337
0.68366309 0.54567752 0.08277055 0.17491726 0.36002047 0.56729231  0.54976705 0.31560378 0.58664961 0.36170185 0.26258424 0.51163546  0.75220509 0.53956235 0.59103227 0.47358705
0.62274271 0.64807812 0.08189323 0.24735745 0.35761515 0.59112667  0.65321927 0.32304801 0.50602903 0.40271138 0.35095042 0.49340062  0.71435139 0.5560583  0.63290193 0.48844782
0.57827445 0.72075359 0.08667916 0.27982729 0.35636228 0.57337153  0.72117092 0.45077362 0.48042033 0.38850122 0.54348759 0.44972003  0.62792376 0.53170648 0.60542403 0.51022748
0.51063446 0.78752363 0.0882966  0.41029067 0.37272032 0.54616975  0.70739643 0.38563215 0.40662178 0.43244602 0.58982791 0.44134334  0.41918407 0.42158995 0.52790212 0.43021969
0.51063446 0.78752363 0.0882966  0.41029067 0.37272032 0.54616975  0.70739643 0.38563215 0.40662178 0.43244602 0.58982791 0.44134334  0.41918407 0.42158995 0.52790212 0.43021969
0.47448677 0.78970493 0.08816885 0.45957232 0.39659092 0.46702966  0.69059135 0.37967756 0.38100772 0.42108331 0.59734968 0.43652086  0.33887025 0.39423119 0.49339753 0.36889416
0.47448677 0.78970493 0.08816885 0.45957232 0.39659092 0.46702966  0.69059135 0.37967756 0.38100772 0.42108331 0.59734968 0.43652086  0.33887025 0.39423119 0.49339753 0.36889416
0.4190961  0.78594906 0.09731725 0.54198473 0.42438664 0.36823846  0.61217763 0.38716247 0.34998388 0.44014661 0.51130932 0.46095869  0.23456838 0.38721613 0.52727773 0.34660798
0.40057693 0.77142888 0.10020019 0.54118359 0.44177577 0.30871409  0.62662653 0.42697874 0.32095166 0.39480668 0.53314665 0.43651431  0.27910843 0.39342201 0.47265322 0.30732375
0.40057693 0.77142888 0.10020019 0.54118359 0.44177577 0.30871409  0.62662653 0.42697874 0.32095166 0.39480668 0.53314665 0.43651431  0.27910843 0.39342201 0.47265322 0.30732375
0.40057693 0.77142888 0.10020019 0.54118359 0.44177577 0.30871409  0.62662653 0.42697874 0.32095166 0.39480668 0.53314665 0.43651431  0.27910843 0.39342201 0.47265322 0.30732375
0.40057693 0.77142888 0.10020019 0.54118359 0.44177577 0.30871409  0.62662653 0.42697874 0.32095166 0.39480668 0.53314665 0.43651431  0.27910843 0.39342201 0.47265322 0.30732375
0.43378639 0.75657691 0.09035323 0.52328509 0.43236845 0.3513602  0.60448053 0.31752098 0.37999609 0.45016057 0.4437875  0.49027785  0.25181966 0.46149349 0.58755687 0.35357036
0.43378639 0.75657691 0.09035323 0.52328509 0.43236845 0.3513602  0.60448053 0.31752098 0.37999609 0.45016057 0.4437875  0.49027785  0.25181966 0.46149349 0.58755687 0.35357036
0.43378639 0.75657691 0.09035323 0.52328509 0.43236845 0.3513602  0.60448053 0.31752098 0.37999609 0.45016057 0.4437875  0.49027785  0.25181966 0.46149349 0.58755687 0.35357036
0.41526722 0.74205673 0.09323617 0.52248394 0.44975759 0.29183583  0.61892943 0.35733726 0.35096386 0.40482064 0.46562483 0.46583348  0.29635971 0.46769938 0.53293236 0.31428613
0.47028006 0.75383757 0.08176543 0.46242792 0.42433505 0.39457214  0.66987693 0.31920694 0.39477914 0.43601083 0.50433416 0.47327356  0.31860555 0.4848691  0.59909239 0.36192725
0.48531404 0.72348151 0.07633247 0.43807268 0.43226236 0.3711691  0.65919414 0.27220241 0.43378663 0.43064401 0.45968519 0.49551572  0.33841552 0.56393774 0.6375077  0.37146809
0.5527878  0.69482961 0.06427316 0.37057636 0.40812071 0.50059734  0.66363181 0.18461484 0.49158269 0.43944652 0.43471839 0.50002984  0.47948201 0.54111423 0.63756204 0.41831195
0.65608071 0.61255755 0.09736976 0.19779772 0.33162354 0.61369834  0.60309255 0.40887152 0.50879373 0.39091105 0.27955733 0.50477235  0.73823613 0.51982022 0.64011071 0.50613731
0.68366309 0.54567752 0.08277055 0.17491726 0.36002047 0.56729231  0.54976705 0.31560378 0.58664961 0.36170185 0.26258424 0.51163546  0.75220509 0.53956235 0.59103227 0.47358705
0.75804705 0.41798431 0.12461685 0.13059459 0.32283573 0.51303666  0.38301105 0.45408797 0.54138804 0.4060472  0.19084409 0.52695574  0.47544049 0.34758377 0.57118164 0.36327928
0.77045293 0.38261378 0.11810865 0.13503757 0.33883886 0.48945744  0.34555663 0.43957064 0.56631317 0.37898498 0.25354133 0.50240491  0.4553934  0.28566417 0.47715708 0.3362237 
0.81291109 0.32075903 0.20603217 0.26328729 0.28186423 0.4540854  0.35538553 0.43716424 0.41512656 0.51760316 0.3922078  0.53494858  0.49974369 0.4158701  0.51436579 0.26379596
0.84840698 0.18921834 0.1955986  0.4724183  0.36428087 0.53707517  0.37742984 0.45017652 0.29644845 0.56651807 0.51456115 0.40165086  0.52016824 0.45177408 0.54386266 0.46429767
0.86050289 0.18120535 0.22794475 0.50238411 0.34087512 0.53249112  0.37094936 0.43505851 0.24652717 0.57100805 0.53876398 0.41898065  0.58348019 0.47299664 0.54790243 0.38537848
0.86050289 0.18120535 0.22794475 0.50238411 0.34087512 0.53249112  0.37094936 0.43505851 0.24652717 0.57100805 0.53876398 0.41898065  0.58348019 0.47299664 0.54790243 0.38537848
0.86050289 0.18120535 0.22794475 0.50238411 0.34087512 0.53249112  0.37094936 0.43505851 0.24652717 0.57100805 0.53876398 0.41898065  0.58348019 0.47299664 0.54790243 0.38537848
0.86050289 0.18120535 0.22794475 0.50238411 0.34087512 0.53249112  0.37094936 0.43505851 0.24652717 0.57100805 0.53876398 0.41898065  0.58348019 0.47299664 0.54790243 0.38537848
0.86619683 0.15772792 0.22170889 0.547373   0.37060096 0.5721769  0.38829893 0.44667848 0.22978045 0.55531113 0.50991821 0.38364027  0.59012039 0.47775336 0.61290119 0.37004674
0.86619683 0.15772792 0.22170889 0.547373   0.37060096 0.5721769  0.38829893 0.44667848 0.22978045 0.55531113 0.50991821 0.38364027  0.59012039 0.47775336 0.61290119 0.37004674
0.84762212 0.14938258 0.1509395  0.53734556 0.4489807  0.62894312  0.41676858 0.49872891 0.3004196  0.51707868 0.42507608 0.31546663  0.48243719 0.41388851 0.67534679 0.46828729
0.84272075 0.17073254 0.15487253 0.49063307 0.42435869 0.59221129  0.3946212  0.47622733 0.31489435 0.53045356 0.44464715 0.33204571  0.48048607 0.40180378 0.63384336 0.4842145 
0.82279958 0.21014488 0.11920882 0.42522026 0.45601234 0.64167127  0.36790244 0.4680597  0.34457935 0.42242516 0.3078428  0.27995079  0.4477571  0.37628466 0.61265307 0.47047794
0.80286345 0.25464836 0.09766768 0.35451933 0.46066883 0.63280687  0.38057624 0.46232077 0.44083272 0.37824131 0.24850847 0.30490627  0.45108864 0.35876496 0.5680977  0.47970702
0.78934323 0.30764763 0.10550186 0.26322124 0.41065243 0.57757217  0.36584182 0.45690538 0.49707259 0.37808492 0.24054036 0.38915768  0.44942261 0.3289198  0.52595576 0.41297286
0.77045293 0.38261378 0.11810865 0.13503757 0.33883886 0.48945744  0.34555663 0.43957064 0.56631317 0.37898498 0.25354133 0.50240491  0.4553934  0.28566417 0.47715708 0.3362237 
0.72789242 0.45773556 0.08903931 0.12557578 0.36356117 0.51069479  0.46328119 0.40233599 0.6187462  0.36406978 0.2546431  0.51483709  0.59956313 0.418504   0.5901102  0.45241958
0.67079203 0.580378   0.09245495 0.17574588 0.34168368 0.58099948  0.58245506 0.39235759 0.55537948 0.3670008  0.28462831 0.50965982  0.73805772 0.5694311  0.62052914 0.50493899
0.61025297 0.68195596 0.09402809 0.24465134 0.33797643 0.59825391  0.6770527  0.41042673 0.48998134 0.40491751 0.39775817 0.48837005  0.68721666 0.59267758 0.61157765 0.52259923
0.52906469 0.78820068 0.09336626 0.38841304 0.34732777 0.60797626  0.70061735 0.39068725 0.41489499 0.43795197 0.56221965 0.44478585  0.48337353 0.40582652 0.48947905 0.4686588 
0.49362571 0.81124581 0.1016175  0.47514645 0.3390896  0.61266162  0.60791633 0.33866394 0.42945969 0.47868133 0.51729227 0.46887136  0.35637887 0.33670351 0.41965302 0.46160683
0.45897988 0.82090494 0.12868243 0.53369618 0.30899141 0.66975993  0.45636899 0.40061998 0.56590799 0.43330554 0.60340142 0.42570883  0.39612583 0.34770569 0.37657972 0.40835261
0.45897988 0.82090494 0.12868243 0.53369618 0.30899141 0.66975993  0.45636899 0.40061998 0.56590799 0.43330554 0.60340142 0.42570883  0.39612583 0.34770569 0.37657972 0.40835261
0.45897988 0.82090494 0.12868243 0.53369618 0.30899141 0.66975993  0.45636899 0.40061998 0.56590799 0.43330554 0.60340142 0.42570883  0.39612583 0.34770569 0.37657972 0.40835261
0.47503902 0.80057932 0.16202534 0.53393759 0.25916625 0.73561862  0.3278752  0.45738239 0.5497796  0.46303252 0.39801436 0.4628533  0.48076861 0.31461737 0.30694521 0.43860789
0.50906895 0.78777696 0.17994002 0.50793015 0.23233004 0.76837122  0.34030862 0.46649019 0.47455342 0.46029106 0.40081428 0.44732604  0.47818362 0.31053428 0.22266408 0.34515165
0.52990201 0.81897274 0.28587886 0.52438336 0.20692978 0.74460801  0.34471169 0.40514309 0.47051331 0.33946411 0.38909839 0.42195908  0.44602036 0.38960214 0.1711104  0.44308903
0.54128219 0.81398111 0.32036907 0.55115748 0.1765778  0.72915766  0.3448699  0.39071226 0.43532068 0.35983169 0.43016662 0.45622386  0.49234273 0.44432915 0.14612845 0.40784046
0.58281452 0.79148713 0.43444746 0.60851928 0.11521745 0.68508604  0.3260614  0.36368185 0.35972096 0.24517837 0.42937415 0.48121118  0.45521806 0.33264138 0.29817363 0.36716883
0.62686142 0.78127401 0.56483855 0.61620957 0.11469571 0.64143907  0.29873789 0.40966705 0.31808765 0.2892935  0.42828176 0.45950819  0.34735781 0.31083983 0.38236688 0.26709522
0.64470082 0.76996483 0.56364757 0.57266684 0.11263668 0.64994843  0.33251662 0.45424828 0.31695065 0.25991793 0.45663515 0.44191004  0.42743395 0.34122156 0.39222839 0.27917334
0.67363199 0.74003483 0.59466856 0.55964203 0.08673794 0.6304474  0.35724889 0.52459492 0.28494527 0.29120737 0.50255731 0.44987033  0.51412097 0.36585253 0.46091657 0.22863685
0.68968175 0.71393974 0.59583213 0.52655862 0.087114   0.61125843  0.34354329 0.58112385 0.30816116 0.27300471 0.50937182 0.45191121  0.49596408 0.34292072 0.52225087 0.24091695
0.72448544 0.69938257 0.57482022 0.4598077  0.11148866 0.56776352  0.4759473  0.54834159 0.21003818 0.29404669 0.45214866 0.47700901  0.51033797 0.35844208 0.59361229 0.2786856 
0.78071783 0.64945327 0.5955249  0.36574345 0.12892702 0.4836949  0.5927633  0.64400996 0.24358217 0.33127478 0.4209086  0.47090247  0.49396938 0.32293192 0.74215321 0.33680876
0.78071783 0.64945327 0.5955249  0.36574345 0.12892702 0.4836949  0.5927633  0.64400996 0.24358217 0.33127478 0.4209086  0.47090247  0.49396938 0.32293192 0.74215321 0.33680876
0.81208317 0.58691773 0.58564986 0.33189838 0.11916023 0.42140709  0.60299969 0.52616758 0.35018637 0.33654432 0.27957046 0.48483076  0.52032816 0.45529148 0.8604221  0.36849137
0.82679449 0.55473817 0.58073505 0.30984653 0.12922038 0.38870822  0.5823622  0.50965364 0.39677211 0.31263406 0.28464144 0.48971823  0.52014976 0.50490236 0.84084053 0.36729306
0.82437745 0.54596422 0.56348821 0.30518341 0.12205097 0.37481254  0.5895259  0.52450025 0.41556359 0.38236505 0.30263671 0.49309255  0.53515494 0.53717132 0.80258457 0.3928349 
0.83682873 0.51007887 0.58069616 0.36964801 0.11378263 0.33066492  0.64929672 0.53160025 0.50176385 0.4775797  0.41251052 0.54329008  0.57064878 0.47989707 0.73493449 0.54632975
0.88761073 0.37169763 0.54559662 0.37392465 0.18613628 0.26260636  0.51860051 0.3092938  0.61221763 0.42554371 0.43295091 0.51397764  0.5825997  0.31717312 0.54826444 0.42423956
0.89084231 0.3593317  0.54944237 0.40945156 0.19075527 0.26332568  0.55839761 0.31836751 0.66053651 0.43669329 0.44476697 0.54840773  0.60856681 0.265593   0.53034704 0.46911942
0.89455478 0.31402802 0.51699272 0.46558273 0.19531828 0.27921282  0.55741184 0.31327647 0.60970192 0.44528473 0.51477585 0.55643324  0.62920042 0.26628214 0.52181455 0.57896547
0.91134088 0.21288947 0.46634334 0.59874707 0.26882217 0.36783522  0.55708496 0.33301034 0.49039857 0.51734887 0.54386472 0.39481329  0.68456468 0.23361338 0.61786665 0.6366813 
0.90896259 0.20885311 0.45159363 0.6072546  0.25960619 0.38798951  0.53893293 0.32267213 0.44714206 0.45892545 0.56127897 0.44004589  0.70058362 0.21516617 0.64161461 0.61875971
0.91366616 0.15133468 0.40718764 0.70225256 0.31807414 0.4781821  0.56291773 0.36684098 0.4033158  0.45438866 0.54023541 0.42812702  0.74651321 0.21249718 0.76458008 0.56429568
0.9102531  0.1302743  0.37183707 0.72423252 0.35266911 0.51943053  0.57819554 0.41495141 0.42081721 0.52804146 0.50946608 0.41453047  0.72702684 0.28791538 0.69191897 0.51347407
0.9102531  0.1302743  0.37183707 0.72423252 0.35266911 0.51943053  0.57819554 0.41495141 0.42081721 0.52804146 0.50946608 0.41453047  0.72702684 0.28791538 0.69191897 0.51347407
0.90285439 0.12273209 0.33539557 0.7096863  0.36079301 0.53150289  0.56465646 0.44129283 0.41030757 0.5867422  0.51667165 0.42163268  0.71156011 0.32104158 0.64995084 0.49418843
0.90778296 0.0999619  0.33298806 0.77551851 0.39276477 0.57825325  0.63043603 0.49379105 0.46097535 0.54773681 0.45295522 0.48357563  0.67239853 0.36891613 0.61037589 0.40417832
0.90009216 0.08766985 0.29638484 0.78093777 0.42378202 0.6006834  0.65758592 0.5386885  0.49742237 0.55851548 0.41741573 0.50232595  0.6161262  0.34722776 0.60646786 0.36796752
0.89381095 0.08422971 0.2657064  0.77073107 0.42304909 0.62743884  0.61612148 0.53489466 0.4325732  0.52946482 0.44114787 0.52509581  0.62824799 0.40384958 0.57914664 0.34641667
0.89686114 0.06970689 0.26506228 0.81661065 0.44379295 0.65886474  0.66825229 0.57830757 0.48387676 0.49657673 0.38836796 0.58883559  0.57934207 0.45519933 0.51267721 0.27316838
0.89686114 0.06970689 0.26506228 0.81661065 0.44379295 0.65886474  0.66825229 0.57830757 0.48387676 0.49657673 0.38836796 0.58883559  0.57934207 0.45519933 0.51267721 0.27316838
0.89686114 0.06970689 0.26506228 0.81661065 0.44379295 0.65886474  0.66825229 0.57830757 0.48387676 0.49657673 0.38836796 0.58883559  0.57934207 0.45519933 0.51267721 0.27316838
0.88376541 0.07991955 0.21924106 0.76450921 0.46022125 0.6995105  0.59534903 0.59128728 0.39237938 0.46409709 0.36667914 0.56027223  0.51014805 0.56045029 0.49604934 0.21709977
0.87238523 0.08491119 0.18475084 0.73773509 0.49057323 0.71496085  0.59519082 0.60571811 0.42757201 0.4437295  0.32561091 0.52600745  0.46382568 0.50572327 0.52103129 0.25234834
0.87238523 0.08491119 0.18475084 0.73773509 0.49057323 0.71496085  0.59519082 0.60571811 0.42757201 0.4437295  0.32561091 0.52600745  0.46382568 0.50572327 0.52103129 0.25234834
0.83318692 0.13398882 0.09234297 0.61787342 0.5596215  0.76439866  0.55449067 0.60174339 0.51139606 0.32481061 0.20604878 0.42450754  0.37077236 0.48742888 0.46930373 0.39127516
0.82481185 0.15934833 0.08524166 0.58072532 0.57085006 0.78908203  0.54097416 0.59780618 0.50618151 0.27039704 0.10758582 0.39311581  0.35801942 0.47081164 0.50809308 0.30901094
0.8024689  0.20520608 0.06240434 0.47026271 0.55342578 0.70834289  0.47314104 0.50080158 0.45388958 0.31822459 0.24520803 0.2539498  0.44756472 0.38565794 0.69014112 0.5057549 
0.8024689  0.20520608 0.06240434 0.47026271 0.55342578 0.70834289  0.47314104 0.50080158 0.45388958 0.31822459 0.24520803 0.2539498  0.44756472 0.38565794 0.69014112 0.5057549 
0.79464263 0.23472791 0.06400266 0.42395352 0.53313523 0.69279396  0.47575619 0.50700616 0.49338272 0.30237128 0.20839415 0.30286082  0.45253888 0.36056949 0.71299793 0.42368899
0.64605217 0.55619117 0.04620898 0.23890947 0.43075476 0.47931506  0.59959454 0.15682909 0.64254693 0.34963116 0.4387799  0.47916506  0.67699464 0.55479038 0.55347613 0.42095693
0.56461015 0.65022443 0.05206702 0.3703495  0.43509738 0.46190354  0.61687141 0.10425447 0.54761352 0.44176461 0.40265705 0.51503856  0.4715825  0.51194599 0.66702481 0.38891857
0.43060558 0.72672712 0.08151347 0.50133348 0.47156424 0.29022826  0.66016409 0.35004952 0.32346519 0.38580624 0.50678191 0.43715213  0.34926365 0.39834156 0.54358321 0.27388664
0.34501987 0.72727365 0.12417874 0.5501172  0.45173037 0.26012939  0.60687761 0.43703782 0.27571674 0.38652544 0.44572356 0.44793381  0.35485974 0.35489357 0.36276491 0.34954982
0.28851848 0.67414867 0.14818536 0.55394243 0.46900493 0.18776148  0.59236925 0.46369109 0.2060783  0.40025233 0.29027908 0.48203376  0.41497204 0.34497941 0.38303074 0.42183187
0.19672742 0.56646538 0.20745366 0.50087071 0.44715992 0.23178072  0.58955897 0.45421518 0.20729781 0.41523078 0.21760193 0.50119741  0.50084689 0.34143927 0.37492646 0.49984112
0.16090298 0.54997924 0.23264034 0.52063825 0.42610691 0.27216757  0.51801014 0.47061254 0.2573762  0.40952032 0.2186372  0.49395088  0.50963585 0.32196481 0.34129445 0.51471081
0.07057186 0.4363202  0.29688016 0.44476643 0.38823898 0.36908819  0.52491791 0.46269653 0.31979163 0.40788175 0.2630435  0.48417518  0.57287142 0.33420379 0.33510928 0.53324894
0.05336775 0.43914143 0.31083182 0.46832666 0.37416152 0.39938838  0.45143619 0.50292086 0.40448693 0.37548598 0.33684065 0.45259001  0.60541605 0.3574237  0.32371238 0.49045415
0.01779563 0.38669558 0.33863985 0.42004769 0.35385851 0.46460162  0.48109267 0.47190843 0.43452283 0.38595027 0.3992976  0.44733029  0.52908455 0.38078184 0.39373238 0.44873962
0.01779563 0.38669558 0.33863985 0.42004769 0.35385851 0.46460162  0.48109267 0.47190843 0.43452283 0.38595027 0.3992976  0.44733029  0.52908455 0.38078184 0.39373238 0.44873962
0.01779563 0.38669558 0.33863985 0.42004769 0.35385851 0.46460162  0.48109267 0.47190843 0.43452283 0.38595027 0.3992976  0.44733029  0.52908455 0.38078184 0.39373238 0.44873962
0.01779563 0.38669558 0.33863985 0.42004769 0.35385851 0.46460162  0.48109267 0.47190843 0.43452283 0.38595027 0.3992976  0.44733029  0.52908455 0.38078184 0.39373238 0.44873962
0.01779563 0.38669558 0.33863985 0.42004769 0.35385851 0.46460162  0.48109267 0.47190843 0.43452283 0.38595027 0.3992976  0.44733029  0.52908455 0.38078184 0.39373238 0.44873962
0.00039479 0.36283831 0.35232302 0.39930133 0.34523319 0.50234819  0.48417291 0.45702496 0.47508945 0.39693445 0.45000532 0.44589633  0.47476172 0.42761975 0.50206904 0.41641874
0.00039479 0.36283831 0.35232302 0.39930133 0.34523319 0.50234819  0.48417291 0.45702496 0.47508945 0.39693445 0.45000532 0.44589633  0.47476172 0.42761975 0.50206904 0.41641874
0.00039479 0.36283831 0.35232302 0.39930133 0.34523319 0.50234819  0.48417291 0.45702496 0.47508945 0.39693445 0.45000532 0.44589633  0.47476172 0.42761975 0.50206904 0.41641874
0.00039479 0.36283831 0.35232302 0.39930133 0.34523319 0.50234819  0.48417291 0.45702496 0.47508945 0.39693445 0.45000532 0.44589633  0.47476172 0.42761975 0.50206904 0.41641874
0.00039479 0.36283831 0.35232302 0.39930133 0.34523319 0.50234819  0.48417291 0.45702496 0.47508945 0.39693445 0.45000532 0.44589633  0.47476172 0.42761975 0.50206904 0.41641874
0.00039479 0.36283831 0.35232302 0.39930133 0.34523319 0.50234819  0.48417291 0.45702496 0.47508945 0.39693445 0.45000532 0.44589633  0.47476172 0.42761975 0.50206904 0.41641874
0.00039479 0.36283831 0.35232302 0.39930133 0.34523319 0.50234819  0.48417291 0.45702496 0.47508945 0.39693445 0.45000532 0.44589633  0.47476172 0.42761975 0.50206904 0.41641874
0.00039479 0.36283831 0.35232302 0.39930133 0.34523319 0.50234819  0.48417291 0.45702496 0.47508945 0.39693445 0.45000532 0.44589633  0.47476172 0.42761975 0.50206904 0.41641874
0.00039479 0.36283831 0.35232302 0.39930133 0.34523319 0.50234819  0.48417291 0.45702496 0.47508945 0.39693445 0.45000532 0.44589633  0.47476172 0.42761975 0.50206904 0.41641874
