0.00039479 0.36283831 0.35232302 0.39930133 0.34523319 0.50234819  0.48417291 0.45702496 0.47508945 0.39693445 0.45000532 0.44589633  0.47476172 0.42761975 0.50206904 0.41641874
0.00039479 0.36283831 0.35232302 0.39930133 0.34523319 0.50234819  0.48417291 0.45702496 0.47508945 0.39693445 0.45000532 0.44589633  0.47476172 0.42761975 0.50206904 0.41641874
0.00039479 0.36283831 0.35232302 0.39930133 0.34523319 0.50234819  0.48417291 0.45702496 0.47508945 0.39693445 0.45000532 0.44589633  0.47476172 0.42761975 0.50206904 0.41641874
0.00039479 0.36283831 0.35232302 0.39930133 0.34523319 0.50234819  0.48417291 0.45702496 0.47508945 0.39693445 0.45000532 0.44589633  0.47476172 0.42761975 0.50206904 0.41641874
0.00039479 0.36283831 0.35232302 0.39930133 0.34523319 0.50234819  0.48417291 0.45702496 0.47508945 0.39693445 0.45000532 0.44589633  0.47476172 0.42761975 0.50206904 0.41641874
0.00039479 0.36283831 0.35232302 0.39930133 0.34523319 0.50234819  0.48417291 0.45702496 0.47508945 0.39693445 0.45000532 0.44589633  0.47476172 0.42761975 0.50206904 0.41641874
0.00039479 0.36283831 0.35232302 0.39930133 0.34523319 0.50234819  0.48417291 0.45702496 0.47508945 0.39693445 0.45000532 0.44589633  0.47476172 0.42761975 0.50206904 0.41641874
0.00039479 0.36283831 0.35232302 0.39930133 0.34523319 0.50234819  0.48417291 0.45702496 0.47508945 0.39693445 0.45000532 0.44589633  0.47476172 0.42761975 0.50206904 0.41641874
0.00039479 0.36283831 0.35232302 0.39930133 0.34523319 0.50234819  0.48417291 0.45702496 0.47508945 0.39693445 0.45000532 0.44589633  0.47476172 0.42761975 0.50206904 0.41641874
0.00039479 0.36283831 0.35232302 0.39930133 0.34523319 0.50234819  0.48417291 0.45702496 0.47508945 0.39693445 0.45000532 0.44589633  0.47476172 0.42761975 0.50206904 0.41641874
0.00039479 0.36283831 0.35232302 0.39930133 0.34523319 0.50234819  0.48417291 0.45702496 0.47508945 0.39693445 0.45000532 0.44589633  0.47476172 0.42761975 0.50206904 0.41641874
0.00039479 0.36283831 0.35232302 0.39930133 0.34523319 0.50234819  0.48417291 0.45702496 0.47508945 0.39693445 0.45000532 0.44589633  0.47476172 0.42761975 0.50206904 0.41641874
0.00039479 0.36283831 0.35232302 0.39930133 0.34523319 0.50234819  0.48417291 0.45702496 0.47508945 0.39693445 0.45000532 0.44589633  0.47476172 0.42761975 0.50206904 0.41641874
0.00039479 0.36283831 0.35232302 0.39930133 0.34523319 0.50234819  0.48417291 0.45702496 0.47508945 0.39693445 0.45000532 0.44589633  0.47476172 0.42761975 0.50206904 0.41641874
0.00039479 0.36283831 0.35232302 0.39930133 0.34523319 0.50234819  0.48417291 0.45702496 0.47508945 0.39693445 0.45000532 0.44589633  0.47476172 0.42761975 0.50206904 0.41641874
0.00039479 0.36283831 0.35232302 0.39930133 0.34523319 0.50234819  0.48417291 0.45702496 0.47508945 0.39693445 0.45000532 0.44589633  0.47476172 0.42761975 0.50206904 0.41641874
0.00039479 0.36283831 0.35232302 0.39930133 0.34523319 0.50234819  0.48417291 0.45702496 0.47508945 0.39693445 0.45000532 0.44589633  0.47476172 0.42761975 0.50206904 0.41641874
0.00039479 0.36283831 0.35232302 0.39930133 0.34523319 0.50234819  0.48417291 0.45702496 0.47508945 0.39693445 0.45000532 0.44589633  0.47476172 0.42761975 0.50206904 0.41641874
0.00039479 0.36283831 0.35232302 0.39930133 0.34523319 0.50234819  0.48417291 0.45702496 0.47508945 0.39693445 0.45000532 0.44589633  0.47476172 0.42761975 0.50206904 0.41641874
0.00039479 0.36283831 0.35232302 0.39930133 0.34523319 0.50234819  0.48417291 0.45702496 0.47508945 0.39693445 0.45000532 0.44589633  0.47476172 0.42761975 0.50206904 0.41641874
0.00039479 0.36283831 0.35232302 0.39930133 0.34523319 0.50234819  0.48417291 0.45702496 0.47508945 0.39693445 0.45000532 0.44589633  0.47476172 0.42761975 0.50206904 0.41641874
0.00039479 0.36283831 0.35232302 0.39930133 0.34523319 0.50234819  0.48417291 0.45702496 0.47508945 0.39693445 0.45000532 0.44589633  0.47476172 0.42761975 0.50206904 0.41641874
0.00039479 0.36283831 0.35232302 0.39930133 0.34523319 0.50234819  0.48417291 0.45702496 0.47508945 0.39693445 0.45000532 0.44589633  0.47476172 0.42761975 0.50206904 0.41641874
0.00039479 0.36283831 0.35232302 0.39930133 0.34523319 0.50234819  0.48417291 0.45702496 0.47508945 0.39693445 0.45000532 0.44589633  0.47476172 0.42761975 0.50206904 0.41641874
0.00039479 0.36283831 0.35232302 0.39930133 0.34523319 0.50234819  0.48417291 0.45702496 0.47508945 0.39693445 0.45000532 0.44589633  0.47476172 0.42761975 0.50206904 0.41641874
0.00039479 0.36283831 0.35232302 0.39930133 0.34523319 0.50234819  0.48417291 0.45702496 0.47508945 0.39693445 0.45000532 0.44589633  0.47476172 0.42761975 0.50206904 0.41641874
0.00039479 0.36283831 0.35232302 0.39930133 0.34523319 0.50234819  0.48417291 0.45702496 0.47508945 0.39693445 0.45000532 0.44589633  0.47476172 0.42761975 0.50206904 0.41641874
0.00039479 0.36283831 0.35232302 0.39930133 0.34523319 0.50234819  0.48417291 0.45702496 0.47508945 0.39693445 0.45000532 0.44589633  0.47476172 0.42761975 0.50206904 0.41641874
0.00039479 0.36283831 0.35232302 0.39930133 0.34523319 0.50234819  0.48417291 0.45702496 0.47508945 0.39693445 0.45000532 0.44589633  0.47476172 0.42761975 0.50206904 0.41641874
0.00039479 0.36283831 0.35232302 0.39930133 0.34523319 0.50234819  0.48417291 0.45702496 0.47508945 0.39693445 0.45000532 0.44589633  0.47476172 0.42761975 0.50206904 0.41641874
0.00039479 0.36283831 0.35232302 0.39930133 0.34523319 0.50234819  0.48417291 0.45702496 0.47508945 0.39693445 0.45000532 0.44589633  0.47476172 0.42761975 0.50206904 0.41641874
0.00039479 0.36283831 0.35232302 0.39930133 0.34523319 0.50234819  0.48417291 0.45702496 0.47508945 0.39693445 0.45000532 0.44589633  0.47476172 0.42761975 0.50206904 0.41641874
0.00039479 0.36283831 0.35232302 0.39930133 0.34523319 0.50234819  0.48417291 0.45702496 0.47508945 0.39693445 0.45000532 0.44589633  0.47476172 0.42761975 0.50206904 0.41641874
0.00039479 0.36283831 0.35232302 0.39930133 0.34523319 0.50234819  0.48417291 0.45702496 0.47508945 0.39693445 0.45000532 0.44589633  0.47476172 0.42761975 0.50206904 0.41641874
0.00039479 0.36283831 0.35232302 0.39930133 0.34523319 0.50234819  0.48417291 0.45702496 0.47508945 0.39693445 0.45000532 0.44589633  0.47476172 0.42761975 0.50206904 0.41641874
0.00039479 0.36283831 0.35232302 0.39930133 0.34523319 0.50234819  0.48417291 0.45702496 0.47508945 0.39693445 0.45000532 0.44589633  0.47476172 0.42761975 0.50206904 0.41641874
0.00039479 0.36283831 0.35232302 0.39930133 0.34523319 0.50234819  0.48417291 0.45702496 0.47508945 0.39693445 0.45000532 0.44589633  0.47476172 0.42761975 0.50206904 0.41641874
0.00039479 0.36283831 0.35232302 0.39930133 0.34523319 0.50234819  0.48417291 0.45702496 0.47508945 0.39693445 0.45000532 0.44589633  0.47476172 0.42761975 0.50206904 0.41641874
0.00039479 0.36283831 0.35232302 0.39930133 0.34523319 0.50234819  0.48417291 0.45702496 0.47508945 0.39693445 0.45000532 0.44589633  0.47476172 0.42761975 0.50206904 0.41641874
0.01790387 0.3898545  0.33817562 0.42642862 0.35681041 0.46717525  0.46152885 0.47694295 0.46991849 0.39350101 0.41724602 0.4497633  0.51968443 0.43336993 0.49846349 0.44236435
0.05367861 0.44171583 0.31214423 0.47114249 0.37279065 0.42986862  0.4177205  0.50334188 0.50440728 0.39082405 0.42702098 0.4483076  0.53269514 0.48405389 0.58159446 0.43414129
0.08964684 0.49485247 0.28501929 0.51844865 0.3914583  0.38170643  0.37853114 0.52945821 0.51669095 0.38770116 0.41308523 0.45034598  0.55486718 0.50910823 0.62252298 0.43846357
0.12602766 0.54660689 0.25929804 0.56124246 0.4044625  0.35174191  0.33740739 0.55102099 0.55043001 0.39034977 0.42348569 0.45241315  0.55076993 0.54337013 0.69859686 0.43102901
0.21666849 0.66649319 0.19655565 0.64794329 0.43153364 0.26497944  0.2958153  0.59137614 0.52755295 0.35956252 0.40667321 0.4389216  0.61344713 0.49328254 0.54841859 0.42073446
0.29131437 0.74805556 0.15908228 0.6753636  0.42004641 0.3197609  0.28518274 0.55941337 0.5863977  0.37842273 0.50936378 0.43246587  0.48548483 0.47992898 0.58442582 0.36396198
0.34701385 0.78240103 0.14302599 0.649796   0.38904819 0.42241165  0.33043978 0.48218667 0.57047466 0.43036649 0.50438096 0.45426877  0.37035593 0.41636324 0.55200767 0.39712865
0.38438991 0.80441982 0.1389571  0.63052601 0.35570899 0.5327666  0.33422335 0.42555785 0.61133757 0.46252145 0.5250024  0.46241813  0.36426426 0.40157421 0.53067538 0.42587196
0.49243279 0.79480599 0.10930147 0.46768542 0.33637866 0.60211071  0.56224349 0.40596081 0.45702138 0.47783774 0.47977021 0.47670584  0.41975137 0.34875435 0.4566193  0.50477495
0.58108692 0.75256055 0.12394235 0.31353641 0.28926624 0.69493698  0.64085643 0.51238524 0.37699323 0.42387175 0.40951623 0.44861004  0.63806581 0.39214551 0.40029533 0.49172826
0.59787761 0.73134667 0.12022963 0.27059545 0.29584709 0.67845973  0.66056277 0.55335991 0.40061692 0.40211321 0.42785235 0.44404497  0.69609507 0.42322775 0.46911648 0.50576494
0.62964615 0.67993392 0.12824543 0.21117154 0.29032701 0.64523296  0.62443677 0.6825204  0.42065696 0.40086651 0.42113481 0.45573688  0.62286445 0.37810761 0.55117293 0.53012125
0.65978342 0.62626779 0.14737991 0.18804659 0.26458943 0.61357004  0.56003964 0.78474859 0.39081261 0.43154374 0.38250368 0.47021844  0.41248313 0.25319255 0.64073763 0.51128825
0.74072866 0.44234199 0.13050562 0.17809246 0.32292972 0.52973875  0.36393652 0.55621665 0.49729348 0.37433783 0.36571212 0.45084359  0.41833216 0.13231815 0.37846263 0.31972048
0.78277767 0.36796789 0.14576222 0.16114181 0.30900244 0.46866096  0.33973792 0.44535925 0.51899106 0.42864946 0.2987432  0.53144176  0.43919163 0.32541423 0.48278262 0.29986387
0.80570394 0.34892342 0.20881484 0.21618065 0.25822538 0.42843402  0.35309838 0.43515884 0.44889889 0.50263188 0.37815281 0.58640972  0.50549002 0.38904313 0.51778031 0.19608765
0.80570394 0.34892342 0.20881484 0.21618065 0.25822538 0.42843402  0.35309838 0.43515884 0.44889889 0.50263188 0.37815281 0.58640972  0.50549002 0.38904313 0.51778031 0.19608765
0.80570394 0.34892342 0.20881484 0.21618065 0.25822538 0.42843402  0.35309838 0.43515884 0.44889889 0.50263188 0.37815281 0.58640972  0.50549002 0.38904313 0.51778031 0.19608765
0.82945161 0.26360191 0.20247688 0.34137049 0.29893526 0.4674574  0.35284641 0.43329976 0.36160108 0.54572031 0.49075526 0.50792837  0.54807932 0.36106568 0.57385266 0.32552211
0.82945161 0.26360191 0.20247688 0.34137049 0.29893526 0.4674574  0.35284641 0.43329976 0.36160108 0.54572031 0.49075526 0.50792837  0.54807932 0.36106568 0.57385266 0.32552211
0.82169041 0.29370632 0.20980371 0.29792544 0.27217674 0.43341152  0.3597598  0.43904636 0.40518217 0.55156481 0.49074825 0.56380912  0.53111319 0.38343    0.51792079 0.30548261
0.80570394 0.34892342 0.20881484 0.21618065 0.25822538 0.42843402  0.35309838 0.43515884 0.44889889 0.50263188 0.37815281 0.58640972  0.50549002 0.38904313 0.51778031 0.19608765
0.78277767 0.36796789 0.14576222 0.16114181 0.30900244 0.46866096  0.33973792 0.44535925 0.51899106 0.42864946 0.2987432  0.53144176  0.43919163 0.32541423 0.48278262 0.29986387
0.77045293 0.38261378 0.11810865 0.13503757 0.33883886 0.48945744  0.34555663 0.43957064 0.56631317 0.37898498 0.25354133 0.50240491  0.4553934  0.28566417 0.47715708 0.3362237 
0.73254199 0.48629454 0.14352379 0.1299323  0.284822   0.54380884  0.44356483 0.58512328 0.48712953 0.42572203 0.21105687 0.53369298  0.45758984 0.41851937 0.63433026 0.42696195
0.64508072 0.65265402 0.13494245 0.19084885 0.28124137 0.6281543  0.59554035 0.74328506 0.41761212 0.40830666 0.40399976 0.4631499  0.53068227 0.31635145 0.6036428  0.53214929
0.61392737 0.70525158 0.1213932  0.23751204 0.29622314 0.65927076  0.64685717 0.60988884 0.42383282 0.38391055 0.43466685 0.44608585  0.67793819 0.40029594 0.53045078 0.51804505
0.58049253 0.74722384 0.11777105 0.31188498 0.30132074 0.67318416  0.64903275 0.48724369 0.39772276 0.4244386  0.42027156 0.45678787  0.62938408 0.40749867 0.46040794 0.48777378
0.56131436 0.76638188 0.14581483 0.40618974 0.27272543 0.69807818  0.55077825 0.41197623 0.32467743 0.49431305 0.33127912 0.48400121  0.48535518 0.33827338 0.3257019  0.39337972
0.56131436 0.76638188 0.14581483 0.40618974 0.27272543 0.69807818  0.55077825 0.41197623 0.32467743 0.49431305 0.33127912 0.48400121  0.48535518 0.33827338 0.3257019  0.39337972
0.69406277 0.8900464  0.72772832 0.388737   0.57844768 0.63496904  0.61979447 0.30383024 0.28030942 0.38046761 0.39739004 0.4154341  0.69622468 0.38630049 0.46851487 0.24808442
0.69468375 0.89761976 0.74483719 0.36872245 0.66536187 0.66222857  0.58991958 0.30971623 0.25253857 0.39416496 0.46605305 0.51629267  0.72068366 0.35199427 0.47663172 0.28373474
0.70627519 0.86873043 0.71286832 0.32544889 0.65781481 0.6667684  0.61260406 0.3993572  0.26241407 0.44025757 0.47452824 0.50326404  0.8186689  0.35282231 0.48994518 0.24456317
0.7372814  0.83662034 0.7488561  0.30149265 0.65045491 0.6167024  0.64419492 0.45592048 0.27967757 0.53275624 0.5215883  0.49022879  0.87393851 0.4257684  0.52980882 0.21867856
0.76976445 0.78939934 0.76680259 0.23030876 0.68829586 0.59342278  0.59554553 0.5895742  0.28551616 0.53690284 0.54553887 0.54965061  0.80996898 0.36068886 0.62228998 0.26010049
0.78825507 0.76517233 0.78702876 0.2056308  0.65975349 0.53704734  0.60729225 0.66383707 0.35880004 0.63279724 0.46870358 0.43953285  0.69621271 0.33673943 0.62687044 0.25973616
0.78775901 0.76082795 0.77706901 0.21724304 0.61186257 0.52347569  0.62309878 0.66088475 0.37278813 0.62527312 0.43296872 0.38724312  0.68345854 0.35350381 0.62299042 0.24196036
0.80246171 0.73444171 0.78950647 0.21444079 0.59521063 0.50889144  0.58759807 0.70234828 0.34598862 0.64851019 0.41147264 0.39431166  0.56525939 0.2903449  0.66008525 0.22109933
0.81978571 0.70899247 0.79834083 0.20713055 0.58777765 0.5025372  0.52923133 0.6458777  0.32304707 0.46155447 0.44242131 0.4684468  0.54367604 0.33459192 0.67955134 0.26158158
0.82998219 0.65718724 0.74255836 0.22860234 0.43608777 0.45327721  0.54404077 0.57680918 0.37159622 0.38627525 0.32242141 0.3898174  0.53031586 0.46389347 0.72650885 0.22756117
0.82792469 0.64950322 0.72556077 0.24316968 0.39299612 0.45366333  0.54068475 0.57409557 0.35135832 0.33673213 0.33595319 0.42457422  0.50446519 0.44437725 0.76035784 0.25770232
0.82357717 0.49559116 0.49032004 0.27917166 0.22668934 0.42780775  0.46192939 0.47517763 0.31185518 0.31479283 0.43056176 0.64797188  0.63281029 0.49767628 0.75236642 0.27711369
0.81671813 0.4214652  0.364305   0.29334609 0.15863405 0.40663546  0.45927869 0.44941104 0.36974399 0.38112892 0.38937587 0.63151172  0.62982801 0.40489615 0.76127835 0.21658157
0.81779984 0.34091044 0.24116099 0.24614646 0.23481963 0.42384997  0.3466179  0.42004082 0.39897761 0.50712186 0.40235564 0.60373951  0.56880198 0.41026569 0.52182008 0.11716846
0.80641966 0.34590208 0.20667078 0.21937233 0.26517161 0.43930032  0.34645969 0.43447165 0.43417024 0.48675427 0.36128741 0.56947474  0.52247962 0.35553868 0.54680203 0.15241702
0.80641966 0.34590208 0.20667078 0.21937233 0.26517161 0.43930032  0.34645969 0.43447165 0.43417024 0.48675427 0.36128741 0.56947474  0.52247962 0.35553868 0.54680203 0.15241702
0.79487358 0.35995491 0.17810837 0.19110762 0.28559669 0.46407692  0.33325743 0.43024123 0.46906978 0.43313944 0.32294603 0.54877154  0.50250359 0.34663679 0.48682239 0.22094468
0.80263478 0.32985049 0.17078154 0.23455267 0.31235521 0.4981228  0.32634404 0.42449463 0.4254887  0.42729494 0.32295305 0.4928908  0.51946972 0.32427247 0.54275426 0.24098418
0.79815026 0.30800589 0.13232295 0.24918355 0.36094089 0.53236772  0.32596943 0.43956296 0.42647871 0.41732433 0.31288269 0.42156867  0.46902799 0.28081954 0.57764431 0.34703411
0.81024617 0.29999291 0.1646691  0.27914936 0.33753514 0.52778368  0.31948895 0.42444494 0.37655743 0.42181431 0.33708551 0.43889846  0.53233995 0.3020421  0.58168409 0.26811492
0.81024617 0.29999291 0.1646691  0.27914936 0.33753514 0.52778368  0.31948895 0.42444494 0.37655743 0.42181431 0.33708551 0.43889846  0.53233995 0.3020421  0.58168409 0.26811492
0.81594011 0.27651547 0.15843324 0.32413825 0.36726099 0.56746945  0.33683852 0.43606492 0.35981071 0.40611739 0.30823974 0.40355808  0.53898014 0.30679882 0.64668284 0.25278317
0.82084149 0.25516552 0.15450021 0.37085074 0.391883   0.60420128  0.3589859  0.45856649 0.34533595 0.39274251 0.28866867 0.386979  0.54093126 0.31888354 0.68818627 0.23685596
0.82084149 0.25516552 0.15450021 0.37085074 0.391883   0.60420128  0.3589859  0.45856649 0.34533595 0.39274251 0.28866867 0.386979  0.54093126 0.31888354 0.68818627 0.23685596
0.82084149 0.25516552 0.15450021 0.37085074 0.391883   0.60420128  0.3589859  0.45856649 0.34533595 0.39274251 0.28866867 0.386979  0.54093126 0.31888354 0.68818627 0.23685596
0.79642084 0.2778244  0.09450049 0.3147807  0.44512516 0.6295818  0.3712851  0.4678959  0.44257934 0.33858804 0.21926397 0.34061237  0.49382107 0.25791092 0.67852096 0.35213498
0.80362799 0.24966001 0.09171782 0.36188733 0.46876401 0.65523318  0.37357225 0.46990131 0.40880701 0.35355932 0.23331896 0.28915123  0.48807474 0.28473789 0.67510643 0.4198433 
0.81145427 0.22013817 0.09011951 0.40819653 0.48905456 0.67078211  0.3709571  0.46369673 0.36931387 0.36941263 0.27013284 0.2402402  0.48310058 0.30982634 0.65224962 0.50190921
0.81145427 0.22013817 0.09011951 0.40819653 0.48905456 0.67078211  0.3709571  0.46369673 0.36931387 0.36941263 0.27013284 0.2402402  0.48310058 0.30982634 0.65224962 0.50190921
0.81399887 0.20853841 0.0880417  0.4404518  0.50793607 0.69685156  0.40346018 0.49001408 0.39521809 0.34699177 0.22996808 0.26490525  0.45883182 0.33910363 0.6378364  0.4484743 
0.81399887 0.20853841 0.0880417  0.4404518  0.50793607 0.69685156  0.40346018 0.49001408 0.39521809 0.34699177 0.22996808 0.26490525  0.45883182 0.33910363 0.6378364  0.4484743 
0.79854695 0.22190343 0.06490163 0.43263074 0.53200957 0.67992542  0.44822961 0.47972564 0.44577674 0.32825143 0.27227101 0.25985514  0.46475531 0.34686496 0.69385978 0.51675356
0.79072068 0.25142526 0.06649995 0.38632154 0.51171902 0.6643765  0.45084476 0.48593022 0.48526988 0.31239812 0.23545713 0.30876616  0.46972947 0.32177651 0.7167166  0.43468765
0.79072068 0.25142526 0.06649995 0.38632154 0.51171902 0.6643765  0.45084476 0.48593022 0.48526988 0.31239812 0.23545713 0.30876616  0.46972947 0.32177651 0.7167166  0.43468765
0.76881082 0.30597588 0.05684516 0.34201715 0.50473211 0.65330937  0.48405832 0.44246128 0.54584173 0.27418976 0.24289822 0.35315877  0.59367495 0.35810844 0.68303629 0.38784037
0.68300306 0.44356451 0.02779903 0.37322776 0.5311187  0.59665902  0.65097558 0.26805031 0.61686448 0.27409133 0.35701981 0.39807079  0.66012644 0.55561299 0.76283127 0.36858267
0.60538371 0.50868156 0.02379932 0.3962495  0.53991689 0.41533392  0.62225344 0.13015777 0.54430068 0.30417091 0.46584377 0.37482369  0.56946283 0.5402401  0.67947821 0.31998701
0.52765853 0.55875792 0.04164244 0.43526437 0.54087701 0.28954649  0.62400037 0.15340948 0.48519005 0.32075726 0.41027705 0.42948768  0.49727165 0.50418338 0.62707088 0.23640044
0.42062783 0.62710474 0.07859688 0.47982343 0.51714388 0.18727834  0.62961352 0.23377637 0.31943728 0.36204909 0.34349515 0.46715071  0.47419756 0.44576531 0.51542033 0.25898021
0.26374818 0.59655107 0.15879463 0.53562934 0.48494004 0.18218551  0.57416481 0.38259763 0.19532462 0.41118212 0.18160857 0.50356877  0.48980575 0.29685168 0.37691543 0.45719572
0.25131911 0.62951689 0.1704211  0.53228877 0.46544878 0.18747662  0.59954955 0.46696893 0.1793834  0.40882877 0.22454731 0.4964436  0.46656905 0.33067341 0.36594996 0.48560668
0.1062998  0.44031098 0.27212109 0.40107468 0.40898124 0.32900978  0.65621535 0.40931053 0.19487262 0.43026155 0.22361334 0.503628  0.47521288 0.30442735 0.32817201 0.52420776
0.03585866 0.41212524 0.32497922 0.44119937 0.36258431 0.43456132  0.47408025 0.48300288 0.40965789 0.37891942 0.36959995 0.44872305  0.56049334 0.35167352 0.32731793 0.46450854
0.03585866 0.41212524 0.32497922 0.44119937 0.36258431 0.43456132  0.47408025 0.48300288 0.40965789 0.37891942 0.36959995 0.44872305  0.56049334 0.35167352 0.32731793 0.46450854
0.03585866 0.41212524 0.32497922 0.44119937 0.36258431 0.43456132  0.47408025 0.48300288 0.40965789 0.37891942 0.36959995 0.44872305  0.56049334 0.35167352 0.32731793 0.46450854
0.01779563 0.38669558 0.33863985 0.42004769 0.35385851 0.46460162  0.48109267 0.47190843 0.43452283 0.38595027 0.3992976  0.44733029  0.52908455 0.38078184 0.39373238 0.44873962
0.01779563 0.38669558 0.33863985 0.42004769 0.35385851 0.46460162  0.48109267 0.47190843 0.43452283 0.38595027 0.3992976  0.44733029  0.52908455 0.38078184 0.39373238 0.44873962
0.01779563 0.38669558 0.33863985 0.42004769 0.35385851 0.46460162  0.48109267 0.47190843 0.43452283 0.38595027 0.3992976  0.44733029  0.52908455 0.38078184 0.39373238 0.44873962
0.00039479 0.36283831 0.35232302 0.39930133 0.34523319 0.50234819  0.48417291 0.45702496 0.47508945 0.39693445 0.45000532 0.44589633  0.47476172 0.42761975 0.50206904 0.41641874
0.00039479 0.36283831 0.35232302 0.39930133 0.34523319 0.50234819  0.48417291 0.45702496 0.47508945 0.39693445 0.45000532 0.44589633  0.47476172 0.42761975 0.50206904 0.41641874
0.00039479 0.36283831 0.35232302 0.39930133 0.34523319 0.50234819  0.48417291 0.45702496 0.47508945 0.39693445 0.45000532 0.44589633  0.47476172 0.42761975 0.50206904 0.41641874
0.00039479 0.36283831 0.35232302 0.39930133 0.34523319 0.50234819  0.48417291 0.45702496 0.47508945 0.39693445 0.45000532 0.44589633  0.47476172 0.42761975 0.50206904 0.41641874
0.00039479 0.36283831 0.35232302 0.39930133 0.34523319 0.50234819  0.48417291 0.45702496 0.47508945 0.39693445 0.45000532 0.44589633  0.47476172 0.42761975 0.50206904 0.41641874
0.00039479 0.36283831 0.35232302 0.39930133 0.34523319 0.50234819  0.48417291 0.45702496 0.47508945 0.39693445 0.45000532 0.44589633  0.47476172 0.42761975 0.50206904 0.41641874
0.00039479 0.36283831 0.35232302 0.39930133 0.34523319 0.50234819  0.48417291 0.45702496 0.47508945 0.39693445 0.45000532 0.44589633  0.47476172 0.42761975 0.50206904 0.41641874
0.00039479 0.36283831 0.35232302 0.39930133 0.34523319 0.50234819  0.48417291 0.45702496 0.47508945 0.39693445 0.45000532 0.44589633  0.47476172 0.42761975 0.50206904 0.41641874
0.00039479 0.36283831 0.35232302 0.39930133 0.34523319 0.50234819  0.48417291 0.45702496 0.47508945 0.39693445 0.45000532 0.44589633  0.47476172 0.42761975 0.50206904 0.41641874
0.00039479 0.36283831 0.35232302 0.39930133 0.34523319 0.50234819  0.48417291 0.45702496 0.47508945 0.39693445 0.45000532 0.44589633  0.47476172 0.42761975 0.50206904 0.41641874
0.00039479 0.36283831 0.35232302 0.39930133 0.34523319 0.50234819  0.48417291 0.45702496 0.47508945 0.39693445 0.45000532 0.44589633  0.47476172 0.42761975 0.50206904 0.41641874
0.00039479 0.36283831 0.35232302 0.39930133 0.34523319 0.50234819  0.48417291 0.45702496 0.47508945 0.39693445 0.45000532 0.44589633  0.47476172 0.42761975 0.50206904 0.41641874
0.00039479 0.36283831 0.35232302 0.39930133 0.34523319 0.50234819  0.48417291 0.45702496 0.47508945 0.39693445 0.45000532 0.44589633  0.47476172 0.42761975 0.50206904 0.41641874
0.00039479 0.36283831 0.35232302 0.39930133 0.34523319 0.50234819  0.48417291 0.45702496 0.47508945 0.39693445 0.45000532 0.44589633  0.47476172 0.42761975 0.50206904 0.41641874
0.00039479 0.36283831 0.35232302 0.39930133 0.34523319 0.50234819  0.48417291 0.45702496 0.47508945 0.39693445 0.45000532 0.44589633  0.47476172 0.42761975 0.50206904 0.41641874
0.00039479 0.36283831 0.35232302 0.39930133 0.34523319 0.50234819  0.48417291 0.45702496 0.47508945 0.39693445 0.45000532 0.44589633  0.47476172 0.42761975 0.50206904 0.41641874
0.00039479 0.36283831 0.35232302 0.39930133 0.34523319 0.50234819  0.48417291 0.45702496 0.47508945 0.39693445 0.45000532 0.44589633  0.47476172 0.42761975 0.50206904 0.41641874
0.00039479 0.36283831 0.35232302 0.39930133 0.34523319 0.50234819  0.48417291 0.45702496 0.47508945 0.39693445 0.45000532 0.44589633  0.47476172 0.42761975 0.50206904 0.41641874
