0.00039479 0.36283831 0.35232302 0.39930133 0.34523319 0.50234819  0.48417291 0.45702496 0.47508945 0.39693445 0.45000532 0.44589633  0.47476172 0.42761975 0.50206904 0.41641874
0.00039479 0.36283831 0.35232302 0.39930133 0.34523319 0.50234819  0.48417291 0.45702496 0.47508945 0.39693445 0.45000532 0.44589633  0.47476172 0.42761975 0.50206904 0.41641874
0.00039479 0.36283831 0.35232302 0.39930133 0.34523319 0.50234819  0.48417291 0.45702496 0.47508945 0.39693445 0.45000532 0.44589633  0.47476172 0.42761975 0.50206904 0.41641874
0.00039479 0.36283831 0.35232302 0.39930133 0.34523319 0.50234819  0.48417291 0.45702496 0.47508945 0.39693445 0.45000532 0.44589633  0.47476172 0.42761975 0.50206904 0.41641874
0.00039479 0.36283831 0.35232302 0.39930133 0.34523319 0.50234819  0.48417291 0.45702496 0.47508945 0.39693445 0.45000532 0.44589633  0.47476172 0.42761975 0.50206904 0.41641874
0.00039479 0.36283831 0.35232302 0.39930133 0.34523319 0.50234819  0.48417291 0.45702496 0.47508945 0.39693445 0.45000532 0.44589633  0.47476172 0.42761975 0.50206904 0.41641874
0.00039479 0.36283831 0.35232302 0.39930133 0.34523319 0.50234819  0.48417291 0.45702496 0.47508945 0.39693445 0.45000532 0.44589633  0.47476172 0.42761975 0.50206904 0.41641874
0.00039479 0.36283831 0.35232302 0.39930133 0.34523319 0.50234819  0.48417291 0.45702496 0.47508945 0.39693445 0.45000532 0.44589633  0.47476172 0.42761975 0.50206904 0.41641874
0.00039479 0.36283831 0.35232302 0.39930133 0.34523319 0.50234819  0.48417291 0.45702496 0.47508945 0.39693445 0.45000532 0.44589633  0.47476172 0.42761975 0.50206904 0.41641874
0.00039479 0.36283831 0.35232302 0.39930133 0.34523319 0.50234819  0.48417291 0.45702496 0.47508945 0.39693445 0.45000532 0.44589633  0.47476172 0.42761975 0.50206904 0.41641874
0.00039479 0.36283831 0.35232302 0.39930133 0.34523319 0.50234819  0.48417291 0.45702496 0.47508945 0.39693445 0.45000532 0.44589633  0.47476172 0.42761975 0.50206904 0.41641874
0.00039479 0.36283831 0.35232302 0.39930133 0.34523319 0.50234819  0.48417291 0.45702496 0.47508945 0.39693445 0.45000532 0.44589633  0.47476172 0.42761975 0.50206904 0.41641874
0.00039479 0.36283831 0.35232302 0.39930133 0.34523319 0.50234819  0.48417291 0.45702496 0.47508945 0.39693445 0.45000532 0.44589633  0.47476172 0.42761975 0.50206904 0.41641874
0.00039479 0.36283831 0.35232302 0.39930133 0.34523319 0.50234819  0.48417291 0.45702496 0.47508945 0.39693445 0.45000532 0.44589633  0.47476172 0.42761975 0.50206904 0.41641874
0.00039479 0.36283831 0.35232302 0.39930133 0.34523319 0.50234819  0.48417291 0.45702496 0.47508945 0.39693445 0.45000532 0.44589633  0.47476172 0.42761975 0.50206904 0.41641874
0.00039479 0.36283831 0.35232302 0.39930133 0.34523319 0.50234819  0.48417291 0.45702496 0.47508945 0.39693445 0.45000532 0.44589633  0.47476172 0.42761975 0.50206904 0.41641874
0.00039479 0.36283831 0.35232302 0.39930133 0.34523319 0.50234819  0.48417291 0.45702496 0.47508945 0.39693445 0.45000532 0.44589633  0.47476172 0.42761975 0.50206904 0.41641874
0.00039479 0.36283831 0.35232302 0.39930133 0.34523319 0.50234819  0.48417291 0.45702496 0.47508945 0.39693445 0.45000532 0.44589633  0.47476172 0.42761975 0.50206904 0.41641874
0.00039479 0.36283831 0.35232302 0.39930133 0.34523319 0.50234819  0.48417291 0.45702496 0.47508945 0.39693445 0.45000532 0.44589633  0.47476172 0.42761975 0.50206904 0.41641874
0.00039479 0.36283831 0.35232302 0.39930133 0.34523319 0.50234819  0.48417291 0.45702496 0.47508945 0.39693445 0.45000532 0.44589633  0.47476172 0.42761975 0.50206904 0.41641874
0.00039479 0.36283831 0.35232302 0.39930133 0.34523319 0.50234819  0.48417291 0.45702496 0.47508945 0.39693445 0.45000532 0.44589633  0.47476172 0.42761975 0.50206904 0.41641874
0.00039479 0.36283831 0.35232302 0.39930133 0.34523319 0.50234819  0.48417291 0.45702496 0.47508945 0.39693445 0.45000532 0.44589633  0.47476172 0.42761975 0.50206904 0.41641874
0.00039479 0.36283831 0.35232302 0.39930133 0.34523319 0.50234819  0.48417291 0.45702496 0.47508945 0.39693445 0.45000532 0.44589633  0.47476172 0.42761975 0.50206904 0.41641874
0.00039479 0.36283831 0.35232302 0.39930133 0.34523319 0.50234819  0.48417291 0.45702496 0.47508945 0.39693445 0.45000532 0.44589633  0.47476172 0.42761975 0.50206904 0.41641874
0.00039479 0.36283831 0.35232302 0.39930133 0.34523319 0.50234819  0.48417291 0.45702496 0.47508945 0.39693445 0.45000532 0.44589633  0.47476172 0.42761975 0.50206904 0.41641874
0.00039479 0.36283831 0.35232302 0.39930133 0.34523319 0.50234819  0.48417291 0.45702496 0.47508945 0.39693445 0.45000532 0.44589633  0.47476172 0.42761975 0.50206904 0.41641874
0.00039479 0.36283831 0.35232302 0.39930133 0.34523319 0.50234819  0.48417291 0.45702496 0.47508945 0.39693445 0.45000532 0.44589633  0.47476172 0.42761975 0.50206904 0.41641874
0.00039479 0.36283831 0.35232302 0.39930133 0.34523319 0.50234819  0.48417291 0.45702496 0.47508945 0.39693445 0.45000532 0.44589633  0.47476172 0.42761975 0.50206904 0.41641874
0.00039479 0.36283831 0.35232302 0.39930133 0.34523319 0.50234819  0.48417291 0.45702496 0.47508945 0.39693445 0.45000532 0.44589633  0.47476172 0.42761975 0.50206904 0.41641874
0.00039479 0.36283831 0.35232302 0.39930133 0.34523319 0.50234819  0.48417291 0.45702496 0.47508945 0.39693445 0.45000532 0.44589633  0.47476172 0.42761975 0.50206904 0.41641874
0.00039479 0.36283831 0.35232302 0.39930133 0.34523319 0.50234819  0.48417291 0.45702496 0.47508945 0.39693445 0.45000532 0.44589633  0.47476172 0.42761975 0.50206904 0.41641874
0.00039479 0.36283831 0.35232302 0.39930133 0.34523319 0.50234819  0.48417291 0.45702496 0.47508945 0.39693445 0.45000532 0.44589633  0.47476172 0.42761975 0.50206904 0.41641874
0.00039479 0.36283831 0.35232302 0.39930133 0.34523319 0.50234819  0.48417291 0.45702496 0.47508945 0.39693445 0.45000532 0.44589633  0.47476172 0.42761975 0.50206904 0.41641874
0.00039479 0.36283831 0.35232302 0.39930133 0.34523319 0.50234819  0.48417291 0.45702496 0.47508945 0.39693445 0.45000532 0.44589633  0.47476172 0.42761975 0.50206904 0.41641874
0.00039479 0.36283831 0.35232302 0.39930133 0.34523319 0.50234819  0.48417291 0.45702496 0.47508945 0.39693445 0.45000532 0.44589633  0.47476172 0.42761975 0.50206904 0.41641874
0.00039479 0.36283831 0.35232302 0.39930133 0.34523319 0.50234819  0.48417291 0.45702496 0.47508945 0.39693445 0.45000532 0.44589633  0.47476172 0.42761975 0.50206904 0.41641874
0.00039479 0.36283831 0.35232302 0.39930133 0.34523319 0.50234819  0.48417291 0.45702496 0.47508945 0.39693445 0.45000532 0.44589633  0.47476172 0.42761975 0.50206904 0.41641874
0.00039479 0.36283831 0.35232302 0.39930133 0.34523319 0.50234819  0.48417291 0.45702496 0.47508945 0.39693445 0.45000532 0.44589633  0.47476172 0.42761975 0.50206904 0.41641874
0.00039479 0.36283831 0.35232302 0.39930133 0.34523319 0.50234819  0.48417291 0.45702496 0.47508945 0.39693445 0.45000532 0.44589633  0.47476172 0.42761975 0.50206904 0.41641874
0.00039479 0.36283831 0.35232302 0.39930133 0.34523319 0.50234819  0.48417291 0.45702496 0.47508945 0.39693445 0.45000532 0.44589633  0.47476172 0.42761975 0.50206904 0.41641874
0.05483779 0.43557376 0.31889854 0.45544037 0.3513341  0.50018136  0.41626932 0.46755677 0.54754227 0.43494752 0.45316408 0.46744536  0.42017883 0.47225017 0.678993   0.44117872
0.23770954 0.63557638 0.23037705 0.54875132 0.33335675 0.5837141  0.32833686 0.43126819 0.62531449 0.48929119 0.42901077 0.49358648  0.47882167 0.43561071 0.62538771 0.54854309
0.41039118 0.80356261 0.27081976 0.5419236  0.39315945 0.74601733  0.21458852 0.44616543 0.69155875 0.50431524 0.53319572 0.40239498  0.46976762 0.48550892 0.5067717  0.32917091
0.55171789 0.83650099 0.64731127 0.62385141 0.3854594  0.65511808  0.21630535 0.439047   0.61019555 0.68103274 0.37972625 0.34948242  0.76445698 0.5478357  0.29942675 0.1847089 
0.65064257 0.82335723 0.84857837 0.51568201 0.44908205 0.61521148  0.26211608 0.56855711 0.57457544 0.55590281 0.38162304 0.30241652  0.62905787 0.40470228 0.44549238 0.22984137
0.75746043 0.78020117 0.83437114 0.30705723 0.53291046 0.57385702  0.46631609 0.67552169 0.49270188 0.52188296 0.48315435 0.29629192  0.65665319 0.39796369 0.54951245 0.20591418
0.79441292 0.73555752 0.83806154 0.27906154 0.54280578 0.51051599  0.56173959 0.71771743 0.51888975 0.58310421 0.46511814 0.33408811  0.5800096  0.27453377 0.60479799 0.28963227
0.81161703 0.73273629 0.82410988 0.25550131 0.55688324 0.4802158  0.63522132 0.6774931  0.43419445 0.61549998 0.39132099 0.36567328  0.54746496 0.25131385 0.61619489 0.33242706
0.81085224 0.72736265 0.81224115 0.26884753 0.50452198 0.4662649  0.6500822  0.67485336 0.44919029 0.60610662 0.35880242 0.31719339  0.52924773 0.26972661 0.61163889 0.32307221
0.80938482 0.71922856 0.79573799 0.28244884 0.45652275 0.45151373  0.66589339 0.66972231 0.4704966  0.6155736  0.33016024 0.2750246  0.53699803 0.28370112 0.60057876 0.30236997
0.82245502 0.67842701 0.77226456 0.27846729 0.40434607 0.40631257  0.65695064 0.65111873 0.52277113 0.56611861 0.32100913 0.26377447  0.51730218 0.32988808 0.59259826 0.31856178
0.83433474 0.6324533  0.73735698 0.26716627 0.37021208 0.36716163  0.6638958  0.60742623 0.57489809 0.57268175 0.28260233 0.29699051  0.5574338  0.40179204 0.63608    0.35090227
0.82464535 0.60337181 0.66714704 0.29880736 0.26437346 0.35828329  0.6797045  0.62638122 0.5631779  0.56197581 0.2887608  0.32219547  0.53807889 0.36345131 0.68388137 0.34901864
0.82528211 0.55114319 0.6149306  0.36053369 0.17559477 0.32561253  0.70348605 0.63545207 0.56635786 0.64029075 0.41111563 0.38989167  0.59396036 0.39510939 0.63164362 0.43762596
0.82610134 0.47918155 0.52490732 0.38583996 0.1429235  0.31638873  0.64778802 0.5945549  0.55853101 0.58451383 0.51233352 0.51064593  0.62464974 0.29798707 0.61585876 0.44032629
0.83687622 0.39209963 0.42741453 0.36616949 0.16466065 0.3130681  0.57345078 0.53234134 0.55541034 0.54822368 0.54378094 0.59490589  0.63244773 0.261063   0.62183875 0.39236218
0.83501356 0.34549391 0.34843535 0.33514262 0.2043001  0.32426424  0.51759007 0.50896345 0.58555941 0.68530511 0.52523609 0.59629253  0.62883258 0.30094568 0.48143131 0.30190164
0.84744263 0.31252809 0.33680888 0.3384832  0.22379136 0.31897313  0.49220534 0.42459214 0.60150063 0.68765846 0.48229736 0.60341771  0.65206927 0.26712395 0.49239678 0.27349068
0.84555185 0.3087784  0.32476196 0.3456027  0.20789568 0.33176539  0.4745021  0.41479215 0.5605387  0.62306573 0.49877528 0.64092474  0.63862716 0.26501017 0.52697983 0.27705214
0.83417167 0.31377004 0.29027175 0.31882858 0.23824766 0.34721574  0.47434389 0.42922299 0.59573133 0.60269815 0.45770705 0.60665997  0.59230479 0.21028315 0.55196177 0.31230071
0.83417167 0.31377004 0.29027175 0.31882858 0.23824766 0.34721574  0.47434389 0.42922299 0.59573133 0.60269815 0.45770705 0.60665997  0.59230479 0.21028315 0.55196177 0.31230071
0.83571674 0.28080806 0.25799498 0.35493107 0.25780528 0.38952011  0.4302643  0.41922458 0.49138903 0.5895008  0.51825307 0.5805188  0.59945242 0.29199342 0.50178374 0.37281576
0.83571674 0.28080806 0.25799498 0.35493107 0.25780528 0.38952011  0.4302643  0.41922458 0.49138903 0.5895008  0.51825307 0.5805188  0.59945242 0.29199342 0.50178374 0.37281576
0.82992879 0.26812896 0.22612617 0.36567303 0.2818128  0.41142095  0.44341245 0.44444078 0.52919624 0.60897182 0.51979116 0.60519133  0.57896641 0.27177275 0.43837774 0.43285764
0.83713594 0.23996457 0.2233435  0.41277967 0.30545165 0.43707233  0.4456996  0.44644619 0.49542391 0.6239431  0.53384615 0.55373019  0.57322008 0.29859972 0.43496322 0.50056595
0.84489714 0.20986015 0.21601667 0.45622472 0.33221017 0.47111821  0.43878621 0.44069958 0.45184282 0.6180986  0.53385316 0.49784944  0.59018621 0.2762354  0.4908951  0.52060545
0.84489714 0.20986015 0.21601667 0.45622472 0.33221017 0.47111821  0.43878621 0.44069958 0.45184282 0.6180986  0.53385316 0.49784944  0.59018621 0.2762354  0.4908951  0.52060545
0.84041263 0.18801555 0.17755808 0.4708556  0.38079585 0.50536313  0.4384116  0.45576791 0.45283284 0.60812799 0.5237828  0.42652732  0.53974447 0.23278247 0.52578515 0.62665539
0.84041263 0.18801555 0.17755808 0.4708556  0.38079585 0.50536313  0.4384116  0.45576791 0.45283284 0.60812799 0.5237828  0.42652732  0.53974447 0.23278247 0.52578515 0.62665539
0.84041263 0.18801555 0.17755808 0.4708556  0.38079585 0.50536313  0.4384116  0.45576791 0.45283284 0.60812799 0.5237828  0.42652732  0.53974447 0.23278247 0.52578515 0.62665539
0.83718105 0.20038148 0.17371233 0.4353287  0.37617686 0.50464381  0.3986145  0.44669421 0.40451396 0.5969784  0.51196675 0.39209723  0.51377737 0.28436259 0.54370254 0.58177554
0.83718105 0.20038148 0.17371233 0.4353287  0.37617686 0.50464381  0.3986145  0.44669421 0.40451396 0.5969784  0.51196675 0.39209723  0.51377737 0.28436259 0.54370254 0.58177554
0.83718105 0.20038148 0.17371233 0.4353287  0.37617686 0.50464381  0.3986145  0.44669421 0.40451396 0.5969784  0.51196675 0.39209723  0.51377737 0.28436259 0.54370254 0.58177554
0.86529685 0.2051817  0.28622145 0.50778379 0.28246966 0.43448634  0.46559337 0.41012625 0.42716186 0.63014476 0.58519936 0.54187178  0.68296169 0.29960296 0.51140175 0.47019486
0.88201842 0.23987374 0.39154545 0.47797415 0.36713343 0.37406002  0.54463973 0.43565834 0.60780883 0.83901655 0.48084827 0.34466892  0.66850598 0.30745767 0.43221866 0.44818454
0.88951113 0.37659037 0.56678565 0.34716819 0.32717019 0.24838528  0.607035   0.38841963 0.80405864 0.77884513 0.34925431 0.35815111  0.67883421 0.31304182 0.36463926 0.29497446
0.90024821 0.42594427 0.66261133 0.277111   0.47434413 0.27161391  0.53953858 0.3529452  0.72600655 0.72721151 0.35739223 0.34584209  0.67913715 0.3425088  0.42548414 0.22458984
0.90024821 0.42594427 0.66261133 0.277111   0.47434413 0.27161391  0.53953858 0.3529452  0.72600655 0.72721151 0.35739223 0.34584209  0.67913715 0.3425088  0.42548414 0.22458984
0.90239606 0.4362342  0.68252676 0.26566599 0.51099227 0.28599312  0.52019786 0.34530795 0.69827968 0.68608353 0.36196677 0.36410746  0.66016364 0.3401216  0.45141781 0.2066151 
0.90001777 0.43219784 0.66777705 0.27417352 0.50177629 0.30614741  0.50204583 0.33496974 0.65502317 0.62766012 0.37938103 0.40934006  0.67618258 0.32167439 0.47516577 0.18869351
0.8779298  0.42755843 0.56464494 0.26364802 0.34285212 0.32591247  0.46481241 0.3208357  0.55510665 0.45916187 0.28278849 0.3969498  0.64087469 0.36681578 0.58803734 0.09936407
0.8617773  0.37487188 0.44611964 0.32525769 0.18789318 0.33402713  0.44893768 0.32203278 0.49026099 0.34628919 0.36654451 0.55705718  0.62632097 0.28336763 0.68956302 0.19261521
0.84204435 0.31924399 0.31171873 0.33178682 0.22759775 0.40614502  0.38419078 0.37135232 0.38050578 0.455953   0.44224192 0.55748383  0.62574768 0.37086848 0.58642    0.20335798
0.84185279 0.28353739 0.27249457 0.36434724 0.25936049 0.44386876  0.37293885 0.39969915 0.33622381 0.52962502 0.46350248 0.51312491  0.60453461 0.43082165 0.54103735 0.25178065
0.86560046 0.19821588 0.2661566  0.48953708 0.30007037 0.48289214  0.37268688 0.39784007 0.24892601 0.57271345 0.57610493 0.43464355  0.64712391 0.4028442  0.5971097  0.38121511
0.86560046 0.19821588 0.2661566  0.48953708 0.30007037 0.48289214  0.37268688 0.39784007 0.24892601 0.57271345 0.57610493 0.43464355  0.64712391 0.4028442  0.5971097  0.38121511
0.85422028 0.20320752 0.23166639 0.46276295 0.33042235 0.49834249  0.37252866 0.4122709  0.28411864 0.55234586 0.53503671 0.40037878  0.60080154 0.34811719 0.62209165 0.41646368
0.85422028 0.20320752 0.23166639 0.46276295 0.33042235 0.49834249  0.37252866 0.4122709  0.28411864 0.55234586 0.53503671 0.40037878  0.60080154 0.34811719 0.62209165 0.41646368
0.85579608 0.15806695 0.18578294 0.52967939 0.40415874 0.59594161  0.38537667 0.46253495 0.24238549 0.5315955  0.47634189 0.33870176  0.56293974 0.39631809 0.68310523 0.40036675
0.85579608 0.15806695 0.18578294 0.52967939 0.40415874 0.59594161  0.38537667 0.46253495 0.24238549 0.5315955  0.47634189 0.33870176  0.56293974 0.39631809 0.68310523 0.40036675
0.85971803 0.1413696  0.18328565 0.56731137 0.42557495 0.62435907  0.4102881  0.48361089 0.25049832 0.52156866 0.44927891 0.33279642  0.54574915 0.43511107 0.67938656 0.38936809
0.85971803 0.1413696  0.18328565 0.56731137 0.42557495 0.62435907  0.4102881  0.48361089 0.25049832 0.52156866 0.44927891 0.33279642  0.54574915 0.43511107 0.67938656 0.38936809
0.85971803 0.1413696  0.18328565 0.56731137 0.42557495 0.62435907  0.4102881  0.48361089 0.25049832 0.52156866 0.44927891 0.33279642  0.54574915 0.43511107 0.67938656 0.38936809
0.86226263 0.12976984 0.18120785 0.59956664 0.44445646 0.65042852  0.44279118 0.50992825 0.27640254 0.4991478  0.40911414 0.35746147  0.52148039 0.46438837 0.66497334 0.33593318
0.8262959  0.16648155 0.09264572 0.51523187 0.51812371 0.70058564  0.44188813 0.51502723 0.40854547 0.3913785  0.30136807 0.29039164  0.45439417 0.39451386 0.59532838 0.51973986
0.81792082 0.19184106 0.08554442 0.47808378 0.52935228 0.72526902  0.42837162 0.51109002 0.40333093 0.33696493 0.2029051  0.25899991  0.44164123 0.37789661 0.63411773 0.43747564
0.81792082 0.19184106 0.08554442 0.47808378 0.52935228 0.72526902  0.42837162 0.51109002 0.40333093 0.33696493 0.2029051  0.25899991  0.44164123 0.37789661 0.63411773 0.43747564
0.81975853 0.18308042 0.0848586  0.50494426 0.54206757 0.74461963  0.45777488 0.53688988 0.43071472 0.31880795 0.17232378 0.29447141  0.41644836 0.40369539 0.60121579 0.3910644 
0.82097101 0.17731824 0.0849003  0.52396337 0.55009613 0.75669493  0.48050242 0.55450293 0.45463448 0.30407684 0.15012519 0.3227397  0.39273531 0.42924637 0.5676483  0.36422735
0.80605391 0.18824811 0.06138965 0.52369028 0.5788545  0.74618274  0.53497828 0.55243872 0.51669108 0.27699612 0.17739442 0.32910777  0.38146436 0.45662807 0.60584071 0.41583293
0.80605391 0.18824811 0.06138965 0.52369028 0.5788545  0.74618274  0.53497828 0.55243872 0.51669108 0.27699612 0.17739442 0.32910777  0.38146436 0.45662807 0.60584071 0.41583293
0.80605391 0.18824811 0.06138965 0.52369028 0.5788545  0.74618274  0.53497828 0.55243872 0.51669108 0.27699612 0.17739442 0.32910777  0.38146436 0.45662807 0.60584071 0.41583293
0.79013873 0.22039652 0.04891049 0.50747343 0.58747787 0.74869169  0.54775146 0.49336214 0.51957083 0.26849016 0.22108909 0.29377094  0.52337656 0.494236   0.60231337 0.46353102
0.69821367 0.313151   0.00752331 0.54715344 0.65656853 0.61194335  0.68994802 0.34921538 0.57932952 0.17925728 0.41110167 0.28663018  0.58738766 0.58552509 0.62522733 0.31303516
0.67978344 0.31247395 0.00245365 0.56903107 0.68196108 0.55013684  0.6967271  0.34416027 0.57105631 0.17375133 0.43870993 0.28318768  0.5231982  0.60128852 0.66365041 0.27459605
0.67741091 0.32366974 0.00351005 0.53462261 0.66456093 0.52437229  0.65761739 0.31013618 0.53217457 0.20024869 0.48432495 0.236298  0.56558551 0.55586936 0.71438333 0.33768097
0.61560912 0.42298545 0.02509305 0.46162124 0.60863408 0.4779302  0.73407037 0.28186994 0.52907172 0.20278823 0.38103243 0.34787522  0.66129621 0.63243159 0.62395555 0.24214605
0.57480349 0.44569239 0.02945044 0.45539714 0.60687485 0.37639843  0.71484188 0.23306842 0.51162009 0.19314858 0.41486004 0.35275281  0.63717414 0.61082366 0.51911908 0.20079788
0.42365317 0.54001102 0.08401662 0.45840548 0.53853488 0.24800616  0.68602101 0.17015998 0.30622144 0.33285925 0.28189675 0.44426056  0.51127009 0.46428478 0.46612439 0.26861648
0.29846379 0.55267275 0.15577559 0.43878239 0.46568888 0.26343829  0.67502129 0.26717947 0.21959536 0.39099626 0.27137175 0.48507441  0.43557775 0.34088693 0.31933055 0.38301552
0.23053636 0.5438271  0.19284237 0.45381234 0.4498333  0.24614587  0.6464197  0.35098572 0.21537964 0.42288093 0.22866916 0.51262752  0.39649207 0.3900864  0.40637605 0.44897613
0.12656368 0.48071549 0.26594559 0.42832479 0.39455912 0.39282943  0.60548234 0.4043112  0.30678913 0.42230124 0.39315421 0.46909284  0.29843632 0.38363543 0.49825303 0.38827493
0.0725686  0.45190331 0.29975824 0.45912212 0.37774637 0.40691848  0.49361615 0.46325467 0.38026821 0.39480391 0.3684333  0.45783734  0.44769351 0.37382452 0.41855178 0.4258051 
0.0725686  0.45190331 0.29975824 0.45912212 0.37774637 0.40691848  0.49361615 0.46325467 0.38026821 0.39480391 0.3684333  0.45783734  0.44769351 0.37382452 0.41855178 0.4258051 
0.01871026 0.38862877 0.33921207 0.41954541 0.35272182 0.48541201  0.47004081 0.46389653 0.48347012 0.39586842 0.45800841 0.44470216  0.46181821 0.43917683 0.52718544 0.40359118
0.00039479 0.36283831 0.35232302 0.39930133 0.34523319 0.50234819  0.48417291 0.45702496 0.47508945 0.39693445 0.45000532 0.44589633  0.47476172 0.42761975 0.50206904 0.41641874
0.00039479 0.36283831 0.35232302 0.39930133 0.34523319 0.50234819  0.48417291 0.45702496 0.47508945 0.39693445 0.45000532 0.44589633  0.47476172 0.42761975 0.50206904 0.41641874
0.00039479 0.36283831 0.35232302 0.39930133 0.34523319 0.50234819  0.48417291 0.45702496 0.47508945 0.39693445 0.45000532 0.44589633  0.47476172 0.42761975 0.50206904 0.41641874
0.00039479 0.36283831 0.35232302 0.39930133 0.34523319 0.50234819  0.48417291 0.45702496 0.47508945 0.39693445 0.45000532 0.44589633  0.47476172 0.42761975 0.50206904 0.41641874
0.00039479 0.36283831 0.35232302 0.39930133 0.34523319 0.50234819  0.48417291 0.45702496 0.47508945 0.39693445 0.45000532 0.44589633  0.47476172 0.42761975 0.50206904 0.41641874
0.00039479 0.36283831 0.35232302 0.39930133 0.34523319 0.50234819  0.48417291 0.45702496 0.47508945 0.39693445 0.45000532 0.44589633  0.47476172 0.42761975 0.50206904 0.41641874
0.00039479 0.36283831 0.35232302 0.39930133 0.34523319 0.50234819  0.48417291 0.45702496 0.47508945 0.39693445 0.45000532 0.44589633  0.47476172 0.42761975 0.50206904 0.41641874
0.00039479 0.36283831 0.35232302 0.39930133 0.34523319 0.50234819  0.48417291 0.45702496 0.47508945 0.39693445 0.45000532 0.44589633  0.47476172 0.42761975 0.50206904 0.41641874
0.00039479 0.36283831 0.35232302 0.39930133 0.34523319 0.50234819  0.48417291 0.45702496 0.47508945 0.39693445 0.45000532 0.44589633  0.47476172 0.42761975 0.50206904 0.41641874
0.00039479 0.36283831 0.35232302 0.39930133 0.34523319 0.50234819  0.48417291 0.45702496 0.47508945 0.39693445 0.45000532 0.44589633  0.47476172 0.42761975 0.50206904 0.41641874
0.00039479 0.36283831 0.35232302 0.39930133 0.34523319 0.50234819  0.48417291 0.45702496 0.47508945 0.39693445 0.45000532 0.44589633  0.47476172 0.42761975 0.50206904 0.41641874
0.00039479 0.36283831 0.35232302 0.39930133 0.34523319 0.50234819  0.48417291 0.45702496 0.47508945 0.39693445 0.45000532 0.44589633  0.47476172 0.42761975 0.50206904 0.41641874
0.00039479 0.36283831 0.35232302 0.39930133 0.34523319 0.50234819  0.48417291 0.45702496 0.47508945 0.39693445 0.45000532 0.44589633  0.47476172 0.42761975 0.50206904 0.41641874
0.00039479 0.36283831 0.35232302 0.39930133 0.34523319 0.50234819  0.48417291 0.45702496 0.47508945 0.39693445 0.45000532 0.44589633  0.47476172 0.42761975 0.50206904 0.41641874
0.00039479 0.36283831 0.35232302 0.39930133 0.34523319 0.50234819  0.48417291 0.45702496 0.47508945 0.39693445 0.45000532 0.44589633  0.47476172 0.42761975 0.50206904 0.41641874
