0.00039479 0.36283831 0.35232302 0.39930133 0.34523319 0.50234819  0.48417291 0.45702496 0.47508945 0.39693445 0.45000532 0.44589633  0.47476172 0.42761975 0.50206904 0.41641874
0.00039479 0.36283831 0.35232302 0.39930133 0.34523319 0.50234819  0.48417291 0.45702496 0.47508945 0.39693445 0.45000532 0.44589633  0.47476172 0.42761975 0.50206904 0.41641874
0.00039479 0.36283831 0.35232302 0.39930133 0.34523319 0.50234819  0.48417291 0.45702496 0.47508945 0.39693445 0.45000532 0.44589633  0.47476172 0.42761975 0.50206904 0.41641874
0.00039479 0.36283831 0.35232302 0.39930133 0.34523319 0.50234819  0.48417291 0.45702496 0.47508945 0.39693445 0.45000532 0.44589633  0.47476172 0.42761975 0.50206904 0.41641874
0.00039479 0.36283831 0.35232302 0.39930133 0.34523319 0.50234819  0.48417291 0.45702496 0.47508945 0.39693445 0.45000532 0.44589633  0.47476172 0.42761975 0.50206904 0.41641874
0.00039479 0.36283831 0.35232302 0.39930133 0.34523319 0.50234819  0.48417291 0.45702496 0.47508945 0.39693445 0.45000532 0.44589633  0.47476172 0.42761975 0.50206904 0.41641874
0.00039479 0.36283831 0.35232302 0.39930133 0.34523319 0.50234819  0.48417291 0.45702496 0.47508945 0.39693445 0.45000532 0.44589633  0.47476172 0.42761975 0.50206904 0.41641874
0.00039479 0.36283831 0.35232302 0.39930133 0.34523319 0.50234819  0.48417291 0.45702496 0.47508945 0.39693445 0.45000532 0.44589633  0.47476172 0.42761975 0.50206904 0.41641874
0.00039479 0.36283831 0.35232302 0.39930133 0.34523319 0.50234819  0.48417291 0.45702496 0.47508945 0.39693445 0.45000532 0.44589633  0.47476172 0.42761975 0.50206904 0.41641874
0.00039479 0.36283831 0.35232302 0.39930133 0.34523319 0.50234819  0.48417291 0.45702496 0.47508945 0.39693445 0.45000532 0.44589633  0.47476172 0.42761975 0.50206904 0.41641874
0.00039479 0.36283831 0.35232302 0.39930133 0.34523319 0.50234819  0.48417291 0.45702496 0.47508945 0.39693445 0.45000532 0.44589633  0.47476172 0.42761975 0.50206904 0.41641874
0.00039479 0.36283831 0.35232302 0.39930133 0.34523319 0.50234819  0.48417291 0.45702496 0.47508945 0.39693445 0.45000532 0.44589633  0.47476172 0.42761975 0.50206904 0.41641874
0.00039479 0.36283831 0.35232302 0.39930133 0.34523319 0.50234819  0.48417291 0.45702496 0.47508945 0.39693445 0.45000532 0.44589633  0.47476172 0.42761975 0.50206904 0.41641874
0.00039479 0.36283831 0.35232302 0.39930133 0.34523319 0.50234819  0.48417291 0.45702496 0.47508945 0.39693445 0.45000532 0.44589633  0.47476172 0.42761975 0.50206904 0.41641874
0.00039479 0.36283831 0.35232302 0.39930133 0.34523319 0.50234819  0.48417291 0.45702496 0.47508945 0.39693445 0.45000532 0.44589633  0.47476172 0.42761975 0.50206904 0.41641874
0.00039479 0.36283831 0.35232302 0.39930133 0.34523319 0.50234819  0.48417291 0.45702496 0.47508945 0.39693445 0.45000532 0.44589633  0.47476172 0.42761975 0.50206904 0.41641874
0.00039479 0.36283831 0.35232302 0.39930133 0.34523319 0.50234819  0.48417291 0.45702496 0.47508945 0.39693445 0.45000532 0.44589633  0.47476172 0.42761975 0.50206904 0.41641874
0.00039479 0.36283831 0.35232302 0.39930133 0.34523319 0.50234819  0.48417291 0.45702496 0.47508945 0.39693445 0.45000532 0.44589633  0.47476172 0.42761975 0.50206904 0.41641874
0.00039479 0.36283831 0.35232302 0.39930133 0.34523319 0.50234819  0.48417291 0.45702496 0.47508945 0.39693445 0.45000532 0.44589633  0.47476172 0.42761975 0.50206904 0.41641874
0.00039479 0.36283831 0.35232302 0.39930133 0.34523319 0.50234819  0.48417291 0.45702496 0.47508945 0.39693445 0.45000532 0.44589633  0.47476172 0.42761975 0.50206904 0.41641874
0.00039479 0.36283831 0.35232302 0.39930133 0.34523319 0.50234819  0.48417291 0.45702496 0.47508945 0.39693445 0.45000532 0.44589633  0.47476172 0.42761975 0.50206904 0.41641874
0.00039479 0.36283831 0.35232302 0.39930133 0.34523319 0.50234819  0.48417291 0.45702496 0.47508945 0.39693445 0.45000532 0.44589633  0.47476172 0.42761975 0.50206904 0.41641874
0.00039479 0.36283831 0.35232302 0.39930133 0.34523319 0.50234819  0.48417291 0.45702496 0.47508945 0.39693445 0.45000532 0.44589633  0.47476172 0.42761975 0.50206904 0.41641874
0.00039479 0.36283831 0.35232302 0.39930133 0.34523319 0.50234819  0.48417291 0.45702496 0.47508945 0.39693445 0.45000532 0.44589633  0.47476172 0.42761975 0.50206904 0.41641874
0.00039479 0.36283831 0.35232302 0.39930133 0.34523319 0.50234819  0.48417291 0.45702496 0.47508945 0.39693445 0.45000532 0.44589633  0.47476172 0.42761975 0.50206904 0.41641874
0.00039479 0.36283831 0.35232302 0.39930133 0.34523319 0.50234819  0.48417291 0.45702496 0.47508945 0.39693445 0.45000532 0.44589633  0.47476172 0.42761975 0.50206904 0.41641874
0.00039479 0.36283831 0.35232302 0.39930133 0.34523319 0.50234819  0.48417291 0.45702496 0.47508945 0.39693445 0.45000532 0.44589633  0.47476172 0.42761975 0.50206904 0.41641874
0.00039479 0.36283831 0.35232302 0.39930133 0.34523319 0.50234819  0.48417291 0.45702496 0.47508945 0.39693445 0.45000532 0.44589633  0.47476172 0.42761975 0.50206904 0.41641874
0.00039479 0.36283831 0.35232302 0.39930133 0.34523319 0.50234819  0.48417291 0.45702496 0.47508945 0.39693445 0.45000532 0.44589633  0.47476172 0.42761975 0.50206904 0.41641874
0.00039479 0.36283831 0.35232302 0.39930133 0.34523319 0.50234819  0.48417291 0.45702496 0.47508945 0.39693445 0.45000532 0.44589633  0.47476172 0.42761975 0.50206904 0.41641874
0.00039479 0.36283831 0.35232302 0.39930133 0.34523319 0.50234819  0.48417291 0.45702496 0.47508945 0.39693445 0.45000532 0.44589633  0.47476172 0.42761975 0.50206904 0.41641874
0.00039479 0.36283831 0.35232302 0.39930133 0.34523319 0.50234819  0.48417291 0.45702496 0.47508945 0.39693445 0.45000532 0.44589633  0.47476172 0.42761975 0.50206904 0.41641874
0.00039479 0.36283831 0.35232302 0.39930133 0.34523319 0.50234819  0.48417291 0.45702496 0.47508945 0.39693445 0.45000532 0.44589633  0.47476172 0.42761975 0.50206904 0.41641874
0.00039479 0.36283831 0.35232302 0.39930133 0.34523319 0.50234819  0.48417291 0.45702496 0.47508945 0.39693445 0.45000532 0.44589633  0.47476172 0.42761975 0.50206904 0.41641874
0.00039479 0.36283831 0.35232302 0.39930133 0.34523319 0.50234819  0.48417291 0.45702496 0.47508945 0.39693445 0.45000532 0.44589633  0.47476172 0.42761975 0.50206904 0.41641874
0.00039479 0.36283831 0.35232302 0.39930133 0.34523319 0.50234819  0.48417291 0.45702496 0.47508945 0.39693445 0.45000532 0.44589633  0.47476172 0.42761975 0.50206904 0.41641874
0.00039479 0.36283831 0.35232302 0.39930133 0.34523319 0.50234819  0.48417291 0.45702496 0.47508945 0.39693445 0.45000532 0.44589633  0.47476172 0.42761975 0.50206904 0.41641874
0.00039479 0.36283831 0.35232302 0.39930133 0.34523319 0.50234819  0.48417291 0.45702496 0.47508945 0.39693445 0.45000532 0.44589633  0.47476172 0.42761975 0.50206904 0.41641874
0.00039479 0.36283831 0.35232302 0.39930133 0.34523319 0.50234819  0.48417291 0.45702496 0.47508945 0.39693445 0.45000532 0.44589633  0.47476172 0.42761975 0.50206904 0.41641874
0.00039479 0.36283831 0.35232302 0.39930133 0.34523319 0.50234819  0.48417291 0.45702496 0.47508945 0.39693445 0.45000532 0.44589633  0.47476172 0.42761975 0.50206904 0.41641874
0.00039479 0.36283831 0.35232302 0.39930133 0.34523319 0.50234819  0.48417291 0.45702496 0.47508945 0.39693445 0.45000532 0.44589633  0.47476172 0.42761975 0.50206904 0.41641874
0.00039479 0.36283831 0.35232302 0.39930133 0.34523319 0.50234819  0.48417291 0.45702496 0.47508945 0.39693445 0.45000532 0.44589633  0.47476172 0.42761975 0.50206904 0.41641874
0.00039479 0.36283831 0.35232302 0.39930133 0.34523319 0.50234819  0.48417291 0.45702496 0.47508945 0.39693445 0.45000532 0.44589633  0.47476172 0.42761975 0.50206904 0.41641874
0.00039479 0.36283831 0.35232302 0.39930133 0.34523319 0.50234819  0.48417291 0.45702496 0.47508945 0.39693445 0.45000532 0.44589633  0.47476172 0.42761975 0.50206904 0.41641874
0.00039479 0.36283831 0.35232302 0.39930133 0.34523319 0.50234819  0.48417291 0.45702496 0.47508945 0.39693445 0.45000532 0.44589633  0.47476172 0.42761975 0.50206904 0.41641874
0.00039479 0.36283831 0.35232302 0.39930133 0.34523319 0.50234819  0.48417291 0.45702496 0.47508945 0.39693445 0.45000532 0.44589633  0.47476172 0.42761975 0.50206904 0.41641874
0.00039479 0.36283831 0.35232302 0.39930133 0.34523319 0.50234819  0.48417291 0.45702496 0.47508945 0.39693445 0.45000532 0.44589633  0.47476172 0.42761975 0.50206904 0.41641874
0.00039479 0.36283831 0.35232302 0.39930133 0.34523319 0.50234819  0.48417291 0.45702496 0.47508945 0.39693445 0.45000532 0.44589633  0.47476172 0.42761975 0.50206904 0.41641874
0.00039479 0.36283831 0.35232302 0.39930133 0.34523319 0.50234819  0.48417291 0.45702496 0.47508945 0.39693445 0.45000532 0.44589633  0.47476172 0.42761975 0.50206904 0.41641874
0.00039479 0.36283831 0.35232302 0.39930133 0.34523319 0.50234819  0.48417291 0.45702496 0.47508945 0.39693445 0.45000532 0.44589633  0.47476172 0.42761975 0.50206904 0.41641874
0.00039479 0.36283831 0.35232302 0.39930133 0.34523319 0.50234819  0.48417291 0.45702496 0.47508945 0.39693445 0.45000532 0.44589633  0.47476172 0.42761975 0.50206904 0.41641874
0.00039479 0.36283831 0.35232302 0.39930133 0.34523319 0.50234819  0.48417291 0.45702496 0.47508945 0.39693445 0.45000532 0.44589633  0.47476172 0.42761975 0.50206904 0.41641874
0.00039479 0.36283831 0.35232302 0.39930133 0.34523319 0.50234819  0.48417291 0.45702496 0.47508945 0.39693445 0.45000532 0.44589633  0.47476172 0.42761975 0.50206904 0.41641874
0.00039479 0.36283831 0.35232302 0.39930133 0.34523319 0.50234819  0.48417291 0.45702496 0.47508945 0.39693445 0.45000532 0.44589633  0.47476172 0.42761975 0.50206904 0.41641874
0.00039479 0.36283831 0.35232302 0.39930133 0.34523319 0.50234819  0.48417291 0.45702496 0.47508945 0.39693445 0.45000532 0.44589633  0.47476172 0.42761975 0.50206904 0.41641874
0.00039479 0.36283831 0.35232302 0.39930133 0.34523319 0.50234819  0.48417291 0.45702496 0.47508945 0.39693445 0.45000532 0.44589633  0.47476172 0.42761975 0.50206904 0.41641874
0.00039479 0.36283831 0.35232302 0.39930133 0.34523319 0.50234819  0.48417291 0.45702496 0.47508945 0.39693445 0.45000532 0.44589633  0.47476172 0.42761975 0.50206904 0.41641874
0.00039479 0.36283831 0.35232302 0.39930133 0.34523319 0.50234819  0.48417291 0.45702496 0.47508945 0.39693445 0.45000532 0.44589633  0.47476172 0.42761975 0.50206904 0.41641874
0.00039479 0.36283831 0.35232302 0.39930133 0.34523319 0.50234819  0.48417291 0.45702496 0.47508945 0.39693445 0.45000532 0.44589633  0.47476172 0.42761975 0.50206904 0.41641874
0.00039479 0.36283831 0.35232302 0.39930133 0.34523319 0.50234819  0.48417291 0.45702496 0.47508945 0.39693445 0.45000532 0.44589633  0.47476172 0.42761975 0.50206904 0.41641874
0.03667396 0.35595775 0.35325404 0.34034531 0.32142892 0.56403042  0.50217704 0.51738506 0.50619436 0.3718131  0.50155877 0.4226365  0.56134009 0.42798315 0.46234857 0.44779293
0.39771055 0.68177109 0.15766822 0.45181571 0.37912117 0.41569173  0.39746591 0.75038633 0.6558924  0.23723304 0.69081822 0.35099267  0.78782895 0.48700534 0.5057285  0.41168494
0.48069753 0.61865982 0.13616827 0.33333054 0.39796265 0.38448756  0.51242078 0.79512053 0.5942704  0.18596468 0.837071   0.29688723  0.68978276 0.41989415 0.42213372 0.32179168
0.49813925 0.61182191 0.12305499 0.29834104 0.41398338 0.35768944  0.5904864  0.77338883 0.54251739 0.1989447  0.82475901 0.3084646  0.68258044 0.43211188 0.45381012 0.33225109
0.51642548 0.6226506  0.11140919 0.28963879 0.41870491 0.34440916  0.64371822 0.74173454 0.46935138 0.20834449 0.79764085 0.31634006  0.59212423 0.39011771 0.41519645 0.31275049
0.5311368  0.59047105 0.10649438 0.26758694 0.42876506 0.31171029  0.62308073 0.7252206  0.51593713 0.18443424 0.80271183 0.32122753  0.59194582 0.43972858 0.39561489 0.31155217
0.54657137 0.56319115 0.1131914  0.24726425 0.41967942 0.29463163  0.59418431 0.78598526 0.51289229 0.19187439 0.78557677 0.32864055  0.49976365 0.37797242 0.44808476 0.31358021
0.54657137 0.56319115 0.1131914  0.24726425 0.41967942 0.29463163  0.59418431 0.78598526 0.51289229 0.19187439 0.78557677 0.32864055  0.49976365 0.37797242 0.44808476 0.31358021
0.54657137 0.56319115 0.1131914  0.24726425 0.41967942 0.29463163  0.59418431 0.78598526 0.51289229 0.19187439 0.78557677 0.32864055  0.49976365 0.37797242 0.44808476 0.31358021
0.53186004 0.5953707  0.11810621 0.26931609 0.40961928 0.32733049  0.6148218  0.80249919 0.46630654 0.21578464 0.78050579 0.32375308  0.49994205 0.32836155 0.46766632 0.31477853
0.51945416 0.63074123 0.12461441 0.26487312 0.39361615 0.35090971  0.65227622 0.81701652 0.44138142 0.24284686 0.71780855 0.34830391  0.51998914 0.39028115 0.56169089 0.34183411
0.46964698 0.67395903 0.15130363 0.3559687  0.34679663 0.48330968  0.51691376 0.76185138 0.55412581 0.23077559 0.72482636 0.32720764  0.67888162 0.39540024 0.44066179 0.36320152
0.36353478 0.71886214 0.15892236 0.53604621 0.37801398 0.42689342  0.36622956 0.64329543 0.62937455 0.28131697 0.66490132 0.36830064  0.66308869 0.44019402 0.42819881 0.37965711
0.1979191  0.64271906 0.20775552 0.63648947 0.43055343 0.25445331  0.30409412 0.59845109 0.49582661 0.35466587 0.3554918  0.44586393  0.67481435 0.4819329  0.51013262 0.44667862
0.12471987 0.54379512 0.25712371 0.56358036 0.41131241 0.29629502  0.36709612 0.56777589 0.42968836 0.35871419 0.2981379  0.45450793  0.70781088 0.42405509 0.39812753 0.49811482
0.07142721 0.46959761 0.29702768 0.50048474 0.38607758 0.38280325  0.39933721 0.5276401  0.47375132 0.38040137 0.37032819 0.45353783  0.61015198 0.4578861  0.50811412 0.46517744
0.00039479 0.36283831 0.35232302 0.39930133 0.34523319 0.50234819  0.48417291 0.45702496 0.47508945 0.39693445 0.45000532 0.44589633  0.47476172 0.42761975 0.50206904 0.41641874
0.00039479 0.36283831 0.35232302 0.39930133 0.34523319 0.50234819  0.48417291 0.45702496 0.47508945 0.39693445 0.45000532 0.44589633  0.47476172 0.42761975 0.50206904 0.41641874
0.00039479 0.36283831 0.35232302 0.39930133 0.34523319 0.50234819  0.48417291 0.45702496 0.47508945 0.39693445 0.45000532 0.44589633  0.47476172 0.42761975 0.50206904 0.41641874
0.00039479 0.36283831 0.35232302 0.39930133 0.34523319 0.50234819  0.48417291 0.45702496 0.47508945 0.39693445 0.45000532 0.44589633  0.47476172 0.42761975 0.50206904 0.41641874
0.00039479 0.36283831 0.35232302 0.39930133 0.34523319 0.50234819  0.48417291 0.45702496 0.47508945 0.39693445 0.45000532 0.44589633  0.47476172 0.42761975 0.50206904 0.41641874
0.0177474  0.38984345 0.33852207 0.42635267 0.35697043 0.47086435  0.45750391 0.47765391 0.48169648 0.39463854 0.42895995 0.44917931  0.51265071 0.44991576 0.53083289 0.43501917
0.16199955 0.59790749 0.23181103 0.60580881 0.42230525 0.28999221  0.31628797 0.57828221 0.51086226 0.37532523 0.36619896 0.45479497  0.62359387 0.50191356 0.59108676 0.45937972
0.2351961  0.68666507 0.18921238 0.65788176 0.42226254 0.29887746  0.27509029 0.57567507 0.56521837 0.39279722 0.41226652 0.45530781  0.54881652 0.49697514 0.63602132 0.43620579
0.32800235 0.76702316 0.14941455 0.65775269 0.39903812 0.38394519  0.3195493  0.49660774 0.54282983 0.43512902 0.43625341 0.46935876  0.3992606  0.42307096 0.58066524 0.42208312
0.40307465 0.81317002 0.12939876 0.61095755 0.35690898 0.53654769  0.3929279  0.40591639 0.56606153 0.45419495 0.56041313 0.45027724  0.29108188 0.37615142 0.48867626 0.38116118
0.45775376 0.81740666 0.10966112 0.53201358 0.34846142 0.57765323  0.53662979 0.35534054 0.47293948 0.46019537 0.55721253 0.45385149  0.29939173 0.3402492  0.42639969 0.4127083 
0.45775376 0.81740666 0.10966112 0.53201358 0.34846142 0.57765323  0.53662979 0.35534054 0.47293948 0.46019537 0.55721253 0.45385149  0.29939173 0.3402492  0.42639969 0.4127083 
0.45775376 0.81740666 0.10966112 0.53201358 0.34846142 0.57765323  0.53662979 0.35534054 0.47293948 0.46019537 0.55721253 0.45385149  0.29939173 0.3402492  0.42639969 0.4127083 
0.42027876 0.8103488  0.1154471  0.58739732 0.37098644 0.5062475  0.46640962 0.36569205 0.48136623 0.48659072 0.48661598 0.4818624  0.25853725 0.3529315  0.50007316 0.42395598
0.40307465 0.81317002 0.12939876 0.61095755 0.35690898 0.53654769  0.3929279  0.40591639 0.56606153 0.45419495 0.56041313 0.45027724  0.29108188 0.37615142 0.48867626 0.38116118
0.40307465 0.81317002 0.12939876 0.61095755 0.35690898 0.53654769  0.3929279  0.40591639 0.56606153 0.45419495 0.56041313 0.45027724  0.29108188 0.37615142 0.48867626 0.38116118
0.40307465 0.81317002 0.12939876 0.61095755 0.35690898 0.53654769  0.3929279  0.40591639 0.56606153 0.45419495 0.56041313 0.45027724  0.29108188 0.37615142 0.48867626 0.38116118
0.36549583 0.79542322 0.14048465 0.6481925  0.3740396  0.47635993  0.32774923 0.43131397 0.58312683 0.4653174  0.48102973 0.47293506  0.34439689 0.41693988 0.57910438 0.41248892
0.36549583 0.79542322 0.14048465 0.6481925  0.3740396  0.47635993  0.32774923 0.43131397 0.58312683 0.4653174  0.48102973 0.47293506  0.34439689 0.41693988 0.57910438 0.41248892
0.36610368 0.79359113 0.15060289 0.63922827 0.35098746 0.54604688  0.28099153 0.45721214 0.68450359 0.45312166 0.55212056 0.45454268  0.45472048 0.44356838 0.56928905 0.44537256
0.38500068 0.80008635 0.1500423  0.61767303 0.33122515 0.60162614  0.29400884 0.44804128 0.70074437 0.44820811 0.57761426 0.44710914  0.49223646 0.42720784 0.52387333 0.45930185
0.40368542 0.80883655 0.14048396 0.59810457 0.33242514 0.60540724  0.35271339 0.42839982 0.65546832 0.43988161 0.61302499 0.43496825  0.41905408 0.40178506 0.48187421 0.41459107
0.40368542 0.80883655 0.14048396 0.59810457 0.33242514 0.60540724  0.35271339 0.42839982 0.65546832 0.43988161 0.61302499 0.43496825  0.41905408 0.40178506 0.48187421 0.41459107
0.54911362 0.90807715 0.50502442 0.46039433 0.54411445 0.68552626  0.42117213 0.40311951 0.61791809 0.65484122 0.38433195 0.21941103  0.48623744 0.45115895 0.10604544 0.18431778
0.54911362 0.90807715 0.50502442 0.46039433 0.54411445 0.68552626  0.42117213 0.40311951 0.61791809 0.65484122 0.38433195 0.21941103  0.48623744 0.45115895 0.10604544 0.18431778
0.62119706 0.86124289 0.64079335 0.49009471 0.46476395 0.65627792  0.45580476 0.46863057 0.5866092  0.74460379 0.37605393 0.22563135  0.77156493 0.41717745 0.19527412 0.05093172
0.68030388 0.80070537 0.60047541 0.4103986  0.35395473 0.58086841  0.64533844 0.52045884 0.48919073 0.78006384 0.42426465 0.19858804  0.8156569  0.5880505  0.24954269 0.07380701
0.70823426 0.74856354 0.54511646 0.39260988 0.25940119 0.51225381  0.72203799 0.55432195 0.41597542 0.8117647  0.33490993 0.24153198  0.7235817  0.53155409 0.29607562 0.17661561
0.71231046 0.7380377  0.55522311 0.41992637 0.26236142 0.49278956  0.7682923  0.55748474 0.49696113 0.85256578 0.34632078 0.26033778  0.74632261 0.45766259 0.26721489 0.24784625
0.75923842 0.66315769 0.57064487 0.35386046 0.24320469 0.44464939  0.7236015  0.70068761 0.49074047 0.86148447 0.32602576 0.27025427  0.59397055 0.36382977 0.42560073 0.24304992
0.79032215 0.60670654 0.56637548 0.29642181 0.25150806 0.40205738  0.69921312 0.710212   0.55296385 0.83791498 0.2881913  0.29453731  0.59562363 0.41996661 0.52535034 0.26487087
0.8189211  0.54290933 0.54856809 0.25992037 0.25919947 0.35793485  0.66245576 0.6179629  0.61027235 0.78781463 0.23509829 0.35247328  0.60654685 0.54203716 0.58595255 0.27307436
0.8165428  0.53887297 0.53381838 0.2684279  0.24998349 0.37808914  0.64430373 0.6076247  0.56701583 0.72939122 0.25251254 0.39770588  0.62256579 0.52358995 0.6097005  0.25515278
0.79937065 0.53247253 0.45739291 0.2450325  0.2113895  0.42145571  0.5769448  0.61972336 0.43449385 0.60232824 0.25455962 0.43681604  0.52408284 0.53119507 0.73747873 0.20005518
0.78231857 0.48304499 0.34265355 0.27686147 0.14381037 0.44397157  0.54542749 0.6299986  0.36388467 0.57988708 0.36846108 0.62003965  0.59118239 0.48500837 0.78129996 0.24564748
0.8247477  0.36710373 0.32928713 0.30511403 0.19963299 0.36173988  0.48637032 0.49522625 0.53938294 0.56629881 0.44325104 0.60240784  0.60263752 0.28221466 0.5548037  0.22319888
0.84227046 0.3472368  0.37366273 0.36002788 0.16505085 0.32633255  0.4999322  0.4713884  0.53493393 0.59283844 0.55826579 0.64814746  0.65183971 0.34348828 0.48552888 0.32303268
0.84816221 0.35992784 0.40789982 0.3567313  0.16093076 0.31255756  0.51544435 0.46134111 0.54753871 0.56830343 0.53089252 0.60814688  0.61450144 0.36299872 0.46906559 0.34623775
0.87099647 0.33144276 0.44686537 0.38324685 0.21064237 0.28157287  0.55899708 0.39187331 0.67952036 0.62892222 0.44694607 0.55586262  0.61666219 0.28222232 0.45287373 0.37300797
0.88792067 0.27750622 0.45453131 0.46954318 0.27046744 0.30998092  0.57637232 0.39747413 0.64721682 0.72433954 0.48133701 0.41798342  0.61938381 0.33625151 0.39201935 0.51922073
0.88792067 0.27750622 0.45453131 0.46954318 0.27046744 0.30998092  0.57637232 0.39747413 0.64721682 0.72433954 0.48133701 0.41798342  0.61938381 0.33625151 0.39201935 0.51922073
0.88792067 0.27750622 0.45453131 0.46954318 0.27046744 0.30998092  0.57637232 0.39747413 0.64721682 0.72433954 0.48133701 0.41798342  0.61938381 0.33625151 0.39201935 0.51922073
0.88202893 0.26481518 0.42029421 0.47283975 0.27458753 0.32375591  0.56086017 0.40752142 0.63461204 0.74887454 0.50871029 0.45798401  0.65672209 0.31674108 0.40848264 0.49601566
0.86808592 0.24651229 0.35102336 0.45891841 0.28155572 0.34073847  0.54982647 0.43980488 0.61981056 0.78805606 0.52756803 0.49224303  0.65129695 0.28590645 0.4244601  0.48606634
0.86570763 0.24247593 0.33627365 0.46742594 0.27233974 0.36089276  0.53167444 0.42946667 0.57655404 0.72963264 0.54498228 0.53747563  0.66731589 0.26745925 0.44820805 0.46814475
0.86570763 0.24247593 0.33627365 0.46742594 0.27233974 0.36089276  0.53167444 0.42946667 0.57655404 0.72963264 0.54498228 0.53747563  0.66731589 0.26745925 0.44820805 0.46814475
0.86058527 0.25109218 0.32038097 0.43901854 0.25182508 0.3729657  0.4741741  0.41059298 0.48727323 0.65389033 0.54964415 0.54055258  0.62790666 0.31692559 0.50070849 0.42682636
0.84920509 0.25608381 0.28589076 0.41224442 0.28217705 0.38841604  0.47401589 0.42502381 0.52246586 0.63352274 0.50857592 0.5062878  0.5815843  0.26219857 0.52569044 0.46207493
0.84920509 0.25608381 0.28589076 0.41224442 0.28217705 0.38841604  0.47401589 0.42502381 0.52246586 0.63352274 0.50857592 0.5062878  0.5815843  0.26219857 0.52569044 0.46207493
0.82165421 0.25417197 0.17454766 0.35760244 0.34269439 0.48881876  0.39104011 0.47040365 0.42415342 0.55747562 0.45935344 0.47725917  0.44400952 0.44164176 0.47398291 0.452376  
0.82165421 0.25417197 0.17454766 0.35760244 0.34269439 0.48881876  0.39104011 0.47040365 0.42415342 0.55747562 0.45935344 0.47725917  0.44400952 0.44164176 0.47398291 0.452376  
0.82165421 0.25417197 0.17454766 0.35760244 0.34269439 0.48881876  0.39104011 0.47040365 0.42415342 0.55747562 0.45935344 0.47725917  0.44400952 0.44164176 0.47398291 0.452376  
0.82165421 0.25417197 0.17454766 0.35760244 0.34269439 0.48881876  0.39104011 0.47040365 0.42415342 0.55747562 0.45935344 0.47725917  0.44400952 0.44164176 0.47398291 0.452376  
0.82165421 0.25417197 0.17454766 0.35760244 0.34269439 0.48881876  0.39104011 0.47040365 0.42415342 0.55747562 0.45935344 0.47725917  0.44400952 0.44164176 0.47398291 0.452376  
0.79778339 0.2828707  0.11833168 0.30323348 0.3929559  0.53439184  0.38365658 0.46038461 0.50637508 0.4541963  0.37581019 0.42751913  0.44023526 0.39298981 0.40837773 0.55726348
0.77045293 0.38261378 0.11810865 0.13503757 0.33883886 0.48945744  0.34555663 0.43957064 0.56631317 0.37898498 0.25354133 0.50240491  0.4553934  0.28566417 0.47715708 0.3362237 
0.77045293 0.38261378 0.11810865 0.13503757 0.33883886 0.48945744  0.34555663 0.43957064 0.56631317 0.37898498 0.25354133 0.50240491  0.4553934  0.28566417 0.47715708 0.3362237 
0.75804705 0.41798431 0.12461685 0.13059459 0.32283573 0.51303666  0.38301105 0.45408797 0.54138804 0.4060472  0.19084409 0.52695574  0.47544049 0.34758377 0.57118164 0.36327928
0.67408174 0.58802617 0.11093365 0.14606481 0.31629629 0.5722528  0.58541939 0.54936046 0.5362624  0.3816034  0.31403501 0.51218567  0.65974729 0.5810645  0.63028581 0.54542615
0.62760188 0.67161847 0.10783265 0.22754056 0.31175622 0.63817842  0.64218288 0.4367139  0.46963661 0.40676036 0.31568156 0.4956063  0.73315632 0.57657376 0.56781093 0.52226816
0.62760188 0.67161847 0.10783265 0.22754056 0.31175622 0.63817842  0.64218288 0.4367139  0.46963661 0.40676036 0.31568156 0.4956063  0.73315632 0.57657376 0.56781093 0.52226816
0.52906469 0.78820068 0.09336626 0.38841304 0.34732777 0.60797626  0.70061735 0.39068725 0.41489499 0.43795197 0.56221965 0.44478585  0.48337353 0.40582652 0.48947905 0.4686588 
0.47519548 0.81056876 0.09654784 0.49702408 0.36448215 0.55085511  0.61469541 0.33360884 0.42118648 0.47317538 0.54490054 0.46542886  0.29218941 0.35246694 0.45807609 0.42316772
0.44054965 0.82022789 0.12361278 0.55557381 0.33438396 0.60795342  0.46314807 0.39556488 0.55763478 0.4277996  0.63100969 0.42226633  0.33193637 0.36346912 0.41500279 0.3699135 
0.36511279 0.7912825  0.13631394 0.64215509 0.38676722 0.4404168  0.36569655 0.42967469 0.52373893 0.46557423 0.45994387 0.47506544  0.27754386 0.40328316 0.58308063 0.38828224
0.34642805 0.7825323  0.14587228 0.66172356 0.38556723 0.43663571  0.306992   0.44931615 0.56901498 0.47390073 0.42453314 0.48720633  0.35072624 0.42870594 0.62507975 0.43299302
0.34642805 0.7825323  0.14587228 0.66172356 0.38556723 0.43663571  0.306992   0.44931615 0.56901498 0.47390073 0.42453314 0.48720633  0.35072624 0.42870594 0.62507975 0.43299302
0.38500068 0.80008635 0.1500423  0.61767303 0.33122515 0.60162614  0.29400884 0.44804128 0.70074437 0.44820811 0.57761426 0.44710914  0.49223646 0.42720784 0.52387333 0.45930185
0.40343091 0.8007634  0.15511196 0.5957954  0.3058326  0.66343265  0.28722977 0.45309638 0.70901758 0.45371406 0.550006   0.45055164  0.55642592 0.41144441 0.48545025 0.49774096
0.42071915 0.79133793 0.16942491 0.57931908 0.27946493 0.70519329  0.25080865 0.48239097 0.68856639 0.46011638 0.47179841 0.45988249  0.59846754 0.39813815 0.43132472 0.50315034
0.48614375 0.76012338 0.3104802  0.64453505 0.15205993 0.73128559  0.1648925  0.46164268 0.52288555 0.47768319 0.4292417  0.53811131  0.78456729 0.49487896 0.28010697 0.33794182
0.49988637 0.74756848 0.45327451 0.66045901 0.1090587  0.72487805  0.19558296 0.40673252 0.49560618 0.46130356 0.48339144 0.51638794  0.71301392 0.53681974 0.31589741 0.28985694
0.53544024 0.77696232 0.62517775 0.68807049 0.14890532 0.65060866  0.27530114 0.39093311 0.59066753 0.5204542  0.43172917 0.40240566  0.66897018 0.46776374 0.43086003 0.24966746
0.54277525 0.78132535 0.65803103 0.70372251 0.13572655 0.6377777  0.28493476 0.36389863 0.58127895 0.43677456 0.43543552 0.41009687  0.67126596 0.43113852 0.49980247 0.28949042
0.56028434 0.80834154 0.64388363 0.7308498  0.14730377 0.60260475  0.2622907  0.38381661 0.57610799 0.43334112 0.40267622 0.41396384  0.71618867 0.4368887  0.49619693 0.31543603
0.57498704 0.78195531 0.65632109 0.72804754 0.13065183 0.5880205  0.22678999 0.42528014 0.54930848 0.4565782  0.38118014 0.42103238  0.59798952 0.3737298  0.53329176 0.29457499
0.57498704 0.78195531 0.65632109 0.72804754 0.13065183 0.5880205  0.22678999 0.42528014 0.54930848 0.4565782  0.38118014 0.42103238  0.59798952 0.3737298  0.53329176 0.29457499
0.55763443 0.75495017 0.67012205 0.7009962  0.11891458 0.61950434  0.25345898 0.40465119 0.54270145 0.45887411 0.40222551 0.41774939  0.56010053 0.35143379 0.50452791 0.27597457
0.55747796 0.75493912 0.6704685  0.70092025 0.11907461 0.62319344  0.24943405 0.40536215 0.55447944 0.46001164 0.41393944 0.41716541  0.55306682 0.36797962 0.53689731 0.26862938
0.57306899 0.72767027 0.67681906 0.68067351 0.10982895 0.60242568  0.22456257 0.46541585 0.53965661 0.46631427 0.38509046 0.42516242  0.46791836 0.28967763 0.55699778 0.2780026 
0.55555991 0.70065408 0.69096646 0.65354621 0.09825173 0.63759862  0.24720663 0.44549786 0.54482757 0.46974771 0.41784976 0.42129545  0.42299565 0.28392745 0.56060332 0.252057  
0.57306899 0.72767027 0.67681906 0.68067351 0.10982895 0.60242568  0.22456257 0.46541585 0.53965661 0.46631427 0.38509046 0.42516242  0.46791836 0.28967763 0.55699778 0.2780026 
0.60647137 0.72858031 0.66418168 0.67464144 0.12194225 0.55175287  0.18418797 0.54257372 0.56947954 0.44581569 0.37085959 0.43048628  0.48765046 0.28904183 0.64709593 0.30888313
0.60647137 0.72858031 0.66418168 0.67464144 0.12194225 0.55175287  0.18418797 0.54257372 0.56947954 0.44581569 0.37085959 0.43048628  0.48765046 0.28904183 0.64709593 0.30888313
0.60647137 0.72858031 0.66418168 0.67464144 0.12194225 0.55175287  0.18418797 0.54257372 0.56947954 0.44581569 0.37085959 0.43048628  0.48765046 0.28904183 0.64709593 0.30888313
0.58911875 0.70157518 0.67798263 0.6475901  0.110205   0.58323671  0.21085697 0.52194477 0.56287251 0.4481116  0.39190496 0.4272033  0.44976147 0.26674582 0.61833208 0.29028271
0.60647137 0.72858031 0.66418168 0.67464144 0.12194225 0.55175287  0.18418797 0.54257372 0.56947954 0.44581569 0.37085959 0.43048628  0.48765046 0.28904183 0.64709593 0.30888313
0.62515611 0.73733051 0.65462334 0.65507298 0.12314224 0.55553396  0.24289252 0.52293226 0.52420349 0.43748919 0.40627032 0.41834539  0.41446809 0.26361905 0.60509681 0.26417236
0.60910635 0.76342561 0.65345977 0.68815639 0.12276619 0.57472293  0.25659812 0.46640334 0.50098759 0.45569185 0.39945581 0.41630451  0.43262497 0.28655085 0.54376251 0.25189225
0.61195801 0.8015342  0.63511696 0.69977683 0.13657335 0.57852131  0.33872636 0.37398438 0.43086642 0.45765149 0.38947271 0.41676694  0.43435093 0.30631284 0.45267897 0.23036361
0.60880375 0.78591655 0.60564234 0.71283105 0.09451204 0.56277341  0.35635431 0.37729641 0.44398589 0.46958145 0.39571488 0.42774082  0.45467259 0.29914815 0.4577454  0.25316326
0.59909045 0.77751716 0.55803934 0.70568656 0.09847483 0.59575866  0.32856866 0.3939927  0.41011796 0.49483767 0.40942278 0.46528221  0.46839575 0.31732617 0.41255091 0.19541872
0.58438768 0.73591283 0.46076401 0.71736891 0.0642885  0.60161975  0.33036416 0.42313939 0.3812928  0.56730136 0.4789217  0.57053994  0.55630188 0.29184758 0.41697215 0.17365639
0.53213424 0.78001544 0.32499063 0.64104928 0.13859291 0.70060488  0.30347782 0.39420443 0.41495516 0.47043505 0.44781224 0.54360344  0.66738182 0.39610255 0.24498278 0.25856841
0.43716906 0.79822708 0.16660624 0.59491421 0.28648063 0.6670785  0.29569216 0.43173053 0.58529292 0.48185418 0.48058491 0.46347721  0.46004621 0.36168892 0.3908132  0.4099611 
0.30913033 0.75632575 0.16390663 0.6783825  0.39083563 0.41144953  0.2428697  0.49539152 0.61453616 0.46926347 0.38352375 0.49442087  0.47008713 0.47740784 0.69235099 0.47744809
0.21637945 0.66535735 0.19937471 0.65145006 0.42373868 0.28500388  0.27575379 0.58428725 0.54019808 0.39410409 0.35781147 0.46538681  0.59882689 0.48992586 0.62089615 0.47465149
0.14488853 0.56366244 0.25419891 0.56248203 0.38845942 0.40962583  0.31895589 0.5275679  0.6174778  0.42429943 0.47490975 0.46143412  0.45070954 0.571399   0.83417814 0.41355327
0.01790387 0.3898545  0.33817562 0.42642862 0.35681041 0.46717525  0.46152885 0.47694295 0.46991849 0.39350101 0.41724602 0.4497633  0.51968443 0.43336993 0.49846349 0.44236435
0.00039479 0.36283831 0.35232302 0.39930133 0.34523319 0.50234819  0.48417291 0.45702496 0.47508945 0.39693445 0.45000532 0.44589633  0.47476172 0.42761975 0.50206904 0.41641874
0.00039479 0.36283831 0.35232302 0.39930133 0.34523319 0.50234819  0.48417291 0.45702496 0.47508945 0.39693445 0.45000532 0.44589633  0.47476172 0.42761975 0.50206904 0.41641874
0.00039479 0.36283831 0.35232302 0.39930133 0.34523319 0.50234819  0.48417291 0.45702496 0.47508945 0.39693445 0.45000532 0.44589633  0.47476172 0.42761975 0.50206904 0.41641874
0.00039479 0.36283831 0.35232302 0.39930133 0.34523319 0.50234819  0.48417291 0.45702496 0.47508945 0.39693445 0.45000532 0.44589633  0.47476172 0.42761975 0.50206904 0.41641874
0.00039479 0.36283831 0.35232302 0.39930133 0.34523319 0.50234819  0.48417291 0.45702496 0.47508945 0.39693445 0.45000532 0.44589633  0.47476172 0.42761975 0.50206904 0.41641874
0.00039479 0.36283831 0.35232302 0.39930133 0.34523319 0.50234819  0.48417291 0.45702496 0.47508945 0.39693445 0.45000532 0.44589633  0.47476172 0.42761975 0.50206904 0.41641874
0.00039479 0.36283831 0.35232302 0.39930133 0.34523319 0.50234819  0.48417291 0.45702496 0.47508945 0.39693445 0.45000532 0.44589633  0.47476172 0.42761975 0.50206904 0.41641874
0.00039479 0.36283831 0.35232302 0.39930133 0.34523319 0.50234819  0.48417291 0.45702496 0.47508945 0.39693445 0.45000532 0.44589633  0.47476172 0.42761975 0.50206904 0.41641874
0.00039479 0.36283831 0.35232302 0.39930133 0.34523319 0.50234819  0.48417291 0.45702496 0.47508945 0.39693445 0.45000532 0.44589633  0.47476172 0.42761975 0.50206904 0.41641874
0.00039479 0.36283831 0.35232302 0.39930133 0.34523319 0.50234819  0.48417291 0.45702496 0.47508945 0.39693445 0.45000532 0.44589633  0.47476172 0.42761975 0.50206904 0.41641874
0.00039479 0.36283831 0.35232302 0.39930133 0.34523319 0.50234819  0.48417291 0.45702496 0.47508945 0.39693445 0.45000532 0.44589633  0.47476172 0.42761975 0.50206904 0.41641874
0.00039479 0.36283831 0.35232302 0.39930133 0.34523319 0.50234819  0.48417291 0.45702496 0.47508945 0.39693445 0.45000532 0.44589633  0.47476172 0.42761975 0.50206904 0.41641874
0.00039479 0.36283831 0.35232302 0.39930133 0.34523319 0.50234819  0.48417291 0.45702496 0.47508945 0.39693445 0.45000532 0.44589633  0.47476172 0.42761975 0.50206904 0.41641874
0.00039479 0.36283831 0.35232302 0.39930133 0.34523319 0.50234819  0.48417291 0.45702496 0.47508945 0.39693445 0.45000532 0.44589633  0.47476172 0.42761975 0.50206904 0.41641874
0.00039479 0.36283831 0.35232302 0.39930133 0.34523319 0.50234819  0.48417291 0.45702496 0.47508945 0.39693445 0.45000532 0.44589633  0.47476172 0.42761975 0.50206904 0.41641874
0.00039479 0.36283831 0.35232302 0.39930133 0.34523319 0.50234819  0.48417291 0.45702496 0.47508945 0.39693445 0.45000532 0.44589633  0.47476172 0.42761975 0.50206904 0.41641874
0.00039479 0.36283831 0.35232302 0.39930133 0.34523319 0.50234819  0.48417291 0.45702496 0.47508945 0.39693445 0.45000532 0.44589633  0.47476172 0.42761975 0.50206904 0.41641874
0.00039479 0.36283831 0.35232302 0.39930133 0.34523319 0.50234819  0.48417291 0.45702496 0.47508945 0.39693445 0.45000532 0.44589633  0.47476172 0.42761975 0.50206904 0.41641874
0.00039479 0.36283831 0.35232302 0.39930133 0.34523319 0.50234819  0.48417291 0.45702496 0.47508945 0.39693445 0.45000532 0.44589633  0.47476172 0.42761975 0.50206904 0.41641874
0.00039479 0.36283831 0.35232302 0.39930133 0.34523319 0.50234819  0.48417291 0.45702496 0.47508945 0.39693445 0.45000532 0.44589633  0.47476172 0.42761975 0.50206904 0.41641874
0.00039479 0.36283831 0.35232302 0.39930133 0.34523319 0.50234819  0.48417291 0.45702496 0.47508945 0.39693445 0.45000532 0.44589633  0.47476172 0.42761975 0.50206904 0.41641874
0.00039479 0.36283831 0.35232302 0.39930133 0.34523319 0.50234819  0.48417291 0.45702496 0.47508945 0.39693445 0.45000532 0.44589633  0.47476172 0.42761975 0.50206904 0.41641874
0.00039479 0.36283831 0.35232302 0.39930133 0.34523319 0.50234819  0.48417291 0.45702496 0.47508945 0.39693445 0.45000532 0.44589633  0.47476172 0.42761975 0.50206904 0.41641874
0.00039479 0.36283831 0.35232302 0.39930133 0.34523319 0.50234819  0.48417291 0.45702496 0.47508945 0.39693445 0.45000532 0.44589633  0.47476172 0.42761975 0.50206904 0.41641874
0.00039479 0.36283831 0.35232302 0.39930133 0.34523319 0.50234819  0.48417291 0.45702496 0.47508945 0.39693445 0.45000532 0.44589633  0.47476172 0.42761975 0.50206904 0.41641874
0.00039479 0.36283831 0.35232302 0.39930133 0.34523319 0.50234819  0.48417291 0.45702496 0.47508945 0.39693445 0.45000532 0.44589633  0.47476172 0.42761975 0.50206904 0.41641874
0.00039479 0.36283831 0.35232302 0.39930133 0.34523319 0.50234819  0.48417291 0.45702496 0.47508945 0.39693445 0.45000532 0.44589633  0.47476172 0.42761975 0.50206904 0.41641874
