0.00039479 0.36283831 0.35232302 0.39930133 0.34523319 0.50234819  0.48417291 0.45702496 0.47508945 0.39693445 0.45000532 0.44589633  0.47476172 0.42761975 0.50206904 0.41641874
0.00039479 0.36283831 0.35232302 0.39930133 0.34523319 0.50234819  0.48417291 0.45702496 0.47508945 0.39693445 0.45000532 0.44589633  0.47476172 0.42761975 0.50206904 0.41641874
0.00039479 0.36283831 0.35232302 0.39930133 0.34523319 0.50234819  0.48417291 0.45702496 0.47508945 0.39693445 0.45000532 0.44589633  0.47476172 0.42761975 0.50206904 0.41641874
0.00039479 0.36283831 0.35232302 0.39930133 0.34523319 0.50234819  0.48417291 0.45702496 0.47508945 0.39693445 0.45000532 0.44589633  0.47476172 0.42761975 0.50206904 0.41641874
0.00039479 0.36283831 0.35232302 0.39930133 0.34523319 0.50234819  0.48417291 0.45702496 0.47508945 0.39693445 0.45000532 0.44589633  0.47476172 0.42761975 0.50206904 0.41641874
0.00039479 0.36283831 0.35232302 0.39930133 0.34523319 0.50234819  0.48417291 0.45702496 0.47508945 0.39693445 0.45000532 0.44589633  0.47476172 0.42761975 0.50206904 0.41641874
0.00039479 0.36283831 0.35232302 0.39930133 0.34523319 0.50234819  0.48417291 0.45702496 0.47508945 0.39693445 0.45000532 0.44589633  0.47476172 0.42761975 0.50206904 0.41641874
0.00039479 0.36283831 0.35232302 0.39930133 0.34523319 0.50234819  0.48417291 0.45702496 0.47508945 0.39693445 0.45000532 0.44589633  0.47476172 0.42761975 0.50206904 0.41641874
0.00039479 0.36283831 0.35232302 0.39930133 0.34523319 0.50234819  0.48417291 0.45702496 0.47508945 0.39693445 0.45000532 0.44589633  0.47476172 0.42761975 0.50206904 0.41641874
0.00039479 0.36283831 0.35232302 0.39930133 0.34523319 0.50234819  0.48417291 0.45702496 0.47508945 0.39693445 0.45000532 0.44589633  0.47476172 0.42761975 0.50206904 0.41641874
0.00039479 0.36283831 0.35232302 0.39930133 0.34523319 0.50234819  0.48417291 0.45702496 0.47508945 0.39693445 0.45000532 0.44589633  0.47476172 0.42761975 0.50206904 0.41641874
0.00039479 0.36283831 0.35232302 0.39930133 0.34523319 0.50234819  0.48417291 0.45702496 0.47508945 0.39693445 0.45000532 0.44589633  0.47476172 0.42761975 0.50206904 0.41641874
0.00039479 0.36283831 0.35232302 0.39930133 0.34523319 0.50234819  0.48417291 0.45702496 0.47508945 0.39693445 0.45000532 0.44589633  0.47476172 0.42761975 0.50206904 0.41641874
0.00039479 0.36283831 0.35232302 0.39930133 0.34523319 0.50234819  0.48417291 0.45702496 0.47508945 0.39693445 0.45000532 0.44589633  0.47476172 0.42761975 0.50206904 0.41641874
0.00039479 0.36283831 0.35232302 0.39930133 0.34523319 0.50234819  0.48417291 0.45702496 0.47508945 0.39693445 0.45000532 0.44589633  0.47476172 0.42761975 0.50206904 0.41641874
0.00039479 0.36283831 0.35232302 0.39930133 0.34523319 0.50234819  0.48417291 0.45702496 0.47508945 0.39693445 0.45000532 0.44589633  0.47476172 0.42761975 0.50206904 0.41641874
0.00039479 0.36283831 0.35232302 0.39930133 0.34523319 0.50234819  0.48417291 0.45702496 0.47508945 0.39693445 0.45000532 0.44589633  0.47476172 0.42761975 0.50206904 0.41641874
0.00039479 0.36283831 0.35232302 0.39930133 0.34523319 0.50234819  0.48417291 0.45702496 0.47508945 0.39693445 0.45000532 0.44589633  0.47476172 0.42761975 0.50206904 0.41641874
0.00039479 0.36283831 0.35232302 0.39930133 0.34523319 0.50234819  0.48417291 0.45702496 0.47508945 0.39693445 0.45000532 0.44589633  0.47476172 0.42761975 0.50206904 0.41641874
0.00039479 0.36283831 0.35232302 0.39930133 0.34523319 0.50234819  0.48417291 0.45702496 0.47508945 0.39693445 0.45000532 0.44589633  0.47476172 0.42761975 0.50206904 0.41641874
0.00039479 0.36283831 0.35232302 0.39930133 0.34523319 0.50234819  0.48417291 0.45702496 0.47508945 0.39693445 0.45000532 0.44589633  0.47476172 0.42761975 0.50206904 0.41641874
0.00039479 0.36283831 0.35232302 0.39930133 0.34523319 0.50234819  0.48417291 0.45702496 0.47508945 0.39693445 0.45000532 0.44589633  0.47476172 0.42761975 0.50206904 0.41641874
0.00039479 0.36283831 0.35232302 0.39930133 0.34523319 0.50234819  0.48417291 0.45702496 0.47508945 0.39693445 0.45000532 0.44589633  0.47476172 0.42761975 0.50206904 0.41641874
0.00039479 0.36283831 0.35232302 0.39930133 0.34523319 0.50234819  0.48417291 0.45702496 0.47508945 0.39693445 0.45000532 0.44589633  0.47476172 0.42761975 0.50206904 0.41641874
0.00039479 0.36283831 0.35232302 0.39930133 0.34523319 0.50234819  0.48417291 0.45702496 0.47508945 0.39693445 0.45000532 0.44589633  0.47476172 0.42761975 0.50206904 0.41641874
0.00039479 0.36283831 0.35232302 0.39930133 0.34523319 0.50234819  0.48417291 0.45702496 0.47508945 0.39693445 0.45000532 0.44589633  0.47476172 0.42761975 0.50206904 0.41641874
0.00039479 0.36283831 0.35232302 0.39930133 0.34523319 0.50234819  0.48417291 0.45702496 0.47508945 0.39693445 0.45000532 0.44589633  0.47476172 0.42761975 0.50206904 0.41641874
0.00039479 0.36283831 0.35232302 0.39930133 0.34523319 0.50234819  0.48417291 0.45702496 0.47508945 0.39693445 0.45000532 0.44589633  0.47476172 0.42761975 0.50206904 0.41641874
0.00039479 0.36283831 0.35232302 0.39930133 0.34523319 0.50234819  0.48417291 0.45702496 0.47508945 0.39693445 0.45000532 0.44589633  0.47476172 0.42761975 0.50206904 0.41641874
0.00039479 0.36283831 0.35232302 0.39930133 0.34523319 0.50234819  0.48417291 0.45702496 0.47508945 0.39693445 0.45000532 0.44589633  0.47476172 0.42761975 0.50206904 0.41641874
0.00039479 0.36283831 0.35232302 0.39930133 0.34523319 0.50234819  0.48417291 0.45702496 0.47508945 0.39693445 0.45000532 0.44589633  0.47476172 0.42761975 0.50206904 0.41641874
0.00039479 0.36283831 0.35232302 0.39930133 0.34523319 0.50234819  0.48417291 0.45702496 0.47508945 0.39693445 0.45000532 0.44589633  0.47476172 0.42761975 0.50206904 0.41641874
0.00039479 0.36283831 0.35232302 0.39930133 0.34523319 0.50234819  0.48417291 0.45702496 0.47508945 0.39693445 0.45000532 0.44589633  0.47476172 0.42761975 0.50206904 0.41641874
0.00039479 0.36283831 0.35232302 0.39930133 0.34523319 0.50234819  0.48417291 0.45702496 0.47508945 0.39693445 0.45000532 0.44589633  0.47476172 0.42761975 0.50206904 0.41641874
0.00039479 0.36283831 0.35232302 0.39930133 0.34523319 0.50234819  0.48417291 0.45702496 0.47508945 0.39693445 0.45000532 0.44589633  0.47476172 0.42761975 0.50206904 0.41641874
0.00039479 0.36283831 0.35232302 0.39930133 0.34523319 0.50234819  0.48417291 0.45702496 0.47508945 0.39693445 0.45000532 0.44589633  0.47476172 0.42761975 0.50206904 0.41641874
0.00039479 0.36283831 0.35232302 0.39930133 0.34523319 0.50234819  0.48417291 0.45702496 0.47508945 0.39693445 0.45000532 0.44589633  0.47476172 0.42761975 0.50206904 0.41641874
0.00039479 0.36283831 0.35232302 0.39930133 0.34523319 0.50234819  0.48417291 0.45702496 0.47508945 0.39693445 0.45000532 0.44589633  0.47476172 0.42761975 0.50206904 0.41641874
0.03525649 0.41685964 0.32437467 0.45347996 0.36854765 0.43569141  0.43485985 0.4975719  0.47652552 0.39120509 0.39620065 0.45304628  0.55757342 0.45566594 0.52722734 0.46096477
0.07194124 0.46693322 0.300077   0.49028098 0.37698367 0.42502978  0.39559918 0.51033    0.53529168 0.39765929 0.44652528 0.45023787  0.50762731 0.51149446 0.65510357 0.42628009
0.12621777 0.52919774 0.2742708  0.53184822 0.37383974 0.44749831  0.33943616 0.4978197  0.57432642 0.43527467 0.39671437 0.47469688  0.53003703 0.53352582 0.72067518 0.47984977
0.16356202 0.57067735 0.2567652  0.54821839 0.36309249 0.49526993  0.31804765 0.47350644 0.63701213 0.46720249 0.45676273 0.4810041  0.41539606 0.5442677  0.82340309 0.45687541
0.32865318 0.75737616 0.16806392 0.63753737 0.3574828  0.51991138  0.26675109 0.46987999 0.66871712 0.46897454 0.48434724 0.47314478  0.46263647 0.44807772 0.61330881 0.49120576
0.40343091 0.8007634  0.15511196 0.5957954  0.3058326  0.66343265  0.28722977 0.45309638 0.70901758 0.45371406 0.550006   0.45055164  0.55642592 0.41144441 0.48545025 0.49774096
0.43806806 0.78100043 0.18322947 0.56220831 0.25324473 0.7451178  0.21593883 0.50867814 0.66822166 0.46195923 0.38972179 0.46711874  0.6444072  0.38203433 0.387558   0.50281926
0.52571543 0.76002796 0.186433   0.45692639 0.22756006 0.76632968  0.32841452 0.57836829 0.50097811 0.4300719  0.3916456  0.43756236  0.62163226 0.35296685 0.26949187 0.4003979 
0.55661818 0.74594472 0.20886118 0.44920213 0.19496094 0.76135967  0.37979866 0.58297625 0.42898846 0.45825458 0.48195032 0.44602184  0.60876899 0.39639515 0.24685966 0.3388611 
0.57233695 0.72062706 0.21571342 0.42286163 0.1890648  0.74732187  0.35737826 0.65560782 0.42581261 0.47521054 0.46841828 0.45567286  0.55369525 0.37420683 0.26758181 0.35093731
0.69733966 0.60964183 0.34161959 0.41087394 0.09626508 0.58383673  0.43774822 0.6993154  0.15305885 0.58365934 0.47065672 0.60200349  0.4514697  0.34486562 0.47010612 0.23251279
0.73752357 0.58970418 0.36527406 0.32672633 0.11521653 0.55490049  0.50522239 0.72420741 0.15627351 0.48212901 0.50467244 0.59123678  0.52514324 0.42959017 0.59428686 0.29868605
0.75243484 0.6027084  0.43522572 0.3482147  0.09170791 0.51994398  0.54738349 0.69801762 0.17938996 0.44927258 0.48757713 0.56099376  0.53425808 0.41774115 0.62331217 0.30672909
0.77756357 0.63383562 0.56605028 0.37879768 0.08686571 0.467947  0.61039125 0.64732199 0.25670164 0.34320474 0.42715077 0.48187635  0.51429104 0.31576723 0.74721964 0.35960841
0.78551315 0.66226358 0.62752145 0.36189904 0.14531241 0.47743629  0.60375163 0.63950156 0.26804721 0.31996721 0.38549908 0.42229555  0.46294526 0.30911016 0.75666122 0.3291885 
0.78715428 0.67088557 0.64608008 0.34382875 0.20754924 0.48993859  0.59205689 0.64159121 0.26235842 0.34551195 0.39972118 0.43843316  0.48246271 0.31253408 0.74506015 0.31179838
0.79010481 0.683421   0.67192406 0.32813369 0.25454792 0.49886321  0.58113894 0.64004764 0.253921   0.34058804 0.3949379  0.43296919  0.46963885 0.31196457 0.75108919 0.2913842 
0.79592819 0.70389448 0.71825416 0.30444278 0.33542236 0.51190928  0.56535883 0.63222003 0.24356719 0.31498735 0.39345484 0.43512416  0.45796301 0.29959902 0.76906571 0.28275677
0.79592819 0.70389448 0.71825416 0.30444278 0.33542236 0.51190928  0.56535883 0.63222003 0.24356719 0.31498735 0.39345484 0.43512416  0.45796301 0.29959902 0.76906571 0.28275677
0.79830648 0.70793084 0.73300388 0.29593525 0.34463834 0.49175499  0.58351086 0.64255823 0.2868237  0.37341076 0.37604059 0.38989156  0.44194407 0.31804623 0.74531776 0.30067835
0.7997739  0.71606494 0.74950704 0.28233394 0.39263757 0.50650616  0.56769967 0.64768929 0.26551739 0.36394377 0.40468276 0.43206035  0.43419377 0.30407172 0.75637789 0.32138059
0.7973956  0.71202858 0.73475732 0.29084147 0.38342159 0.52666045  0.54954764 0.63735108 0.22226088 0.30552036 0.42209702 0.47729295  0.45021271 0.28562451 0.78012585 0.303459  
0.7973956  0.71202858 0.73475732 0.29084147 0.38342159 0.52666045  0.54954764 0.63735108 0.22226088 0.30552036 0.42209702 0.47729295  0.45021271 0.28562451 0.78012585 0.303459  
0.79592819 0.70389448 0.71825416 0.30444278 0.33542236 0.51190928  0.56535883 0.63222003 0.24356719 0.31498735 0.39345484 0.43512416  0.45796301 0.29959902 0.76906571 0.28275677
0.788335   0.67110534 0.65005931 0.35139283 0.19678445 0.49121648  0.58669321 0.62938778 0.2394509  0.2525999  0.40416004 0.46665696  0.43927485 0.26785231 0.80433856 0.35306498
0.78518074 0.65548769 0.62058469 0.36444705 0.15472314 0.47546858  0.60432116 0.63269981 0.25257037 0.26452985 0.41040221 0.47763084  0.45959651 0.26068763 0.80940499 0.37586463
0.80796936 0.57113588 0.55479853 0.34172035 0.1034327  0.4217453  0.60462907 0.52728112 0.33884492 0.32928243 0.31276546 0.54176729  0.54593594 0.43089217 0.87474642 0.39627152
0.8243995  0.47808445 0.47714187 0.33125247 0.11723067 0.38550082  0.52003668 0.51080556 0.37328597 0.31415254 0.44331648 0.61071144  0.59407283 0.41289477 0.76309557 0.35243281
0.85070077 0.35862143 0.38344463 0.31889539 0.17077486 0.36704118  0.39648491 0.32274735 0.40094679 0.3285461  0.42568617 0.62843396  0.66946688 0.3538112  0.64773379 0.17868462
0.84155308 0.35312886 0.34617034 0.30112965 0.19412844 0.37776513  0.39643954 0.35052241 0.41061034 0.35642005 0.40913439 0.61408607  0.63301762 0.30915481 0.67821926 0.16111503
0.83421807 0.34876582 0.31331705 0.28547763 0.2073072  0.39059609  0.38680592 0.3775569  0.41999892 0.44009969 0.40542804 0.60639486  0.63072184 0.34578003 0.60927681 0.12129207
0.81543918 0.34621525 0.24238534 0.24415728 0.24578307 0.4181188  0.37310864 0.41832915 0.44468191 0.47843284 0.37156538 0.5792323  0.56893274 0.32417922 0.59229063 0.137255  
0.81543918 0.34621525 0.24238534 0.24415728 0.24578307 0.4181188  0.37310864 0.41832915 0.44468191 0.47843284 0.37156538 0.5792323  0.56893274 0.32417922 0.59229063 0.137255  
0.80755007 0.30696612 0.16545451 0.28170203 0.35149239 0.53382845  0.36271458 0.43455641 0.42116454 0.41554837 0.28724679 0.44921676  0.56228771 0.29818101 0.66210712 0.19348461
0.80755007 0.30696612 0.16545451 0.28170203 0.35149239 0.53382845  0.36271458 0.43455641 0.42116454 0.41554837 0.28724679 0.44921676  0.56228771 0.29818101 0.66210712 0.19348461
0.77821413 0.35250937 0.11078182 0.17848262 0.36559738 0.52350332  0.33864324 0.43382403 0.52273208 0.37314048 0.25354835 0.44652416  0.47235953 0.26329985 0.53308895 0.3562632 
0.77821413 0.35250937 0.11078182 0.17848262 0.36559738 0.52350332  0.33864324 0.43382403 0.52273208 0.37314048 0.25354835 0.44652416  0.47235953 0.26329985 0.53308895 0.3562632 
0.77821413 0.35250937 0.11078182 0.17848262 0.36559738 0.52350332  0.33864324 0.43382403 0.52273208 0.37314048 0.25354835 0.44652416  0.47235953 0.26329985 0.53308895 0.3562632 
0.77045293 0.38261378 0.11810865 0.13503757 0.33883886 0.48945744  0.34555663 0.43957064 0.56631317 0.37898498 0.25354133 0.50240491  0.4553934  0.28566417 0.47715708 0.3362237 
0.75500101 0.3959788  0.09496858 0.12721651 0.36291236 0.47253131  0.39032606 0.42928219 0.61687182 0.36024464 0.29584427 0.49735479  0.46131689 0.29342549 0.53318046 0.40450296
0.69488541 0.49247868 0.06787413 0.16839259 0.39582498 0.48297194  0.5221227  0.30040984 0.64237325 0.3407115  0.34638273 0.49585521  0.61259524 0.45399859 0.62351359 0.434934  
0.61692954 0.61349721 0.05710926 0.27184573 0.40802185 0.51303045  0.63016546 0.21041973 0.57796563 0.39969232 0.41021668 0.50292379  0.59769121 0.50363248 0.69979755 0.45171591
0.52365436 0.76654404 0.08293078 0.43529634 0.36887806 0.59417578  0.64145388 0.26173472 0.43197322 0.46968089 0.49092753 0.46950918  0.42653409 0.34162306 0.49058301 0.42816972
0.49279506 0.79883281 0.08948759 0.4538334  0.37477935 0.53766039  0.67361769 0.34105092 0.40775879 0.46182159 0.56147453 0.45894149  0.33910793 0.39120822 0.51804061 0.41814157
0.49279506 0.79883281 0.08948759 0.4538334  0.37477935 0.53766039  0.67361769 0.34105092 0.40775879 0.46182159 0.56147453 0.45894149  0.33910793 0.39120822 0.51804061 0.41814157
0.4379931  0.79244428 0.09675666 0.52042949 0.40462433 0.42381772  0.62519495 0.3779916  0.36622467 0.43523306 0.53680303 0.45352515  0.27208436 0.37085559 0.48186201 0.36053727
0.4190961  0.78594906 0.09731725 0.54198473 0.42438664 0.36823846  0.61217763 0.38716247 0.34998388 0.44014661 0.51130932 0.46095869  0.23456838 0.38721613 0.52727773 0.34660798
0.4190961  0.78594906 0.09731725 0.54198473 0.42438664 0.36823846  0.61217763 0.38716247 0.34998388 0.44014661 0.51130932 0.46095869  0.23456838 0.38721613 0.52727773 0.34660798
0.43799019 0.79494566 0.0957897  0.52431825 0.40605603 0.42464512  0.61865175 0.38140634 0.37819463 0.43735065 0.55528199 0.45044176  0.25443575 0.37185045 0.47884873 0.35999102
0.43799019 0.79494566 0.0957897  0.52431825 0.40605603 0.42464512  0.61865175 0.38140634 0.37819463 0.43735065 0.55528199 0.45044176  0.25443575 0.37185045 0.47884873 0.35999102
0.47519548 0.81056876 0.09654784 0.49702408 0.36448215 0.55085511  0.61469541 0.33360884 0.42118648 0.47317538 0.54490054 0.46542886  0.29218941 0.35246694 0.45807609 0.42316772
0.47519548 0.81056876 0.09654784 0.49702408 0.36448215 0.55085511  0.61469541 0.33360884 0.42118648 0.47317538 0.54490054 0.46542886  0.29218941 0.35246694 0.45807609 0.42316772
0.51063446 0.78752363 0.0882966  0.41029067 0.37272032 0.54616975  0.70739643 0.38563215 0.40662178 0.43244602 0.58982791 0.44134334  0.41918407 0.42158995 0.52790212 0.43021969
0.52906469 0.78820068 0.09336626 0.38841304 0.34732777 0.60797626  0.70061735 0.39068725 0.41489499 0.43795197 0.56221965 0.44478585  0.48337353 0.40582652 0.48947905 0.4686588 
0.52906469 0.78820068 0.09336626 0.38841304 0.34732777 0.60797626  0.70061735 0.39068725 0.41489499 0.43795197 0.56221965 0.44478585  0.48337353 0.40582652 0.48947905 0.4686588 
0.54585538 0.76698681 0.08965354 0.34547207 0.35390861 0.59149901  0.72032369 0.43166193 0.43851868 0.41619343 0.58055577 0.44022078  0.54140279 0.43690875 0.55830019 0.48269548
0.54585538 0.76698681 0.08965354 0.34547207 0.35390861 0.59149901  0.72032369 0.43166193 0.43851868 0.41619343 0.58055577 0.44022078  0.54140279 0.43690875 0.55830019 0.48269548
0.54585538 0.76698681 0.08965354 0.34547207 0.35390861 0.59149901  0.72032369 0.43166193 0.43851868 0.41619343 0.58055577 0.44022078  0.54140279 0.43690875 0.55830019 0.48269548
0.54585538 0.76698681 0.08965354 0.34547207 0.35390861 0.59149901  0.72032369 0.43166193 0.43851868 0.41619343 0.58055577 0.44022078  0.54140279 0.43690875 0.55830019 0.48269548
0.47448677 0.78970493 0.08816885 0.45957232 0.39659092 0.46702966  0.69059135 0.37967756 0.38100772 0.42108331 0.59734968 0.43652086  0.33887025 0.39423119 0.49339753 0.36889416
0.47448677 0.78970493 0.08816885 0.45957232 0.39659092 0.46702966  0.69059135 0.37967756 0.38100772 0.42108331 0.59734968 0.43652086  0.33887025 0.39423119 0.49339753 0.36889416
0.40057693 0.77142888 0.10020019 0.54118359 0.44177577 0.30871409  0.62662653 0.42697874 0.32095166 0.39480668 0.53314665 0.43651431  0.27910843 0.39342201 0.47265322 0.30732375
0.30795034 0.72926347 0.13765831 0.62155086 0.45930641 0.20759703  0.48043537 0.49801542 0.31795009 0.38341961 0.37013833 0.45848937  0.38283687 0.39230723 0.45626477 0.35202854
0.03530472 0.41371177 0.32449245 0.44717499 0.36543573 0.42942868  0.4584486  0.49182641 0.42935187 0.38251683 0.3665383  0.45119726  0.57400726 0.38653202 0.39012683 0.47468522
0.00039479 0.36283831 0.35232302 0.39930133 0.34523319 0.50234819  0.48417291 0.45702496 0.47508945 0.39693445 0.45000532 0.44589633  0.47476172 0.42761975 0.50206904 0.41641874
0.00039479 0.36283831 0.35232302 0.39930133 0.34523319 0.50234819  0.48417291 0.45702496 0.47508945 0.39693445 0.45000532 0.44589633  0.47476172 0.42761975 0.50206904 0.41641874
0.00039479 0.36283831 0.35232302 0.39930133 0.34523319 0.50234819  0.48417291 0.45702496 0.47508945 0.39693445 0.45000532 0.44589633  0.47476172 0.42761975 0.50206904 0.41641874
0.00039479 0.36283831 0.35232302 0.39930133 0.34523319 0.50234819  0.48417291 0.45702496 0.47508945 0.39693445 0.45000532 0.44589633  0.47476172 0.42761975 0.50206904 0.41641874
0.00039479 0.36283831 0.35232302 0.39930133 0.34523319 0.50234819  0.48417291 0.45702496 0.47508945 0.39693445 0.45000532 0.44589633  0.47476172 0.42761975 0.50206904 0.41641874
0.00039479 0.36283831 0.35232302 0.39930133 0.34523319 0.50234819  0.48417291 0.45702496 0.47508945 0.39693445 0.45000532 0.44589633  0.47476172 0.42761975 0.50206904 0.41641874
0.00039479 0.36283831 0.35232302 0.39930133 0.34523319 0.50234819  0.48417291 0.45702496 0.47508945 0.39693445 0.45000532 0.44589633  0.47476172 0.42761975 0.50206904 0.41641874
0.00039479 0.36283831 0.35232302 0.39930133 0.34523319 0.50234819  0.48417291 0.45702496 0.47508945 0.39693445 0.45000532 0.44589633  0.47476172 0.42761975 0.50206904 0.41641874
0.00039479 0.36283831 0.35232302 0.39930133 0.34523319 0.50234819  0.48417291 0.45702496 0.47508945 0.39693445 0.45000532 0.44589633  0.47476172 0.42761975 0.50206904 0.41641874
0.00039479 0.36283831 0.35232302 0.39930133 0.34523319 0.50234819  0.48417291 0.45702496 0.47508945 0.39693445 0.45000532 0.44589633  0.47476172 0.42761975 0.50206904 0.41641874
0.00039479 0.36283831 0.35232302 0.39930133 0.34523319 0.50234819  0.48417291 0.45702496 0.47508945 0.39693445 0.45000532 0.44589633  0.47476172 0.42761975 0.50206904 0.41641874
0.00039479 0.36283831 0.35232302 0.39930133 0.34523319 0.50234819  0.48417291 0.45702496 0.47508945 0.39693445 0.45000532 0.44589633  0.47476172 0.42761975 0.50206904 0.41641874
0.00039479 0.36283831 0.35232302 0.39930133 0.34523319 0.50234819  0.48417291 0.45702496 0.47508945 0.39693445 0.45000532 0.44589633  0.47476172 0.42761975 0.50206904 0.41641874
0.00039479 0.36283831 0.35232302 0.39930133 0.34523319 0.50234819  0.48417291 0.45702496 0.47508945 0.39693445 0.45000532 0.44589633  0.47476172 0.42761975 0.50206904 0.41641874
0.14494614 0.56641594 0.24924673 0.56746414 0.4016251  0.35741312  0.33683084 0.55255519 0.56642913 0.37611434 0.46865647 0.43917024  0.54416002 0.55212894 0.68848927 0.37264321
0.18173321 0.61453417 0.22391795 0.59883238 0.4130924  0.32337851  0.33553719 0.55647466 0.53342407 0.36674109 0.4566518  0.43714188  0.54272844 0.50542547 0.59718128 0.3664519 
0.29185453 0.74077459 0.16103792 0.65189407 0.41778988 0.3255871  0.32666498 0.55711226 0.56284413 0.3366047  0.56026706 0.40180838  0.54378608 0.46447032 0.45084772 0.32798655
0.29185453 0.74077459 0.16103792 0.65189407 0.41778988 0.3255871  0.32666498 0.55711226 0.56284413 0.3366047  0.56026706 0.40180838  0.54378608 0.46447032 0.45084772 0.32798655
0.29185453 0.74077459 0.16103792 0.65189407 0.41778988 0.3255871  0.32666498 0.55711226 0.56284413 0.3366047  0.56026706 0.40180838  0.54378608 0.46447032 0.45084772 0.32798655
0.34587152 0.71829212 0.14756129 0.53133215 0.42326534 0.33672821  0.47656886 0.60795492 0.5236119  0.27439354 0.65029729 0.35714549  0.67411924 0.53727156 0.492416   0.30986155
0.39878865 0.69899053 0.12117695 0.43383322 0.44706691 0.29723393  0.63304536 0.60755643 0.45020654 0.25728852 0.69173214 0.3520169  0.65176381 0.55514875 0.55091442 0.28964687
0.39878865 0.69899053 0.12117695 0.43383322 0.44706691 0.29723393  0.63304536 0.60755643 0.45020654 0.25728852 0.69173214 0.3520169  0.65176381 0.55514875 0.55091442 0.28964687
0.43506782 0.69210997 0.12210797 0.37487721 0.42326264 0.35891616  0.6510495  0.66791653 0.48131144 0.23216717 0.74328559 0.32875707  0.73834218 0.55551216 0.51119396 0.32102107
0.43506782 0.69210997 0.12210797 0.37487721 0.42326264 0.35891616  0.6510495  0.66791653 0.48131144 0.23216717 0.74328559 0.32875707  0.73834218 0.55551216 0.51119396 0.32102107
0.44747371 0.65673945 0.11559977 0.37932019 0.43926577 0.33533695  0.61359508 0.6533992  0.50623657 0.20510495 0.80598284 0.30420624  0.71829509 0.49359255 0.41716939 0.29396549
0.47526102 0.58921548 0.10340449 0.35459006 0.46784838 0.27715702  0.55778854 0.59022126 0.5911396  0.15916652 0.83377977 0.29523129  0.71273063 0.50608956 0.32347374 0.25749546
0.51075136 0.59722295 0.07780704 0.32232757 0.48664737 0.23357654  0.68450209 0.51834263 0.4332783  0.20096207 0.73286446 0.3346919  0.58972978 0.44087547 0.29625697 0.28078966
0.54569812 0.57762307 0.07841002 0.26768892 0.46726111 0.26996683  0.6838138  0.56570069 0.47273498 0.17784586 0.76517267 0.32929924  0.60908888 0.40158312 0.31217556 0.30699906
0.54569812 0.57762307 0.07841002 0.26768892 0.46726111 0.26996683  0.6838138  0.56570069 0.47273498 0.17784586 0.76517267 0.32929924  0.60908888 0.40158312 0.31217556 0.30699906
0.54569812 0.57762307 0.07841002 0.26768892 0.46726111 0.26996683  0.6838138  0.56570069 0.47273498 0.17784586 0.76517267 0.32929924  0.60908888 0.40158312 0.31217556 0.30699906
0.54569812 0.57762307 0.07841002 0.26768892 0.46726111 0.26996683  0.6838138  0.56570069 0.47273498 0.17784586 0.76517267 0.32929924  0.60908888 0.40158312 0.31217556 0.30699906
0.54569812 0.57762307 0.07841002 0.26768892 0.46726111 0.26996683  0.6838138  0.56570069 0.47273498 0.17784586 0.76517267 0.32929924  0.60908888 0.40158312 0.31217556 0.30699906
0.54805671 0.58568758 0.09238751 0.25004451 0.43965301 0.27836923  0.69008643 0.67312936 0.43137284 0.2073142  0.72531166 0.35057469  0.52229275 0.37694083 0.43875952 0.3442988 
0.56648694 0.58636463 0.09745717 0.22816688 0.41426046 0.34017574  0.68330735 0.67818446 0.43964606 0.21282015 0.6977034  0.3540172  0.58648221 0.3611774  0.40033644 0.38273791
0.60909978 0.56165267 0.1214197  0.26816255 0.36115257 0.3534672  0.63881523 0.79702963 0.40596491 0.3645717  0.76166058 0.41362723  0.36151007 0.24652913 0.52654837 0.47288695
0.59669389 0.59702319 0.1279279  0.26371957 0.34514944 0.37704642  0.67626965 0.81154696 0.38103979 0.39163392 0.69896334 0.43817806  0.38155716 0.30844874 0.62057294 0.49994253
0.65087027 0.61033375 0.14016826 0.24167101 0.27972854 0.54712602  0.60997727 0.75939121 0.41647835 0.47955498 0.55917424 0.49227932  0.38319444 0.28311606 0.65607381 0.58814309
0.62828668 0.67665687 0.12011784 0.22555531 0.29793277 0.64754367  0.63044527 0.55635    0.42745327 0.42908314 0.34679849 0.48301516  0.65827261 0.47531679 0.55011777 0.52480352
0.61149599 0.69787075 0.12383057 0.26849627 0.29135193 0.66402092  0.61073893 0.51537532 0.40382958 0.45084168 0.32846237 0.48758023  0.60024335 0.44423455 0.48129662 0.51076684
0.62652997 0.66751469 0.11839761 0.24414103 0.29927925 0.64061788  0.60005614 0.46837079 0.44283707 0.44547486 0.2838134  0.50982239  0.62005332 0.5233032  0.51971193 0.52030769
0.62652997 0.66751469 0.11839761 0.24414103 0.29927925 0.64061788  0.60005614 0.46837079 0.44283707 0.44547486 0.2838134  0.50982239  0.62005332 0.5233032  0.51971193 0.52030769
0.65803198 0.61412126 0.10977007 0.17914822 0.31592023 0.59144177  0.59912499 0.49283154 0.5130465  0.39980607 0.3072205  0.51014479  0.67790418 0.60399631 0.56895151 0.53314605
0.65803198 0.61412126 0.10977007 0.17914822 0.31592023 0.59144177  0.59912499 0.49283154 0.5130465  0.39980607 0.3072205  0.51014479  0.67790418 0.60399631 0.56895151 0.53314605
0.65803198 0.61412126 0.10977007 0.17914822 0.31592023 0.59144177  0.59912499 0.49283154 0.5130465  0.39980607 0.3072205  0.51014479  0.67790418 0.60399631 0.56895151 0.53314605
0.64124129 0.63533514 0.1134828  0.22208918 0.30933939 0.60791902  0.57941865 0.45185686 0.48942281 0.42156461 0.28888438 0.51470986  0.61987491 0.57291408 0.50013036 0.51910937
0.59346228 0.70316984 0.09774082 0.2875923  0.33139558 0.61473117  0.65734636 0.36945205 0.46635765 0.42667605 0.37942206 0.49293512  0.6291874  0.56159534 0.5427565  0.50856255
0.52532475 0.75815148 0.08133258 0.39159103 0.38070213 0.52929149  0.69969933 0.31599067 0.43663399 0.44245999 0.52230609 0.47066251  0.43643535 0.49586731 0.58818127 0.43718207
0.50772517 0.76988743 0.08839284 0.43478171 0.37040493 0.54248621  0.64077704 0.30854859 0.45006168 0.45381378 0.5057321  0.47714987  0.38951683 0.45712603 0.52821675 0.44220822
0.42055139 0.79928218 0.10986994 0.55541899 0.3886036  0.45061584  0.54712933 0.39972331 0.41797767 0.42225304 0.54911502 0.44194778  0.27928668 0.35863785 0.45018561 0.35007786
0.21774056 0.63425161 0.20098686 0.57237956 0.42480749 0.28917398  0.46642768 0.50292788 0.35255215 0.36292352 0.40401663 0.43554403  0.41508004 0.36202051 0.35995549 0.36236269
0.14415056 0.55084615 0.249528   0.53692446 0.403329   0.34455317  0.42801922 0.5040752  0.42797861 0.38480989 0.3897144  0.44957639  0.46872343 0.42732542 0.49069783 0.41283814
0.04151079 0.44422899 0.38305766 0.40393593 0.5164881  0.49206091  0.40226753 0.48554446 0.44550281 0.41357388 0.4689639  0.50602258  0.51869089 0.43875125 0.51079241 0.4071228 
0.0193403  0.4462837  0.53482404 0.27668593 0.78991268 0.61469621  0.3516972  0.45074042 0.36105162 0.38580517 0.62106714 0.69438511  0.4988249  0.36981046 0.51163589 0.4706126 
0.04018198 0.48103263 0.53860853 0.31071639 0.77395989 0.57415808  0.33306488 0.45873329 0.3728293  0.32080361 0.55453615 0.63826721  0.4875054  0.39258182 0.5638437  0.48794774
0.05418076 0.50387478 0.61165204 0.31428884 0.78197789 0.56470931  0.32604725 0.43158547 0.37084943 0.29751442 0.55318066 0.62421769  0.4902943  0.44202927 0.52753959 0.5082354 
0.05467683 0.50821917 0.62161179 0.3026766  0.82986881 0.57828095  0.31024072 0.4345378  0.35686134 0.30503854 0.58891552 0.67650741  0.50304847 0.42526489 0.5314196  0.5260112 
0.05393952 0.50665144 0.61669391 0.30704792 0.81422477 0.57666755  0.31567434 0.43279701 0.3605191  0.30771567 0.57362779 0.64796829  0.51110105 0.44487315 0.52291393 0.49551297
0.0458406  0.47878142 0.55829739 0.32150302 0.77829635 0.57248841  0.32507357 0.44359431 0.3579951  0.35563531 0.61657355 0.71201599  0.57316315 0.43676285 0.50991428 0.5067826 
0.03352873 0.42796097 0.4426145  0.39393612 0.49858855 0.49691931  0.42021632 0.45051262 0.45168829 0.4099602  0.46175936 0.47795707  0.57307424 0.50908423 0.47433246 0.38726103
0.02873334 0.40372132 0.39458127 0.42506064 0.39429041 0.46866911  0.44953901 0.451735   0.47049655 0.39634542 0.45377943 0.47279334  0.57387845 0.49849562 0.49099996 0.4274508 
0.00039479 0.36283831 0.35232302 0.39930133 0.34523319 0.50234819  0.48417291 0.45702496 0.47508945 0.39693445 0.45000532 0.44589633  0.47476172 0.42761975 0.50206904 0.41641874
0.00039479 0.36283831 0.35232302 0.39930133 0.34523319 0.50234819  0.48417291 0.45702496 0.47508945 0.39693445 0.45000532 0.44589633  0.47476172 0.42761975 0.50206904 0.41641874
0.00039479 0.36283831 0.35232302 0.39930133 0.34523319 0.50234819  0.48417291 0.45702496 0.47508945 0.39693445 0.45000532 0.44589633  0.47476172 0.42761975 0.50206904 0.41641874
0.00039479 0.36283831 0.35232302 0.39930133 0.34523319 0.50234819  0.48417291 0.45702496 0.47508945 0.39693445 0.45000532 0.44589633  0.47476172 0.42761975 0.50206904 0.41641874
0.00039479 0.36283831 0.35232302 0.39930133 0.34523319 0.50234819  0.48417291 0.45702496 0.47508945 0.39693445 0.45000532 0.44589633  0.47476172 0.42761975 0.50206904 0.41641874
0.00039479 0.36283831 0.35232302 0.39930133 0.34523319 0.50234819  0.48417291 0.45702496 0.47508945 0.39693445 0.45000532 0.44589633  0.47476172 0.42761975 0.50206904 0.41641874
0.00039479 0.36283831 0.35232302 0.39930133 0.34523319 0.50234819  0.48417291 0.45702496 0.47508945 0.39693445 0.45000532 0.44589633  0.47476172 0.42761975 0.50206904 0.41641874
0.00039479 0.36283831 0.35232302 0.39930133 0.34523319 0.50234819  0.48417291 0.45702496 0.47508945 0.39693445 0.45000532 0.44589633  0.47476172 0.42761975 0.50206904 0.41641874
0.00039479 0.36283831 0.35232302 0.39930133 0.34523319 0.50234819  0.48417291 0.45702496 0.47508945 0.39693445 0.45000532 0.44589633  0.47476172 0.42761975 0.50206904 0.41641874
0.00039479 0.36283831 0.35232302 0.39930133 0.34523319 0.50234819  0.48417291 0.45702496 0.47508945 0.39693445 0.45000532 0.44589633  0.47476172 0.42761975 0.50206904 0.41641874
0.00039479 0.36283831 0.35232302 0.39930133 0.34523319 0.50234819  0.48417291 0.45702496 0.47508945 0.39693445 0.45000532 0.44589633  0.47476172 0.42761975 0.50206904 0.41641874
0.00039479 0.36283831 0.35232302 0.39930133 0.34523319 0.50234819  0.48417291 0.45702496 0.47508945 0.39693445 0.45000532 0.44589633  0.47476172 0.42761975 0.50206904 0.41641874
0.00039479 0.36283831 0.35232302 0.39930133 0.34523319 0.50234819  0.48417291 0.45702496 0.47508945 0.39693445 0.45000532 0.44589633  0.47476172 0.42761975 0.50206904 0.41641874
0.00039479 0.36283831 0.35232302 0.39930133 0.34523319 0.50234819  0.48417291 0.45702496 0.47508945 0.39693445 0.45000532 0.44589633  0.47476172 0.42761975 0.50206904 0.41641874
0.05337468 0.44339667 0.31072064 0.47713529 0.37735884 0.41056572  0.41585742 0.51214655 0.47938018 0.38701848 0.38709681 0.45318318  0.578544   0.46248728 0.52979211 0.46139141
0.25348622 0.71136997 0.17563316 0.67688859 0.43151247 0.26742085  0.27495577 0.58244661 0.53373258 0.38449213 0.38678118 0.45763486  0.56439986 0.47958742 0.59795822 0.42736216
0.47334614 0.79126288 0.14863427 0.5319326  0.29300601 0.64973916  0.38833961 0.42632892 0.44884352 0.50034184 0.2987235  0.501872  0.41070799 0.30775799 0.36375783 0.46747339
0.64448288 0.6653841  0.15691895 0.23175332 0.25679182 0.6642694  0.56447652 0.69704458 0.34383758 0.44524966 0.35488232 0.46615913  0.54291567 0.33152194 0.4862851  0.45158992
0.70711885 0.63866608 0.29612462 0.21161223 0.23981882 0.5635463  0.57833502 0.53737005 0.43520383 0.48354074 0.22234901 0.42416341  0.58378355 0.64660831 0.47497657 0.46376066
0.83658583 0.61301013 0.68913616 0.1980645  0.41183612 0.3977827  0.5867682  0.56826168 0.52485872 0.66478975 0.2094263  0.30282141  0.56052002 0.60954027 0.62163341 0.21524871
0.84066202 0.60248429 0.69924281 0.225381   0.41479636 0.37831845  0.63302251 0.57142447 0.60584443 0.70559083 0.22083714 0.32162722  0.58326093 0.53564878 0.59277268 0.28647935
0.86047196 0.53315837 0.68050502 0.2779211  0.35985343 0.31565172  0.62306471 0.52660802 0.65506506 0.71243148 0.32780397 0.32301892  0.57111037 0.51172823 0.49147031 0.35086198
0.8703925  0.48592246 0.64497663 0.29278754 0.33119153 0.29301993  0.60129465 0.45139778 0.69477261 0.71205645 0.31054318 0.33045852  0.59808159 0.48242899 0.4559444  0.33992421
0.86439428 0.40669589 0.52112729 0.30832183 0.26809218 0.26541554  0.57572754 0.48734504 0.709051   0.7744998  0.40111433 0.35845488  0.58831299 0.41205365 0.36347204 0.28936107
0.85654508 0.38349572 0.46554779 0.33128229 0.20176995 0.27927279  0.54967025 0.48036576 0.6430986  0.69858146 0.46380534 0.46847071  0.58631684 0.40795902 0.39641027 0.33281773
0.81950717 0.38969302 0.33938582 0.31806169 0.14535456 0.39613145  0.44966788 0.47894911 0.36417392 0.55004892 0.50788985 0.67666235  0.66126769 0.53592119 0.58109296 0.25730677
0.81376904 0.35092145 0.25477049 0.27885158 0.20758794 0.42274581  0.39758883 0.43849536 0.37926703 0.58859765 0.43812136 0.65968207  0.60160201 0.48880254 0.5770553  0.22648825
0.80888028 0.33077004 0.21964168 0.29599241 0.25463253 0.45298124  0.40635646 0.45561878 0.39541598 0.59907895 0.42797352 0.59089114  0.53254372 0.49440695 0.56960101 0.37311576
0.80888028 0.33077004 0.21964168 0.29599241 0.25463253 0.45298124  0.40635646 0.45561878 0.39541598 0.59907895 0.42797352 0.59089114  0.53254372 0.49440695 0.56960101 0.37311576
0.78595402 0.34981451 0.15658905 0.24095357 0.30540959 0.49320818  0.39299599 0.46581919 0.46550815 0.52509653 0.34856392 0.53592317  0.46624533 0.43077805 0.53460331 0.47689198
0.78595402 0.34981451 0.15658905 0.24095357 0.30540959 0.49320818  0.39299599 0.46581919 0.46550815 0.52509653 0.34856392 0.53592317  0.46624533 0.43077805 0.53460331 0.47689198
0.78150089 0.35847668 0.14699046 0.24143745 0.33805437 0.54630903  0.40439092 0.48295792 0.46840643 0.46065612 0.22303797 0.4986261  0.4363018  0.45295379 0.56967399 0.38362911
0.78150089 0.35847668 0.14699046 0.24143745 0.33805437 0.54630903  0.40439092 0.48295792 0.46840643 0.46065612 0.22303797 0.4986261  0.4363018  0.45295379 0.56967399 0.38362911
0.78158203 0.33775205 0.11282869 0.21977619 0.38389392 0.54352629  0.37275521 0.46265198 0.54065367 0.38392942 0.24053334 0.44503843  0.43245648 0.35128411 0.47002389 0.39293336
0.78158203 0.33775205 0.11282869 0.21977619 0.38389392 0.54352629  0.37275521 0.46265198 0.54065367 0.38392942 0.24053334 0.44503843  0.43245648 0.35128411 0.47002389 0.39293336
0.76220816 0.36781441 0.09218591 0.17432315 0.38655121 0.49818269  0.39261321 0.4312876  0.58309949 0.37521591 0.30989926 0.44589365  0.45557056 0.32025246 0.52976594 0.47221128
0.72789242 0.45773556 0.08903931 0.12557578 0.36356117 0.51069479  0.46328119 0.40233599 0.6187462  0.36406978 0.2546431  0.51483709  0.59956313 0.418504   0.5901102  0.45241958
0.72789242 0.45773556 0.08903931 0.12557578 0.36356117 0.51069479  0.46328119 0.40233599 0.6187462  0.36406978 0.2546431  0.51483709  0.59956313 0.418504   0.5901102  0.45241958
0.72789242 0.45773556 0.08903931 0.12557578 0.36356117 0.51069479  0.46328119 0.40233599 0.6187462  0.36406978 0.2546431  0.51483709  0.59956313 0.418504   0.5901102  0.45241958
0.72789242 0.45773556 0.08903931 0.12557578 0.36356117 0.51069479  0.46328119 0.40233599 0.6187462  0.36406978 0.2546431  0.51483709  0.59956313 0.418504   0.5901102  0.45241958
0.77045293 0.38261378 0.11810865 0.13503757 0.33883886 0.48945744  0.34555663 0.43957064 0.56631317 0.37898498 0.25354133 0.50240491  0.4553934  0.28566417 0.47715708 0.3362237 
0.80919128 0.30529003 0.17587145 0.28133177 0.32257986 0.49441092  0.33956813 0.42672924 0.41053296 0.47984164 0.3906803  0.46533436  0.47479351 0.43205667 0.43152933 0.41438952
0.87188124 0.30923618 0.41459834 0.36423938 0.31916544 0.3627793  0.44512981 0.40378229 0.49284239 0.7204342  0.44363498 0.32568122  0.54819723 0.55052379 0.34530597 0.36909326
0.90523493 0.31457272 0.55606163 0.4426891  0.38789681 0.31728372  0.59182134 0.39622269 0.69058712 0.78849329 0.36124414 0.21744351  0.62495602 0.45533034 0.35256665 0.38887017
0.90818545 0.32710815 0.58190562 0.42699404 0.4348955  0.32620834  0.58090339 0.39467912 0.68214971 0.78356938 0.35646086 0.21197955  0.61213215 0.45476082 0.3585957  0.36845599
0.90523493 0.31457272 0.55606163 0.4426891  0.38789681 0.31728372  0.59182134 0.39622269 0.69058712 0.78849329 0.36124414 0.21744351  0.62495602 0.45533034 0.35256665 0.38887017
0.89497605 0.29710099 0.49669398 0.44696026 0.34257849 0.3351968  0.56650348 0.41375682 0.64055013 0.76144685 0.39133932 0.2830319  0.57748896 0.46712263 0.36435214 0.40216511
0.87973952 0.27089033 0.40608506 0.44817616 0.26791905 0.36340191  0.50424402 0.41082197 0.50156002 0.6736696  0.46645665 0.40744911  0.58450933 0.51433787 0.42057079 0.39973184
0.83272441 0.27653788 0.24789222 0.40989939 0.27293354 0.49236358  0.42217226 0.45537212 0.31411439 0.6093954  0.46192725 0.55340456  0.57369093 0.57951094 0.5470653  0.36526382
0.82062851 0.28455086 0.21554607 0.37993358 0.29633929 0.49694763  0.42865275 0.47049014 0.36403567 0.60490542 0.43772443 0.53607478  0.51037897 0.55828838 0.54302553 0.44418301
0.81225343 0.30991037 0.20844477 0.34278549 0.30756786 0.52163101  0.41513624 0.46655293 0.35882112 0.55049185 0.33926146 0.50468305  0.49762603 0.54167114 0.58181487 0.3619188 
0.8005052  0.35612956 0.21254037 0.25884431 0.2658611  0.47766461  0.39283995 0.45168157 0.39020143 0.54466538 0.32951055 0.55949941  0.51979078 0.4777897  0.60839035 0.29085154
0.81594423 0.38750715 0.30514427 0.23628315 0.24466109 0.3877272  0.46139203 0.45849017 0.5231201  0.68625088 0.28203407 0.52278085  0.57415046 0.43612447 0.58483487 0.18013501
0.83902791 0.41134025 0.41491302 0.26476182 0.22799706 0.35002892  0.49487973 0.41955276 0.55459911 0.69352145 0.266311   0.46622043  0.63759472 0.4756384  0.56560906 0.15232299
0.85402368 0.45266997 0.51579865 0.22818749 0.32294031 0.32746515  0.53138244 0.41310468 0.63410473 0.75824384 0.17207277 0.30517654  0.62195361 0.516942   0.50226317 0.10436969
0.85402368 0.45266997 0.51579865 0.22818749 0.32294031 0.32746515  0.53138244 0.41310468 0.63410473 0.75824384 0.17207277 0.30517654  0.62195361 0.516942   0.50226317 0.10436969
0.87539018 0.44743504 0.57982489 0.21687148 0.46032902 0.36699363  0.42585611 0.3466478  0.54568697 0.55645629 0.28706207 0.39442232  0.6377747  0.4140296  0.5024274  0.01935134
0.87333268 0.43975102 0.5628273  0.23143882 0.41723737 0.36737975  0.42250008 0.34393419 0.52544907 0.50691318 0.30059385 0.42917914  0.61192403 0.39451338 0.53627639 0.04949249
0.85365129 0.37115686 0.40928862 0.30320033 0.21777355 0.3759658  0.38556696 0.32120378 0.39250937 0.32362219 0.42090289 0.62297  0.65664301 0.35324168 0.65376283 0.15827044
0.84336576 0.3542584  0.35059134 0.30324337 0.18395363 0.37987214  0.38685129 0.34978184 0.41033537 0.41222574 0.42197982 0.62074275  0.6671711  0.39043642 0.57879134 0.13886165
0.82681936 0.34122362 0.27687556 0.2709314  0.2154311  0.40266845  0.37326685 0.40389832 0.40948928 0.49880042 0.41263361 0.61349707  0.6152551  0.37890624 0.56730868 0.10200643
0.79758226 0.31691458 0.14607381 0.25841921 0.35936251 0.5260737  0.33874815 0.42025345 0.44312642 0.41429955 0.32861303 0.41936253  0.50798487 0.35880214 0.45492552 0.40707873
0.79758226 0.31691458 0.14607381 0.25841921 0.35936251 0.5260737  0.33874815 0.42025345 0.44312642 0.41429955 0.32861303 0.41936253  0.50798487 0.35880214 0.45492552 0.40707873
0.79758226 0.31691458 0.14607381 0.25841921 0.35936251 0.5260737  0.33874815 0.42025345 0.44312642 0.41429955 0.32861303 0.41936253  0.50798487 0.35880214 0.45492552 0.40707873
0.79758226 0.31691458 0.14607381 0.25841921 0.35936251 0.5260737  0.33874815 0.42025345 0.44312642 0.41429955 0.32861303 0.41936253  0.50798487 0.35880214 0.45492552 0.40707873
0.79309775 0.29506997 0.10761522 0.2730501  0.40794818 0.56031863  0.33837354 0.43532178 0.44411643 0.40432893 0.31854267 0.34804041  0.45754313 0.31534921 0.48981557 0.51312866
0.79309775 0.29506997 0.10761522 0.2730501  0.40794818 0.56031863  0.33837354 0.43532178 0.44411643 0.40432893 0.31854267 0.34804041  0.45754313 0.31534921 0.48981557 0.51312866
0.80085895 0.26496556 0.10028839 0.31649515 0.4347067  0.59436451  0.33146015 0.42957517 0.40053535 0.39848443 0.31854969 0.29215966  0.47450926 0.29298489 0.54574744 0.53316816
0.80085895 0.26496556 0.10028839 0.31649515 0.4347067  0.59436451  0.33146015 0.42957517 0.40053535 0.39848443 0.31854969 0.29215966  0.47450926 0.29298489 0.54574744 0.53316816
0.81047484 0.22479077 0.09155524 0.39911602 0.48584876 0.66246775  0.37372115 0.46227109 0.39190146 0.37276068 0.26264094 0.25091394  0.46395887 0.33653459 0.60702753 0.50683777
0.81537622 0.20344082 0.08762222 0.44582851 0.51047077 0.69919957  0.39586853 0.48477267 0.3774267  0.35938579 0.24306986 0.23433486  0.46590999 0.34861932 0.64853095 0.49091055
0.81537622 0.20344082 0.08762222 0.44582851 0.51047077 0.69919957  0.39586853 0.48477267 0.3774267  0.35938579 0.24306986 0.23433486  0.46590999 0.34861932 0.64853095 0.49091055
0.81537622 0.20344082 0.08762222 0.44582851 0.51047077 0.69919957  0.39586853 0.48477267 0.3774267  0.35938579 0.24306986 0.23433486  0.46590999 0.34861932 0.64853095 0.49091055
0.81792082 0.19184106 0.08554442 0.47808378 0.52935228 0.72526902  0.42837162 0.51109002 0.40333093 0.33696493 0.2029051  0.25899991  0.44164123 0.37789661 0.63411773 0.43747564
0.8191333  0.18607888 0.08558611 0.49710288 0.53738084 0.73734432  0.45109915 0.52870306 0.42725069 0.32223382 0.18070651 0.28726821  0.41792818 0.40344759 0.60055024 0.41063859
0.80368138 0.1994439  0.06244604 0.48928182 0.56145435 0.72041819  0.49586858 0.51841462 0.47780934 0.30349348 0.22300944 0.28221809  0.42385167 0.41120892 0.65657363 0.47891786
0.80368138 0.1994439  0.06244604 0.48928182 0.56145435 0.72041819  0.49586858 0.51841462 0.47780934 0.30349348 0.22300944 0.28221809  0.42385167 0.41120892 0.65657363 0.47891786
0.78897868 0.22583013 0.05000858 0.49208407 0.57810629 0.73500244  0.53136929 0.47695109 0.50460885 0.28025641 0.24450552 0.27514955  0.54205081 0.47436782 0.6194788  0.49977889
0.7877662  0.23159231 0.04996688 0.47306497 0.57007772 0.72292714  0.50864176 0.45933805 0.48068909 0.29498752 0.26670411 0.24688126  0.56576387 0.44881684 0.65304629 0.52661594
0.73932462 0.29361534 0.02210468 0.53620447 0.61142716 0.71228296  0.59637969 0.29664724 0.50736098 0.26418908 0.3755788  0.22048636  0.67097815 0.54606759 0.6339798  0.50710232
0.71414944 0.33347467 0.00989844 0.50700605 0.61735681 0.65680952  0.63386466 0.27656464 0.56719885 0.24649292 0.42084153 0.26216114  0.63001265 0.53708296 0.70060334 0.42536749
0.71414944 0.33347467 0.00989844 0.50700605 0.61735681 0.65680952  0.63386466 0.27656464 0.56719885 0.24649292 0.42084153 0.26216114  0.63001265 0.53708296 0.70060334 0.42536749
0.69555507 0.37116953 0.01081267 0.50783419 0.59809925 0.64992905  0.61506717 0.19371837 0.51807873 0.28711644 0.45419179 0.23545521  0.6724383  0.53073747 0.65368225 0.46652229
0.65348297 0.46656175 0.02106843 0.35366402 0.5286348  0.46766099  0.57935538 0.14313002 0.59887103 0.29552158 0.50024665 0.3599506  0.61636442 0.4910266  0.61880527 0.36016999
0.61023686 0.57139129 0.03868074 0.30207664 0.46162096 0.41223299  0.5948436  0.08565776 0.63137955 0.3664506  0.45880737 0.48846546  0.54609418 0.55482473 0.58319067 0.36452666
0.59133986 0.56489607 0.03924133 0.32363187 0.48138327 0.35665373  0.58182629 0.09482862 0.61513877 0.37136415 0.43331367 0.495899  0.5085782  0.57118526 0.62860639 0.35059737
0.52672509 0.60877198 0.05300083 0.35329979 0.49200136 0.28467856  0.66905539 0.23644949 0.47445244 0.33122438 0.46322921 0.45800894  0.55844503 0.56791712 0.64303444 0.29853576
0.492095   0.64129503 0.05790454 0.43978349 0.48747955 0.29264644  0.61557031 0.15089358 0.45196576 0.38235849 0.41653971 0.48017216  0.42033963 0.50645315 0.56435179 0.27242096
0.43622186 0.58870585 0.07818525 0.43255508 0.51300205 0.20348155  0.64655012 0.16552813 0.35385256 0.3553914  0.33024682 0.48153121  0.47956207 0.48696863 0.47463474 0.27608702
0.41783913 0.56538179 0.09025866 0.41733312 0.50796977 0.21707027  0.65306691 0.16019379 0.35217795 0.36266096 0.31897009 0.48586205  0.48114871 0.47971191 0.47267913 0.30141612
0.43622186 0.58870585 0.07818525 0.43255508 0.51300205 0.20348155  0.64655012 0.16552813 0.35385256 0.3553914  0.33024682 0.48153121  0.47956207 0.48696863 0.47463474 0.27608702
0.35185482 0.60216955 0.1171522  0.46400473 0.50322322 0.1759898  0.66479    0.31637538 0.24014365 0.38667258 0.26103899 0.49100552  0.4824254  0.44898579 0.53839364 0.3686858 
0.35185482 0.60216955 0.1171522  0.46400473 0.50322322 0.1759898  0.66479    0.31637538 0.24014365 0.38667258 0.26103899 0.49100552  0.4824254  0.44898579 0.53839364 0.3686858 
0.28498553 0.62109128 0.15313154 0.51854485 0.47200444 0.183488  0.59617091 0.38749713 0.23141325 0.41031958 0.22279658 0.5090148  0.43399951 0.41294744 0.42221228 0.43516107
0.25238638 0.62459248 0.17392192 0.51382983 0.45490568 0.23207566  0.61797502 0.44097184 0.21610385 0.40829931 0.31790748 0.47870656  0.37533309 0.35101832 0.40302879 0.41561691
0.21514762 0.57842856 0.19631469 0.48973561 0.45213882 0.22402486  0.63577787 0.44381404 0.1632018  0.40998722 0.23263209 0.49352425  0.45022173 0.3155811  0.3335365  0.4808861 
0.19702943 0.55189153 0.20996872 0.46608029 0.44332763 0.24915054  0.65478031 0.42923938 0.16034715 0.41417384 0.24173593 0.49338735  0.42925116 0.30875976 0.33097173 0.48045945
0.16090298 0.54997924 0.23264034 0.52063825 0.42610691 0.27216757  0.51801014 0.47061254 0.2573762  0.40952032 0.2186372  0.49395088  0.50963585 0.32196481 0.34129445 0.51471081
0.14217894 0.52729067 0.24430848 0.51042169 0.4233654  0.27616187  0.51229138 0.47778751 0.26551632 0.41186272 0.20094421 0.497372  0.54247623 0.33955996 0.36618799 0.53667105
0.10762221 0.50310676 0.27206109 0.50693057 0.3975507  0.3379459  0.46547865 0.4973829  0.34360459 0.38176287 0.29578674 0.46250385  0.53713188 0.34048387 0.32602724 0.47527582
0.07102051 0.46648761 0.29681783 0.49538875 0.38534053 0.36816237  0.42637893 0.52216562 0.40838993 0.37342912 0.31490181 0.45582256  0.6405316  0.37092096 0.3395245  0.50760399
0.07102051 0.46648761 0.29681783 0.49538875 0.38534053 0.36816237  0.42637893 0.52216562 0.40838993 0.37342912 0.31490181 0.45582256  0.6405316  0.37092096 0.3395245  0.50760399
0.05336775 0.43914143 0.31083182 0.46832666 0.37416152 0.39938838  0.45143619 0.50292086 0.40448693 0.37548598 0.33684065 0.45259001  0.60541605 0.3574237  0.32371238 0.49045415
0.05336775 0.43914143 0.31083182 0.46832666 0.37416152 0.39938838  0.45143619 0.50292086 0.40448693 0.37548598 0.33684065 0.45259001  0.60541605 0.3574237  0.32371238 0.49045415
0.05336775 0.43914143 0.31083182 0.46832666 0.37416152 0.39938838  0.45143619 0.50292086 0.40448693 0.37548598 0.33684065 0.45259001  0.60541605 0.3574237  0.32371238 0.49045415
0.05336775 0.43914143 0.31083182 0.46832666 0.37416152 0.39938838  0.45143619 0.50292086 0.40448693 0.37548598 0.33684065 0.45259001  0.60541605 0.3574237  0.32371238 0.49045415
0.05336775 0.43914143 0.31083182 0.46832666 0.37416152 0.39938838  0.45143619 0.50292086 0.40448693 0.37548598 0.33684065 0.45259001  0.60541605 0.3574237  0.32371238 0.49045415
0.05336775 0.43914143 0.31083182 0.46832666 0.37416152 0.39938838  0.45143619 0.50292086 0.40448693 0.37548598 0.33684065 0.45259001  0.60541605 0.3574237  0.32371238 0.49045415
0.05336775 0.43914143 0.31083182 0.46832666 0.37416152 0.39938838  0.45143619 0.50292086 0.40448693 0.37548598 0.33684065 0.45259001  0.60541605 0.3574237  0.32371238 0.49045415
0.05336775 0.43914143 0.31083182 0.46832666 0.37416152 0.39938838  0.45143619 0.50292086 0.40448693 0.37548598 0.33684065 0.45259001  0.60541605 0.3574237  0.32371238 0.49045415
0.03530472 0.41371177 0.32449245 0.44717499 0.36543573 0.42942868  0.4584486  0.49182641 0.42935187 0.38251683 0.3665383  0.45119726  0.57400726 0.38653202 0.39012683 0.47468522
0.03530472 0.41371177 0.32449245 0.44717499 0.36543573 0.42942868  0.4584486  0.49182641 0.42935187 0.38251683 0.3665383  0.45119726  0.57400726 0.38653202 0.39012683 0.47468522
