0.00039479 0.36283831 0.35232302 0.39930133 0.34523319 0.50234819  0.48417291 0.45702496 0.47508945 0.39693445 0.45000532 0.44589633  0.47476172 0.42761975 0.50206904 0.41641874
0.00039479 0.36283831 0.35232302 0.39930133 0.34523319 0.50234819  0.48417291 0.45702496 0.47508945 0.39693445 0.45000532 0.44589633  0.47476172 0.42761975 0.50206904 0.41641874
0.00039479 0.36283831 0.35232302 0.39930133 0.34523319 0.50234819  0.48417291 0.45702496 0.47508945 0.39693445 0.45000532 0.44589633  0.47476172 0.42761975 0.50206904 0.41641874
0.00039479 0.36283831 0.35232302 0.39930133 0.34523319 0.50234819  0.48417291 0.45702496 0.47508945 0.39693445 0.45000532 0.44589633  0.47476172 0.42761975 0.50206904 0.41641874
0.00039479 0.36283831 0.35232302 0.39930133 0.34523319 0.50234819  0.48417291 0.45702496 0.47508945 0.39693445 0.45000532 0.44589633  0.47476172 0.42761975 0.50206904 0.41641874
0.00039479 0.36283831 0.35232302 0.39930133 0.34523319 0.50234819  0.48417291 0.45702496 0.47508945 0.39693445 0.45000532 0.44589633  0.47476172 0.42761975 0.50206904 0.41641874
0.00039479 0.36283831 0.35232302 0.39930133 0.34523319 0.50234819  0.48417291 0.45702496 0.47508945 0.39693445 0.45000532 0.44589633  0.47476172 0.42761975 0.50206904 0.41641874
0.00039479 0.36283831 0.35232302 0.39930133 0.34523319 0.50234819  0.48417291 0.45702496 0.47508945 0.39693445 0.45000532 0.44589633  0.47476172 0.42761975 0.50206904 0.41641874
0.00039479 0.36283831 0.35232302 0.39930133 0.34523319 0.50234819  0.48417291 0.45702496 0.47508945 0.39693445 0.45000532 0.44589633  0.47476172 0.42761975 0.50206904 0.41641874
0.00039479 0.36283831 0.35232302 0.39930133 0.34523319 0.50234819  0.48417291 0.45702496 0.47508945 0.39693445 0.45000532 0.44589633  0.47476172 0.42761975 0.50206904 0.41641874
0.00039479 0.36283831 0.35232302 0.39930133 0.34523319 0.50234819  0.48417291 0.45702496 0.47508945 0.39693445 0.45000532 0.44589633  0.47476172 0.42761975 0.50206904 0.41641874
0.00039479 0.36283831 0.35232302 0.39930133 0.34523319 0.50234819  0.48417291 0.45702496 0.47508945 0.39693445 0.45000532 0.44589633  0.47476172 0.42761975 0.50206904 0.41641874
0.00039479 0.36283831 0.35232302 0.39930133 0.34523319 0.50234819  0.48417291 0.45702496 0.47508945 0.39693445 0.45000532 0.44589633  0.47476172 0.42761975 0.50206904 0.41641874
0.00039479 0.36283831 0.35232302 0.39930133 0.34523319 0.50234819  0.48417291 0.45702496 0.47508945 0.39693445 0.45000532 0.44589633  0.47476172 0.42761975 0.50206904 0.41641874
0.00039479 0.36283831 0.35232302 0.39930133 0.34523319 0.50234819  0.48417291 0.45702496 0.47508945 0.39693445 0.45000532 0.44589633  0.47476172 0.42761975 0.50206904 0.41641874
0.00039479 0.36283831 0.35232302 0.39930133 0.34523319 0.50234819  0.48417291 0.45702496 0.47508945 0.39693445 0.45000532 0.44589633  0.47476172 0.42761975 0.50206904 0.41641874
0.00039479 0.36283831 0.35232302 0.39930133 0.34523319 0.50234819  0.48417291 0.45702496 0.47508945 0.39693445 0.45000532 0.44589633  0.47476172 0.42761975 0.50206904 0.41641874
0.00039479 0.36283831 0.35232302 0.39930133 0.34523319 0.50234819  0.48417291 0.45702496 0.47508945 0.39693445 0.45000532 0.44589633  0.47476172 0.42761975 0.50206904 0.41641874
0.00039479 0.36283831 0.35232302 0.39930133 0.34523319 0.50234819  0.48417291 0.45702496 0.47508945 0.39693445 0.45000532 0.44589633  0.47476172 0.42761975 0.50206904 0.41641874
0.00039479 0.36283831 0.35232302 0.39930133 0.34523319 0.50234819  0.48417291 0.45702496 0.47508945 0.39693445 0.45000532 0.44589633  0.47476172 0.42761975 0.50206904 0.41641874
0.00039479 0.36283831 0.35232302 0.39930133 0.34523319 0.50234819  0.48417291 0.45702496 0.47508945 0.39693445 0.45000532 0.44589633  0.47476172 0.42761975 0.50206904 0.41641874
0.00039479 0.36283831 0.35232302 0.39930133 0.34523319 0.50234819  0.48417291 0.45702496 0.47508945 0.39693445 0.45000532 0.44589633  0.47476172 0.42761975 0.50206904 0.41641874
0.00039479 0.36283831 0.35232302 0.39930133 0.34523319 0.50234819  0.48417291 0.45702496 0.47508945 0.39693445 0.45000532 0.44589633  0.47476172 0.42761975 0.50206904 0.41641874
0.00039479 0.36283831 0.35232302 0.39930133 0.34523319 0.50234819  0.48417291 0.45702496 0.47508945 0.39693445 0.45000532 0.44589633  0.47476172 0.42761975 0.50206904 0.41641874
0.00039479 0.36283831 0.35232302 0.39930133 0.34523319 0.50234819  0.48417291 0.45702496 0.47508945 0.39693445 0.45000532 0.44589633  0.47476172 0.42761975 0.50206904 0.41641874
0.00039479 0.36283831 0.35232302 0.39930133 0.34523319 0.50234819  0.48417291 0.45702496 0.47508945 0.39693445 0.45000532 0.44589633  0.47476172 0.42761975 0.50206904 0.41641874
0.00039479 0.36283831 0.35232302 0.39930133 0.34523319 0.50234819  0.48417291 0.45702496 0.47508945 0.39693445 0.45000532 0.44589633  0.47476172 0.42761975 0.50206904 0.41641874
0.00039479 0.36283831 0.35232302 0.39930133 0.34523319 0.50234819  0.48417291 0.45702496 0.47508945 0.39693445 0.45000532 0.44589633  0.47476172 0.42761975 0.50206904 0.41641874
0.00039479 0.36283831 0.35232302 0.39930133 0.34523319 0.50234819  0.48417291 0.45702496 0.47508945 0.39693445 0.45000532 0.44589633  0.47476172 0.42761975 0.50206904 0.41641874
0.00039479 0.36283831 0.35232302 0.39930133 0.34523319 0.50234819  0.48417291 0.45702496 0.47508945 0.39693445 0.45000532 0.44589633  0.47476172 0.42761975 0.50206904 0.41641874
0.00039479 0.36283831 0.35232302 0.39930133 0.34523319 0.50234819  0.48417291 0.45702496 0.47508945 0.39693445 0.45000532 0.44589633  0.47476172 0.42761975 0.50206904 0.41641874
0.00039479 0.36283831 0.35232302 0.39930133 0.34523319 0.50234819  0.48417291 0.45702496 0.47508945 0.39693445 0.45000532 0.44589633  0.47476172 0.42761975 0.50206904 0.41641874
0.00039479 0.36283831 0.35232302 0.39930133 0.34523319 0.50234819  0.48417291 0.45702496 0.47508945 0.39693445 0.45000532 0.44589633  0.47476172 0.42761975 0.50206904 0.41641874
0.00039479 0.36283831 0.35232302 0.39930133 0.34523319 0.50234819  0.48417291 0.45702496 0.47508945 0.39693445 0.45000532 0.44589633  0.47476172 0.42761975 0.50206904 0.41641874
0.00039479 0.36283831 0.35232302 0.39930133 0.34523319 0.50234819  0.48417291 0.45702496 0.47508945 0.39693445 0.45000532 0.44589633  0.47476172 0.42761975 0.50206904 0.41641874
0.00039479 0.36283831 0.35232302 0.39930133 0.34523319 0.50234819  0.48417291 0.45702496 0.47508945 0.39693445 0.45000532 0.44589633  0.47476172 0.42761975 0.50206904 0.41641874
0.00039479 0.36283831 0.35232302 0.39930133 0.34523319 0.50234819  0.48417291 0.45702496 0.47508945 0.39693445 0.45000532 0.44589633  0.47476172 0.42761975 0.50206904 0.41641874
0.00039479 0.36283831 0.35232302 0.39930133 0.34523319 0.50234819  0.48417291 0.45702496 0.47508945 0.39693445 0.45000532 0.44589633  0.47476172 0.42761975 0.50206904 0.41641874
0.00039479 0.36283831 0.35232302 0.39930133 0.34523319 0.50234819  0.48417291 0.45702496 0.47508945 0.39693445 0.45000532 0.44589633  0.47476172 0.42761975 0.50206904 0.41641874
0.00039479 0.36283831 0.35232302 0.39930133 0.34523319 0.50234819  0.48417291 0.45702496 0.47508945 0.39693445 0.45000532 0.44589633  0.47476172 0.42761975 0.50206904 0.41641874
0.00039479 0.36283831 0.35232302 0.39930133 0.34523319 0.50234819  0.48417291 0.45702496 0.47508945 0.39693445 0.45000532 0.44589633  0.47476172 0.42761975 0.50206904 0.41641874
0.00039479 0.36283831 0.35232302 0.39930133 0.34523319 0.50234819  0.48417291 0.45702496 0.47508945 0.39693445 0.45000532 0.44589633  0.47476172 0.42761975 0.50206904 0.41641874
0.00039479 0.36283831 0.35232302 0.39930133 0.34523319 0.50234819  0.48417291 0.45702496 0.47508945 0.39693445 0.45000532 0.44589633  0.47476172 0.42761975 0.50206904 0.41641874
0.00039479 0.36283831 0.35232302 0.39930133 0.34523319 0.50234819  0.48417291 0.45702496 0.47508945 0.39693445 0.45000532 0.44589633  0.47476172 0.42761975 0.50206904 0.41641874
0.00039479 0.36283831 0.35232302 0.39930133 0.34523319 0.50234819  0.48417291 0.45702496 0.47508945 0.39693445 0.45000532 0.44589633  0.47476172 0.42761975 0.50206904 0.41641874
0.00039479 0.36283831 0.35232302 0.39930133 0.34523319 0.50234819  0.48417291 0.45702496 0.47508945 0.39693445 0.45000532 0.44589633  0.47476172 0.42761975 0.50206904 0.41641874
0.00039479 0.36283831 0.35232302 0.39930133 0.34523319 0.50234819  0.48417291 0.45702496 0.47508945 0.39693445 0.45000532 0.44589633  0.47476172 0.42761975 0.50206904 0.41641874
0.00039479 0.36283831 0.35232302 0.39930133 0.34523319 0.50234819  0.48417291 0.45702496 0.47508945 0.39693445 0.45000532 0.44589633  0.47476172 0.42761975 0.50206904 0.41641874
0.00039479 0.36283831 0.35232302 0.39930133 0.34523319 0.50234819  0.48417291 0.45702496 0.47508945 0.39693445 0.45000532 0.44589633  0.47476172 0.42761975 0.50206904 0.41641874
0.00039479 0.36283831 0.35232302 0.39930133 0.34523319 0.50234819  0.48417291 0.45702496 0.47508945 0.39693445 0.45000532 0.44589633  0.47476172 0.42761975 0.50206904 0.41641874
0.00039479 0.36283831 0.35232302 0.39930133 0.34523319 0.50234819  0.48417291 0.45702496 0.47508945 0.39693445 0.45000532 0.44589633  0.47476172 0.42761975 0.50206904 0.41641874
0.00039479 0.36283831 0.35232302 0.39930133 0.34523319 0.50234819  0.48417291 0.45702496 0.47508945 0.39693445 0.45000532 0.44589633  0.47476172 0.42761975 0.50206904 0.41641874
0.00039479 0.36283831 0.35232302 0.39930133 0.34523319 0.50234819  0.48417291 0.45702496 0.47508945 0.39693445 0.45000532 0.44589633  0.47476172 0.42761975 0.50206904 0.41641874
0.00039479 0.36283831 0.35232302 0.39930133 0.34523319 0.50234819  0.48417291 0.45702496 0.47508945 0.39693445 0.45000532 0.44589633  0.47476172 0.42761975 0.50206904 0.41641874
0.00039479 0.36283831 0.35232302 0.39930133 0.34523319 0.50234819  0.48417291 0.45702496 0.47508945 0.39693445 0.45000532 0.44589633  0.47476172 0.42761975 0.50206904 0.41641874
0.00039479 0.36283831 0.35232302 0.39930133 0.34523319 0.50234819  0.48417291 0.45702496 0.47508945 0.39693445 0.45000532 0.44589633  0.47476172 0.42761975 0.50206904 0.41641874
0.00039479 0.36283831 0.35232302 0.39930133 0.34523319 0.50234819  0.48417291 0.45702496 0.47508945 0.39693445 0.45000532 0.44589633  0.47476172 0.42761975 0.50206904 0.41641874
0.00039479 0.36283831 0.35232302 0.39930133 0.34523319 0.50234819  0.48417291 0.45702496 0.47508945 0.39693445 0.45000532 0.44589633  0.47476172 0.42761975 0.50206904 0.41641874
0.00039479 0.36283831 0.35232302 0.39930133 0.34523319 0.50234819  0.48417291 0.45702496 0.47508945 0.39693445 0.45000532 0.44589633  0.47476172 0.42761975 0.50206904 0.41641874
0.00039479 0.36283831 0.35232302 0.39930133 0.34523319 0.50234819  0.48417291 0.45702496 0.47508945 0.39693445 0.45000532 0.44589633  0.47476172 0.42761975 0.50206904 0.41641874
0.00039479 0.36283831 0.35232302 0.39930133 0.34523319 0.50234819  0.48417291 0.45702496 0.47508945 0.39693445 0.45000532 0.44589633  0.47476172 0.42761975 0.50206904 0.41641874
0.00039479 0.36283831 0.35232302 0.39930133 0.34523319 0.50234819  0.48417291 0.45702496 0.47508945 0.39693445 0.45000532 0.44589633  0.47476172 0.42761975 0.50206904 0.41641874
0.00039479 0.36283831 0.35232302 0.39930133 0.34523319 0.50234819  0.48417291 0.45702496 0.47508945 0.39693445 0.45000532 0.44589633  0.47476172 0.42761975 0.50206904 0.41641874
0.00039479 0.36283831 0.35232302 0.39930133 0.34523319 0.50234819  0.48417291 0.45702496 0.47508945 0.39693445 0.45000532 0.44589633  0.47476172 0.42761975 0.50206904 0.41641874
0.00039479 0.36283831 0.35232302 0.39930133 0.34523319 0.50234819  0.48417291 0.45702496 0.47508945 0.39693445 0.45000532 0.44589633  0.47476172 0.42761975 0.50206904 0.41641874
0.00039479 0.36283831 0.35232302 0.39930133 0.34523319 0.50234819  0.48417291 0.45702496 0.47508945 0.39693445 0.45000532 0.44589633  0.47476172 0.42761975 0.50206904 0.41641874
0.00039479 0.36283831 0.35232302 0.39930133 0.34523319 0.50234819  0.48417291 0.45702496 0.47508945 0.39693445 0.45000532 0.44589633  0.47476172 0.42761975 0.50206904 0.41641874
0.27323838 0.6962799  0.18162266 0.60115396 0.39508282 0.38343857  0.38527374 0.50407599 0.47964903 0.39614882 0.4473943  0.44612225  0.45582012 0.35576685 0.39051711 0.44251744
0.43937104 0.79408261 0.12173452 0.51679162 0.34342913 0.59124195  0.54314658 0.35000621 0.47126487 0.46746493 0.5459358  0.45818232  0.30097838 0.33299248 0.42444408 0.43803741
0.5968057  0.7272429  0.13079458 0.28719592 0.28337011 0.68089919  0.61843603 0.5850168  0.37381738 0.44082771 0.39598419 0.45826107  0.58299208 0.36995719 0.42101748 0.50380447
0.67408174 0.58802617 0.11093365 0.14606481 0.31629629 0.5722528  0.58541939 0.54936046 0.5362624  0.3816034  0.31403501 0.51218567  0.65974729 0.5810645  0.63028581 0.54542615
0.71967093 0.52099502 0.1532082  0.13076093 0.26648521 0.55751601  0.47625283 0.66187709 0.4558594  0.43102097 0.23310094 0.53171735  0.44344248 0.44838812 0.66382713 0.45831389
0.77045293 0.38261378 0.11810865 0.13503757 0.33883886 0.48945744  0.34555663 0.43957064 0.56631317 0.37898498 0.25354133 0.50240491  0.4553934  0.28566417 0.47715708 0.3362237 
0.77045293 0.38261378 0.11810865 0.13503757 0.33883886 0.48945744  0.34555663 0.43957064 0.56631317 0.37898498 0.25354133 0.50240491  0.4553934  0.28566417 0.47715708 0.3362237 
0.77045293 0.38261378 0.11810865 0.13503757 0.33883886 0.48945744  0.34555663 0.43957064 0.56631317 0.37898498 0.25354133 0.50240491  0.4553934  0.28566417 0.47715708 0.3362237 
0.75500101 0.3959788  0.09496858 0.12721651 0.36291236 0.47253131  0.39032606 0.42928219 0.61687182 0.36024464 0.29584427 0.49735479  0.46131689 0.29342549 0.53318046 0.40450296
0.75500101 0.3959788  0.09496858 0.12721651 0.36291236 0.47253131  0.39032606 0.42928219 0.61687182 0.36024464 0.29584427 0.49735479  0.46131689 0.29342549 0.53318046 0.40450296
0.69938187 0.52035986 0.08962278 0.14857676 0.35412434 0.55325451  0.52734666 0.38823535 0.58347375 0.37865781 0.2490522  0.52128648  0.69713135 0.51737403 0.61175442 0.48566325
0.65836296 0.61334382 0.10408142 0.1724053  0.32219242 0.58629059  0.60783979 0.47672889 0.53943825 0.36464744 0.32756704 0.50253464  0.71482103 0.60325283 0.60956367 0.53334995
0.62760188 0.67161847 0.10783265 0.22754056 0.31175622 0.63817842  0.64218288 0.4367139  0.46963661 0.40676036 0.31568156 0.4956063  0.73315632 0.57657376 0.56781093 0.52226816
0.62760188 0.67161847 0.10783265 0.22754056 0.31175622 0.63817842  0.64218288 0.4367139  0.46963661 0.40676036 0.31568156 0.4956063  0.73315632 0.57657376 0.56781093 0.52226816
0.58108692 0.75256055 0.12394235 0.31353641 0.28926624 0.69493698  0.64085643 0.51238524 0.37699323 0.42387175 0.40951623 0.44861004  0.63806581 0.39214551 0.40029533 0.49172826
0.5968057  0.7272429  0.13079458 0.28719592 0.28337011 0.68089919  0.61843603 0.5850168  0.37381738 0.44082771 0.39598419 0.45826107  0.58299208 0.36995719 0.42101748 0.50380447
0.64198189 0.65414968 0.14153768 0.25196209 0.27520574 0.65754401  0.55528672 0.47865924 0.39227842 0.4642152  0.24151047 0.5148725  0.61412983 0.51554188 0.46368854 0.45202842
0.73473887 0.786222   0.59362786 0.14188895 0.65205431 0.64674585  0.53539538 0.39014296 0.38213109 0.27915275 0.24851408 0.4343178  0.68533313 0.62212632 0.52863191 0.44974969
0.82176802 0.68610464 0.73592213 0.15253366 0.60681411 0.4876895  0.56469427 0.47748633 0.48038983 0.38790675 0.27587663 0.43617282  0.7058771  0.53130618 0.72510072 0.31824004
0.85117375 0.64910887 0.79076287 0.16732813 0.56954173 0.43215447  0.54152687 0.53507667 0.44952473 0.51923173 0.28216816 0.42704561  0.55545725 0.52634455 0.74407313 0.27894076
0.84894155 0.63560113 0.76239098 0.19427566 0.46918125 0.4034524  0.57219894 0.52730589 0.48582688 0.51930536 0.22100742 0.33639693  0.54499031 0.55873182 0.72845699 0.24888367
0.84894155 0.63560113 0.76239098 0.19427566 0.46918125 0.4034524  0.57219894 0.52730589 0.48582688 0.51930536 0.22100742 0.33639693  0.54499031 0.55873182 0.72845699 0.24888367
0.8246541  0.57786175 0.60478211 0.22090479 0.34657161 0.40293435  0.59266028 0.57843306 0.48656597 0.65454632 0.23738054 0.37560003  0.62724624 0.56770921 0.67721095 0.15765566
0.74238733 0.55267952 0.27687795 0.20422445 0.22241124 0.53508331  0.51646498 0.55858125 0.41234648 0.39345994 0.30101034 0.54198434  0.67670108 0.61833122 0.58981267 0.37495649
0.65937042 0.62020572 0.11584846 0.16811665 0.30623614 0.60495166  0.60605688 0.56587439 0.48967665 0.40551366 0.30896402 0.5072982  0.65992569 0.53145363 0.64986738 0.54662447
0.65937042 0.62020572 0.11584846 0.16811665 0.30623614 0.60495166  0.60605688 0.56587439 0.48967665 0.40551366 0.30896402 0.5072982  0.65992569 0.53145363 0.64986738 0.54662447
0.61081119 0.69283235 0.11154538 0.27048153 0.30517538 0.65465568  0.62247654 0.39573923 0.44601292 0.4285189  0.29734544 0.50017137  0.67512706 0.54549152 0.49898978 0.50823148
0.59346228 0.70316984 0.09774082 0.2875923  0.33139558 0.61473117  0.65734636 0.36945205 0.46635765 0.42667605 0.37942206 0.49293512  0.6291874  0.56159534 0.5427565  0.50856255
0.59346228 0.70316984 0.09774082 0.2875923  0.33139558 0.61473117  0.65734636 0.36945205 0.46635765 0.42667605 0.37942206 0.49293512  0.6291874  0.56159534 0.5427565  0.50856255
0.57617405 0.71259532 0.08342786 0.30406862 0.35776325 0.57297053  0.69376748 0.34015746 0.48680885 0.42027373 0.45762965 0.48360427  0.58714577 0.57490161 0.59688203 0.50315318
0.57617405 0.71259532 0.08342786 0.30406862 0.35776325 0.57297053  0.69376748 0.34015746 0.48680885 0.42027373 0.45762965 0.48360427  0.58714577 0.57490161 0.59688203 0.50315318
0.57617405 0.71259532 0.08342786 0.30406862 0.35776325 0.57297053  0.69376748 0.34015746 0.48680885 0.42027373 0.45762965 0.48360427  0.58714577 0.57490161 0.59688203 0.50315318
0.57617405 0.71259532 0.08342786 0.30406862 0.35776325 0.57297053  0.69376748 0.34015746 0.48680885 0.42027373 0.45762965 0.48360427  0.58714577 0.57490161 0.59688203 0.50315318
0.57617405 0.71259532 0.08342786 0.30406862 0.35776325 0.57297053  0.69376748 0.34015746 0.48680885 0.42027373 0.45762965 0.48360427  0.58714577 0.57490161 0.59688203 0.50315318
0.57617405 0.71259532 0.08342786 0.30406862 0.35776325 0.57297053  0.69376748 0.34015746 0.48680885 0.42027373 0.45762965 0.48360427  0.58714577 0.57490161 0.59688203 0.50315318
0.55878896 0.72847248 0.08096928 0.34535815 0.3632369  0.56769496  0.68223746 0.27404124 0.48391469 0.44259912 0.45004886 0.49634717  0.52043477 0.55917253 0.58817349 0.48516202
0.55878896 0.72847248 0.08096928 0.34535815 0.3632369  0.56769496  0.68223746 0.27404124 0.48391469 0.44259912 0.45004886 0.49634717  0.52043477 0.55917253 0.58817349 0.48516202
0.55878896 0.72847248 0.08096928 0.34535815 0.3632369  0.56769496  0.68223746 0.27404124 0.48391469 0.44259912 0.45004886 0.49634717  0.52043477 0.55917253 0.58817349 0.48516202
0.52205044 0.71866755 0.07458089 0.37297471 0.41044102 0.43525773  0.7059902  0.30761278 0.44889041 0.39635489 0.51353228 0.47048403  0.45600764 0.57795893 0.60195348 0.39747551
0.52205044 0.71866755 0.07458089 0.37297471 0.41044102 0.43525773  0.7059902  0.30761278 0.44889041 0.39635489 0.51353228 0.47048403  0.45600764 0.57795893 0.60195348 0.39747551
0.52205044 0.71866755 0.07458089 0.37297471 0.41044102 0.43525773  0.7059902  0.30761278 0.44889041 0.39635489 0.51353228 0.47048403  0.45600764 0.57795893 0.60195348 0.39747551
0.48917706 0.76033278 0.08120483 0.44087268 0.40457274 0.4501514  0.68289425 0.31003608 0.41101993 0.43109728 0.52982786 0.46584003  0.35612153 0.46850856 0.55367667 0.37585654
0.47065789 0.74581261 0.08408777 0.44007154 0.42196187 0.39062703  0.69734316 0.34985236 0.3819877  0.38575735 0.55166519 0.44139565  0.40066158 0.47471444 0.49905216 0.33657231
0.45176089 0.73931739 0.08464836 0.46162678 0.44172418 0.33504777  0.68432584 0.35902322 0.36574692 0.3906709  0.52617148 0.44882919  0.3631456  0.49107498 0.54446788 0.32264302
0.40057693 0.77142888 0.10020019 0.54118359 0.44177577 0.30871409  0.62662653 0.42697874 0.32095166 0.39480668 0.53314665 0.43651431  0.27910843 0.39342201 0.47265322 0.30732375
0.38212548 0.74800818 0.11161008 0.52622717 0.43969656 0.30985388  0.64335545 0.4201561  0.28871463 0.39827834 0.49641973 0.44374265  0.29356764 0.36226441 0.4221099  0.33984418
0.34516475 0.72412148 0.12890887 0.54483371 0.43742698 0.30761613  0.59266939 0.41600241 0.31170754 0.4270297  0.44004015 0.46865086  0.29181578 0.35132945 0.44841204 0.39035026
0.28855788 0.67568081 0.14802833 0.55638299 0.46821564 0.19552742  0.58174669 0.46412674 0.23228544 0.40714085 0.30982269 0.48162591  0.39168041 0.36611064 0.43544225 0.42033749
0.19798226 0.59650435 0.21041078 0.54620844 0.42882378 0.28120231  0.49522532 0.46898849 0.31328089 0.41504868 0.29259654 0.48580215  0.43455766 0.35645465 0.42992874 0.46840391
0.17916562 0.57519662 0.22057312 0.53977674 0.43029992 0.26732873  0.49588882 0.47760067 0.2882606  0.41635555 0.23814149 0.49588115  0.48456802 0.34940538 0.41480356 0.50684961
0.08933598 0.49227807 0.28370689 0.51563283 0.39282917 0.35122619  0.41224683 0.52903719 0.4167706  0.37236308 0.3229049  0.45462839  0.62758809 0.38247804 0.3646409  0.49477643
0.08933598 0.49227807 0.28370689 0.51563283 0.39282917 0.35122619  0.41224683 0.52903719 0.4167706  0.37236308 0.3229049  0.45462839  0.62758809 0.38247804 0.3646409  0.49477643
0.07102051 0.46648761 0.29681783 0.49538875 0.38534053 0.36816237  0.42637893 0.52216562 0.40838993 0.37342912 0.31490181 0.45582256  0.6405316  0.37092096 0.3395245  0.50760399
0.05295748 0.44105795 0.31047847 0.47423707 0.37661473 0.39820267  0.43339135 0.51107118 0.43325487 0.38045997 0.34459946 0.45442981  0.6091228  0.40002928 0.40593895 0.49183507
0.03544839 0.41404176 0.32462587 0.44710978 0.36503751 0.43337561  0.45603541 0.49115319 0.43842582 0.38389341 0.37735876 0.45056284  0.56420009 0.3942791  0.4095445  0.46588946
0.03544839 0.41404176 0.32462587 0.44710978 0.36503751 0.43337561  0.45603541 0.49115319 0.43842582 0.38389341 0.37735876 0.45056284  0.56420009 0.3942791  0.4095445  0.46588946
0.01804755 0.39018449 0.33830903 0.42636341 0.35641219 0.47112218  0.45911565 0.47626972 0.47899245 0.39487759 0.42806648 0.44912887  0.50987727 0.441117   0.51788115 0.43356859
0.00039479 0.36283831 0.35232302 0.39930133 0.34523319 0.50234819  0.48417291 0.45702496 0.47508945 0.39693445 0.45000532 0.44589633  0.47476172 0.42761975 0.50206904 0.41641874
0.00039479 0.36283831 0.35232302 0.39930133 0.34523319 0.50234819  0.48417291 0.45702496 0.47508945 0.39693445 0.45000532 0.44589633  0.47476172 0.42761975 0.50206904 0.41641874
0.00039479 0.36283831 0.35232302 0.39930133 0.34523319 0.50234819  0.48417291 0.45702496 0.47508945 0.39693445 0.45000532 0.44589633  0.47476172 0.42761975 0.50206904 0.41641874
0.00039479 0.36283831 0.35232302 0.39930133 0.34523319 0.50234819  0.48417291 0.45702496 0.47508945 0.39693445 0.45000532 0.44589633  0.47476172 0.42761975 0.50206904 0.41641874
0.00039479 0.36283831 0.35232302 0.39930133 0.34523319 0.50234819  0.48417291 0.45702496 0.47508945 0.39693445 0.45000532 0.44589633  0.47476172 0.42761975 0.50206904 0.41641874
0.00039479 0.36283831 0.35232302 0.39930133 0.34523319 0.50234819  0.48417291 0.45702496 0.47508945 0.39693445 0.45000532 0.44589633  0.47476172 0.42761975 0.50206904 0.41641874
0.00039479 0.36283831 0.35232302 0.39930133 0.34523319 0.50234819  0.48417291 0.45702496 0.47508945 0.39693445 0.45000532 0.44589633  0.47476172 0.42761975 0.50206904 0.41641874
0.00039479 0.36283831 0.35232302 0.39930133 0.34523319 0.50234819  0.48417291 0.45702496 0.47508945 0.39693445 0.45000532 0.44589633  0.47476172 0.42761975 0.50206904 0.41641874
0.00039479 0.36283831 0.35232302 0.39930133 0.34523319 0.50234819  0.48417291 0.45702496 0.47508945 0.39693445 0.45000532 0.44589633  0.47476172 0.42761975 0.50206904 0.41641874
0.00039479 0.36283831 0.35232302 0.39930133 0.34523319 0.50234819  0.48417291 0.45702496 0.47508945 0.39693445 0.45000532 0.44589633  0.47476172 0.42761975 0.50206904 0.41641874
0.00039479 0.36283831 0.35232302 0.39930133 0.34523319 0.50234819  0.48417291 0.45702496 0.47508945 0.39693445 0.45000532 0.44589633  0.47476172 0.42761975 0.50206904 0.41641874
0.00039479 0.36283831 0.35232302 0.39930133 0.34523319 0.50234819  0.48417291 0.45702496 0.47508945 0.39693445 0.45000532 0.44589633  0.47476172 0.42761975 0.50206904 0.41641874
0.00039479 0.36283831 0.35232302 0.39930133 0.34523319 0.50234819  0.48417291 0.45702496 0.47508945 0.39693445 0.45000532 0.44589633  0.47476172 0.42761975 0.50206904 0.41641874
0.00039479 0.36283831 0.35232302 0.39930133 0.34523319 0.50234819  0.48417291 0.45702496 0.47508945 0.39693445 0.45000532 0.44589633  0.47476172 0.42761975 0.50206904 0.41641874
0.00039479 0.36283831 0.35232302 0.39930133 0.34523319 0.50234819  0.48417291 0.45702496 0.47508945 0.39693445 0.45000532 0.44589633  0.47476172 0.42761975 0.50206904 0.41641874
0.00039479 0.36283831 0.35232302 0.39930133 0.34523319 0.50234819  0.48417291 0.45702496 0.47508945 0.39693445 0.45000532 0.44589633  0.47476172 0.42761975 0.50206904 0.41641874
0.00039479 0.36283831 0.35232302 0.39930133 0.34523319 0.50234819  0.48417291 0.45702496 0.47508945 0.39693445 0.45000532 0.44589633  0.47476172 0.42761975 0.50206904 0.41641874
0.00039479 0.36283831 0.35232302 0.39930133 0.34523319 0.50234819  0.48417291 0.45702496 0.47508945 0.39693445 0.45000532 0.44589633  0.47476172 0.42761975 0.50206904 0.41641874
0.00039479 0.36283831 0.35232302 0.39930133 0.34523319 0.50234819  0.48417291 0.45702496 0.47508945 0.39693445 0.45000532 0.44589633  0.47476172 0.42761975 0.50206904 0.41641874
0.00039479 0.36283831 0.35232302 0.39930133 0.34523319 0.50234819  0.48417291 0.45702496 0.47508945 0.39693445 0.45000532 0.44589633  0.47476172 0.42761975 0.50206904 0.41641874
0.00039479 0.36283831 0.35232302 0.39930133 0.34523319 0.50234819  0.48417291 0.45702496 0.47508945 0.39693445 0.45000532 0.44589633  0.47476172 0.42761975 0.50206904 0.41641874
0.00039479 0.36283831 0.35232302 0.39930133 0.34523319 0.50234819  0.48417291 0.45702496 0.47508945 0.39693445 0.45000532 0.44589633  0.47476172 0.42761975 0.50206904 0.41641874
0.00039479 0.36283831 0.35232302 0.39930133 0.34523319 0.50234819  0.48417291 0.45702496 0.47508945 0.39693445 0.45000532 0.44589633  0.47476172 0.42761975 0.50206904 0.41641874
0.00039479 0.36283831 0.35232302 0.39930133 0.34523319 0.50234819  0.48417291 0.45702496 0.47508945 0.39693445 0.45000532 0.44589633  0.47476172 0.42761975 0.50206904 0.41641874
