0.00039479 0.36283831 0.35232302 0.39930133 0.34523319 0.50234819  0.48417291 0.45702496 0.47508945 0.39693445 0.45000532 0.44589633  0.47476172 0.42761975 0.50206904 0.41641874
0.00039479 0.36283831 0.35232302 0.39930133 0.34523319 0.50234819  0.48417291 0.45702496 0.47508945 0.39693445 0.45000532 0.44589633  0.47476172 0.42761975 0.50206904 0.41641874
0.00039479 0.36283831 0.35232302 0.39930133 0.34523319 0.50234819  0.48417291 0.45702496 0.47508945 0.39693445 0.45000532 0.44589633  0.47476172 0.42761975 0.50206904 0.41641874
0.00039479 0.36283831 0.35232302 0.39930133 0.34523319 0.50234819  0.48417291 0.45702496 0.47508945 0.39693445 0.45000532 0.44589633  0.47476172 0.42761975 0.50206904 0.41641874
0.00039479 0.36283831 0.35232302 0.39930133 0.34523319 0.50234819  0.48417291 0.45702496 0.47508945 0.39693445 0.45000532 0.44589633  0.47476172 0.42761975 0.50206904 0.41641874
0.00039479 0.36283831 0.35232302 0.39930133 0.34523319 0.50234819  0.48417291 0.45702496 0.47508945 0.39693445 0.45000532 0.44589633  0.47476172 0.42761975 0.50206904 0.41641874
0.00039479 0.36283831 0.35232302 0.39930133 0.34523319 0.50234819  0.48417291 0.45702496 0.47508945 0.39693445 0.45000532 0.44589633  0.47476172 0.42761975 0.50206904 0.41641874
0.00039479 0.36283831 0.35232302 0.39930133 0.34523319 0.50234819  0.48417291 0.45702496 0.47508945 0.39693445 0.45000532 0.44589633  0.47476172 0.42761975 0.50206904 0.41641874
0.00039479 0.36283831 0.35232302 0.39930133 0.34523319 0.50234819  0.48417291 0.45702496 0.47508945 0.39693445 0.45000532 0.44589633  0.47476172 0.42761975 0.50206904 0.41641874
0.00039479 0.36283831 0.35232302 0.39930133 0.34523319 0.50234819  0.48417291 0.45702496 0.47508945 0.39693445 0.45000532 0.44589633  0.47476172 0.42761975 0.50206904 0.41641874
0.00039479 0.36283831 0.35232302 0.39930133 0.34523319 0.50234819  0.48417291 0.45702496 0.47508945 0.39693445 0.45000532 0.44589633  0.47476172 0.42761975 0.50206904 0.41641874
0.00039479 0.36283831 0.35232302 0.39930133 0.34523319 0.50234819  0.48417291 0.45702496 0.47508945 0.39693445 0.45000532 0.44589633  0.47476172 0.42761975 0.50206904 0.41641874
0.00039479 0.36283831 0.35232302 0.39930133 0.34523319 0.50234819  0.48417291 0.45702496 0.47508945 0.39693445 0.45000532 0.44589633  0.47476172 0.42761975 0.50206904 0.41641874
0.00039479 0.36283831 0.35232302 0.39930133 0.34523319 0.50234819  0.48417291 0.45702496 0.47508945 0.39693445 0.45000532 0.44589633  0.47476172 0.42761975 0.50206904 0.41641874
0.00039479 0.36283831 0.35232302 0.39930133 0.34523319 0.50234819  0.48417291 0.45702496 0.47508945 0.39693445 0.45000532 0.44589633  0.47476172 0.42761975 0.50206904 0.41641874
0.00039479 0.36283831 0.35232302 0.39930133 0.34523319 0.50234819  0.48417291 0.45702496 0.47508945 0.39693445 0.45000532 0.44589633  0.47476172 0.42761975 0.50206904 0.41641874
0.00039479 0.36283831 0.35232302 0.39930133 0.34523319 0.50234819  0.48417291 0.45702496 0.47508945 0.39693445 0.45000532 0.44589633  0.47476172 0.42761975 0.50206904 0.41641874
0.00039479 0.36283831 0.35232302 0.39930133 0.34523319 0.50234819  0.48417291 0.45702496 0.47508945 0.39693445 0.45000532 0.44589633  0.47476172 0.42761975 0.50206904 0.41641874
0.00039479 0.36283831 0.35232302 0.39930133 0.34523319 0.50234819  0.48417291 0.45702496 0.47508945 0.39693445 0.45000532 0.44589633  0.47476172 0.42761975 0.50206904 0.41641874
0.00039479 0.36283831 0.35232302 0.39930133 0.34523319 0.50234819  0.48417291 0.45702496 0.47508945 0.39693445 0.45000532 0.44589633  0.47476172 0.42761975 0.50206904 0.41641874
0.00039479 0.36283831 0.35232302 0.39930133 0.34523319 0.50234819  0.48417291 0.45702496 0.47508945 0.39693445 0.45000532 0.44589633  0.47476172 0.42761975 0.50206904 0.41641874
0.00039479 0.36283831 0.35232302 0.39930133 0.34523319 0.50234819  0.48417291 0.45702496 0.47508945 0.39693445 0.45000532 0.44589633  0.47476172 0.42761975 0.50206904 0.41641874
0.00039479 0.36283831 0.35232302 0.39930133 0.34523319 0.50234819  0.48417291 0.45702496 0.47508945 0.39693445 0.45000532 0.44589633  0.47476172 0.42761975 0.50206904 0.41641874
0.00039479 0.36283831 0.35232302 0.39930133 0.34523319 0.50234819  0.48417291 0.45702496 0.47508945 0.39693445 0.45000532 0.44589633  0.47476172 0.42761975 0.50206904 0.41641874
0.00039479 0.36283831 0.35232302 0.39930133 0.34523319 0.50234819  0.48417291 0.45702496 0.47508945 0.39693445 0.45000532 0.44589633  0.47476172 0.42761975 0.50206904 0.41641874
0.00039479 0.36283831 0.35232302 0.39930133 0.34523319 0.50234819  0.48417291 0.45702496 0.47508945 0.39693445 0.45000532 0.44589633  0.47476172 0.42761975 0.50206904 0.41641874
0.00039479 0.36283831 0.35232302 0.39930133 0.34523319 0.50234819  0.48417291 0.45702496 0.47508945 0.39693445 0.45000532 0.44589633  0.47476172 0.42761975 0.50206904 0.41641874
0.00039479 0.36283831 0.35232302 0.39930133 0.34523319 0.50234819  0.48417291 0.45702496 0.47508945 0.39693445 0.45000532 0.44589633  0.47476172 0.42761975 0.50206904 0.41641874
0.00039479 0.36283831 0.35232302 0.39930133 0.34523319 0.50234819  0.48417291 0.45702496 0.47508945 0.39693445 0.45000532 0.44589633  0.47476172 0.42761975 0.50206904 0.41641874
0.00039479 0.36283831 0.35232302 0.39930133 0.34523319 0.50234819  0.48417291 0.45702496 0.47508945 0.39693445 0.45000532 0.44589633  0.47476172 0.42761975 0.50206904 0.41641874
0.00039479 0.36283831 0.35232302 0.39930133 0.34523319 0.50234819  0.48417291 0.45702496 0.47508945 0.39693445 0.45000532 0.44589633  0.47476172 0.42761975 0.50206904 0.41641874
0.00039479 0.36283831 0.35232302 0.39930133 0.34523319 0.50234819  0.48417291 0.45702496 0.47508945 0.39693445 0.45000532 0.44589633  0.47476172 0.42761975 0.50206904 0.41641874
0.00039479 0.36283831 0.35232302 0.39930133 0.34523319 0.50234819  0.48417291 0.45702496 0.47508945 0.39693445 0.45000532 0.44589633  0.47476172 0.42761975 0.50206904 0.41641874
0.00039479 0.36283831 0.35232302 0.39930133 0.34523319 0.50234819  0.48417291 0.45702496 0.47508945 0.39693445 0.45000532 0.44589633  0.47476172 0.42761975 0.50206904 0.41641874
0.00039479 0.36283831 0.35232302 0.39930133 0.34523319 0.50234819  0.48417291 0.45702496 0.47508945 0.39693445 0.45000532 0.44589633  0.47476172 0.42761975 0.50206904 0.41641874
0.18257352 0.58605521 0.25037664 0.5402617  0.35310257 0.53373639  0.32893813 0.45908537 0.66465696 0.46243996 0.52489028 0.46591411  0.38649139 0.53755997 0.79474551 0.43192094
0.21998677 0.60957199 0.24596615 0.52339636 0.31738282 0.64966742  0.32096334 0.41351297 0.72189993 0.50498394 0.54702562 0.47984156  0.36181871 0.51598841 0.80094102 0.4845882 
0.42958292 0.82620036 0.44799585 0.51746294 0.42117164 0.75959206  0.22155973 0.39190397 0.67969044 0.43886355 0.53047706 0.42731632  0.55157886 0.61204383 0.40738946 0.48143854
0.63852048 0.91771887 0.77353022 0.43463605 0.6778963  0.73589173  0.33417528 0.42918929 0.43246681 0.51073915 0.5312236  0.48761252  0.65491554 0.37556372 0.23582113 0.26875177
0.69421463 0.88116074 0.86735507 0.38633758 0.70885287 0.68893229  0.3746832  0.54527192 0.42328142 0.56574668 0.61676704 0.54404325  0.70467178 0.31173659 0.36059727 0.34682803
0.7257619  0.8317822  0.87353111 0.34500182 0.6789232  0.64923969  0.36876172 0.62419385 0.43138619 0.56780377 0.58772233 0.49952917  0.65284153 0.29980339 0.45804837 0.29689737
0.75656555 0.77574455 0.87415729 0.29802941 0.64909632 0.61424775  0.32224272 0.73487059 0.43816522 0.52088636 0.57342197 0.51104925  0.53707034 0.22177468 0.58896965 0.29862196
0.79050703 0.75639067 0.84107838 0.24405212 0.61880368 0.55545154  0.4741487  0.69741387 0.35748275 0.53843224 0.46798292 0.45903909  0.54779199 0.27444614 0.64758857 0.28801786
0.80450595 0.72750889 0.77970277 0.2593824  0.44321197 0.47643257  0.61121632 0.66046584 0.37022144 0.53856846 0.32810722 0.27994814  0.50810747 0.35577493 0.64934411 0.23357877
0.75312577 0.70816527 0.60784063 0.41349336 0.15154697 0.49581197  0.6706278  0.53091401 0.28319353 0.39368154 0.38413814 0.38613597  0.6204766  0.40273214 0.62038186 0.30428304
0.65720613 0.69171995 0.28569888 0.3956269  0.15234889 0.64627049  0.56157099 0.54376995 0.18115916 0.50621616 0.48070596 0.55829048  0.70695039 0.52255189 0.31919199 0.30256719
0.61225762 0.71387788 0.15393466 0.29501698 0.25929661 0.69782532  0.5736666  0.59530525 0.32325873 0.45956805 0.35368126 0.46331118  0.57706858 0.36219586 0.36499409 0.4355252 
0.5968057  0.7272429  0.13079458 0.28719592 0.28337011 0.68089919  0.61843603 0.5850168  0.37381738 0.44082771 0.39598419 0.45826107  0.58299208 0.36995719 0.42101748 0.50380447
0.5968057  0.7272429  0.13079458 0.28719592 0.28337011 0.68089919  0.61843603 0.5850168  0.37381738 0.44082771 0.39598419 0.45826107  0.58299208 0.36995719 0.42101748 0.50380447
0.5968057  0.7272429  0.13079458 0.28719592 0.28337011 0.68089919  0.61843603 0.5850168  0.37381738 0.44082771 0.39598419 0.45826107  0.58299208 0.36995719 0.42101748 0.50380447
0.5968057  0.7272429  0.13079458 0.28719592 0.28337011 0.68089919  0.61843603 0.5850168  0.37381738 0.44082771 0.39598419 0.45826107  0.58299208 0.36995719 0.42101748 0.50380447
0.62754575 0.67177565 0.12499414 0.23541286 0.29172798 0.64483195  0.59703333 0.57190424 0.42704548 0.43263902 0.33527687 0.48962111  0.58208646 0.42130274 0.54263093 0.52304695
0.65977101 0.62328187 0.12797843 0.1721492  0.28922319 0.61127604  0.58784325 0.67364358 0.44762433 0.41832063 0.33647794 0.49246907  0.54793355 0.39062882 0.66392194 0.53911167
0.6902569  0.5795608  0.14568554 0.15561502 0.27307701 0.60479913  0.53239104 0.63692749 0.43607316 0.43169415 0.24952604 0.51976134  0.56182003 0.46193614 0.64631386 0.48037325
0.70496823 0.54738125 0.14077073 0.13356318 0.28313715 0.57210026  0.51175355 0.62041356 0.48265891 0.4077839  0.25459702 0.52464881  0.56164162 0.51154702 0.6267323  0.47917493
0.70496823 0.54738125 0.14077073 0.13356318 0.28313715 0.57210026  0.51175355 0.62041356 0.48265891 0.4077839  0.25459702 0.52464881  0.56164162 0.51154702 0.6267323  0.47917493
0.70496823 0.54738125 0.14077073 0.13356318 0.28313715 0.57210026  0.51175355 0.62041356 0.48265891 0.4077839  0.25459702 0.52464881  0.56164162 0.51154702 0.6267323  0.47917493
0.74354176 0.49229629 0.20942418 0.18512988 0.21622371 0.51194293  0.48363637 0.67189612 0.37363774 0.53430029 0.31664419 0.58145739  0.44721674 0.49704007 0.72943231 0.35342641
0.73700241 0.53166567 0.25706436 0.21026893 0.22279217 0.50509409  0.56344154 0.70200388 0.43286309 0.65185393 0.27136314 0.51629303  0.44871547 0.39292116 0.74175205 0.37261412
0.71728435 0.53852868 0.18577658 0.17891701 0.22658865 0.56941839  0.49107161 0.68417964 0.36195154 0.50459571 0.27323183 0.55586672  0.42741912 0.43852731 0.68903423 0.42315238
0.67211916 0.60048355 0.16067216 0.22883715 0.24946817 0.6258811  0.49088958 0.58088742 0.36243407 0.49489243 0.20287934 0.52935407  0.40374851 0.39062681 0.55325324 0.43319542
0.65666724 0.61384856 0.13753208 0.22101609 0.27354167 0.60895497  0.53565901 0.57059898 0.41299271 0.47615209 0.24518227 0.52430395  0.409672   0.39838813 0.60927662 0.50147469
0.61149599 0.69787075 0.12383057 0.26849627 0.29135193 0.66402092  0.61073893 0.51537532 0.40382958 0.45084168 0.32846237 0.48758023  0.60024335 0.44423455 0.48129662 0.51076684
0.59389641 0.70960669 0.13089082 0.31168696 0.28105472 0.67721564  0.55181665 0.50793324 0.41725727 0.46219547 0.31188838 0.4940676  0.55332483 0.40549327 0.4213321  0.51579299
0.56082872 0.74526184 0.11023403 0.35513823 0.31317106 0.65132893  0.60910686 0.4090145  0.44077786 0.44339666 0.40749703 0.47718033  0.56245891 0.44378541 0.44437668 0.50404786
0.54613843 0.77463399 0.11719805 0.37383787 0.30518924 0.66820719  0.61680396 0.47865598 0.41076565 0.4333827  0.47501885 0.44786116  0.54520764 0.36950805 0.38409753 0.49708548
0.5288502  0.78405947 0.10288509 0.39031419 0.33155691 0.62644655  0.65322508 0.4493614  0.43121685 0.42698037 0.55322645 0.43853031  0.50316601 0.38281431 0.43822306 0.49167611
0.51146511 0.79993663 0.10042651 0.43160372 0.33703057 0.62117098  0.64169506 0.38324518 0.42832268 0.44930576 0.54564566 0.45127321  0.43645501 0.36708524 0.42951453 0.47368495
0.49303488 0.79925958 0.09535686 0.45348135 0.36242311 0.55936447  0.64847414 0.37819007 0.42004947 0.44379981 0.57325392 0.4478307  0.37226555 0.38284866 0.4679376  0.43524584
0.49303488 0.79925958 0.09535686 0.45348135 0.36242311 0.55936447  0.64847414 0.37819007 0.42004947 0.44379981 0.57325392 0.4478307  0.37226555 0.38284866 0.4679376  0.43524584
0.45629848 0.80407354 0.09710843 0.51857932 0.38424446 0.49527585  0.60167809 0.3427797  0.40494569 0.47808893 0.51940683 0.4728624  0.25467343 0.36882748 0.50349181 0.40923842
0.43799019 0.79494566 0.0957897  0.52431825 0.40605603 0.42464512  0.61865175 0.38140634 0.37819463 0.43735065 0.55528199 0.45044176  0.25443575 0.37185045 0.47884873 0.35999102
0.43799019 0.79494566 0.0957897  0.52431825 0.40605603 0.42464512  0.61865175 0.38140634 0.37819463 0.43735065 0.55528199 0.45044176  0.25443575 0.37185045 0.47884873 0.35999102
0.41892242 0.78205475 0.10117732 0.53784931 0.41758365 0.3849209  0.59789452 0.39940853 0.36408278 0.44593397 0.49878539 0.46471304  0.2607651  0.38361651 0.5248241  0.38049512
0.43723071 0.79118263 0.10249606 0.53211038 0.39577208 0.45555162  0.58092086 0.36078189 0.39083385 0.48667225 0.46291024 0.48713367  0.26100278 0.38059353 0.54946718 0.42974252
0.51063446 0.78752363 0.0882966  0.41029067 0.37272032 0.54616975  0.70739643 0.38563215 0.40662178 0.43244602 0.58982791 0.44134334  0.41918407 0.42158995 0.52790212 0.43021969
0.56373801 0.76289804 0.11013779 0.33064719 0.31548645 0.65501247  0.67572625 0.48609806 0.39733796 0.42202891 0.49159284 0.4413738  0.59212615 0.40824933 0.44406205 0.49205933
0.5784283  0.73352589 0.10317377 0.31194755 0.32346826 0.63813421  0.66802915 0.41645658 0.42735017 0.43204287 0.42407102 0.47069297  0.60937743 0.48252669 0.5043412  0.49902171
0.64332066 0.64630081 0.11468488 0.20120006 0.30586009 0.62414063  0.61976248 0.50934547 0.46646076 0.42371632 0.30214952 0.50525732  0.67808258 0.55438544 0.58853307 0.53434437
0.67408174 0.58802617 0.11093365 0.14606481 0.31629629 0.5722528  0.58541939 0.54936046 0.5362624  0.3816034  0.31403501 0.51218567  0.65974729 0.5810645  0.63028581 0.54542615
0.67408174 0.58802617 0.11093365 0.14606481 0.31629629 0.5722528  0.58541939 0.54936046 0.5362624  0.3816034  0.31403501 0.51218567  0.65974729 0.5810645  0.63028581 0.54542615
0.68651081 0.55506035 0.09930718 0.14940538 0.33578755 0.56696168  0.56003466 0.46498915 0.55220362 0.38395676 0.27109627 0.51931085  0.68298399 0.54724277 0.64125129 0.5170152 
0.69938187 0.52035986 0.08962278 0.14857676 0.35412434 0.55325451  0.52734666 0.38823535 0.58347375 0.37865781 0.2490522  0.52128648  0.69713135 0.51737403 0.61175442 0.48566325
0.67408174 0.58802617 0.11093365 0.14606481 0.31629629 0.5722528  0.58541939 0.54936046 0.5362624  0.3816034  0.31403501 0.51218567  0.65974729 0.5810645  0.63028581 0.54542615
0.65836296 0.61334382 0.10408142 0.1724053  0.32219242 0.58629059  0.60783979 0.47672889 0.53943825 0.36464744 0.32756704 0.50253464  0.71482103 0.60325283 0.60956367 0.53334995
0.62496429 0.64977641 0.08911328 0.22259949 0.34803657 0.56555505  0.65641521 0.39391279 0.53656709 0.38100726 0.40282916 0.49325752  0.68703825 0.64228845 0.59199608 0.52140092
0.5784283  0.73352589 0.10317377 0.31194755 0.32346826 0.63813421  0.66802915 0.41645658 0.42735017 0.43204287 0.42407102 0.47069297  0.60937743 0.48252669 0.5043412  0.49902171
0.56373801 0.76289804 0.11013779 0.33064719 0.31548645 0.65501247  0.67572625 0.48609806 0.39733796 0.42202891 0.49159284 0.4413738  0.59212615 0.40824933 0.44406205 0.49205933
0.51146511 0.79993663 0.10042651 0.43160372 0.33703057 0.62117098  0.64169506 0.38324518 0.42832268 0.44930576 0.54564566 0.45127321  0.43645501 0.36708524 0.42951453 0.47368495
0.49362571 0.81124581 0.1016175  0.47514645 0.3390896  0.61266162  0.60791633 0.33866394 0.42945969 0.47868133 0.51729227 0.46887136  0.35637887 0.33670351 0.41965302 0.46160683
0.45897988 0.82090494 0.12868243 0.53369618 0.30899141 0.66975993  0.45636899 0.40061998 0.56590799 0.43330554 0.60340142 0.42570883  0.39612583 0.34770569 0.37657972 0.40835261
0.50906895 0.78777696 0.17994002 0.50793015 0.23233004 0.76837122  0.34030862 0.46649019 0.47455342 0.46029106 0.40081428 0.44732604  0.47818362 0.31053428 0.22266408 0.34515165
0.50906895 0.78777696 0.17994002 0.50793015 0.23233004 0.76837122  0.34030862 0.46649019 0.47455342 0.46029106 0.40081428 0.44732604  0.47818362 0.31053428 0.22266408 0.34515165
0.54219881 0.81294768 0.3943821  0.62949801 0.14781087 0.69667479  0.29472564 0.35043346 0.42057658 0.32710274 0.40206102 0.4870288  0.56778292 0.42874727 0.2203941  0.37338387
0.54219881 0.81294768 0.3943821  0.62949801 0.14781087 0.69667479  0.29472564 0.35043346 0.42057658 0.32710274 0.40206102 0.4870288  0.56778292 0.42874727 0.2203941  0.37338387
0.58922267 0.85062794 0.61360447 0.67952532 0.16031431 0.62426146  0.35838494 0.30790494 0.46191374 0.29784117 0.36266838 0.39422722  0.51125471 0.36163309 0.36288916 0.32503579
0.58922267 0.85062794 0.61360447 0.67952532 0.16031431 0.62426146  0.35838494 0.30790494 0.46191374 0.29784117 0.36266838 0.39422722  0.51125471 0.36163309 0.36288916 0.32503579
0.61547146 0.81018888 0.65460435 0.70498778 0.12323728 0.58490061  0.33608648 0.35359889 0.40021468 0.37469307 0.37951368 0.42199895  0.4130316  0.30737607 0.45996363 0.2356471 
0.61547146 0.81018888 0.65460435 0.70498778 0.12323728 0.58490061  0.33608648 0.35359889 0.40021468 0.37469307 0.37951368 0.42199895  0.4130316  0.30737607 0.45996363 0.2356471 
0.61547146 0.81018888 0.65460435 0.70498778 0.12323728 0.58490061  0.33608648 0.35359889 0.40021468 0.37469307 0.37951368 0.42199895  0.4130316  0.30737607 0.45996363 0.2356471 
0.61547146 0.81018888 0.65460435 0.70498778 0.12323728 0.58490061  0.33608648 0.35359889 0.40021468 0.37469307 0.37951368 0.42199895  0.4130316  0.30737607 0.45996363 0.2356471 
0.61945658 0.82227705 0.68214954 0.70035466 0.14343817 0.58941797  0.32831663 0.34391513 0.39139724 0.31951155 0.36976293 0.41488779  0.37657728 0.29108705 0.48728761 0.25215761
0.63803459 0.8228397  0.67692415 0.66652615 0.14067546 0.60524443  0.38551948 0.34273448 0.36672971 0.29802975 0.41486578 0.39431042  0.37991578 0.29476529 0.45902986 0.22698064
0.63803459 0.8228397  0.67692415 0.66652615 0.14067546 0.60524443  0.38551948 0.34273448 0.36672971 0.29802975 0.41486578 0.39431042  0.37991578 0.29476529 0.45902986 0.22698064
0.63803459 0.8228397  0.67692415 0.66652615 0.14067546 0.60524443  0.38551948 0.34273448 0.36672971 0.29802975 0.41486578 0.39431042  0.37991578 0.29476529 0.45902986 0.22698064
0.65346916 0.7955598  0.68362116 0.64620346 0.13158982 0.58816577  0.35662306 0.40349914 0.36368487 0.3054699  0.39773073 0.40172344  0.28773361 0.23300913 0.51149973 0.22900868
0.65346916 0.7955598  0.68362116 0.64620346 0.13158982 0.58816577  0.35662306 0.40349914 0.36368487 0.3054699  0.39773073 0.40172344  0.28773361 0.23300913 0.51149973 0.22900868
0.66951892 0.76946471 0.68478474 0.61312005 0.13196588 0.5689768  0.34291746 0.46002806 0.38690077 0.28726724 0.40454523 0.40376432  0.26957672 0.21007732 0.57283404 0.24128879
0.66951892 0.76946471 0.68478474 0.61312005 0.13196588 0.5689768  0.34291746 0.46002806 0.38690077 0.28726724 0.40454523 0.40376432  0.26957672 0.21007732 0.57283404 0.24128879
0.686904   0.75358754 0.68724331 0.57183052 0.12649223 0.57425237  0.35444748 0.52614428 0.38979493 0.26494185 0.41212602 0.39102142  0.33628772 0.2258064  0.58154257 0.25927994
0.7047434  0.74227836 0.68605233 0.52828779 0.12443319 0.58276174  0.38822621 0.57072551 0.38865792 0.23556628 0.4404794  0.37342327  0.41636386 0.25618812 0.59140408 0.27135807
0.7047434  0.74227836 0.68605233 0.52828779 0.12443319 0.58276174  0.38822621 0.57072551 0.38865792 0.23556628 0.4404794  0.37342327  0.41636386 0.25618812 0.59140408 0.27135807
0.69760403 0.71457254 0.62903252 0.54597514 0.062171   0.56249648  0.41362401 0.5837213  0.41059484 0.30267776 0.45647233 0.39150831  0.47313984 0.26531246 0.56914654 0.2776472 
0.69760403 0.71457254 0.62903252 0.54597514 0.062171   0.56249648  0.41362401 0.5837213  0.41059484 0.30267776 0.45647233 0.39150831  0.47313984 0.26531246 0.56914654 0.2776472 
0.71069433 0.69596947 0.58422953 0.53223688 0.06052092 0.5325345  0.48873511 0.54461052 0.31455809 0.32781164 0.41587018 0.48003001  0.46620297 0.21769322 0.59486776 0.34822214
0.65500482 0.71571881 0.44641321 0.56164464 0.06321755 0.61391141  0.4804052  0.47859074 0.22144274 0.4729287  0.48252043 0.53397595  0.6486664  0.39454895 0.37489683 0.22299772
0.62058256 0.74373262 0.2939679  0.46383878 0.1583957  0.67311797  0.55753676 0.4417652  0.25559648 0.44262807 0.44274012 0.53584754  0.7777605  0.43488941 0.27836838 0.31671494
0.57365009 0.75879567 0.18403025 0.4358035  0.23696344 0.71519822  0.51915422 0.43399736 0.28704684 0.48078125 0.36726134 0.49022021  0.58182476 0.35113639 0.27963866 0.33156479
0.54371478 0.77811783 0.15287508 0.44938042 0.26242822 0.7112729  0.49185596 0.40453415 0.33810512 0.50566684 0.31470513 0.49048857  0.43843666 0.2995321  0.26573738 0.39840587
0.476184   0.81808372 0.11473078 0.51013595 0.32306887 0.63945974  0.52985071 0.36039565 0.48121269 0.46570131 0.52960427 0.45729399  0.36358119 0.32448577 0.38797662 0.45114741
0.45775376 0.81740666 0.10966112 0.53201358 0.34846142 0.57765323  0.53662979 0.35534054 0.47293948 0.46019537 0.55721253 0.45385149  0.29939173 0.3402492  0.42639969 0.4127083 
0.3823169  0.78846128 0.12236228 0.61859486 0.40084468 0.41011661  0.43917827 0.38945036 0.43904364 0.49797    0.38614672 0.5066506  0.24499922 0.38006324 0.59447753 0.43107704
0.30816294 0.71721078 0.15091539 0.6021121  0.42553467 0.31574794  0.46850716 0.43034109 0.35073609 0.47273546 0.30589068 0.51087913  0.28971207 0.35137961 0.54599309 0.46463364
0.27243966 0.70551182 0.16774999 0.62487119 0.42884635 0.28652377  0.40947434 0.5103817  0.40639916 0.39499976 0.40152515 0.45484959  0.36679676 0.38080542 0.47997168 0.38255461
0.19798855 0.63042582 0.20704437 0.61040696 0.4341506  0.24079384  0.38929766 0.54856643 0.36110775 0.37177948 0.27524573 0.46542195  0.57949838 0.36709838 0.36487578 0.47706324
0.14364926 0.55551474 0.24458069 0.55400056 0.41547884 0.28111082  0.43236921 0.52812433 0.33175643 0.36958256 0.25909383 0.46362982  0.5995176  0.33495696 0.28749635 0.48828425
0.08933598 0.49227807 0.28370689 0.51563283 0.39282917 0.35122619  0.41224683 0.52903719 0.4167706  0.37236308 0.3229049  0.45462839  0.62758809 0.38247804 0.3646409  0.49477643
0.03530472 0.41371177 0.32449245 0.44717499 0.36543573 0.42942868  0.4584486  0.49182641 0.42935187 0.38251683 0.3665383  0.45119726  0.57400726 0.38653202 0.39012683 0.47468522
0.03530472 0.41371177 0.32449245 0.44717499 0.36543573 0.42942868  0.4584486  0.49182641 0.42935187 0.38251683 0.3665383  0.45119726  0.57400726 0.38653202 0.39012683 0.47468522
0.00039479 0.36283831 0.35232302 0.39930133 0.34523319 0.50234819  0.48417291 0.45702496 0.47508945 0.39693445 0.45000532 0.44589633  0.47476172 0.42761975 0.50206904 0.41641874
0.00039479 0.36283831 0.35232302 0.39930133 0.34523319 0.50234819  0.48417291 0.45702496 0.47508945 0.39693445 0.45000532 0.44589633  0.47476172 0.42761975 0.50206904 0.41641874
0.00039479 0.36283831 0.35232302 0.39930133 0.34523319 0.50234819  0.48417291 0.45702496 0.47508945 0.39693445 0.45000532 0.44589633  0.47476172 0.42761975 0.50206904 0.41641874
0.00039479 0.36283831 0.35232302 0.39930133 0.34523319 0.50234819  0.48417291 0.45702496 0.47508945 0.39693445 0.45000532 0.44589633  0.47476172 0.42761975 0.50206904 0.41641874
0.00039479 0.36283831 0.35232302 0.39930133 0.34523319 0.50234819  0.48417291 0.45702496 0.47508945 0.39693445 0.45000532 0.44589633  0.47476172 0.42761975 0.50206904 0.41641874
0.00039479 0.36283831 0.35232302 0.39930133 0.34523319 0.50234819  0.48417291 0.45702496 0.47508945 0.39693445 0.45000532 0.44589633  0.47476172 0.42761975 0.50206904 0.41641874
0.00039479 0.36283831 0.35232302 0.39930133 0.34523319 0.50234819  0.48417291 0.45702496 0.47508945 0.39693445 0.45000532 0.44589633  0.47476172 0.42761975 0.50206904 0.41641874
0.00039479 0.36283831 0.35232302 0.39930133 0.34523319 0.50234819  0.48417291 0.45702496 0.47508945 0.39693445 0.45000532 0.44589633  0.47476172 0.42761975 0.50206904 0.41641874
0.00039479 0.36283831 0.35232302 0.39930133 0.34523319 0.50234819  0.48417291 0.45702496 0.47508945 0.39693445 0.45000532 0.44589633  0.47476172 0.42761975 0.50206904 0.41641874
0.00039479 0.36283831 0.35232302 0.39930133 0.34523319 0.50234819  0.48417291 0.45702496 0.47508945 0.39693445 0.45000532 0.44589633  0.47476172 0.42761975 0.50206904 0.41641874
0.00039479 0.36283831 0.35232302 0.39930133 0.34523319 0.50234819  0.48417291 0.45702496 0.47508945 0.39693445 0.45000532 0.44589633  0.47476172 0.42761975 0.50206904 0.41641874
0.00039479 0.36283831 0.35232302 0.39930133 0.34523319 0.50234819  0.48417291 0.45702496 0.47508945 0.39693445 0.45000532 0.44589633  0.47476172 0.42761975 0.50206904 0.41641874
0.00039479 0.36283831 0.35232302 0.39930133 0.34523319 0.50234819  0.48417291 0.45702496 0.47508945 0.39693445 0.45000532 0.44589633  0.47476172 0.42761975 0.50206904 0.41641874
0.00039479 0.36283831 0.35232302 0.39930133 0.34523319 0.50234819  0.48417291 0.45702496 0.47508945 0.39693445 0.45000532 0.44589633  0.47476172 0.42761975 0.50206904 0.41641874
0.00039479 0.36283831 0.35232302 0.39930133 0.34523319 0.50234819  0.48417291 0.45702496 0.47508945 0.39693445 0.45000532 0.44589633  0.47476172 0.42761975 0.50206904 0.41641874
0.00039479 0.36283831 0.35232302 0.39930133 0.34523319 0.50234819  0.48417291 0.45702496 0.47508945 0.39693445 0.45000532 0.44589633  0.47476172 0.42761975 0.50206904 0.41641874
0.00039479 0.36283831 0.35232302 0.39930133 0.34523319 0.50234819  0.48417291 0.45702496 0.47508945 0.39693445 0.45000532 0.44589633  0.47476172 0.42761975 0.50206904 0.41641874
0.00039479 0.36283831 0.35232302 0.39930133 0.34523319 0.50234819  0.48417291 0.45702496 0.47508945 0.39693445 0.45000532 0.44589633  0.47476172 0.42761975 0.50206904 0.41641874
0.00039479 0.36283831 0.35232302 0.39930133 0.34523319 0.50234819  0.48417291 0.45702496 0.47508945 0.39693445 0.45000532 0.44589633  0.47476172 0.42761975 0.50206904 0.41641874
0.00039479 0.36283831 0.35232302 0.39930133 0.34523319 0.50234819  0.48417291 0.45702496 0.47508945 0.39693445 0.45000532 0.44589633  0.47476172 0.42761975 0.50206904 0.41641874
0.00039479 0.36283831 0.35232302 0.39930133 0.34523319 0.50234819  0.48417291 0.45702496 0.47508945 0.39693445 0.45000532 0.44589633  0.47476172 0.42761975 0.50206904 0.41641874
