0.00039479 0.36283831 0.35232302 0.39930133 0.34523319 0.50234819  0.48417291 0.45702496 0.47508945 0.39693445 0.45000532 0.44589633  0.47476172 0.42761975 0.50206904 0.41641874
0.00039479 0.36283831 0.35232302 0.39930133 0.34523319 0.50234819  0.48417291 0.45702496 0.47508945 0.39693445 0.45000532 0.44589633  0.47476172 0.42761975 0.50206904 0.41641874
0.00039479 0.36283831 0.35232302 0.39930133 0.34523319 0.50234819  0.48417291 0.45702496 0.47508945 0.39693445 0.45000532 0.44589633  0.47476172 0.42761975 0.50206904 0.41641874
0.00039479 0.36283831 0.35232302 0.39930133 0.34523319 0.50234819  0.48417291 0.45702496 0.47508945 0.39693445 0.45000532 0.44589633  0.47476172 0.42761975 0.50206904 0.41641874
0.00039479 0.36283831 0.35232302 0.39930133 0.34523319 0.50234819  0.48417291 0.45702496 0.47508945 0.39693445 0.45000532 0.44589633  0.47476172 0.42761975 0.50206904 0.41641874
0.00039479 0.36283831 0.35232302 0.39930133 0.34523319 0.50234819  0.48417291 0.45702496 0.47508945 0.39693445 0.45000532 0.44589633  0.47476172 0.42761975 0.50206904 0.41641874
0.00039479 0.36283831 0.35232302 0.39930133 0.34523319 0.50234819  0.48417291 0.45702496 0.47508945 0.39693445 0.45000532 0.44589633  0.47476172 0.42761975 0.50206904 0.41641874
0.00039479 0.36283831 0.35232302 0.39930133 0.34523319 0.50234819  0.48417291 0.45702496 0.47508945 0.39693445 0.45000532 0.44589633  0.47476172 0.42761975 0.50206904 0.41641874
0.00039479 0.36283831 0.35232302 0.39930133 0.34523319 0.50234819  0.48417291 0.45702496 0.47508945 0.39693445 0.45000532 0.44589633  0.47476172 0.42761975 0.50206904 0.41641874
0.00039479 0.36283831 0.35232302 0.39930133 0.34523319 0.50234819  0.48417291 0.45702496 0.47508945 0.39693445 0.45000532 0.44589633  0.47476172 0.42761975 0.50206904 0.41641874
0.00039479 0.36283831 0.35232302 0.39930133 0.34523319 0.50234819  0.48417291 0.45702496 0.47508945 0.39693445 0.45000532 0.44589633  0.47476172 0.42761975 0.50206904 0.41641874
0.00039479 0.36283831 0.35232302 0.39930133 0.34523319 0.50234819  0.48417291 0.45702496 0.47508945 0.39693445 0.45000532 0.44589633  0.47476172 0.42761975 0.50206904 0.41641874
0.00039479 0.36283831 0.35232302 0.39930133 0.34523319 0.50234819  0.48417291 0.45702496 0.47508945 0.39693445 0.45000532 0.44589633  0.47476172 0.42761975 0.50206904 0.41641874
0.00039479 0.36283831 0.35232302 0.39930133 0.34523319 0.50234819  0.48417291 0.45702496 0.47508945 0.39693445 0.45000532 0.44589633  0.47476172 0.42761975 0.50206904 0.41641874
0.00039479 0.36283831 0.35232302 0.39930133 0.34523319 0.50234819  0.48417291 0.45702496 0.47508945 0.39693445 0.45000532 0.44589633  0.47476172 0.42761975 0.50206904 0.41641874
0.00039479 0.36283831 0.35232302 0.39930133 0.34523319 0.50234819  0.48417291 0.45702496 0.47508945 0.39693445 0.45000532 0.44589633  0.47476172 0.42761975 0.50206904 0.41641874
0.00039479 0.36283831 0.35232302 0.39930133 0.34523319 0.50234819  0.48417291 0.45702496 0.47508945 0.39693445 0.45000532 0.44589633  0.47476172 0.42761975 0.50206904 0.41641874
0.00039479 0.36283831 0.35232302 0.39930133 0.34523319 0.50234819  0.48417291 0.45702496 0.47508945 0.39693445 0.45000532 0.44589633  0.47476172 0.42761975 0.50206904 0.41641874
0.00039479 0.36283831 0.35232302 0.39930133 0.34523319 0.50234819  0.48417291 0.45702496 0.47508945 0.39693445 0.45000532 0.44589633  0.47476172 0.42761975 0.50206904 0.41641874
0.00039479 0.36283831 0.35232302 0.39930133 0.34523319 0.50234819  0.48417291 0.45702496 0.47508945 0.39693445 0.45000532 0.44589633  0.47476172 0.42761975 0.50206904 0.41641874
0.00039479 0.36283831 0.35232302 0.39930133 0.34523319 0.50234819  0.48417291 0.45702496 0.47508945 0.39693445 0.45000532 0.44589633  0.47476172 0.42761975 0.50206904 0.41641874
0.00039479 0.36283831 0.35232302 0.39930133 0.34523319 0.50234819  0.48417291 0.45702496 0.47508945 0.39693445 0.45000532 0.44589633  0.47476172 0.42761975 0.50206904 0.41641874
0.00039479 0.36283831 0.35232302 0.39930133 0.34523319 0.50234819  0.48417291 0.45702496 0.47508945 0.39693445 0.45000532 0.44589633  0.47476172 0.42761975 0.50206904 0.41641874
0.00039479 0.36283831 0.35232302 0.39930133 0.34523319 0.50234819  0.48417291 0.45702496 0.47508945 0.39693445 0.45000532 0.44589633  0.47476172 0.42761975 0.50206904 0.41641874
0.00039479 0.36283831 0.35232302 0.39930133 0.34523319 0.50234819  0.48417291 0.45702496 0.47508945 0.39693445 0.45000532 0.44589633  0.47476172 0.42761975 0.50206904 0.41641874
0.00039479 0.36283831 0.35232302 0.39930133 0.34523319 0.50234819  0.48417291 0.45702496 0.47508945 0.39693445 0.45000532 0.44589633  0.47476172 0.42761975 0.50206904 0.41641874
0.00039479 0.36283831 0.35232302 0.39930133 0.34523319 0.50234819  0.48417291 0.45702496 0.47508945 0.39693445 0.45000532 0.44589633  0.47476172 0.42761975 0.50206904 0.41641874
0.00039479 0.36283831 0.35232302 0.39930133 0.34523319 0.50234819  0.48417291 0.45702496 0.47508945 0.39693445 0.45000532 0.44589633  0.47476172 0.42761975 0.50206904 0.41641874
0.00039479 0.36283831 0.35232302 0.39930133 0.34523319 0.50234819  0.48417291 0.45702496 0.47508945 0.39693445 0.45000532 0.44589633  0.47476172 0.42761975 0.50206904 0.41641874
0.00039479 0.36283831 0.35232302 0.39930133 0.34523319 0.50234819  0.48417291 0.45702496 0.47508945 0.39693445 0.45000532 0.44589633  0.47476172 0.42761975 0.50206904 0.41641874
0.00039479 0.36283831 0.35232302 0.39930133 0.34523319 0.50234819  0.48417291 0.45702496 0.47508945 0.39693445 0.45000532 0.44589633  0.47476172 0.42761975 0.50206904 0.41641874
0.00039479 0.36283831 0.35232302 0.39930133 0.34523319 0.50234819  0.48417291 0.45702496 0.47508945 0.39693445 0.45000532 0.44589633  0.47476172 0.42761975 0.50206904 0.41641874
0.00039479 0.36283831 0.35232302 0.39930133 0.34523319 0.50234819  0.48417291 0.45702496 0.47508945 0.39693445 0.45000532 0.44589633  0.47476172 0.42761975 0.50206904 0.41641874
0.00039479 0.36283831 0.35232302 0.39930133 0.34523319 0.50234819  0.48417291 0.45702496 0.47508945 0.39693445 0.45000532 0.44589633  0.47476172 0.42761975 0.50206904 0.41641874
0.00039479 0.36283831 0.35232302 0.39930133 0.34523319 0.50234819  0.48417291 0.45702496 0.47508945 0.39693445 0.45000532 0.44589633  0.47476172 0.42761975 0.50206904 0.41641874
0.00039479 0.36283831 0.35232302 0.39930133 0.34523319 0.50234819  0.48417291 0.45702496 0.47508945 0.39693445 0.45000532 0.44589633  0.47476172 0.42761975 0.50206904 0.41641874
0.00039479 0.36283831 0.35232302 0.39930133 0.34523319 0.50234819  0.48417291 0.45702496 0.47508945 0.39693445 0.45000532 0.44589633  0.47476172 0.42761975 0.50206904 0.41641874
0.00039479 0.36283831 0.35232302 0.39930133 0.34523319 0.50234819  0.48417291 0.45702496 0.47508945 0.39693445 0.45000532 0.44589633  0.47476172 0.42761975 0.50206904 0.41641874
0.03525649 0.41685964 0.32437467 0.45347996 0.36854765 0.43569141  0.43485985 0.4975719  0.47652552 0.39120509 0.39620065 0.45304628  0.55757342 0.45566594 0.52722734 0.46096477
0.03525649 0.41685964 0.32437467 0.45347996 0.36854765 0.43569141  0.43485985 0.4975719  0.47652552 0.39120509 0.39620065 0.45304628  0.55757342 0.45566594 0.52722734 0.46096477
0.05290925 0.44420582 0.31036068 0.48054205 0.37972666 0.40446539  0.40980259 0.51681666 0.48042852 0.38914823 0.37426181 0.45627883  0.59268897 0.4691632  0.54303946 0.47811462
0.14447911 0.5700276  0.24788815 0.57619888 0.40654171 0.35060211  0.32067847 0.55784364 0.58266704 0.38687812 0.4602126  0.44518481  0.53631072 0.57452774 0.74914018 0.39850858
0.19785185 0.64518546 0.20671798 0.64151159 0.43300978 0.25110585  0.29647881 0.59998832 0.50253266 0.36086939 0.35221816 0.4490006  0.66345749 0.48623326 0.53329341 0.45918016
0.21623457 0.66850952 0.19464458 0.65673355 0.43804207 0.23751713  0.28996202 0.60532266 0.50420728 0.35359983 0.36349489 0.44466976  0.66187085 0.49348998 0.53524902 0.43385105
0.27259032 0.72536699 0.17075042 0.66514703 0.4173049  0.3237552  0.27946398 0.56658834 0.59453782 0.38076513 0.4916708  0.43588699  0.51832521 0.49752413 0.60931936 0.38592222
0.29131437 0.74805556 0.15908228 0.6753636  0.42004641 0.3197609  0.28518274 0.55941337 0.5863977  0.37842273 0.50936378 0.43246587  0.48548483 0.47992898 0.58442582 0.36396198
0.30983353 0.76257574 0.15619934 0.67616474 0.40265727 0.37928527  0.27073384 0.51959709 0.61542993 0.42376266 0.48752646 0.45691024  0.44094478 0.47372309 0.63905033 0.40324622
0.30983353 0.76257574 0.15619934 0.67616474 0.40265727 0.37928527  0.27073384 0.51959709 0.61542993 0.42376266 0.48752646 0.45691024  0.44094478 0.47372309 0.63905033 0.40324622
0.32811976 0.77340442 0.14455354 0.66746248 0.4073788  0.36600498  0.32396566 0.48794279 0.54226391 0.43316245 0.4604083  0.4647857  0.35048856 0.43172892 0.60043666 0.38374561
0.32811976 0.77340442 0.14455354 0.66746248 0.4073788  0.36600498  0.32396566 0.48794279 0.54226391 0.43316245 0.4604083  0.4647857  0.35048856 0.43172892 0.60043666 0.38374561
0.3468045  0.78215462 0.1349952  0.64789402 0.40857879 0.36978608  0.38267021 0.46830133 0.49698787 0.42483595 0.49581903 0.45264481  0.27730618 0.40630613 0.55843754 0.33903484
0.40197047 0.80122092 0.11412836 0.59313625 0.39279801 0.43561678  0.48338328 0.40431869 0.45461516 0.44585244 0.52249113 0.45944177  0.25829957 0.35595448 0.47543007 0.37470857
0.42027876 0.8103488  0.1154471  0.58739732 0.37098644 0.5062475  0.46640962 0.36569205 0.48136623 0.48659072 0.48661598 0.4818624  0.25853725 0.3529315  0.50007316 0.42395598
0.47504771 0.81068316 0.10684289 0.50897495 0.34185231 0.59683515  0.55071348 0.33984459 0.45412722 0.50016313 0.47218942 0.48944874  0.35304037 0.33302527 0.44791077 0.4867838 
0.49362571 0.81124581 0.1016175  0.47514645 0.3390896  0.61266162  0.60791633 0.33866394 0.42945969 0.47868133 0.51729227 0.46887136  0.35637887 0.33670351 0.41965302 0.46160683
0.51122529 0.79950986 0.09455724 0.43195576 0.3493868  0.5994669  0.66683861 0.34610602 0.416032   0.46732754 0.53386627 0.462384  0.40329739 0.37544479 0.47961754 0.45658068
0.52906469 0.78820068 0.09336626 0.38841304 0.34732777 0.60797626  0.70061735 0.39068725 0.41489499 0.43795197 0.56221965 0.44478585  0.48337353 0.40582652 0.48947905 0.4686588 
0.56324047 0.75110964 0.09211211 0.30418254 0.34843496 0.59677457  0.7318537  0.49777815 0.44141285 0.39386804 0.58813656 0.42747788  0.60811379 0.45263783 0.56700873 0.50068664
0.56324047 0.75110964 0.09211211 0.30418254 0.34843496 0.59677457  0.7318537  0.49777815 0.44141285 0.39386804 0.58813656 0.42747788  0.60811379 0.45263783 0.56700873 0.50068664
0.5805287  0.74168416 0.10642507 0.28770622 0.32206729 0.63853522  0.69543258 0.52707274 0.42096165 0.40027037 0.50992896 0.43680873  0.65015541 0.43933157 0.5128832  0.50609601
0.59521899 0.71231201 0.09946105 0.26900658 0.33004911 0.62165695  0.68773549 0.45743126 0.45097386 0.41028433 0.44240714 0.4661279  0.66740669 0.51360893 0.57316234 0.51305839
0.64365164 0.64552337 0.10899623 0.19445715 0.31213228 0.61898945  0.62847728 0.49324283 0.49285251 0.3885577  0.32249606 0.49764718  0.71499943 0.55364195 0.62914523 0.53454827
0.70194538 0.52778045 0.10600419 0.12908269 0.32670192 0.54988302  0.53113824 0.52575381 0.54915878 0.39139691 0.25396122 0.52672387  0.59080181 0.48548661 0.69372116 0.51904323
0.74029831 0.42236503 0.08253112 0.13001876 0.3795643  0.48711557  0.42582677 0.38781866 0.64367133 0.33700756 0.31734034 0.49028625  0.57951604 0.35658439 0.49608563 0.425364  
0.75500101 0.3959788  0.09496858 0.12721651 0.36291236 0.47253131  0.39032606 0.42928219 0.61687182 0.36024464 0.29584427 0.49735479  0.46131689 0.29342549 0.53318046 0.40450296
0.80618617 0.28492215 0.14848254 0.29170574 0.34170327 0.48517789  0.35292643 0.44509728 0.45094013 0.51388762 0.44807504 0.46246132  0.44122408 0.39394689 0.41772193 0.53190231
0.84840698 0.18921834 0.1955986  0.4724183  0.36428087 0.53707517  0.37742984 0.45017652 0.29644845 0.56651807 0.51456115 0.40165086  0.52016824 0.45177408 0.54386266 0.46429767
0.85410093 0.1657409  0.18936274 0.51740719 0.39400671 0.57676094  0.39477941 0.4617965  0.27970172 0.55082115 0.48571538 0.36631048  0.52680843 0.4565308  0.60886141 0.44896593
0.88876614 0.11321659 0.26904426 0.69371375 0.38747718 0.59151515  0.51927062 0.47125454 0.35886649 0.55128186 0.50792722 0.46291327  0.65351572 0.43457383 0.54357353 0.46096255
0.91464472 0.12322985 0.38638096 0.75455751 0.38469986 0.525077  0.66917666 0.48497003 0.54532467 0.57778822 0.42023756 0.42164765  0.6070785  0.39616863 0.52156079 0.49724236
0.92644294 0.15577354 0.46370665 0.73960007 0.41839648 0.51268227  0.67409607 0.47013173 0.59064672 0.58122483 0.36967024 0.32748982  0.56363861 0.43758276 0.4680485  0.52306347
0.92874531 0.16303781 0.48165928 0.72683089 0.46269533 0.51099806  0.68255917 0.47479468 0.6210186  0.63468572 0.35342818 0.29324466  0.58712151 0.45157763 0.42670316 0.49845349
0.94827436 0.18775336 0.58295062 0.75318473 0.45777806 0.47983613  0.7167202  0.41691036 0.64660469 0.48099777 0.31451944 0.24522674  0.57385991 0.36800444 0.55212174 0.54994184
0.95448249 0.21376086 0.63600818 0.72101444 0.54977622 0.48798539  0.71416121 0.42508602 0.67497258 0.55629373 0.28099578 0.17284395  0.58655851 0.39308552 0.49960907 0.49130579
0.95448249 0.21376086 0.63600818 0.72101444 0.54977622 0.48798539  0.71416121 0.42508602 0.67497258 0.55629373 0.28099578 0.17284395  0.58655851 0.39308552 0.49960907 0.49130579
0.94388717 0.25858825 0.64617707 0.62931305 0.49542836 0.41156779  0.67466426 0.39096447 0.70619406 0.58536553 0.32941263 0.22476341  0.5779672  0.37624408 0.39310689 0.52256474
0.93806356 0.25553226 0.61598968 0.60016317 0.4376748  0.3720384  0.64236942 0.35954106 0.6686103  0.62912188 0.3768411  0.17437078  0.64182498 0.32056039 0.46613431 0.59084265
0.93616508 0.2573745  0.60782027 0.58814385 0.42299834 0.37506918  0.60790636 0.34284718 0.6107343  0.60001604 0.39936946 0.1737068  0.64563137 0.33561365 0.5137531  0.58034538
0.89695474 0.27679257 0.48531623 0.50318162 0.29329921 0.34505452  0.57751159 0.39842018 0.63522473 0.66446415 0.45559416 0.4040342  0.57633533 0.4281666  0.35486343 0.54522491
0.89695474 0.27679257 0.48531623 0.50318162 0.29329921 0.34505452  0.57751159 0.39842018 0.63522473 0.66446415 0.45559416 0.4040342  0.57633533 0.4281666  0.35486343 0.54522491
0.88381572 0.26036449 0.41619171 0.47549265 0.27087928 0.34393767  0.55049833 0.41398476 0.58254574 0.71447068 0.4778675  0.42625492  0.60725023 0.44044637 0.39171007 0.47096248
0.8760332  0.24392376 0.36990769 0.48590874 0.25910369 0.37050492  0.51728293 0.41423207 0.52897903 0.67441296 0.5217187  0.50376253  0.63114639 0.41882215 0.4427564  0.45131887
0.85427798 0.24665993 0.27865831 0.43210812 0.26558309 0.45806041  0.38476321 0.41307974 0.32937596 0.55445924 0.54117628 0.54320163  0.59009309 0.56224772 0.42255526 0.35577782
0.85427798 0.24665993 0.27865831 0.43210812 0.26558309 0.45806041  0.38476321 0.41307974 0.32937596 0.55445924 0.54117628 0.54320163  0.59009309 0.56224772 0.42255526 0.35577782
0.83303439 0.24918033 0.20903787 0.38437656 0.31234242 0.47336841  0.39119833 0.45597281 0.38896079 0.5778432  0.50042167 0.51152395  0.49033188 0.49636877 0.44900096 0.41712743
0.79390677 0.32310615 0.14048226 0.24588043 0.3540575  0.52272981  0.3669365  0.46844059 0.49333156 0.4335939  0.28573521 0.47407527  0.41625471 0.39103418 0.47564943 0.35657353
0.76917615 0.37312257 0.11933689 0.21533321 0.36789079 0.56710551  0.41020963 0.47716931 0.51572854 0.41099164 0.1778361  0.46958926  0.45250357 0.41320372 0.56404846 0.41998894
0.74259513 0.43134932 0.10147678 0.12277353 0.34690923 0.49611053  0.42778048 0.44379952 0.59194669 0.38730686 0.23314702 0.52190563  0.48136398 0.35534509 0.62720503 0.43155854
0.69938187 0.52035986 0.08962278 0.14857676 0.35412434 0.55325451  0.52734666 0.38823535 0.58347375 0.37865781 0.2490522  0.52128648  0.69713135 0.51737403 0.61175442 0.48566325
0.68366309 0.54567752 0.08277055 0.17491726 0.36002047 0.56729231  0.54976705 0.31560378 0.58664961 0.36170185 0.26258424 0.51163546  0.75220509 0.53956235 0.59103227 0.47358705
0.55878896 0.72847248 0.08096928 0.34535815 0.3632369  0.56769496  0.68223746 0.27404124 0.48391469 0.44259912 0.45004886 0.49634717  0.52043477 0.55917253 0.58817349 0.48516202
0.55878896 0.72847248 0.08096928 0.34535815 0.3632369  0.56769496  0.68223746 0.27404124 0.48391469 0.44259912 0.45004886 0.49634717  0.52043477 0.55917253 0.58817349 0.48516202
0.52532475 0.75815148 0.08133258 0.39159103 0.38070213 0.52929149  0.69969933 0.31599067 0.43663399 0.44245999 0.52230609 0.47066251  0.43643535 0.49586731 0.58818127 0.43718207
0.52532475 0.75815148 0.08133258 0.39159103 0.38070213 0.52929149  0.69969933 0.31599067 0.43663399 0.44245999 0.52230609 0.47066251  0.43643535 0.49586731 0.58818127 0.43718207
0.48988577 0.78119661 0.08958382 0.47832444 0.37246396 0.53397684  0.60699831 0.26396736 0.45119868 0.48318935 0.47737872 0.49474803  0.30944069 0.4267443  0.51835524 0.4301301 
0.45629848 0.80407354 0.09710843 0.51857932 0.38424446 0.49527585  0.60167809 0.3427797  0.40494569 0.47808893 0.51940683 0.4728624  0.25467343 0.36882748 0.50349181 0.40923842
0.47519548 0.81056876 0.09654784 0.49702408 0.36448215 0.55085511  0.61469541 0.33360884 0.42118648 0.47317538 0.54490054 0.46542886  0.29218941 0.35246694 0.45807609 0.42316772
0.47519548 0.81056876 0.09654784 0.49702408 0.36448215 0.55085511  0.61469541 0.33360884 0.42118648 0.47317538 0.54490054 0.46542886  0.29218941 0.35246694 0.45807609 0.42316772
0.52906469 0.78820068 0.09336626 0.38841304 0.34732777 0.60797626  0.70061735 0.39068725 0.41489499 0.43795197 0.56221965 0.44478585  0.48337353 0.40582652 0.48947905 0.4686588 
0.52906469 0.78820068 0.09336626 0.38841304 0.34732777 0.60797626  0.70061735 0.39068725 0.41489499 0.43795197 0.56221965 0.44478585  0.48337353 0.40582652 0.48947905 0.4686588 
0.56324047 0.75110964 0.09211211 0.30418254 0.34843496 0.59677457  0.7318537  0.49777815 0.44141285 0.39386804 0.58813656 0.42747788  0.60811379 0.45263783 0.56700873 0.50068664
0.56324047 0.75110964 0.09211211 0.30418254 0.34843496 0.59677457  0.7318537  0.49777815 0.44141285 0.39386804 0.58813656 0.42747788  0.60811379 0.45263783 0.56700873 0.50068664
0.59296473 0.69138144 0.07971514 0.26112765 0.3643441  0.55649327  0.71347382 0.38113214 0.51043254 0.39851518 0.47596577 0.4790392  0.64517503 0.60598385 0.66570318 0.51718986
0.60767606 0.65920188 0.07480033 0.23907581 0.37440424 0.52379441  0.69283633 0.36461821 0.55701828 0.37460493 0.48103675 0.48392667  0.64499663 0.65559472 0.64612161 0.51599154
0.62372582 0.63310679 0.0759639  0.2059924  0.3747803  0.50460544  0.67913073 0.42114713 0.58023418 0.35640227 0.48785125 0.48596755  0.62683974 0.63266291 0.70745592 0.52827165
0.62372582 0.63310679 0.0759639  0.2059924  0.3747803  0.50460544  0.67913073 0.42114713 0.58023418 0.35640227 0.48785125 0.48596755  0.62683974 0.63266291 0.70745592 0.52827165
0.62372582 0.63310679 0.0759639  0.2059924  0.3747803  0.50460544  0.67913073 0.42114713 0.58023418 0.35640227 0.48785125 0.48596755  0.62683974 0.63266291 0.70745592 0.52827165
0.62372582 0.63310679 0.0759639  0.2059924  0.3747803  0.50460544  0.67913073 0.42114713 0.58023418 0.35640227 0.48785125 0.48596755  0.62683974 0.63266291 0.70745592 0.52827165
0.55355245 0.66527412 0.06595336 0.3079819  0.42708201 0.38608161  0.70505905 0.33207352 0.51909984 0.3506861  0.53693938 0.47080643  0.51385849 0.65865205 0.65119307 0.41031387
0.4103054  0.66690193 0.09347386 0.45853061 0.48878084 0.18161581  0.66713671 0.35147807 0.32476639 0.36344866 0.37545994 0.47947334  0.43404815 0.59358277 0.58968482 0.32383359
0.2847075  0.59881406 0.15822551 0.47584409 0.47150716 0.17767494  0.66465983 0.39449302 0.15551828 0.38325614 0.19390078 0.49892428  0.51064002 0.38844517 0.32641785 0.44992419
0.14288369 0.55598284 0.24443377 0.55739658 0.41840489 0.27475266  0.42470265 0.53417862 0.33550881 0.37147326 0.24715229 0.46677591  0.61643602 0.35043163 0.31369544 0.50645803
0.00039479 0.36283831 0.35232302 0.39930133 0.34523319 0.50234819  0.48417291 0.45702496 0.47508945 0.39693445 0.45000532 0.44589633  0.47476172 0.42761975 0.50206904 0.41641874
0.00039479 0.36283831 0.35232302 0.39930133 0.34523319 0.50234819  0.48417291 0.45702496 0.47508945 0.39693445 0.45000532 0.44589633  0.47476172 0.42761975 0.50206904 0.41641874
0.00039479 0.36283831 0.35232302 0.39930133 0.34523319 0.50234819  0.48417291 0.45702496 0.47508945 0.39693445 0.45000532 0.44589633  0.47476172 0.42761975 0.50206904 0.41641874
0.00039479 0.36283831 0.35232302 0.39930133 0.34523319 0.50234819  0.48417291 0.45702496 0.47508945 0.39693445 0.45000532 0.44589633  0.47476172 0.42761975 0.50206904 0.41641874
0.00039479 0.36283831 0.35232302 0.39930133 0.34523319 0.50234819  0.48417291 0.45702496 0.47508945 0.39693445 0.45000532 0.44589633  0.47476172 0.42761975 0.50206904 0.41641874
0.00039479 0.36283831 0.35232302 0.39930133 0.34523319 0.50234819  0.48417291 0.45702496 0.47508945 0.39693445 0.45000532 0.44589633  0.47476172 0.42761975 0.50206904 0.41641874
0.00039479 0.36283831 0.35232302 0.39930133 0.34523319 0.50234819  0.48417291 0.45702496 0.47508945 0.39693445 0.45000532 0.44589633  0.47476172 0.42761975 0.50206904 0.41641874
0.00039479 0.36283831 0.35232302 0.39930133 0.34523319 0.50234819  0.48417291 0.45702496 0.47508945 0.39693445 0.45000532 0.44589633  0.47476172 0.42761975 0.50206904 0.41641874
0.00039479 0.36283831 0.35232302 0.39930133 0.34523319 0.50234819  0.48417291 0.45702496 0.47508945 0.39693445 0.45000532 0.44589633  0.47476172 0.42761975 0.50206904 0.41641874
0.00039479 0.36283831 0.35232302 0.39930133 0.34523319 0.50234819  0.48417291 0.45702496 0.47508945 0.39693445 0.45000532 0.44589633  0.47476172 0.42761975 0.50206904 0.41641874
0.09109038 0.48677425 0.29070542 0.4924654  0.37299551 0.44654935  0.39791489 0.50087912 0.57073855 0.3874221  0.52902341 0.43036583  0.45841841 0.53000785 0.66668061 0.35437939
0.21811178 0.66343116 0.19856449 0.63349695 0.4264891  0.28998182  0.32021884 0.56766392 0.53076967 0.3540995  0.46684635 0.42780541  0.54976511 0.50234145 0.56030821 0.34898544
0.23551263 0.68728843 0.18488133 0.65424332 0.43511442 0.25223525  0.3171386  0.58254739 0.49020305 0.34311532 0.41613863 0.42923937  0.60408793 0.45550354 0.45197155 0.38130632
0.23551263 0.68728843 0.18488133 0.65424332 0.43511442 0.25223525  0.3171386  0.58254739 0.49020305 0.34311532 0.41613863 0.42923937  0.60408793 0.45550354 0.45197155 0.38130632
0.29136476 0.72844633 0.16120016 0.63159662 0.4265548  0.30168934  0.36311061 0.57393379 0.52406475 0.32370623 0.54887332 0.39550228  0.55345393 0.47991462 0.46856534 0.32331368
0.39878865 0.69899053 0.12117695 0.43383322 0.44706691 0.29723393  0.63304536 0.60755643 0.45020654 0.25728852 0.69173214 0.3520169  0.65176381 0.55514875 0.55091442 0.28964687
0.45335406 0.70293866 0.11046218 0.36617495 0.42798417 0.34563588  0.70428132 0.63626224 0.40814543 0.24156696 0.71616743 0.33663253  0.64788596 0.51351798 0.47258029 0.30152046
0.45335406 0.70293866 0.11046218 0.36617495 0.42798417 0.34563588  0.70428132 0.63626224 0.40814543 0.24156696 0.71616743 0.33663253  0.64788596 0.51351798 0.47258029 0.30152046
0.52153975 0.67133111 0.09880708 0.29942293 0.40938696 0.38322533  0.66223053 0.65140529 0.53185328 0.2277752  0.75913994 0.35251355  0.60243605 0.52752911 0.55652005 0.34200288
0.57112332 0.61941061 0.11742598 0.23088211 0.36901264 0.41391538  0.60413464 0.78985662 0.53390579 0.25767726 0.70086458 0.3730201  0.5193696  0.42782119 0.59128899 0.39454623
0.59801757 0.60857127 0.12164435 0.26883135 0.34039494 0.44875638  0.60320225 0.75397755 0.56815257 0.35743076 0.77749023 0.4288562  0.48758248 0.43823255 0.60712415 0.51609468
0.63264609 0.59460162 0.16711414 0.25449385 0.26109498 0.54855614  0.51704809 0.86753677 0.45397139 0.41282326 0.59063896 0.44760437  0.45754303 0.29605268 0.56590829 0.50151027
0.65095439 0.6037295  0.16843287 0.24875492 0.23928341 0.61918686  0.50007443 0.82891013 0.48072246 0.45356154 0.5547638  0.47002501  0.45778071 0.29302971 0.59055138 0.55075767
0.68048324 0.58626238 0.18213478 0.25129893 0.22352445 0.56809019  0.56773743 0.79447441 0.34870505 0.53562179 0.52616852 0.53064702  0.4090343  0.30955986 0.60757382 0.55719264
0.69894026 0.59326524 0.23266377 0.24874602 0.18032754 0.59424935  0.50960971 0.78639481 0.25773922 0.52031615 0.42647084 0.53857017  0.43668024 0.33990831 0.56535783 0.37140059
0.71600884 0.56792945 0.24044946 0.22153885 0.19752533 0.55721679  0.52006464 0.72709154 0.33100794 0.58875353 0.34153477 0.52265674  0.43791257 0.43263288 0.60188902 0.39628455
0.76556801 0.53274565 0.34930097 0.27186543 0.1447798  0.51354523  0.49636758 0.6299726  0.24361599 0.56245604 0.36020105 0.58557584  0.56787095 0.59243447 0.68326191 0.2302464 
0.81623053 0.62665906 0.65023149 0.24718096 0.32853106 0.43980379  0.59219764 0.5704255  0.42645902 0.59282712 0.23497435 0.36463428  0.55393052 0.55656744 0.68967359 0.2428621 
0.85596447 0.64277478 0.81080022 0.18288463 0.61586299 0.42263736  0.57525778 0.54273269 0.51630898 0.56542611 0.32424711 0.49358133  0.58745924 0.43249364 0.72563711 0.36723702
0.8696269  0.61572108 0.81405138 0.17024164 0.69888922 0.4325313  0.52863289 0.4630545  0.51460435 0.57262646 0.33233096 0.58153535  0.61539753 0.36229928 0.74898827 0.38710008
0.86975182 0.61895005 0.8212005  0.16183933 0.73791249 0.44621919  0.51456454 0.46598817 0.50082159 0.57879969 0.36525912 0.63010419  0.62710234 0.34475744 0.7532251  0.4049746 
0.88262288 0.58424957 0.8115161  0.16101071 0.75624928 0.43251202  0.48187654 0.38923436 0.53209173 0.57350074 0.34321505 0.63207983  0.6412497  0.31488869 0.72372823 0.37362266
0.87324013 0.57420062 0.75033818 0.17976694 0.59174348 0.4362817  0.44987147 0.36593118 0.4213348  0.40754359 0.27786316 0.5561402  0.56280961 0.42106466 0.80439848 0.26994609
0.8787399  0.50897601 0.67235103 0.23916972 0.41774216 0.39444977  0.43309966 0.29127096 0.44470127 0.27075047 0.24409818 0.48681135  0.52684386 0.40175156 0.75553312 0.20302706
0.86219881 0.44755705 0.54025412 0.29718995 0.23496953 0.35727333  0.48321645 0.31527549 0.46068579 0.28871097 0.26193995 0.5290323  0.5597516  0.34793913 0.80047732 0.2389722 
0.83095987 0.38962892 0.35709954 0.2988004  0.1679505  0.40345136  0.42430571 0.36429917 0.38541024 0.43928797 0.35928258 0.64529359  0.68721819 0.45235602 0.67281591 0.16591723
0.83816702 0.36146454 0.35431687 0.34590703 0.19158935 0.42910274  0.42659286 0.36630457 0.35163791 0.45425924 0.37333757 0.59383244  0.68147185 0.47918299 0.66940139 0.23362554
0.85922988 0.21325819 0.25643459 0.49041316 0.33726106 0.54601787  0.40828646 0.42664846 0.28400883 0.49805676 0.40760074 0.41599844  0.61095035 0.45200703 0.65824931 0.24548975
0.85782176 0.18308743 0.21460758 0.5102249  0.38182953 0.59686027  0.37478242 0.44274127 0.2245659  0.50089756 0.41145524 0.35224854  0.57736745 0.46113612 0.65169053 0.28778252
0.87109821 0.13637797 0.21777586 0.59408549 0.39522298 0.60890872  0.41044631 0.46918006 0.21530569 0.54193625 0.49034714 0.36706119  0.59207151 0.48983808 0.65440461 0.35411952
0.85971803 0.1413696  0.18328565 0.56731137 0.42557495 0.62435907  0.4102881  0.48361089 0.25049832 0.52156866 0.44927891 0.33279642  0.54574915 0.43511107 0.67938656 0.38936809
0.85016673 0.13778282 0.1488617  0.56960083 0.46786221 0.65501256  0.44927167 0.52504626 0.32632382 0.49465782 0.38491132 0.34013168  0.45816843 0.44316581 0.66093356 0.41485238
0.85016673 0.13778282 0.1488617  0.56960083 0.46786221 0.65501256  0.44927167 0.52504626 0.32632382 0.49465782 0.38491132 0.34013168  0.45816843 0.44316581 0.66093356 0.41485238
0.85016673 0.13778282 0.1488617  0.56960083 0.46786221 0.65501256  0.44927167 0.52504626 0.32632382 0.49465782 0.38491132 0.34013168  0.45816843 0.44316581 0.66093356 0.41485238
0.85016673 0.13778282 0.1488617  0.56960083 0.46786221 0.65501256  0.44927167 0.52504626 0.32632382 0.49465782 0.38491132 0.34013168  0.45816843 0.44316581 0.66093356 0.41485238
0.85016673 0.13778282 0.1488617  0.56960083 0.46786221 0.65501256  0.44927167 0.52504626 0.32632382 0.49465782 0.38491132 0.34013168  0.45816843 0.44316581 0.66093356 0.41485238
0.85255068 0.1266124  0.14853199 0.60317778 0.48095246 0.67569348  0.48254814 0.55122712 0.35108738 0.4780733  0.36135965 0.37740958  0.44327561 0.46176306 0.63577183 0.37827717
0.84206365 0.13249765 0.1201926  0.60393402 0.52350417 0.71584056  0.51777013 0.57123837 0.42579329 0.41025183 0.28557646 0.38384423  0.43428451 0.44781177 0.59724435 0.36822576
0.84206365 0.13249765 0.1201926  0.60393402 0.52350417 0.71584056  0.51777013 0.57123837 0.42579329 0.41025183 0.28557646 0.38384423  0.43428451 0.44781177 0.59724435 0.36822576
0.84327613 0.12673547 0.1202343  0.62295312 0.53153273 0.72791586  0.54049767 0.58885142 0.44971305 0.39552072 0.26337787 0.41211252  0.41057146 0.47336275 0.56367686 0.34138872
0.84206365 0.13249765 0.1201926  0.60393402 0.52350417 0.71584056  0.51777013 0.57123837 0.42579329 0.41025183 0.28557646 0.38384423  0.43428451 0.44781177 0.59724435 0.36822576
0.83051756 0.14655048 0.0916302  0.5756693  0.54392925 0.74061716  0.50456787 0.56700795 0.46069283 0.356637   0.24723508 0.36314103  0.41430849 0.43890988 0.53726471 0.43675342
0.83173004 0.1407883  0.09167189 0.59468841 0.55195782 0.75269246  0.52729541 0.584621   0.48461259 0.34190589 0.22503649 0.39140933  0.39059543 0.46446086 0.50369722 0.40991637
0.82335496 0.16614781 0.08457059 0.55754031 0.56318639 0.77737584  0.5137789  0.58068379 0.47939804 0.28749232 0.12657352 0.3600176  0.3778425  0.44784362 0.54248657 0.32765215
0.82335496 0.16614781 0.08457059 0.55754031 0.56318639 0.77737584  0.5137789  0.58068379 0.47939804 0.28749232 0.12657352 0.3600176  0.3778425  0.44784362 0.54248657 0.32765215
0.82335496 0.16614781 0.08457059 0.55754031 0.56318639 0.77737584  0.5137789  0.58068379 0.47939804 0.28749232 0.12657352 0.3600176  0.3778425  0.44784362 0.54248657 0.32765215
0.82335496 0.16614781 0.08457059 0.55754031 0.56318639 0.77737584  0.5137789  0.58068379 0.47939804 0.28749232 0.12657352 0.3600176  0.3778425  0.44784362 0.54248657 0.32765215
0.80790304 0.17951283 0.06143052 0.54971925 0.58725989 0.76044971  0.55854833 0.57039534 0.52995669 0.26875198 0.16887645 0.35496748  0.38376599 0.45560494 0.59850996 0.39593142
0.80669056 0.18527501 0.06138882 0.53070014 0.57923132 0.74837441  0.53582079 0.5527823  0.50603693 0.28348309 0.19107505 0.32669919  0.40747904 0.43005396 0.63207745 0.42276846
0.7644894  0.26177898 0.03656643 0.47009257 0.58887013 0.68496818  0.57708129 0.4620479  0.56801721 0.2545749  0.2775165  0.32193293  0.50350354 0.46283344 0.69712669 0.39272942
0.69584114 0.32434679 0.00857971 0.51274498 0.63916838 0.5861788  0.65083832 0.31519128 0.54044778 0.20575464 0.45671669 0.2397405  0.62977497 0.54010594 0.67596025 0.37612008
0.69584114 0.32434679 0.00857971 0.51274498 0.63916838 0.5861788  0.65083832 0.31519128 0.54044778 0.20575464 0.45671669 0.2397405  0.62977497 0.54010594 0.67596025 0.37612008
0.62790003 0.45428935 0.0203878  0.43305334 0.58059067 0.45063186  0.66596236 0.23407999 0.60153363 0.25352054 0.40543053 0.39562428  0.50984659 0.58537857 0.72268063 0.26783355
0.41755817 0.48964994 0.08328791 0.46515985 0.56699729 0.18504258  0.63497952 0.13913518 0.31989654 0.32280987 0.22517911 0.45215708  0.53459916 0.43293125 0.43980986 0.27726152
0.36493762 0.55752012 0.11239954 0.44077279 0.5122978  0.18036732  0.66414529 0.22979592 0.2342982  0.36720867 0.22149285 0.48919673  0.56354541 0.37917048 0.39538472 0.35676983
0.36493762 0.55752012 0.11239954 0.44077279 0.5122978  0.18036732  0.66414529 0.22979592 0.2342982  0.36720867 0.22149285 0.48919673  0.56354541 0.37917048 0.39538472 0.35676983
0.16058547 0.51621668 0.23261259 0.46176799 0.4320187  0.26208007  0.62276985 0.43754709 0.17593268 0.4178686  0.1917784  0.5044285  0.5189032  0.2879812  0.27799494 0.53197915
0.08943958 0.45933876 0.28534544 0.45491779 0.39058228 0.36904081  0.52822348 0.45484833 0.32072547 0.40691592 0.29155694 0.48011963  0.53022387 0.32435571 0.32963341 0.50249295
0.05306277 0.40930401 0.31102756 0.41763914 0.37666176 0.40426113  0.54756198 0.44277854 0.32496259 0.41131519 0.2958028  0.48030821  0.52794871 0.3284536  0.33871483 0.50730334
0.00039479 0.36283831 0.35232302 0.39930133 0.34523319 0.50234819  0.48417291 0.45702496 0.47508945 0.39693445 0.45000532 0.44589633  0.47476172 0.42761975 0.50206904 0.41641874
0.00039479 0.36283831 0.35232302 0.39930133 0.34523319 0.50234819  0.48417291 0.45702496 0.47508945 0.39693445 0.45000532 0.44589633  0.47476172 0.42761975 0.50206904 0.41641874
0.00039479 0.36283831 0.35232302 0.39930133 0.34523319 0.50234819  0.48417291 0.45702496 0.47508945 0.39693445 0.45000532 0.44589633  0.47476172 0.42761975 0.50206904 0.41641874
0.00039479 0.36283831 0.35232302 0.39930133 0.34523319 0.50234819  0.48417291 0.45702496 0.47508945 0.39693445 0.45000532 0.44589633  0.47476172 0.42761975 0.50206904 0.41641874
0.00039479 0.36283831 0.35232302 0.39930133 0.34523319 0.50234819  0.48417291 0.45702496 0.47508945 0.39693445 0.45000532 0.44589633  0.47476172 0.42761975 0.50206904 0.41641874
0.00039479 0.36283831 0.35232302 0.39930133 0.34523319 0.50234819  0.48417291 0.45702496 0.47508945 0.39693445 0.45000532 0.44589633  0.47476172 0.42761975 0.50206904 0.41641874
0.00039479 0.36283831 0.35232302 0.39930133 0.34523319 0.50234819  0.48417291 0.45702496 0.47508945 0.39693445 0.45000532 0.44589633  0.47476172 0.42761975 0.50206904 0.41641874
0.00039479 0.36283831 0.35232302 0.39930133 0.34523319 0.50234819  0.48417291 0.45702496 0.47508945 0.39693445 0.45000532 0.44589633  0.47476172 0.42761975 0.50206904 0.41641874
0.00039479 0.36283831 0.35232302 0.39930133 0.34523319 0.50234819  0.48417291 0.45702496 0.47508945 0.39693445 0.45000532 0.44589633  0.47476172 0.42761975 0.50206904 0.41641874
0.00039479 0.36283831 0.35232302 0.39930133 0.34523319 0.50234819  0.48417291 0.45702496 0.47508945 0.39693445 0.45000532 0.44589633  0.47476172 0.42761975 0.50206904 0.41641874
0.00039479 0.36283831 0.35232302 0.39930133 0.34523319 0.50234819  0.48417291 0.45702496 0.47508945 0.39693445 0.45000532 0.44589633  0.47476172 0.42761975 0.50206904 0.41641874
0.00039479 0.36283831 0.35232302 0.39930133 0.34523319 0.50234819  0.48417291 0.45702496 0.47508945 0.39693445 0.45000532 0.44589633  0.47476172 0.42761975 0.50206904 0.41641874
0.00039479 0.36283831 0.35232302 0.39930133 0.34523319 0.50234819  0.48417291 0.45702496 0.47508945 0.39693445 0.45000532 0.44589633  0.47476172 0.42761975 0.50206904 0.41641874
0.00039479 0.36283831 0.35232302 0.39930133 0.34523319 0.50234819  0.48417291 0.45702496 0.47508945 0.39693445 0.45000532 0.44589633  0.47476172 0.42761975 0.50206904 0.41641874
0.00039479 0.36283831 0.35232302 0.39930133 0.34523319 0.50234819  0.48417291 0.45702496 0.47508945 0.39693445 0.45000532 0.44589633  0.47476172 0.42761975 0.50206904 0.41641874
0.00039479 0.36283831 0.35232302 0.39930133 0.34523319 0.50234819  0.48417291 0.45702496 0.47508945 0.39693445 0.45000532 0.44589633  0.47476172 0.42761975 0.50206904 0.41641874
0.00039479 0.36283831 0.35232302 0.39930133 0.34523319 0.50234819  0.48417291 0.45702496 0.47508945 0.39693445 0.45000532 0.44589633  0.47476172 0.42761975 0.50206904 0.41641874
0.00039479 0.36283831 0.35232302 0.39930133 0.34523319 0.50234819  0.48417291 0.45702496 0.47508945 0.39693445 0.45000532 0.44589633  0.47476172 0.42761975 0.50206904 0.41641874
0.00039479 0.36283831 0.35232302 0.39930133 0.34523319 0.50234819  0.48417291 0.45702496 0.47508945 0.39693445 0.45000532 0.44589633  0.47476172 0.42761975 0.50206904 0.41641874
0.00039479 0.36283831 0.35232302 0.39930133 0.34523319 0.50234819  0.48417291 0.45702496 0.47508945 0.39693445 0.45000532 0.44589633  0.47476172 0.42761975 0.50206904 0.41641874
0.00039479 0.36283831 0.35232302 0.39930133 0.34523319 0.50234819  0.48417291 0.45702496 0.47508945 0.39693445 0.45000532 0.44589633  0.47476172 0.42761975 0.50206904 0.41641874
0.00039479 0.36283831 0.35232302 0.39930133 0.34523319 0.50234819  0.48417291 0.45702496 0.47508945 0.39693445 0.45000532 0.44589633  0.47476172 0.42761975 0.50206904 0.41641874
0.00039479 0.36283831 0.35232302 0.39930133 0.34523319 0.50234819  0.48417291 0.45702496 0.47508945 0.39693445 0.45000532 0.44589633  0.47476172 0.42761975 0.50206904 0.41641874
0.00039479 0.36283831 0.35232302 0.39930133 0.34523319 0.50234819  0.48417291 0.45702496 0.47508945 0.39693445 0.45000532 0.44589633  0.47476172 0.42761975 0.50206904 0.41641874
0.00039479 0.36283831 0.35232302 0.39930133 0.34523319 0.50234819  0.48417291 0.45702496 0.47508945 0.39693445 0.45000532 0.44589633  0.47476172 0.42761975 0.50206904 0.41641874
