0.00039479 0.36283831 0.35232302 0.39930133 0.34523319 0.50234819  0.48417291 0.45702496 0.47508945 0.39693445 0.45000532 0.44589633  0.47476172 0.42761975 0.50206904 0.41641874
0.00039479 0.36283831 0.35232302 0.39930133 0.34523319 0.50234819  0.48417291 0.45702496 0.47508945 0.39693445 0.45000532 0.44589633  0.47476172 0.42761975 0.50206904 0.41641874
0.00039479 0.36283831 0.35232302 0.39930133 0.34523319 0.50234819  0.48417291 0.45702496 0.47508945 0.39693445 0.45000532 0.44589633  0.47476172 0.42761975 0.50206904 0.41641874
0.00039479 0.36283831 0.35232302 0.39930133 0.34523319 0.50234819  0.48417291 0.45702496 0.47508945 0.39693445 0.45000532 0.44589633  0.47476172 0.42761975 0.50206904 0.41641874
0.00039479 0.36283831 0.35232302 0.39930133 0.34523319 0.50234819  0.48417291 0.45702496 0.47508945 0.39693445 0.45000532 0.44589633  0.47476172 0.42761975 0.50206904 0.41641874
0.00039479 0.36283831 0.35232302 0.39930133 0.34523319 0.50234819  0.48417291 0.45702496 0.47508945 0.39693445 0.45000532 0.44589633  0.47476172 0.42761975 0.50206904 0.41641874
0.00039479 0.36283831 0.35232302 0.39930133 0.34523319 0.50234819  0.48417291 0.45702496 0.47508945 0.39693445 0.45000532 0.44589633  0.47476172 0.42761975 0.50206904 0.41641874
0.00039479 0.36283831 0.35232302 0.39930133 0.34523319 0.50234819  0.48417291 0.45702496 0.47508945 0.39693445 0.45000532 0.44589633  0.47476172 0.42761975 0.50206904 0.41641874
0.00039479 0.36283831 0.35232302 0.39930133 0.34523319 0.50234819  0.48417291 0.45702496 0.47508945 0.39693445 0.45000532 0.44589633  0.47476172 0.42761975 0.50206904 0.41641874
0.00039479 0.36283831 0.35232302 0.39930133 0.34523319 0.50234819  0.48417291 0.45702496 0.47508945 0.39693445 0.45000532 0.44589633  0.47476172 0.42761975 0.50206904 0.41641874
0.00039479 0.36283831 0.35232302 0.39930133 0.34523319 0.50234819  0.48417291 0.45702496 0.47508945 0.39693445 0.45000532 0.44589633  0.47476172 0.42761975 0.50206904 0.41641874
0.00039479 0.36283831 0.35232302 0.39930133 0.34523319 0.50234819  0.48417291 0.45702496 0.47508945 0.39693445 0.45000532 0.44589633  0.47476172 0.42761975 0.50206904 0.41641874
0.00039479 0.36283831 0.35232302 0.39930133 0.34523319 0.50234819  0.48417291 0.45702496 0.47508945 0.39693445 0.45000532 0.44589633  0.47476172 0.42761975 0.50206904 0.41641874
0.00039479 0.36283831 0.35232302 0.39930133 0.34523319 0.50234819  0.48417291 0.45702496 0.47508945 0.39693445 0.45000532 0.44589633  0.47476172 0.42761975 0.50206904 0.41641874
0.00039479 0.36283831 0.35232302 0.39930133 0.34523319 0.50234819  0.48417291 0.45702496 0.47508945 0.39693445 0.45000532 0.44589633  0.47476172 0.42761975 0.50206904 0.41641874
0.00039479 0.36283831 0.35232302 0.39930133 0.34523319 0.50234819  0.48417291 0.45702496 0.47508945 0.39693445 0.45000532 0.44589633  0.47476172 0.42761975 0.50206904 0.41641874
0.00039479 0.36283831 0.35232302 0.39930133 0.34523319 0.50234819  0.48417291 0.45702496 0.47508945 0.39693445 0.45000532 0.44589633  0.47476172 0.42761975 0.50206904 0.41641874
0.00039479 0.36283831 0.35232302 0.39930133 0.34523319 0.50234819  0.48417291 0.45702496 0.47508945 0.39693445 0.45000532 0.44589633  0.47476172 0.42761975 0.50206904 0.41641874
0.00039479 0.36283831 0.35232302 0.39930133 0.34523319 0.50234819  0.48417291 0.45702496 0.47508945 0.39693445 0.45000532 0.44589633  0.47476172 0.42761975 0.50206904 0.41641874
0.00039479 0.36283831 0.35232302 0.39930133 0.34523319 0.50234819  0.48417291 0.45702496 0.47508945 0.39693445 0.45000532 0.44589633  0.47476172 0.42761975 0.50206904 0.41641874
0.00039479 0.36283831 0.35232302 0.39930133 0.34523319 0.50234819  0.48417291 0.45702496 0.47508945 0.39693445 0.45000532 0.44589633  0.47476172 0.42761975 0.50206904 0.41641874
0.00039479 0.36283831 0.35232302 0.39930133 0.34523319 0.50234819  0.48417291 0.45702496 0.47508945 0.39693445 0.45000532 0.44589633  0.47476172 0.42761975 0.50206904 0.41641874
0.00039479 0.36283831 0.35232302 0.39930133 0.34523319 0.50234819  0.48417291 0.45702496 0.47508945 0.39693445 0.45000532 0.44589633  0.47476172 0.42761975 0.50206904 0.41641874
0.00039479 0.36283831 0.35232302 0.39930133 0.34523319 0.50234819  0.48417291 0.45702496 0.47508945 0.39693445 0.45000532 0.44589633  0.47476172 0.42761975 0.50206904 0.41641874
0.00039479 0.36283831 0.35232302 0.39930133 0.34523319 0.50234819  0.48417291 0.45702496 0.47508945 0.39693445 0.45000532 0.44589633  0.47476172 0.42761975 0.50206904 0.41641874
0.00039479 0.36283831 0.35232302 0.39930133 0.34523319 0.50234819  0.48417291 0.45702496 0.47508945 0.39693445 0.45000532 0.44589633  0.47476172 0.42761975 0.50206904 0.41641874
0.00039479 0.36283831 0.35232302 0.39930133 0.34523319 0.50234819  0.48417291 0.45702496 0.47508945 0.39693445 0.45000532 0.44589633  0.47476172 0.42761975 0.50206904 0.41641874
0.00039479 0.36283831 0.35232302 0.39930133 0.34523319 0.50234819  0.48417291 0.45702496 0.47508945 0.39693445 0.45000532 0.44589633  0.47476172 0.42761975 0.50206904 0.41641874
0.00039479 0.36283831 0.35232302 0.39930133 0.34523319 0.50234819  0.48417291 0.45702496 0.47508945 0.39693445 0.45000532 0.44589633  0.47476172 0.42761975 0.50206904 0.41641874
0.00039479 0.36283831 0.35232302 0.39930133 0.34523319 0.50234819  0.48417291 0.45702496 0.47508945 0.39693445 0.45000532 0.44589633  0.47476172 0.42761975 0.50206904 0.41641874
0.00039479 0.36283831 0.35232302 0.39930133 0.34523319 0.50234819  0.48417291 0.45702496 0.47508945 0.39693445 0.45000532 0.44589633  0.47476172 0.42761975 0.50206904 0.41641874
0.00039479 0.36283831 0.35232302 0.39930133 0.34523319 0.50234819  0.48417291 0.45702496 0.47508945 0.39693445 0.45000532 0.44589633  0.47476172 0.42761975 0.50206904 0.41641874
0.00039479 0.36283831 0.35232302 0.39930133 0.34523319 0.50234819  0.48417291 0.45702496 0.47508945 0.39693445 0.45000532 0.44589633  0.47476172 0.42761975 0.50206904 0.41641874
0.00039479 0.36283831 0.35232302 0.39930133 0.34523319 0.50234819  0.48417291 0.45702496 0.47508945 0.39693445 0.45000532 0.44589633  0.47476172 0.42761975 0.50206904 0.41641874
0.00039479 0.36283831 0.35232302 0.39930133 0.34523319 0.50234819  0.48417291 0.45702496 0.47508945 0.39693445 0.45000532 0.44589633  0.47476172 0.42761975 0.50206904 0.41641874
0.00039479 0.36283831 0.35232302 0.39930133 0.34523319 0.50234819  0.48417291 0.45702496 0.47508945 0.39693445 0.45000532 0.44589633  0.47476172 0.42761975 0.50206904 0.41641874
0.00039479 0.36283831 0.35232302 0.39930133 0.34523319 0.50234819  0.48417291 0.45702496 0.47508945 0.39693445 0.45000532 0.44589633  0.47476172 0.42761975 0.50206904 0.41641874
0.00039479 0.36283831 0.35232302 0.39930133 0.34523319 0.50234819  0.48417291 0.45702496 0.47508945 0.39693445 0.45000532 0.44589633  0.47476172 0.42761975 0.50206904 0.41641874
0.00039479 0.36283831 0.35232302 0.39930133 0.34523319 0.50234819  0.48417291 0.45702496 0.47508945 0.39693445 0.45000532 0.44589633  0.47476172 0.42761975 0.50206904 0.41641874
0.00039479 0.36283831 0.35232302 0.39930133 0.34523319 0.50234819  0.48417291 0.45702496 0.47508945 0.39693445 0.45000532 0.44589633  0.47476172 0.42761975 0.50206904 0.41641874
0.00039479 0.36283831 0.35232302 0.39930133 0.34523319 0.50234819  0.48417291 0.45702496 0.47508945 0.39693445 0.45000532 0.44589633  0.47476172 0.42761975 0.50206904 0.41641874
0.00039479 0.36283831 0.35232302 0.39930133 0.34523319 0.50234819  0.48417291 0.45702496 0.47508945 0.39693445 0.45000532 0.44589633  0.47476172 0.42761975 0.50206904 0.41641874
0.00039479 0.36283831 0.35232302 0.39930133 0.34523319 0.50234819  0.48417291 0.45702496 0.47508945 0.39693445 0.45000532 0.44589633  0.47476172 0.42761975 0.50206904 0.41641874
0.00039479 0.36283831 0.35232302 0.39930133 0.34523319 0.50234819  0.48417291 0.45702496 0.47508945 0.39693445 0.45000532 0.44589633  0.47476172 0.42761975 0.50206904 0.41641874
0.00039479 0.36283831 0.35232302 0.39930133 0.34523319 0.50234819  0.48417291 0.45702496 0.47508945 0.39693445 0.45000532 0.44589633  0.47476172 0.42761975 0.50206904 0.41641874
0.00039479 0.36283831 0.35232302 0.39930133 0.34523319 0.50234819  0.48417291 0.45702496 0.47508945 0.39693445 0.45000532 0.44589633  0.47476172 0.42761975 0.50206904 0.41641874
0.00039479 0.36283831 0.35232302 0.39930133 0.34523319 0.50234819  0.48417291 0.45702496 0.47508945 0.39693445 0.45000532 0.44589633  0.47476172 0.42761975 0.50206904 0.41641874
0.00039479 0.36283831 0.35232302 0.39930133 0.34523319 0.50234819  0.48417291 0.45702496 0.47508945 0.39693445 0.45000532 0.44589633  0.47476172 0.42761975 0.50206904 0.41641874
0.00039479 0.36283831 0.35232302 0.39930133 0.34523319 0.50234819  0.48417291 0.45702496 0.47508945 0.39693445 0.45000532 0.44589633  0.47476172 0.42761975 0.50206904 0.41641874
0.03525649 0.41685964 0.32437467 0.45347996 0.36854765 0.43569141  0.43485985 0.4975719  0.47652552 0.39120509 0.39620065 0.45304628  0.55757342 0.45566594 0.52722734 0.46096477
0.16326454 0.5638898  0.26404459 0.54258783 0.3471795  0.54092071  0.30426225 0.44230234 0.64102406 0.5138493  0.38047036 0.51552747  0.42086638 0.53101253 0.86290242 0.53460534
0.21921087 0.62711242 0.23383968 0.56471816 0.34452462 0.56813507  0.29548679 0.43384375 0.69654384 0.50359328 0.49394912 0.49049538  0.36292192 0.53817542 0.85193479 0.47163181
0.40712865 0.81118572 0.38162352 0.5801782  0.2942116  0.69096407  0.28213075 0.35267507 0.70689883 0.36684036 0.57935216 0.39443591  0.47191941 0.61638447 0.49590492 0.5028582 
0.57196161 0.95846453 0.62735256 0.42446938 0.63588724 0.73696989  0.3636324  0.33704899 0.53459756 0.33667022 0.41437045 0.32105369  0.48126221 0.41224501 0.25106174 0.41503709
0.69042692 0.86188263 0.81949617 0.43619405 0.51641262 0.65009448  0.41919054 0.51931249 0.44512757 0.48536815 0.47940373 0.33574196  0.67461932 0.4121171  0.3568807  0.20904604
0.79105124 0.75027511 0.83788557 0.23998506 0.58320658 0.53992737  0.50296189 0.71904786 0.42370258 0.54769643 0.4843754  0.36301223  0.56652979 0.32846586 0.64408343 0.23546725
0.81233155 0.73692804 0.83404057 0.24374132 0.60024427 0.49016294  0.62269792 0.68198632 0.419993   0.62089327 0.42198909 0.41340319  0.55672606 0.23135444 0.6266196  0.34949269
0.82632835 0.70055674 0.81919507 0.23344946 0.56694338 0.44751694  0.61458383 0.66097916 0.4807802  0.59158972 0.39639197 0.37056075  0.54728656 0.30092472 0.59661333 0.33122875
0.84059754 0.66482704 0.80189338 0.22244044 0.52250944 0.41016299  0.61876192 0.6113349  0.53478352 0.57682954 0.31922443 0.34432302  0.5488793  0.39840613 0.63047263 0.33141473
0.86366291 0.61009538 0.80203066 0.24088889 0.51926269 0.36860135  0.62458134 0.54563063 0.57001027 0.64125708 0.35016558 0.40503391  0.57888351 0.48930074 0.65196243 0.42064133
0.86055437 0.59333929 0.76696888 0.2725605  0.40902664 0.34134789  0.65208726 0.53840993 0.59700537 0.62517933 0.30730131 0.34672752  0.56711636 0.49985133 0.65250336 0.41732921
0.85178046 0.56033038 0.6947948  0.31194646 0.28115351 0.3193772  0.67878533 0.54778111 0.6157966  0.65570393 0.31356764 0.35003651  0.59161606 0.51278639 0.6284978  0.44637083
0.83943864 0.5371647  0.61463299 0.33136759 0.14310347 0.3310783  0.63173398 0.53372905 0.48620511 0.49006378 0.34921223 0.43837032  0.53032588 0.54208058 0.74372019 0.46391739
0.81801881 0.50869947 0.50129473 0.31213327 0.13212506 0.37503249  0.57986972 0.58181338 0.41965708 0.57915899 0.4045989  0.52389528  0.53014536 0.62353999 0.65288465 0.41599051
0.79107679 0.49778847 0.3834865  0.28112393 0.11560378 0.44622807  0.51952057 0.58838242 0.30197673 0.49842747 0.38137172 0.61715682  0.60241516 0.60579701 0.70702997 0.26487127
0.74337585 0.50135749 0.21535198 0.18363929 0.20629682 0.52126918  0.47059233 0.65323487 0.37334466 0.50105304 0.31937104 0.59501897  0.47356308 0.5428652  0.64447072 0.38670549
0.7018584  0.56001525 0.16172729 0.17999011 0.26238637 0.56838245  0.53483125 0.56543751 0.43838164 0.45000823 0.31693394 0.54627263  0.63762203 0.61305325 0.57988797 0.44078706
0.68580864 0.58611035 0.16056372 0.21307352 0.26201032 0.58757142  0.54853685 0.50890859 0.41516574 0.46821089 0.31011944 0.54423175  0.65577892 0.63598506 0.51855366 0.42850695
0.65803198 0.61412126 0.10977007 0.17914822 0.31592023 0.59144177  0.59912499 0.49283154 0.5130465  0.39980607 0.3072205  0.51014479  0.67790418 0.60399631 0.56895151 0.53314605
0.64332066 0.64630081 0.11468488 0.20120006 0.30586009 0.62414063  0.61976248 0.50934547 0.46646076 0.42371632 0.30214952 0.50525732  0.67808258 0.55438544 0.58853307 0.53434437
0.64332066 0.64630081 0.11468488 0.20120006 0.30586009 0.62414063  0.61976248 0.50934547 0.46646076 0.42371632 0.30214952 0.50525732  0.67808258 0.55438544 0.58853307 0.53434437
0.65803198 0.61412126 0.10977007 0.17914822 0.31592023 0.59144177  0.59912499 0.49283154 0.5130465  0.39980607 0.3072205  0.51014479  0.67790418 0.60399631 0.56895151 0.53314605
0.67408174 0.58802617 0.11093365 0.14606481 0.31629629 0.5722528  0.58541939 0.54936046 0.5362624  0.3816034  0.31403501 0.51218567  0.65974729 0.5810645  0.63028581 0.54542615
0.68951631 0.56074627 0.11763066 0.12574211 0.30721065 0.55517413  0.55652297 0.61012512 0.53321756 0.38904356 0.29689995 0.51959869  0.56756511 0.51930834 0.68275568 0.54745419
0.73091528 0.47733636 0.12380585 0.13005627 0.31999641 0.53291203  0.44389649 0.49699574 0.55224633 0.38045677 0.2552789  0.51276202  0.57040294 0.4445644  0.52312134 0.41255128
0.77045293 0.38261378 0.11810865 0.13503757 0.33883886 0.48945744  0.34555663 0.43957064 0.56631317 0.37898498 0.25354133 0.50240491  0.4553934  0.28566417 0.47715708 0.3362237 
0.77045293 0.38261378 0.11810865 0.13503757 0.33883886 0.48945744  0.34555663 0.43957064 0.56631317 0.37898498 0.25354133 0.50240491  0.4553934  0.28566417 0.47715708 0.3362237 
0.75500101 0.3959788  0.09496858 0.12721651 0.36291236 0.47253131  0.39032606 0.42928219 0.61687182 0.36024464 0.29584427 0.49735479  0.46131689 0.29342549 0.53318046 0.40450296
0.74029831 0.42236503 0.08253112 0.13001876 0.3795643  0.48711557  0.42582677 0.38781866 0.64367133 0.33700756 0.31734034 0.49028625  0.57951604 0.35658439 0.49608563 0.425364  
0.72789242 0.45773556 0.08903931 0.12557578 0.36356117 0.51069479  0.46328119 0.40233599 0.6187462  0.36406978 0.2546431  0.51483709  0.59956313 0.418504   0.5901102  0.45241958
0.69938187 0.52035986 0.08962278 0.14857676 0.35412434 0.55325451  0.52734666 0.38823535 0.58347375 0.37865781 0.2490522  0.52128648  0.69713135 0.51737403 0.61175442 0.48566325
0.67408174 0.58802617 0.11093365 0.14606481 0.31629629 0.5722528  0.58541939 0.54936046 0.5362624  0.3816034  0.31403501 0.51218567  0.65974729 0.5810645  0.63028581 0.54542615
0.67408174 0.58802617 0.11093365 0.14606481 0.31629629 0.5722528  0.58541939 0.54936046 0.5362624  0.3816034  0.31403501 0.51218567  0.65974729 0.5810645  0.63028581 0.54542615
0.70496823 0.54738125 0.14077073 0.13356318 0.28313715 0.57210026  0.51175355 0.62041356 0.48265891 0.4077839  0.25459702 0.52464881  0.56164162 0.51154702 0.6267323  0.47917493
0.73199567 0.50634912 0.18086177 0.15686517 0.23664879 0.53671953  0.47043412 0.6676657  0.40853728 0.48068546 0.27830281 0.56075419  0.42724071 0.48813818 0.66945267 0.42195406
0.74337585 0.50135749 0.21535198 0.18363929 0.20629682 0.52126918  0.47059233 0.65323487 0.37334466 0.50105304 0.31937104 0.59501897  0.47356308 0.5428652  0.64447072 0.38670549
0.78205727 0.49747529 0.34777193 0.25633899 0.13499232 0.46740959  0.49287162 0.60452492 0.29146506 0.5067489  0.37109375 0.60739926  0.55596204 0.63715646 0.66154137 0.2800333 
0.78205727 0.49747529 0.34777193 0.25633899 0.13499232 0.46740959  0.49287162 0.60452492 0.29146506 0.5067489  0.37109375 0.60739926  0.55596204 0.63715646 0.66154137 0.2800333 
0.83275253 0.52060471 0.57058951 0.34233151 0.1108224  0.35012917  0.60304241 0.52843746 0.42077814 0.43677862 0.40109968 0.52448427  0.54790788 0.55378857 0.76379522 0.47509911
0.83275253 0.52060471 0.57058951 0.34233151 0.1108224  0.35012917  0.60304241 0.52843746 0.42077814 0.43677862 0.40109968 0.52448427  0.54790788 0.55378857 0.76379522 0.47509911
0.84070212 0.54903267 0.63206068 0.32543287 0.1692691  0.35961846  0.59640279 0.52061703 0.43212371 0.41354109 0.35944799 0.46490347  0.4965621  0.54713149 0.7732368  0.44467921
0.84070212 0.54903267 0.63206068 0.32543287 0.1692691  0.35961846  0.59640279 0.52061703 0.43212371 0.41354109 0.35944799 0.46490347  0.4965621  0.54713149 0.7732368  0.44467921
0.84070212 0.54903267 0.63206068 0.32543287 0.1692691  0.35961846  0.59640279 0.52061703 0.43212371 0.41354109 0.35944799 0.46490347  0.4965621  0.54713149 0.7732368  0.44467921
0.84070212 0.54903267 0.63206068 0.32543287 0.1692691  0.35961846  0.59640279 0.52061703 0.43212371 0.41354109 0.35944799 0.46490347  0.4965621  0.54713149 0.7732368  0.44467921
0.84070212 0.54903267 0.63206068 0.32543287 0.1692691  0.35961846  0.59640279 0.52061703 0.43212371 0.41354109 0.35944799 0.46490347  0.4965621  0.54713149 0.7732368  0.44467921
0.84070212 0.54903267 0.63206068 0.32543287 0.1692691  0.35961846  0.59640279 0.52061703 0.43212371 0.41354109 0.35944799 0.46490347  0.4965621  0.54713149 0.7732368  0.44467921
0.83754786 0.53341502 0.60258607 0.3384871  0.12720779 0.34387056  0.61403074 0.52392906 0.44524318 0.42547105 0.36569016 0.47587735  0.51688376 0.53996681 0.77830323 0.46747886
0.83754786 0.53341502 0.60258607 0.3384871  0.12720779 0.34387056  0.61403074 0.52392906 0.44524318 0.42547105 0.36569016 0.47587735  0.51688376 0.53996681 0.77830323 0.46747886
0.83275253 0.52060471 0.57058951 0.34233151 0.1108224  0.35012917  0.60304241 0.52843746 0.42077814 0.43677862 0.40109968 0.52448427  0.54790788 0.55378857 0.76379522 0.47509911
0.82791596 0.45207714 0.46594925 0.33896041 0.12220335 0.33898339  0.56873821 0.56559291 0.45073173 0.55455216 0.49417997 0.54889304  0.58244702 0.48919384 0.61975745 0.37883799
0.81813896 0.44049857 0.41475805 0.33292171 0.12111127 0.37121004  0.5370471  0.58159613 0.39696557 0.55482948 0.51879979 0.60122786  0.58299922 0.50387283 0.60153728 0.34163077
0.819042   0.38902298 0.34256203 0.3233333  0.1430209  0.38625941  0.44490146 0.54118559 0.35782892 0.52828564 0.59263116 0.65013588  0.62707324 0.50387034 0.51656526 0.26160313
0.83191306 0.3543225  0.33287762 0.32250467 0.16135769 0.37255223  0.41221346 0.46443178 0.38909905 0.52298669 0.57058709 0.65211152  0.6412206  0.47400159 0.48706839 0.23025119
0.8521684  0.29183484 0.31965284 0.37215444 0.2011395  0.38281005  0.38421358 0.37385589 0.36554713 0.54119336 0.56446224 0.61032567  0.65948314 0.46526831 0.47517705 0.28390614
0.85274169 0.21130977 0.23527158 0.45893906 0.3141166  0.49844524  0.37786275 0.44080511 0.29010825 0.57685254 0.53875696 0.4748614  0.56651406 0.49536096 0.49197056 0.36533898
0.87910397 0.09916931 0.21478776 0.70853568 0.45177666 0.69045486  0.53878525 0.57092148 0.33785342 0.45276881 0.34807641 0.50786729  0.46000603 0.64177996 0.50256206 0.17485985
0.88244005 0.08349862 0.21377073 0.7566394  0.47353658 0.7230979  0.59050388 0.61334221 0.38350276 0.42114491 0.29759887 0.56977128  0.41499452 0.69403727 0.4428186  0.1019037 
0.882667   0.08252387 0.21345823 0.75984307 0.47602766 0.72609377  0.59485447 0.61682032 0.38844351 0.41669414 0.28891458 0.57531135  0.40390768 0.70754246 0.4327366  0.09273973
0.84764482 0.10958132 0.11805946 0.67483842 0.55021047 0.77090476  0.58797449 0.64213875 0.50845696 0.33822174 0.18530215 0.5030136  0.27429733 0.622691   0.39369913 0.27543514
0.83532008 0.12422721 0.09040589 0.64873418 0.58004689 0.79170124  0.5937932  0.63635014 0.55577907 0.28855725 0.14010028 0.47397675  0.29049909 0.58294094 0.38807359 0.31179497
0.82676682 0.15044462 0.08349228 0.60899406 0.58942071 0.81373722  0.57731065 0.62885851 0.54747603 0.23752062 0.04769565 0.43850569  0.28724119 0.55427357 0.43640448 0.23738985
0.82065623 0.17911038 0.08434073 0.51927852 0.55136492 0.75606558  0.47972154 0.55255735 0.4599792  0.29792408 0.13640884 0.32302839  0.3689319  0.45990888 0.54893406 0.35625005
0.79818168 0.27071786 0.10254614 0.35087753 0.45747668 0.63124438  0.42969916 0.50260897 0.52181598 0.35332457 0.19330299 0.39687025  0.39265931 0.43002696 0.47992163 0.38955893
0.7766817  0.3567012  0.11150221 0.18757444 0.37324956 0.53555716  0.37261264 0.45941485 0.56106439 0.35494768 0.20966186 0.47848271  0.44483915 0.31004126 0.52432485 0.30421827
0.71481644 0.49307996 0.09631979 0.12825407 0.3450387  0.53617585  0.49845024 0.449      0.58042891 0.38609797 0.23191715 0.52869951  0.60494917 0.45561787 0.66422429 0.48769129
0.6862266  0.5530981  0.09915196 0.15542319 0.33259805 0.56392082  0.55355864 0.45312225 0.55233463 0.37444095 0.26749326 0.51707285  0.64587555 0.50767494 0.67299901 0.50696703
0.6535038  0.58980348 0.07814199 0.19222219 0.36805135 0.53923884  0.61887618 0.363063   0.57583067 0.36059847 0.36283591 0.50032897  0.6960161  0.58273737 0.67465468 0.49952961
0.6535038  0.58980348 0.07814199 0.19222219 0.36805135 0.53923884  0.61887618 0.363063   0.57583067 0.36059847 0.36283591 0.50032897  0.6960161  0.58273737 0.67465468 0.49952961
0.65836296 0.61334382 0.10408142 0.1724053  0.32219242 0.58629059  0.60783979 0.47672889 0.53943825 0.36464744 0.32756704 0.50253464  0.71482103 0.60325283 0.60956367 0.53334995
0.70194538 0.52778045 0.10600419 0.12908269 0.32670192 0.54988302  0.53113824 0.52575381 0.54915878 0.39139691 0.25396122 0.52672387  0.59080181 0.48548661 0.69372116 0.51904323
0.73026836 0.47971495 0.11945986 0.13607513 0.3209652  0.55310198  0.45368081 0.45928845 0.52987026 0.40483831 0.18961421 0.53374962  0.59902568 0.44785654 0.6082009  0.41941203
0.77045293 0.38261378 0.11810865 0.13503757 0.33883886 0.48945744  0.34555663 0.43957064 0.56631317 0.37898498 0.25354133 0.50240491  0.4553934  0.28566417 0.47715708 0.3362237 
0.77045293 0.38261378 0.11810865 0.13503757 0.33883886 0.48945744  0.34555663 0.43957064 0.56631317 0.37898498 0.25354133 0.50240491  0.4553934  0.28566417 0.47715708 0.3362237 
0.81228436 0.25975152 0.13891691 0.33418469 0.3729702  0.52887316  0.36113376 0.45466217 0.41903448 0.47773879 0.41930675 0.42458974  0.46648083 0.34964627 0.52506504 0.475993  
0.86227488 0.17442527 0.22420618 0.50974102 0.34918475 0.54375943  0.3633875  0.42560254 0.22166761 0.56533797 0.53698119 0.38954561  0.60731098 0.43896038 0.61661985 0.38104539
0.87109821 0.13637797 0.21777586 0.59408549 0.39522298 0.60890872  0.41044631 0.46918006 0.21530569 0.54193625 0.49034714 0.36706119  0.59207151 0.48983808 0.65440461 0.35411952
0.87255509 0.12957849 0.21844694 0.6172705  0.40288665 0.62061492  0.43764157 0.48630245 0.24208915 0.52484097 0.47135943 0.40015941  0.57224843 0.5128061  0.62001112 0.33547831
0.89393911 0.08940911 0.26726612 0.76371187 0.41908405 0.63789641  0.5895179  0.52326211 0.41239798 0.50991231 0.44742168 0.52968614  0.61824412 0.47986542 0.50317257 0.37914827
0.90417111 0.08396011 0.30302239 0.80751592 0.40772408 0.62879019  0.63889439 0.52473265 0.44682941 0.48685977 0.43550106 0.567712  0.64098419 0.47405694 0.51509368 0.3371492 
0.90417111 0.08396011 0.30302239 0.80751592 0.40772408 0.62879019  0.63889439 0.52473265 0.44682941 0.48685977 0.43550106 0.567712  0.64098419 0.47405694 0.51509368 0.3371492 
0.90417111 0.08396011 0.30302239 0.80751592 0.40772408 0.62879019  0.63889439 0.52473265 0.44682941 0.48685977 0.43550106 0.567712  0.64098419 0.47405694 0.51509368 0.3371492 
0.90417111 0.08396011 0.30302239 0.80751592 0.40772408 0.62879019  0.63889439 0.52473265 0.44682941 0.48685977 0.43550106 0.567712  0.64098419 0.47405694 0.51509368 0.3371492 
0.89515159 0.08364693 0.26730782 0.78273097 0.42711262 0.64997171  0.61224544 0.54087515 0.43631774 0.4951812  0.42522309 0.55795443  0.59453107 0.5054164  0.46960508 0.35231122
0.89260698 0.09524669 0.26938562 0.7504757  0.40823111 0.62390226  0.57974235 0.5145578  0.41041352 0.51760206 0.46538785 0.53328939  0.61879983 0.4761391  0.4840183  0.40574613
0.89260698 0.09524669 0.26938562 0.7504757  0.40823111 0.62390226  0.57974235 0.5145578  0.41041352 0.51760206 0.46538785 0.53328939  0.61879983 0.4761391  0.4840183  0.40574613
0.8913945  0.10100887 0.26934393 0.7314566  0.40020255 0.61182696  0.55701482 0.49694475 0.38649376 0.53233317 0.48758645 0.50502109  0.64251288 0.45058812 0.51758579 0.43258318
0.9101894  0.12709512 0.36824886 0.72533832 0.34761424 0.51867193  0.57429008 0.41425834 0.40091899 0.50306256 0.520378   0.42932389  0.71385589 0.28441636 0.71889328 0.53401139
0.9476004  0.23215988 0.63004209 0.6276789  0.64024448 0.48752995  0.62122481 0.40112725 0.56614951 0.68255785 0.36809464 0.13593147  0.70947119 0.35206614 0.59884525 0.42659598
0.94339476 0.32685136 0.72077699 0.46703824 0.67626432 0.40085156  0.52830589 0.32959486 0.57813302 0.693912   0.46105753 0.21332857  0.69833925 0.29416817 0.48213724 0.51251756
0.94512113 0.33251861 0.7307094  0.45240344 0.71902793 0.41092639  0.5146917  0.33566019 0.56319963 0.69848344 0.48534344 0.27947214  0.6746823  0.29624461 0.46733022 0.58686497
0.94486282 0.35549722 0.75440712 0.41511822 0.73520724 0.41459673  0.46821556 0.31533062 0.50679524 0.63297419 0.47015882 0.21951724  0.64517891 0.30949986 0.53780332 0.50121384
0.93648775 0.38085673 0.74730582 0.37797012 0.74643581 0.4392801  0.45469905 0.31139341 0.5015807  0.57856062 0.37169585 0.18812551  0.63242598 0.29288262 0.57659267 0.41894963
0.93497055 0.37441947 0.73144657 0.39398016 0.69272423 0.43478756  0.45879968 0.3008065  0.4964927  0.53696326 0.35038558 0.16412494  0.61701523 0.31102433 0.58607258 0.40432343
0.92603383 0.3519973  0.67040068 0.41384988 0.62907358 0.44025521  0.46666299 0.31135331 0.47521336 0.53756448 0.33617566 0.16059192  0.64609118 0.29608886 0.60986945 0.31988427
0.92603383 0.3519973  0.67040068 0.41384988 0.62907358 0.44025521  0.46666299 0.31135331 0.47521336 0.53756448 0.33617566 0.16059192  0.64609118 0.29608886 0.60986945 0.31988427
0.87824031 0.23892077 0.35902853 0.49279393 0.29072921 0.45591675  0.4238075  0.34432077 0.30968169 0.40497016 0.4504106  0.38107096  0.64001169 0.25985373 0.77413084 0.37961035
0.8719591  0.23548063 0.32835008 0.48258722 0.28999628 0.48267219  0.38234306 0.34052694 0.24483252 0.3759195  0.47414274 0.40384082  0.65213348 0.31647554 0.74680962 0.3580595 
0.87025434 0.20446099 0.28567273 0.51302989 0.32784602 0.53443033  0.38615356 0.37848835 0.21757616 0.41892332 0.45250254 0.37560265  0.64330694 0.35435846 0.76984024 0.32344211
0.87907766 0.16641369 0.27924241 0.59737436 0.37388425 0.59957962  0.43321237 0.42206586 0.21121423 0.3955216  0.40586849 0.35311824  0.62806747 0.40523617 0.807625   0.29651624
0.87174265 0.16205066 0.24638912 0.58172234 0.38706301 0.61241058  0.42357875 0.44910035 0.22060281 0.47920124 0.40216214 0.34542703  0.62577169 0.44186139 0.73868256 0.25669328
0.85134295 0.16672912 0.17618434 0.53016327 0.43680352 0.64904245  0.39677159 0.47967368 0.24528377 0.46715509 0.35081594 0.30140469  0.53299621 0.41849383 0.71817591 0.30710387
0.85134295 0.16672912 0.17618434 0.53016327 0.43680352 0.64904245  0.39677159 0.47967368 0.24528377 0.46715509 0.35081594 0.30140469  0.53299621 0.41849383 0.71817591 0.30710387
0.85572526 0.14636871 0.17342073 0.58927902 0.46840031 0.6944625  0.45867794 0.5317909  0.29857179 0.42657725 0.28006985 0.36154123  0.48353458 0.47356991 0.67086075 0.20725772
0.85810922 0.13519828 0.17309102 0.62285597 0.48149057 0.71514341  0.49195442 0.55797176 0.32333535 0.40999273 0.25651819 0.39881913  0.46864177 0.49216715 0.64569901 0.17068252
0.85810922 0.13519828 0.17309102 0.62285597 0.48149057 0.71514341  0.49195442 0.55797176 0.32333535 0.40999273 0.25651819 0.39881913  0.46864177 0.49216715 0.64569901 0.17068252
0.84578448 0.14984418 0.14543745 0.59675173 0.51132698 0.7359399  0.49777314 0.55218315 0.37065746 0.36032824 0.21131632 0.36978229  0.48484353 0.45241709 0.64007348 0.20704235
0.83423839 0.16389701 0.11687504 0.56848701 0.53175207 0.76071649  0.48457088 0.54795273 0.405557   0.30671341 0.17297494 0.34907909  0.46486751 0.4435152  0.58009383 0.27557   
0.83423839 0.16389701 0.11687504 0.56848701 0.53175207 0.76071649  0.48457088 0.54795273 0.405557   0.30671341 0.17297494 0.34907909  0.46486751 0.4435152  0.58009383 0.27557   
0.83501234 0.16025464 0.11637541 0.58042175 0.53856699 0.77003122  0.50004699 0.56063817 0.4233543  0.29505096 0.15210741 0.36962585  0.44424385 0.46512514 0.55505365 0.24704815
0.82291643 0.16826762 0.08402926 0.55045595 0.56197274 0.77461527  0.50652747 0.57575619 0.47327557 0.29056098 0.12790458 0.35229607  0.38093189 0.44390258 0.55101388 0.32596734
0.82291643 0.16826762 0.08402926 0.55045595 0.56197274 0.77461527  0.50652747 0.57575619 0.47327557 0.29056098 0.12790458 0.35229607  0.38093189 0.44390258 0.55101388 0.32596734
0.80746451 0.18163264 0.06088919 0.54263488 0.58604624 0.75768914  0.5512969  0.56546775 0.52383422 0.27182064 0.17020752 0.34724595  0.38685538 0.45166391 0.60703726 0.39424661
0.79725428 0.2223249  0.06281721 0.46274874 0.55266544 0.7214593  0.52063557 0.54549146 0.5385638  0.27255185 0.1569453  0.35887908  0.40672236 0.40797821 0.65505581 0.3487559 
0.74954457 0.28345426 0.02921457 0.5083678  0.60158119 0.7083207  0.6149778  0.40210178 0.58899036 0.22595649 0.27018101 0.33282867  0.53795361 0.5066317  0.65136436 0.35213135
0.70302033 0.37833641 0.0151784  0.42226743 0.57230175 0.60274068  0.60666607 0.2534833  0.59285835 0.24154848 0.43384952 0.31952762  0.65294958 0.47146301 0.70773653 0.36865783
0.62598821 0.44657705 0.02020497 0.48055624 0.58625849 0.48228992  0.6229336  0.20463171 0.55582575 0.29055477 0.39070088 0.38844981  0.48948993 0.45948254 0.7665318  0.2729121 
0.62598821 0.44657705 0.02020497 0.48055624 0.58625849 0.48228992  0.6229336  0.20463171 0.55582575 0.29055477 0.39070088 0.38844981  0.48948993 0.45948254 0.7665318  0.2729121 
0.40577331 0.66035781 0.09699219 0.5188886  0.47659909 0.29868166  0.55954844 0.2445008  0.35062733 0.44787095 0.30481194 0.50195445  0.41409313 0.34009138 0.54127763 0.36873703
0.2994972  0.62280969 0.13780942 0.5421855  0.50114876 0.15048118  0.55113684 0.42183815 0.26108462 0.39741361 0.21077548 0.49766313  0.59386079 0.39943007 0.531378   0.43903081
0.17937481 0.53946025 0.22125461 0.47381937 0.43542267 0.26326456  0.61622797 0.43358623 0.20069078 0.41752669 0.2386473  0.49791443  0.4629579  0.31914325 0.34616261 0.4812407 
0.14270585 0.50530751 0.24497381 0.46729966 0.42566886 0.29013357  0.56951293 0.45990618 0.27218217 0.41539646 0.25448873 0.4943698  0.55500076 0.35388071 0.38282067 0.52607041
0.07057186 0.4363202  0.29688016 0.44476643 0.38823898 0.36908819  0.52491791 0.46269653 0.31979163 0.40788175 0.2630435  0.48417518  0.57287142 0.33420379 0.33510928 0.53324894
0.05336775 0.43914143 0.31083182 0.46832666 0.37416152 0.39938838  0.45143619 0.50292086 0.40448693 0.37548598 0.33684065 0.45259001  0.60541605 0.3574237  0.32371238 0.49045415
0.00039479 0.36283831 0.35232302 0.39930133 0.34523319 0.50234819  0.48417291 0.45702496 0.47508945 0.39693445 0.45000532 0.44589633  0.47476172 0.42761975 0.50206904 0.41641874
0.00039479 0.36283831 0.35232302 0.39930133 0.34523319 0.50234819  0.48417291 0.45702496 0.47508945 0.39693445 0.45000532 0.44589633  0.47476172 0.42761975 0.50206904 0.41641874
0.00039479 0.36283831 0.35232302 0.39930133 0.34523319 0.50234819  0.48417291 0.45702496 0.47508945 0.39693445 0.45000532 0.44589633  0.47476172 0.42761975 0.50206904 0.41641874
0.00039479 0.36283831 0.35232302 0.39930133 0.34523319 0.50234819  0.48417291 0.45702496 0.47508945 0.39693445 0.45000532 0.44589633  0.47476172 0.42761975 0.50206904 0.41641874
0.00039479 0.36283831 0.35232302 0.39930133 0.34523319 0.50234819  0.48417291 0.45702496 0.47508945 0.39693445 0.45000532 0.44589633  0.47476172 0.42761975 0.50206904 0.41641874
0.00039479 0.36283831 0.35232302 0.39930133 0.34523319 0.50234819  0.48417291 0.45702496 0.47508945 0.39693445 0.45000532 0.44589633  0.47476172 0.42761975 0.50206904 0.41641874
0.00039479 0.36283831 0.35232302 0.39930133 0.34523319 0.50234819  0.48417291 0.45702496 0.47508945 0.39693445 0.45000532 0.44589633  0.47476172 0.42761975 0.50206904 0.41641874
0.00039479 0.36283831 0.35232302 0.39930133 0.34523319 0.50234819  0.48417291 0.45702496 0.47508945 0.39693445 0.45000532 0.44589633  0.47476172 0.42761975 0.50206904 0.41641874
0.00039479 0.36283831 0.35232302 0.39930133 0.34523319 0.50234819  0.48417291 0.45702496 0.47508945 0.39693445 0.45000532 0.44589633  0.47476172 0.42761975 0.50206904 0.41641874
0.00039479 0.36283831 0.35232302 0.39930133 0.34523319 0.50234819  0.48417291 0.45702496 0.47508945 0.39693445 0.45000532 0.44589633  0.47476172 0.42761975 0.50206904 0.41641874
0.00039479 0.36283831 0.35232302 0.39930133 0.34523319 0.50234819  0.48417291 0.45702496 0.47508945 0.39693445 0.45000532 0.44589633  0.47476172 0.42761975 0.50206904 0.41641874
0.00039479 0.36283831 0.35232302 0.39930133 0.34523319 0.50234819  0.48417291 0.45702496 0.47508945 0.39693445 0.45000532 0.44589633  0.47476172 0.42761975 0.50206904 0.41641874
0.00039479 0.36283831 0.35232302 0.39930133 0.34523319 0.50234819  0.48417291 0.45702496 0.47508945 0.39693445 0.45000532 0.44589633  0.47476172 0.42761975 0.50206904 0.41641874
0.00039479 0.36283831 0.35232302 0.39930133 0.34523319 0.50234819  0.48417291 0.45702496 0.47508945 0.39693445 0.45000532 0.44589633  0.47476172 0.42761975 0.50206904 0.41641874
0.00039479 0.36283831 0.35232302 0.39930133 0.34523319 0.50234819  0.48417291 0.45702496 0.47508945 0.39693445 0.45000532 0.44589633  0.47476172 0.42761975 0.50206904 0.41641874
0.00039479 0.36283831 0.35232302 0.39930133 0.34523319 0.50234819  0.48417291 0.45702496 0.47508945 0.39693445 0.45000532 0.44589633  0.47476172 0.42761975 0.50206904 0.41641874
0.00039479 0.36283831 0.35232302 0.39930133 0.34523319 0.50234819  0.48417291 0.45702496 0.47508945 0.39693445 0.45000532 0.44589633  0.47476172 0.42761975 0.50206904 0.41641874
0.00039479 0.36283831 0.35232302 0.39930133 0.34523319 0.50234819  0.48417291 0.45702496 0.47508945 0.39693445 0.45000532 0.44589633  0.47476172 0.42761975 0.50206904 0.41641874
0.00039479 0.36283831 0.35232302 0.39930133 0.34523319 0.50234819  0.48417291 0.45702496 0.47508945 0.39693445 0.45000532 0.44589633  0.47476172 0.42761975 0.50206904 0.41641874
0.00039479 0.36283831 0.35232302 0.39930133 0.34523319 0.50234819  0.48417291 0.45702496 0.47508945 0.39693445 0.45000532 0.44589633  0.47476172 0.42761975 0.50206904 0.41641874
0.00039479 0.36283831 0.35232302 0.39930133 0.34523319 0.50234819  0.48417291 0.45702496 0.47508945 0.39693445 0.45000532 0.44589633  0.47476172 0.42761975 0.50206904 0.41641874
0.00039479 0.36283831 0.35232302 0.39930133 0.34523319 0.50234819  0.48417291 0.45702496 0.47508945 0.39693445 0.45000532 0.44589633  0.47476172 0.42761975 0.50206904 0.41641874
