0.00039479 0.36283831 0.35232302 0.39930133 0.34523319 0.50234819  0.48417291 0.45702496 0.47508945 0.39693445 0.45000532 0.44589633  0.47476172 0.42761975 0.50206904 0.41641874
0.00039479 0.36283831 0.35232302 0.39930133 0.34523319 0.50234819  0.48417291 0.45702496 0.47508945 0.39693445 0.45000532 0.44589633  0.47476172 0.42761975 0.50206904 0.41641874
0.00039479 0.36283831 0.35232302 0.39930133 0.34523319 0.50234819  0.48417291 0.45702496 0.47508945 0.39693445 0.45000532 0.44589633  0.47476172 0.42761975 0.50206904 0.41641874
0.00039479 0.36283831 0.35232302 0.39930133 0.34523319 0.50234819  0.48417291 0.45702496 0.47508945 0.39693445 0.45000532 0.44589633  0.47476172 0.42761975 0.50206904 0.41641874
0.00039479 0.36283831 0.35232302 0.39930133 0.34523319 0.50234819  0.48417291 0.45702496 0.47508945 0.39693445 0.45000532 0.44589633  0.47476172 0.42761975 0.50206904 0.41641874
0.00039479 0.36283831 0.35232302 0.39930133 0.34523319 0.50234819  0.48417291 0.45702496 0.47508945 0.39693445 0.45000532 0.44589633  0.47476172 0.42761975 0.50206904 0.41641874
0.00039479 0.36283831 0.35232302 0.39930133 0.34523319 0.50234819  0.48417291 0.45702496 0.47508945 0.39693445 0.45000532 0.44589633  0.47476172 0.42761975 0.50206904 0.41641874
0.00039479 0.36283831 0.35232302 0.39930133 0.34523319 0.50234819  0.48417291 0.45702496 0.47508945 0.39693445 0.45000532 0.44589633  0.47476172 0.42761975 0.50206904 0.41641874
0.00039479 0.36283831 0.35232302 0.39930133 0.34523319 0.50234819  0.48417291 0.45702496 0.47508945 0.39693445 0.45000532 0.44589633  0.47476172 0.42761975 0.50206904 0.41641874
0.00039479 0.36283831 0.35232302 0.39930133 0.34523319 0.50234819  0.48417291 0.45702496 0.47508945 0.39693445 0.45000532 0.44589633  0.47476172 0.42761975 0.50206904 0.41641874
0.00039479 0.36283831 0.35232302 0.39930133 0.34523319 0.50234819  0.48417291 0.45702496 0.47508945 0.39693445 0.45000532 0.44589633  0.47476172 0.42761975 0.50206904 0.41641874
0.00039479 0.36283831 0.35232302 0.39930133 0.34523319 0.50234819  0.48417291 0.45702496 0.47508945 0.39693445 0.45000532 0.44589633  0.47476172 0.42761975 0.50206904 0.41641874
0.00039479 0.36283831 0.35232302 0.39930133 0.34523319 0.50234819  0.48417291 0.45702496 0.47508945 0.39693445 0.45000532 0.44589633  0.47476172 0.42761975 0.50206904 0.41641874
0.00039479 0.36283831 0.35232302 0.39930133 0.34523319 0.50234819  0.48417291 0.45702496 0.47508945 0.39693445 0.45000532 0.44589633  0.47476172 0.42761975 0.50206904 0.41641874
0.00039479 0.36283831 0.35232302 0.39930133 0.34523319 0.50234819  0.48417291 0.45702496 0.47508945 0.39693445 0.45000532 0.44589633  0.47476172 0.42761975 0.50206904 0.41641874
0.00039479 0.36283831 0.35232302 0.39930133 0.34523319 0.50234819  0.48417291 0.45702496 0.47508945 0.39693445 0.45000532 0.44589633  0.47476172 0.42761975 0.50206904 0.41641874
0.00039479 0.36283831 0.35232302 0.39930133 0.34523319 0.50234819  0.48417291 0.45702496 0.47508945 0.39693445 0.45000532 0.44589633  0.47476172 0.42761975 0.50206904 0.41641874
0.00039479 0.36283831 0.35232302 0.39930133 0.34523319 0.50234819  0.48417291 0.45702496 0.47508945 0.39693445 0.45000532 0.44589633  0.47476172 0.42761975 0.50206904 0.41641874
0.00039479 0.36283831 0.35232302 0.39930133 0.34523319 0.50234819  0.48417291 0.45702496 0.47508945 0.39693445 0.45000532 0.44589633  0.47476172 0.42761975 0.50206904 0.41641874
0.00039479 0.36283831 0.35232302 0.39930133 0.34523319 0.50234819  0.48417291 0.45702496 0.47508945 0.39693445 0.45000532 0.44589633  0.47476172 0.42761975 0.50206904 0.41641874
0.00039479 0.36283831 0.35232302 0.39930133 0.34523319 0.50234819  0.48417291 0.45702496 0.47508945 0.39693445 0.45000532 0.44589633  0.47476172 0.42761975 0.50206904 0.41641874
0.00039479 0.36283831 0.35232302 0.39930133 0.34523319 0.50234819  0.48417291 0.45702496 0.47508945 0.39693445 0.45000532 0.44589633  0.47476172 0.42761975 0.50206904 0.41641874
0.00039479 0.36283831 0.35232302 0.39930133 0.34523319 0.50234819  0.48417291 0.45702496 0.47508945 0.39693445 0.45000532 0.44589633  0.47476172 0.42761975 0.50206904 0.41641874
0.00039479 0.36283831 0.35232302 0.39930133 0.34523319 0.50234819  0.48417291 0.45702496 0.47508945 0.39693445 0.45000532 0.44589633  0.47476172 0.42761975 0.50206904 0.41641874
0.00039479 0.36283831 0.35232302 0.39930133 0.34523319 0.50234819  0.48417291 0.45702496 0.47508945 0.39693445 0.45000532 0.44589633  0.47476172 0.42761975 0.50206904 0.41641874
0.00039479 0.36283831 0.35232302 0.39930133 0.34523319 0.50234819  0.48417291 0.45702496 0.47508945 0.39693445 0.45000532 0.44589633  0.47476172 0.42761975 0.50206904 0.41641874
0.00039479 0.36283831 0.35232302 0.39930133 0.34523319 0.50234819  0.48417291 0.45702496 0.47508945 0.39693445 0.45000532 0.44589633  0.47476172 0.42761975 0.50206904 0.41641874
0.00039479 0.36283831 0.35232302 0.39930133 0.34523319 0.50234819  0.48417291 0.45702496 0.47508945 0.39693445 0.45000532 0.44589633  0.47476172 0.42761975 0.50206904 0.41641874
0.00039479 0.36283831 0.35232302 0.39930133 0.34523319 0.50234819  0.48417291 0.45702496 0.47508945 0.39693445 0.45000532 0.44589633  0.47476172 0.42761975 0.50206904 0.41641874
0.00039479 0.36283831 0.35232302 0.39930133 0.34523319 0.50234819  0.48417291 0.45702496 0.47508945 0.39693445 0.45000532 0.44589633  0.47476172 0.42761975 0.50206904 0.41641874
0.00039479 0.36283831 0.35232302 0.39930133 0.34523319 0.50234819  0.48417291 0.45702496 0.47508945 0.39693445 0.45000532 0.44589633  0.47476172 0.42761975 0.50206904 0.41641874
0.00039479 0.36283831 0.35232302 0.39930133 0.34523319 0.50234819  0.48417291 0.45702496 0.47508945 0.39693445 0.45000532 0.44589633  0.47476172 0.42761975 0.50206904 0.41641874
0.00039479 0.36283831 0.35232302 0.39930133 0.34523319 0.50234819  0.48417291 0.45702496 0.47508945 0.39693445 0.45000532 0.44589633  0.47476172 0.42761975 0.50206904 0.41641874
0.00039479 0.36283831 0.35232302 0.39930133 0.34523319 0.50234819  0.48417291 0.45702496 0.47508945 0.39693445 0.45000532 0.44589633  0.47476172 0.42761975 0.50206904 0.41641874
0.00039479 0.36283831 0.35232302 0.39930133 0.34523319 0.50234819  0.48417291 0.45702496 0.47508945 0.39693445 0.45000532 0.44589633  0.47476172 0.42761975 0.50206904 0.41641874
0.00039479 0.36283831 0.35232302 0.39930133 0.34523319 0.50234819  0.48417291 0.45702496 0.47508945 0.39693445 0.45000532 0.44589633  0.47476172 0.42761975 0.50206904 0.41641874
0.00039479 0.36283831 0.35232302 0.39930133 0.34523319 0.50234819  0.48417291 0.45702496 0.47508945 0.39693445 0.45000532 0.44589633  0.47476172 0.42761975 0.50206904 0.41641874
0.00039479 0.36283831 0.35232302 0.39930133 0.34523319 0.50234819  0.48417291 0.45702496 0.47508945 0.39693445 0.45000532 0.44589633  0.47476172 0.42761975 0.50206904 0.41641874
0.00039479 0.36283831 0.35232302 0.39930133 0.34523319 0.50234819  0.48417291 0.45702496 0.47508945 0.39693445 0.45000532 0.44589633  0.47476172 0.42761975 0.50206904 0.41641874
0.08917181 0.48956727 0.28562098 0.51033443 0.38797799 0.36676475  0.40803827 0.53037245 0.44333099 0.3697184  0.3525222  0.44864466  0.62884584 0.41087732 0.40301955 0.47653414
0.2529603  0.64355472 0.18266415 0.54542971 0.42898364 0.27438045  0.53335045 0.48277903 0.26069977 0.3827459  0.29805459 0.46519069  0.50424736 0.30680704 0.26287876 0.46387107
0.59657492 0.62190961 0.07069893 0.29192137 0.41985466 0.47881507  0.71209713 0.40525025 0.49649488 0.34883793 0.53096689 0.41004489  0.63901262 0.68544467 0.61806401 0.53445245
0.73888625 0.41041256 0.08416106 0.22498364 0.41078175 0.57307942  0.49790084 0.46578825 0.59119249 0.35563981 0.2665727  0.45820038  0.54477071 0.47893859 0.54523555 0.50067168
0.78515997 0.23802336 0.05368582 0.5026166  0.58421229 0.74934735  0.60396414 0.53385297 0.62221842 0.23470364 0.13990156 0.41000326  0.4332095  0.60585891 0.47595844 0.35461583
0.83293613 0.13539764 0.0907356  0.61515723 0.56695663 0.77102033  0.56051672 0.61016928 0.5310155  0.30514177 0.16365195 0.43669885  0.30539191 0.56434369 0.41323532 0.34837017
0.86263918 0.08209126 0.15047114 0.74243283 0.53608945 0.74946502  0.64596887 0.65979146 0.52782044 0.39924765 0.22961383 0.56624394  0.31214772 0.58898954 0.4240989  0.24335289
0.85028733 0.04013044 0.17500187 0.75930836 0.53243687 0.76944701  0.74119588 0.65600547 0.6285337  0.42835151 0.24606438 0.61475012  0.28356883 0.50046411 0.33604616 0.27729132
0.89391497 0.04154585 0.23160572 0.89214712 0.50162142 0.73328433  0.77710257 0.67807865 0.63897866 0.41033624 0.25501563 0.75645976  0.4062656  0.57456298 0.27366554 0.18665309
0.9092157  0.04529917 0.29799874 0.92713877 0.48296581 0.68534737  0.84521596 0.66572998 0.7143395  0.43106547 0.24156146 0.74344747  0.44059693 0.48658171 0.34647536 0.19304193
0.9092157  0.04529917 0.29799874 0.92713877 0.48296581 0.68534737  0.84521596 0.66572998 0.7143395  0.43106547 0.24156146 0.74344747  0.44059693 0.48658171 0.34647536 0.19304193
0.90946058 0.04487942 0.29895378 0.92893694 0.484173   0.68404928  0.85032304 0.66767932 0.72447348 0.43498324 0.23885119 0.74395914  0.43822916 0.48106036 0.33897901 0.1985731 
0.9092157  0.04529917 0.29799874 0.92713877 0.48296581 0.68534737  0.84521596 0.66572998 0.7143395  0.43106547 0.24156146 0.74344747  0.44059693 0.48658171 0.34647536 0.19304193
0.90900153 0.04619015 0.29837391 0.92444586 0.48048152 0.68235478  0.84177612 0.66278537 0.71090623 0.43537238 0.2499579  0.73965222  0.45177511 0.47135075 0.35522037 0.20223492
0.90445111 0.06706951 0.29487052 0.84630008 0.45602566 0.64783797  0.73489927 0.60301108 0.57802117 0.50562457 0.32873459 0.59803068  0.52940218 0.43980784 0.49712727 0.24952369
0.88556538 0.08027416 0.2294922  0.75788086 0.44925255 0.65793509  0.60494864 0.56372261 0.43985882 0.52612381 0.41000237 0.535885  0.56117121 0.45681897 0.50861786 0.33305683
0.85016673 0.13778282 0.1488617  0.56960083 0.46786221 0.65501256  0.44927167 0.52504626 0.32632382 0.49465782 0.38491132 0.34013168  0.45816843 0.44316581 0.66093356 0.41485238
0.8387988  0.18742988 0.15736982 0.45300109 0.40294248 0.56379382  0.36970977 0.45515139 0.30678152 0.5404804  0.47171013 0.33795105  0.49767666 0.3630108  0.63756203 0.49521316
0.82472977 0.23626683 0.15650437 0.3708641  0.3844452  0.54879143  0.33884369 0.43959421 0.3183137  0.50176375 0.40209294 0.3418997  0.47828352 0.34163684 0.61135262 0.42828068
0.7782792  0.35309195 0.11651033 0.18134677 0.35912941 0.50500637  0.34294148 0.43336606 0.52682003 0.39483829 0.29035522 0.45349388  0.45041924 0.31075262 0.45430026 0.41828961
0.77045293 0.38261378 0.11810865 0.13503757 0.33883886 0.48945744  0.34555663 0.43957064 0.56631317 0.37898498 0.25354133 0.50240491  0.4553934  0.28566417 0.47715708 0.3362237 
0.77045293 0.38261378 0.11810865 0.13503757 0.33883886 0.48945744  0.34555663 0.43957064 0.56631317 0.37898498 0.25354133 0.50240491  0.4553934  0.28566417 0.47715708 0.3362237 
0.78277767 0.36796789 0.14576222 0.16114181 0.30900244 0.46866096  0.33973792 0.44535925 0.51899106 0.42864946 0.2987432  0.53144176  0.43919163 0.32541423 0.48278262 0.29986387
0.79115275 0.34260838 0.15286352 0.19828991 0.29777387 0.44397759  0.35325443 0.44929646 0.5242056  0.48306303 0.39720617 0.56283348  0.45194457 0.34203147 0.44399327 0.38212809
0.79115275 0.34260838 0.15286352 0.19828991 0.29777387 0.44397759  0.35325443 0.44929646 0.5242056  0.48306303 0.39720617 0.56283348  0.45194457 0.34203147 0.44399327 0.38212809
0.79115275 0.34260838 0.15286352 0.19828991 0.29777387 0.44397759  0.35325443 0.44929646 0.5242056  0.48306303 0.39720617 0.56283348  0.45194457 0.34203147 0.44399327 0.38212809
0.80269883 0.32855554 0.18142593 0.22655462 0.27734879 0.41920099  0.36645668 0.45352688 0.48930606 0.53667786 0.43554755 0.58353668  0.4719206  0.35093336 0.50397291 0.31360044
0.77874686 0.3779789  0.15937172 0.19384693 0.28177075 0.4675568  0.39070884 0.46381379 0.49928048 0.51012525 0.33450893 0.58738431  0.47199166 0.40395108 0.53801784 0.40918367
0.77874686 0.3779789  0.15937172 0.19384693 0.28177075 0.4675568  0.39070884 0.46381379 0.49928048 0.51012525 0.33450893 0.58738431  0.47199166 0.40395108 0.53801784 0.40918367
0.76642213 0.3926248  0.13171815 0.16774269 0.31160716 0.48835329  0.39652756 0.45802518 0.54660259 0.46046077 0.28930706 0.55834747  0.48819343 0.36420101 0.5323923  0.4455435 
0.76642213 0.3926248  0.13171815 0.16774269 0.31160716 0.48835329  0.39652756 0.45802518 0.54660259 0.46046077 0.28930706 0.55834747  0.48819343 0.36420101 0.5323923  0.4455435 
0.74497106 0.45332872 0.13189733 0.13327288 0.30431326 0.53851772  0.4181801  0.50075198 0.50307075 0.42807538 0.16811814 0.54081816  0.48082654 0.38469764 0.64529573 0.39855099
0.72951914 0.46669373 0.10875725 0.12545181 0.32838676 0.52159159  0.46294952 0.49046353 0.5536294  0.40933504 0.21042107 0.53576805  0.48675003 0.39245896 0.70131912 0.46683025
0.70194538 0.52778045 0.10600419 0.12908269 0.32670192 0.54988302  0.53113824 0.52575381 0.54915878 0.39139691 0.25396122 0.52672387  0.59080181 0.48548661 0.69372116 0.51904323
0.60493197 0.65073865 0.09860017 0.27956103 0.34647821 0.57873385  0.61406547 0.34999456 0.43520308 0.39013397 0.29028186 0.48487591  0.69812608 0.51469277 0.48531217 0.43057312
0.50701646 0.7490236  0.08001385 0.39732995 0.40251371 0.45866077  0.71667299 0.35461731 0.40988292 0.40172171 0.55818125 0.44824187  0.43619767 0.49889028 0.56353818 0.38793466
0.43799019 0.79494566 0.0957897  0.52431825 0.40605603 0.42464512  0.61865175 0.38140634 0.37819463 0.43735065 0.55528199 0.45044176  0.25443575 0.37185045 0.47884873 0.35999102
0.28997053 0.70931827 0.15696812 0.61292273 0.43173389 0.29090893  0.43514199 0.47537776 0.39462475 0.4309595  0.36044482 0.48348566  0.37852983 0.37630056 0.50471013 0.44510572
0.16094904 0.5819468  0.23182346 0.57994632 0.42392046 0.26172432  0.39771099 0.54886983 0.36086719 0.37518791 0.24954965 0.47003724  0.62528227 0.37313645 0.36465291 0.51185104
0.12440017 0.54590072 0.25553648 0.56951008 0.41500592 0.27984344  0.36660049 0.573536   0.4031488  0.35895289 0.25716352 0.46023151  0.74080632 0.38769006 0.32975746 0.53921284
0.07086634 0.4669289  0.2966521  0.49765173 0.38573168 0.36649327  0.41928434 0.52723795 0.41855206 0.37246628 0.31701038 0.45541888  0.65053795 0.38768103 0.3648433  0.50441685
0.00039479 0.36283831 0.35232302 0.39930133 0.34523319 0.50234819  0.48417291 0.45702496 0.47508945 0.39693445 0.45000532 0.44589633  0.47476172 0.42761975 0.50206904 0.41641874
0.00039479 0.36283831 0.35232302 0.39930133 0.34523319 0.50234819  0.48417291 0.45702496 0.47508945 0.39693445 0.45000532 0.44589633  0.47476172 0.42761975 0.50206904 0.41641874
0.00039479 0.36283831 0.35232302 0.39930133 0.34523319 0.50234819  0.48417291 0.45702496 0.47508945 0.39693445 0.45000532 0.44589633  0.47476172 0.42761975 0.50206904 0.41641874
0.00039479 0.36283831 0.35232302 0.39930133 0.34523319 0.50234819  0.48417291 0.45702496 0.47508945 0.39693445 0.45000532 0.44589633  0.47476172 0.42761975 0.50206904 0.41641874
0.01790387 0.3898545  0.33817562 0.42642862 0.35681041 0.46717525  0.46152885 0.47694295 0.46991849 0.39350101 0.41724602 0.4497633  0.51968443 0.43336993 0.49846349 0.44236435
0.12541581 0.53924282 0.26415607 0.55060946 0.39076253 0.37884183  0.34974392 0.52985875 0.51679239 0.41716795 0.35665478 0.47483511  0.54436986 0.46501554 0.62093105 0.50521806
0.19802505 0.63160063 0.2201321  0.61963226 0.40002733 0.35149082  0.29517316 0.53187834 0.50911152 0.44329672 0.26842689 0.50179821  0.59362433 0.42417442 0.57061023 0.57327964
0.40333441 0.78826804 0.15553957 0.57187118 0.30552184 0.66374109  0.34697838 0.41610775 0.63417696 0.4703834  0.51161111 0.46275793  0.46755635 0.36219352 0.44488098 0.50356946
0.54564794 0.77560568 0.13219359 0.40026983 0.28102807 0.69962233  0.54815541 0.46036193 0.39155793 0.46460111 0.36458885 0.47269556  0.51107116 0.3230225  0.3304693  0.48467629
0.54564794 0.77560568 0.13219359 0.40026983 0.28102807 0.69962233  0.54815541 0.46036193 0.39155793 0.46460111 0.36458885 0.47269556  0.51107116 0.3230225  0.3304693  0.48467629
0.67523534 0.61290278 0.17051998 0.19586766 0.24051593 0.63049618  0.51527021 0.79503703 0.34025396 0.45028408 0.34020075 0.47526855  0.40655964 0.24543123 0.58471424 0.44300899
0.70808794 0.59875782 0.26993806 0.26651177 0.15697396 0.58352539  0.50965508 0.75861975 0.24807567 0.4924422  0.44302263 0.55291807  0.47312949 0.38456469 0.53487236 0.38897017
0.80315164 0.51424078 0.44859238 0.29331467 0.11841011 0.42020837  0.54983055 0.56865151 0.35984456 0.45906013 0.35674518 0.59467269  0.55901913 0.56407623 0.72974627 0.34358485
0.82949372 0.50571583 0.54784288 0.35399599 0.12696139 0.34349589  0.6396631  0.55863474 0.51115243 0.56125934 0.40880417 0.53559887  0.568353   0.51652229 0.66599205 0.50650679
0.82949372 0.50571583 0.54784288 0.35399599 0.12696139 0.34349589  0.6396631  0.55863474 0.51115243 0.56125934 0.40880417 0.53559887  0.568353   0.51652229 0.66599205 0.50650679
0.87026019 0.46779189 0.62837866 0.35451406 0.20675493 0.29109394  0.57003363 0.46259848 0.57635183 0.40525177 0.45628203 0.44529602  0.49386986 0.37420652 0.57623741 0.45358255
0.87026019 0.46779189 0.62837866 0.35451406 0.20675493 0.29109394  0.57003363 0.46259848 0.57635183 0.40525177 0.45628203 0.44529602  0.49386986 0.37420652 0.57623741 0.45358255
0.87026019 0.46779189 0.62837866 0.35451406 0.20675493 0.29109394  0.57003363 0.46259848 0.57635183 0.40525177 0.45628203 0.44529602  0.49386986 0.37420652 0.57623741 0.45358255
0.87026019 0.46779189 0.62837866 0.35451406 0.20675493 0.29109394  0.57003363 0.46259848 0.57635183 0.40525177 0.45628203 0.44529602  0.49386986 0.37420652 0.57623741 0.45358255
0.86710593 0.45217424 0.59890405 0.36756829 0.16469362 0.27534604  0.58766158 0.46591051 0.58947131 0.41718172 0.4625242  0.4562699  0.51419152 0.36704183 0.58130385 0.47638221
0.86710593 0.45217424 0.59890405 0.36756829 0.16469362 0.27534604  0.58766158 0.46591051 0.58947131 0.41718172 0.4625242  0.4562699  0.51419152 0.36704183 0.58130385 0.47638221
0.86710593 0.45217424 0.59890405 0.36756829 0.16469362 0.27534604  0.58766158 0.46591051 0.58947131 0.41718172 0.4625242  0.4562699  0.51419152 0.36704183 0.58130385 0.47638221
0.87997699 0.41747376 0.58921965 0.36673967 0.18303041 0.26163886  0.55497358 0.3891567  0.62074144 0.41188278 0.44048012 0.45824554  0.52833889 0.33717309 0.55180698 0.44503026
0.86373285 0.38451857 0.49351847 0.36475403 0.16409625 0.28106665  0.535981   0.42181314 0.59432353 0.49960811 0.5053783  0.55609779  0.582675   0.36322076 0.48268084 0.4406077 
0.86059127 0.32696202 0.39627336 0.36007188 0.18042202 0.30726645  0.49005962 0.3769698  0.56347993 0.57065678 0.48795378 0.61527205  0.63773814 0.32917699 0.48003107 0.31782679
0.86059127 0.32696202 0.39627336 0.36007188 0.18042202 0.30726645  0.49005962 0.3769698  0.56347993 0.57065678 0.48795378 0.61527205  0.63773814 0.32917699 0.48003107 0.31782679
0.88203281 0.20756176 0.35605965 0.56009289 0.2659341  0.40432814  0.53435673 0.40896434 0.50378076 0.61459005 0.57315675 0.56843644  0.68337017 0.3107395  0.45684196 0.49776533
0.91086015 0.08552343 0.33240747 0.82413649 0.41734669 0.61304903  0.6929954  0.54303426 0.53285529 0.49757476 0.37440092 0.56243878  0.57949463 0.47298346 0.49810829 0.31492876
0.90835867 0.06436656 0.30040302 0.86903995 0.44254984 0.67806091  0.71259522 0.58948785 0.52454037 0.42871091 0.33312548 0.66074977  0.52742533 0.60434454 0.38929913 0.20282331
0.89190321 0.08176575 0.24917632 0.78843079 0.4583242  0.70752978  0.62649845 0.60502641 0.40489933 0.40463419 0.2933468  0.59316598  0.44226806 0.68515977 0.46656272 0.06914324
0.88288369 0.08145257 0.21346176 0.76364585 0.47771274 0.7287113  0.59984951 0.62116891 0.39438766 0.41295562 0.28306883 0.58340842  0.39581494 0.71651923 0.42107412 0.08430527
0.84786152 0.10851002 0.11806299 0.6786412  0.55189555 0.77352229  0.59296952 0.64648734 0.51440111 0.33448323 0.17945639 0.51111066  0.26620459 0.63166777 0.38203665 0.26700068
0.82694501 0.14958673 0.08330459 0.61158608 0.59127546 0.81638462  0.58027669 0.63241293 0.55056452 0.23414368 0.04163731 0.44258502  0.27774616 0.56632369 0.42686294 0.22953076
0.82065623 0.17911038 0.08434073 0.51927852 0.55136492 0.75606558  0.47972154 0.55255735 0.4599792  0.29792408 0.13640884 0.32302839  0.3689319  0.45990888 0.54893406 0.35625005
0.80671683 0.23697108 0.09471967 0.40625731 0.49105012 0.67460499  0.43826187 0.50954781 0.49603219 0.33581762 0.17244248 0.36153627  0.38900178 0.42927258 0.51081332 0.38107657
0.72789242 0.45773556 0.08903931 0.12557578 0.36356117 0.51069479  0.46328119 0.40233599 0.6187462  0.36406978 0.2546431  0.51483709  0.59956313 0.418504   0.5901102  0.45241958
0.67079203 0.580378   0.09245495 0.17574588 0.34168368 0.58099948  0.58245506 0.39235759 0.55537948 0.3670008  0.28462831 0.50965982  0.73805772 0.5694311  0.62052914 0.50493899
0.6535038  0.58980348 0.07814199 0.19222219 0.36805135 0.53923884  0.61887618 0.363063   0.57583067 0.36059847 0.36283591 0.50032897  0.6960161  0.58273737 0.67465468 0.49952961
0.59562336 0.71041609 0.10048372 0.26271652 0.33014208 0.61329604  0.6863011  0.4770608  0.4600756  0.39034407 0.46141097 0.45695628  0.67386342 0.51560266 0.56165731 0.50989641
0.58058938 0.74077215 0.10591668 0.28707176 0.32221476 0.63669908  0.69698389 0.52406533 0.42106811 0.39571088 0.50605994 0.43471412  0.65405345 0.43653402 0.52324201 0.50035556
0.58058938 0.74077215 0.10591668 0.28707176 0.32221476 0.63669908  0.69698389 0.52406533 0.42106811 0.39571088 0.50605994 0.43471412  0.65405345 0.43653402 0.52324201 0.50035556
0.58058938 0.74077215 0.10591668 0.28707176 0.32221476 0.63669908  0.69698389 0.52406533 0.42106811 0.39571088 0.50605994 0.43471412  0.65405345 0.43653402 0.52324201 0.50035556
0.61392737 0.70525158 0.1213932  0.23751204 0.29622314 0.65927076  0.64685717 0.60988884 0.42383282 0.38391055 0.43466685 0.44608585  0.67793819 0.40029594 0.53045078 0.51804505
0.62936194 0.67797168 0.12809022 0.21718934 0.28713751 0.64219209  0.61796075 0.6706535  0.42078798 0.3913507  0.4175318  0.45349888  0.58575601 0.33853978 0.58292065 0.52007308
0.64508072 0.65265402 0.13494245 0.19084885 0.28124137 0.6281543  0.59554035 0.74328506 0.41761212 0.40830666 0.40399976 0.4631499  0.53068227 0.31635145 0.6036428  0.53214929
0.67482602 0.59011841 0.12459468 0.14444176 0.29922884 0.57205239  0.56422007 0.6797666  0.50320535 0.37902959 0.36442177 0.49027952  0.55031384 0.44503098 0.62247654 0.54049181
0.70421901 0.53436003 0.13006812 0.12293986 0.29055871 0.54058988  0.52102226 0.65158865 0.50641804 0.41228063 0.27540387 0.52666723  0.44936597 0.45614944 0.71985051 0.52659316
0.75758187 0.41731427 0.12779305 0.13586619 0.32050207 0.50316462  0.37824464 0.51632445 0.53504303 0.38428392 0.27558541 0.50042927  0.44124604 0.31553291 0.50665395 0.36757564
0.77045293 0.38261378 0.11810865 0.13503757 0.33883886 0.48945744  0.34555663 0.43957064 0.56631317 0.37898498 0.25354133 0.50240491  0.4553934  0.28566417 0.47715708 0.3362237 
0.77045293 0.38261378 0.11810865 0.13503757 0.33883886 0.48945744  0.34555663 0.43957064 0.56631317 0.37898498 0.25354133 0.50240491  0.4553934  0.28566417 0.47715708 0.3362237 
0.7858906  0.32323436 0.11039789 0.22594346 0.38430934 0.53466725  0.33608639 0.43331638 0.47788876 0.38935765 0.30448768 0.39950155  0.46328946 0.28852224 0.49323009 0.44542035
0.7936518  0.29312995 0.10307106 0.26938851 0.41106786 0.56871313  0.329173   0.42756977 0.43430768 0.38351315 0.3044947  0.3436208  0.4802556  0.26615792 0.54916196 0.46545985
0.80655289 0.24148812 0.09405253 0.36148404 0.46443255 0.63405028  0.34880972 0.44119515 0.38378863 0.38278751 0.28970392 0.25681928  0.48114946 0.29774161 0.6107462  0.51783642
0.80655289 0.24148812 0.09405253 0.36148404 0.46443255 0.63405028  0.34880972 0.44119515 0.38378863 0.38278751 0.28970392 0.25681928  0.48114946 0.29774161 0.6107462  0.51783642
0.81145427 0.22013817 0.09011951 0.40819653 0.48905456 0.67078211  0.3709571  0.46369673 0.36931387 0.36941263 0.27013284 0.2402402  0.48310058 0.30982634 0.65224962 0.50190921
0.81537622 0.20344082 0.08762222 0.44582851 0.51047077 0.69919957  0.39586853 0.48477267 0.3774267  0.35938579 0.24306986 0.23433486  0.46590999 0.34861932 0.64853095 0.49091055
0.8024689  0.20520608 0.06240434 0.47026271 0.55342578 0.70834289  0.47314104 0.50080158 0.45388958 0.31822459 0.24520803 0.2539498  0.44756472 0.38565794 0.69014112 0.5057549 
0.8024689  0.20520608 0.06240434 0.47026271 0.55342578 0.70834289  0.47314104 0.50080158 0.45388958 0.31822459 0.24520803 0.2539498  0.44756472 0.38565794 0.69014112 0.5057549 
0.7877662  0.23159231 0.04996688 0.47306497 0.57007772 0.72292714  0.50864176 0.45933805 0.48068909 0.29498752 0.26670411 0.24688126  0.56576387 0.44881684 0.65304629 0.52661594
0.75475919 0.26633544 0.0288017  0.51588178 0.60234152 0.6952043  0.56748327 0.3574119  0.50431614 0.27162923 0.35844374 0.22789939  0.57879598 0.48431143 0.68644967 0.50913036
0.69021021 0.41540013 0.02501637 0.4203344  0.55475754 0.6223104  0.65326273 0.27005571 0.58309215 0.28906261 0.3710748  0.34660965  0.65438011 0.58243996 0.75941675 0.43629098
0.63927791 0.48339479 0.03287884 0.35321602 0.51141944 0.47217551  0.57832099 0.15887128 0.57433011 0.33500843 0.36520219 0.41324464  0.59586571 0.51388756 0.77546153 0.4065706 
0.47630189 0.67685724 0.0743542  0.49709738 0.45167247 0.39108425  0.53328041 0.13164216 0.4537943  0.49793026 0.27176684 0.54354577  0.39944206 0.42019027 0.66513268 0.40208945
0.33811882 0.68119434 0.13013635 0.58000318 0.44941805 0.30793592  0.47479062 0.33977495 0.37482289 0.4794437  0.25727132 0.52716528  0.41950749 0.36324031 0.59691607 0.4643125 
0.21535777 0.60387611 0.19540029 0.54336649 0.44757291 0.23435641  0.50114363 0.50363211 0.32852739 0.40151374 0.28901459 0.48647706  0.58218259 0.41919743 0.47755081 0.47885048
0.16134641 0.56075628 0.23357748 0.53974425 0.42066177 0.28742001  0.45880936 0.50396651 0.34518871 0.39619199 0.27370351 0.48199113  0.58287354 0.36900075 0.39276633 0.50048485
0.14343756 0.53488534 0.24740385 0.51632959 0.41154482 0.31912941  0.47291637 0.48779974 0.35989152 0.40418568 0.30129259 0.48100206  0.54145839 0.381349   0.43386198 0.48790307
0.05306277 0.40930401 0.31102756 0.41763914 0.37666176 0.40426113  0.54756198 0.44277854 0.32496259 0.41131519 0.2958028  0.48030821  0.52794871 0.3284536  0.33871483 0.50730334
0.03585866 0.41212524 0.32497922 0.44119937 0.36258431 0.43456132  0.47408025 0.48300288 0.40965789 0.37891942 0.36959995 0.44872305  0.56049334 0.35167352 0.32731793 0.46450854
0.01779563 0.38669558 0.33863985 0.42004769 0.35385851 0.46460162  0.48109267 0.47190843 0.43452283 0.38595027 0.3992976  0.44733029  0.52908455 0.38078184 0.39373238 0.44873962
0.00039479 0.36283831 0.35232302 0.39930133 0.34523319 0.50234819  0.48417291 0.45702496 0.47508945 0.39693445 0.45000532 0.44589633  0.47476172 0.42761975 0.50206904 0.41641874
0.00039479 0.36283831 0.35232302 0.39930133 0.34523319 0.50234819  0.48417291 0.45702496 0.47508945 0.39693445 0.45000532 0.44589633  0.47476172 0.42761975 0.50206904 0.41641874
0.00039479 0.36283831 0.35232302 0.39930133 0.34523319 0.50234819  0.48417291 0.45702496 0.47508945 0.39693445 0.45000532 0.44589633  0.47476172 0.42761975 0.50206904 0.41641874
0.00039479 0.36283831 0.35232302 0.39930133 0.34523319 0.50234819  0.48417291 0.45702496 0.47508945 0.39693445 0.45000532 0.44589633  0.47476172 0.42761975 0.50206904 0.41641874
0.00039479 0.36283831 0.35232302 0.39930133 0.34523319 0.50234819  0.48417291 0.45702496 0.47508945 0.39693445 0.45000532 0.44589633  0.47476172 0.42761975 0.50206904 0.41641874
0.00039479 0.36283831 0.35232302 0.39930133 0.34523319 0.50234819  0.48417291 0.45702496 0.47508945 0.39693445 0.45000532 0.44589633  0.47476172 0.42761975 0.50206904 0.41641874
0.00039479 0.36283831 0.35232302 0.39930133 0.34523319 0.50234819  0.48417291 0.45702496 0.47508945 0.39693445 0.45000532 0.44589633  0.47476172 0.42761975 0.50206904 0.41641874
0.00039479 0.36283831 0.35232302 0.39930133 0.34523319 0.50234819  0.48417291 0.45702496 0.47508945 0.39693445 0.45000532 0.44589633  0.47476172 0.42761975 0.50206904 0.41641874
0.00039479 0.36283831 0.35232302 0.39930133 0.34523319 0.50234819  0.48417291 0.45702496 0.47508945 0.39693445 0.45000532 0.44589633  0.47476172 0.42761975 0.50206904 0.41641874
0.00039479 0.36283831 0.35232302 0.39930133 0.34523319 0.50234819  0.48417291 0.45702496 0.47508945 0.39693445 0.45000532 0.44589633  0.47476172 0.42761975 0.50206904 0.41641874
0.00039479 0.36283831 0.35232302 0.39930133 0.34523319 0.50234819  0.48417291 0.45702496 0.47508945 0.39693445 0.45000532 0.44589633  0.47476172 0.42761975 0.50206904 0.41641874
0.00039479 0.36283831 0.35232302 0.39930133 0.34523319 0.50234819  0.48417291 0.45702496 0.47508945 0.39693445 0.45000532 0.44589633  0.47476172 0.42761975 0.50206904 0.41641874
0.00039479 0.36283831 0.35232302 0.39930133 0.34523319 0.50234819  0.48417291 0.45702496 0.47508945 0.39693445 0.45000532 0.44589633  0.47476172 0.42761975 0.50206904 0.41641874
0.00039479 0.36283831 0.35232302 0.39930133 0.34523319 0.50234819  0.48417291 0.45702496 0.47508945 0.39693445 0.45000532 0.44589633  0.47476172 0.42761975 0.50206904 0.41641874
0.00039479 0.36283831 0.35232302 0.39930133 0.34523319 0.50234819  0.48417291 0.45702496 0.47508945 0.39693445 0.45000532 0.44589633  0.47476172 0.42761975 0.50206904 0.41641874
0.00039479 0.36283831 0.35232302 0.39930133 0.34523319 0.50234819  0.48417291 0.45702496 0.47508945 0.39693445 0.45000532 0.44589633  0.47476172 0.42761975 0.50206904 0.41641874
0.00039479 0.36283831 0.35232302 0.39930133 0.34523319 0.50234819  0.48417291 0.45702496 0.47508945 0.39693445 0.45000532 0.44589633  0.47476172 0.42761975 0.50206904 0.41641874
0.00039479 0.36283831 0.35232302 0.39930133 0.34523319 0.50234819  0.48417291 0.45702496 0.47508945 0.39693445 0.45000532 0.44589633  0.47476172 0.42761975 0.50206904 0.41641874
