0.00039479 0.36283831 0.35232302 0.39930133 0.34523319 0.50234819  0.48417291 0.45702496 0.47508945 0.39693445 0.45000532 0.44589633  0.47476172 0.42761975 0.50206904 0.41641874
0.00039479 0.36283831 0.35232302 0.39930133 0.34523319 0.50234819  0.48417291 0.45702496 0.47508945 0.39693445 0.45000532 0.44589633  0.47476172 0.42761975 0.50206904 0.41641874
0.00039479 0.36283831 0.35232302 0.39930133 0.34523319 0.50234819  0.48417291 0.45702496 0.47508945 0.39693445 0.45000532 0.44589633  0.47476172 0.42761975 0.50206904 0.41641874
0.00039479 0.36283831 0.35232302 0.39930133 0.34523319 0.50234819  0.48417291 0.45702496 0.47508945 0.39693445 0.45000532 0.44589633  0.47476172 0.42761975 0.50206904 0.41641874
0.00039479 0.36283831 0.35232302 0.39930133 0.34523319 0.50234819  0.48417291 0.45702496 0.47508945 0.39693445 0.45000532 0.44589633  0.47476172 0.42761975 0.50206904 0.41641874
0.00039479 0.36283831 0.35232302 0.39930133 0.34523319 0.50234819  0.48417291 0.45702496 0.47508945 0.39693445 0.45000532 0.44589633  0.47476172 0.42761975 0.50206904 0.41641874
0.00039479 0.36283831 0.35232302 0.39930133 0.34523319 0.50234819  0.48417291 0.45702496 0.47508945 0.39693445 0.45000532 0.44589633  0.47476172 0.42761975 0.50206904 0.41641874
0.00039479 0.36283831 0.35232302 0.39930133 0.34523319 0.50234819  0.48417291 0.45702496 0.47508945 0.39693445 0.45000532 0.44589633  0.47476172 0.42761975 0.50206904 0.41641874
0.00039479 0.36283831 0.35232302 0.39930133 0.34523319 0.50234819  0.48417291 0.45702496 0.47508945 0.39693445 0.45000532 0.44589633  0.47476172 0.42761975 0.50206904 0.41641874
0.00039479 0.36283831 0.35232302 0.39930133 0.34523319 0.50234819  0.48417291 0.45702496 0.47508945 0.39693445 0.45000532 0.44589633  0.47476172 0.42761975 0.50206904 0.41641874
0.00039479 0.36283831 0.35232302 0.39930133 0.34523319 0.50234819  0.48417291 0.45702496 0.47508945 0.39693445 0.45000532 0.44589633  0.47476172 0.42761975 0.50206904 0.41641874
0.00039479 0.36283831 0.35232302 0.39930133 0.34523319 0.50234819  0.48417291 0.45702496 0.47508945 0.39693445 0.45000532 0.44589633  0.47476172 0.42761975 0.50206904 0.41641874
0.00039479 0.36283831 0.35232302 0.39930133 0.34523319 0.50234819  0.48417291 0.45702496 0.47508945 0.39693445 0.45000532 0.44589633  0.47476172 0.42761975 0.50206904 0.41641874
0.00039479 0.36283831 0.35232302 0.39930133 0.34523319 0.50234819  0.48417291 0.45702496 0.47508945 0.39693445 0.45000532 0.44589633  0.47476172 0.42761975 0.50206904 0.41641874
0.00039479 0.36283831 0.35232302 0.39930133 0.34523319 0.50234819  0.48417291 0.45702496 0.47508945 0.39693445 0.45000532 0.44589633  0.47476172 0.42761975 0.50206904 0.41641874
0.00039479 0.36283831 0.35232302 0.39930133 0.34523319 0.50234819  0.48417291 0.45702496 0.47508945 0.39693445 0.45000532 0.44589633  0.47476172 0.42761975 0.50206904 0.41641874
0.00039479 0.36283831 0.35232302 0.39930133 0.34523319 0.50234819  0.48417291 0.45702496 0.47508945 0.39693445 0.45000532 0.44589633  0.47476172 0.42761975 0.50206904 0.41641874
0.00039479 0.36283831 0.35232302 0.39930133 0.34523319 0.50234819  0.48417291 0.45702496 0.47508945 0.39693445 0.45000532 0.44589633  0.47476172 0.42761975 0.50206904 0.41641874
0.00039479 0.36283831 0.35232302 0.39930133 0.34523319 0.50234819  0.48417291 0.45702496 0.47508945 0.39693445 0.45000532 0.44589633  0.47476172 0.42761975 0.50206904 0.41641874
0.00039479 0.36283831 0.35232302 0.39930133 0.34523319 0.50234819  0.48417291 0.45702496 0.47508945 0.39693445 0.45000532 0.44589633  0.47476172 0.42761975 0.50206904 0.41641874
0.00039479 0.36283831 0.35232302 0.39930133 0.34523319 0.50234819  0.48417291 0.45702496 0.47508945 0.39693445 0.45000532 0.44589633  0.47476172 0.42761975 0.50206904 0.41641874
0.00039479 0.36283831 0.35232302 0.39930133 0.34523319 0.50234819  0.48417291 0.45702496 0.47508945 0.39693445 0.45000532 0.44589633  0.47476172 0.42761975 0.50206904 0.41641874
0.00039479 0.36283831 0.35232302 0.39930133 0.34523319 0.50234819  0.48417291 0.45702496 0.47508945 0.39693445 0.45000532 0.44589633  0.47476172 0.42761975 0.50206904 0.41641874
0.00039479 0.36283831 0.35232302 0.39930133 0.34523319 0.50234819  0.48417291 0.45702496 0.47508945 0.39693445 0.45000532 0.44589633  0.47476172 0.42761975 0.50206904 0.41641874
0.00039479 0.36283831 0.35232302 0.39930133 0.34523319 0.50234819  0.48417291 0.45702496 0.47508945 0.39693445 0.45000532 0.44589633  0.47476172 0.42761975 0.50206904 0.41641874
0.00039479 0.36283831 0.35232302 0.39930133 0.34523319 0.50234819  0.48417291 0.45702496 0.47508945 0.39693445 0.45000532 0.44589633  0.47476172 0.42761975 0.50206904 0.41641874
0.00039479 0.36283831 0.35232302 0.39930133 0.34523319 0.50234819  0.48417291 0.45702496 0.47508945 0.39693445 0.45000532 0.44589633  0.47476172 0.42761975 0.50206904 0.41641874
0.00039479 0.36283831 0.35232302 0.39930133 0.34523319 0.50234819  0.48417291 0.45702496 0.47508945 0.39693445 0.45000532 0.44589633  0.47476172 0.42761975 0.50206904 0.41641874
0.00039479 0.36283831 0.35232302 0.39930133 0.34523319 0.50234819  0.48417291 0.45702496 0.47508945 0.39693445 0.45000532 0.44589633  0.47476172 0.42761975 0.50206904 0.41641874
0.00039479 0.36283831 0.35232302 0.39930133 0.34523319 0.50234819  0.48417291 0.45702496 0.47508945 0.39693445 0.45000532 0.44589633  0.47476172 0.42761975 0.50206904 0.41641874
0.00039479 0.36283831 0.35232302 0.39930133 0.34523319 0.50234819  0.48417291 0.45702496 0.47508945 0.39693445 0.45000532 0.44589633  0.47476172 0.42761975 0.50206904 0.41641874
0.00039479 0.36283831 0.35232302 0.39930133 0.34523319 0.50234819  0.48417291 0.45702496 0.47508945 0.39693445 0.45000532 0.44589633  0.47476172 0.42761975 0.50206904 0.41641874
0.00039479 0.36283831 0.35232302 0.39930133 0.34523319 0.50234819  0.48417291 0.45702496 0.47508945 0.39693445 0.45000532 0.44589633  0.47476172 0.42761975 0.50206904 0.41641874
0.00039479 0.36283831 0.35232302 0.39930133 0.34523319 0.50234819  0.48417291 0.45702496 0.47508945 0.39693445 0.45000532 0.44589633  0.47476172 0.42761975 0.50206904 0.41641874
0.00039479 0.36283831 0.35232302 0.39930133 0.34523319 0.50234819  0.48417291 0.45702496 0.47508945 0.39693445 0.45000532 0.44589633  0.47476172 0.42761975 0.50206904 0.41641874
0.00039479 0.36283831 0.35232302 0.39930133 0.34523319 0.50234819  0.48417291 0.45702496 0.47508945 0.39693445 0.45000532 0.44589633  0.47476172 0.42761975 0.50206904 0.41641874
0.00039479 0.36283831 0.35232302 0.39930133 0.34523319 0.50234819  0.48417291 0.45702496 0.47508945 0.39693445 0.45000532 0.44589633  0.47476172 0.42761975 0.50206904 0.41641874
0.03525649 0.41685964 0.32437467 0.45347996 0.36854765 0.43569141  0.43485985 0.4975719  0.47652552 0.39120509 0.39620065 0.45304628  0.55757342 0.45566594 0.52722734 0.46096477
0.03525649 0.41685964 0.32437467 0.45347996 0.36854765 0.43569141  0.43485985 0.4975719  0.47652552 0.39120509 0.39620065 0.45304628  0.55757342 0.45566594 0.52722734 0.46096477
0.03525649 0.41685964 0.32437467 0.45347996 0.36854765 0.43569141  0.43485985 0.4975719  0.47652552 0.39120509 0.39620065 0.45304628  0.55757342 0.45566594 0.52722734 0.46096477
0.07122472 0.46999628 0.29724973 0.50078613 0.3872153  0.38752921  0.39567049 0.52368823 0.48880919 0.3880822  0.3822649  0.45508466  0.57974546 0.48072028 0.56815586 0.46528705
0.18128077 0.61395744 0.22796607 0.6010273  0.40283221 0.36780412  0.30191187 0.54287451 0.5984129  0.41428391 0.45594497 0.45970943  0.47754411 0.54176376 0.76022912 0.42063643
0.2183553  0.65476497 0.20791688 0.61422229 0.40156808 0.37623028  0.30578993 0.53954789 0.6011928  0.40249052 0.49437487 0.4460122  0.48004824 0.50594771 0.66515709 0.41145088
0.27299936 0.71583098 0.17968263 0.64598636 0.39554577 0.39401378  0.29397955 0.50744011 0.58151828 0.43450387 0.43952281 0.46846941  0.45699063 0.43530877 0.58655141 0.46109575
0.31017967 0.73565627 0.16650928 0.61961762 0.38193669 0.43714016  0.35368549 0.47002969 0.53656301 0.4411077  0.45637732 0.46582794  0.38640179 0.37794891 0.49950874 0.45497819
0.34793218 0.75729739 0.15156331 0.5865181  0.37160905 0.48064549  0.43314726 0.43238605 0.50539881 0.42419788 0.54828464 0.43941577  0.30689006 0.34076007 0.41153425 0.38976331
0.34793218 0.75729739 0.15156331 0.5865181  0.37160905 0.48064549  0.43314726 0.43238605 0.50539881 0.42419788 0.54828464 0.43941577  0.30689006 0.34076007 0.41153425 0.38976331
0.34793218 0.75729739 0.15156331 0.5865181  0.37160905 0.48064549  0.43314726 0.43238605 0.50539881 0.42419788 0.54828464 0.43941577  0.30689006 0.34076007 0.41153425 0.38976331
0.32892324 0.73044894 0.15460849 0.56541951 0.3977631  0.39722336  0.48404179 0.48902386 0.43758721 0.36595948 0.55872822 0.4086653  0.36109797 0.36241025 0.37462736 0.34580621
0.31034524 0.72988629 0.15983388 0.59924802 0.40052581 0.38139689  0.42683894 0.49020451 0.46225474 0.38744128 0.51362537 0.42924268  0.35775946 0.35873201 0.40288511 0.37098318
0.25391205 0.68533994 0.17509326 0.61493272 0.43811745 0.25262574  0.43019935 0.52608277 0.36873374 0.36176506 0.39593184 0.43846338  0.43142736 0.37711282 0.39236895 0.36708328
0.25391205 0.68533994 0.17509326 0.61493272 0.43811745 0.25262574  0.43019935 0.52608277 0.36873374 0.36176506 0.39593184 0.43846338  0.43142736 0.37711282 0.39236895 0.36708328
0.18038362 0.60287404 0.22229433 0.5809995  0.42046546 0.29180614  0.40526775 0.52359498 0.40083766 0.38357875 0.34275898 0.4595573  0.49223438 0.40101324 0.45777378 0.43723133
0.12511072 0.5441394  0.25767549 0.5603467  0.40880941 0.31391957  0.36843848 0.55543613 0.45125939 0.36968612 0.33267986 0.45317269  0.64059881 0.433162   0.44777188 0.48655337
0.08837313 0.49349274 0.28301688 0.52244009 0.39707778 0.33667853  0.39970993 0.54279457 0.41499696 0.3711332  0.29385644 0.45910554  0.67842059 0.39321697 0.36828835 0.52620442
0.08837313 0.49349274 0.28301688 0.52244009 0.39707778 0.33667853  0.39970993 0.54279457 0.41499696 0.3711332  0.29385644 0.45910554  0.67842059 0.39321697 0.36828835 0.52620442
0.05280101 0.4410469  0.31082492 0.47416113 0.37677476 0.40189177  0.42936641 0.51178214 0.44503286 0.38159749 0.35631339 0.45384582  0.60208909 0.41657511 0.43830835 0.48448989
0.03514825 0.41370071 0.3248389  0.44709904 0.36559576 0.43311778  0.45442367 0.49253738 0.44112986 0.38365436 0.37825223 0.45061328  0.56697354 0.40307785 0.42249623 0.46734004
0.03514825 0.41370071 0.3248389  0.44709904 0.36559576 0.43311778  0.45442367 0.49253738 0.44112986 0.38365436 0.37825223 0.45061328  0.56697354 0.40307785 0.42249623 0.46734004
0.01779563 0.38669558 0.33863985 0.42004769 0.35385851 0.46460162  0.48109267 0.47190843 0.43452283 0.38595027 0.3992976  0.44733029  0.52908455 0.38078184 0.39373238 0.44873962
0.00039479 0.36283831 0.35232302 0.39930133 0.34523319 0.50234819  0.48417291 0.45702496 0.47508945 0.39693445 0.45000532 0.44589633  0.47476172 0.42761975 0.50206904 0.41641874
0.00039479 0.36283831 0.35232302 0.39930133 0.34523319 0.50234819  0.48417291 0.45702496 0.47508945 0.39693445 0.45000532 0.44589633  0.47476172 0.42761975 0.50206904 0.41641874
0.00039479 0.36283831 0.35232302 0.39930133 0.34523319 0.50234819  0.48417291 0.45702496 0.47508945 0.39693445 0.45000532 0.44589633  0.47476172 0.42761975 0.50206904 0.41641874
0.00039479 0.36283831 0.35232302 0.39930133 0.34523319 0.50234819  0.48417291 0.45702496 0.47508945 0.39693445 0.45000532 0.44589633  0.47476172 0.42761975 0.50206904 0.41641874
0.00039479 0.36283831 0.35232302 0.39930133 0.34523319 0.50234819  0.48417291 0.45702496 0.47508945 0.39693445 0.45000532 0.44589633  0.47476172 0.42761975 0.50206904 0.41641874
0.00039479 0.36283831 0.35232302 0.39930133 0.34523319 0.50234819  0.48417291 0.45702496 0.47508945 0.39693445 0.45000532 0.44589633  0.47476172 0.42761975 0.50206904 0.41641874
0.00039479 0.36283831 0.35232302 0.39930133 0.34523319 0.50234819  0.48417291 0.45702496 0.47508945 0.39693445 0.45000532 0.44589633  0.47476172 0.42761975 0.50206904 0.41641874
0.00039479 0.36283831 0.35232302 0.39930133 0.34523319 0.50234819  0.48417291 0.45702496 0.47508945 0.39693445 0.45000532 0.44589633  0.47476172 0.42761975 0.50206904 0.41641874
0.00039479 0.36283831 0.35232302 0.39930133 0.34523319 0.50234819  0.48417291 0.45702496 0.47508945 0.39693445 0.45000532 0.44589633  0.47476172 0.42761975 0.50206904 0.41641874
0.05265734 0.44071691 0.3106915  0.47422633 0.37717297 0.39794484  0.43177961 0.51245536 0.4359589  0.38022092 0.34549293 0.45448025  0.61189625 0.40882803 0.41889068 0.49328565
0.21623457 0.66850952 0.19464458 0.65673355 0.43804207 0.23751713  0.28996202 0.60532266 0.50420728 0.35359983 0.36349489 0.44466976  0.66187085 0.49348998 0.53524902 0.43385105
0.23476218 0.6886814  0.1873013  0.66667202 0.42877097 0.27141515  0.269237   0.58962159 0.5418727  0.38683453 0.3690882  0.46105598  0.59724024 0.49718258 0.62285176 0.44932239
0.27230287 0.73267769 0.16547083 0.68332028 0.43003633 0.28129444  0.27429226 0.57383444 0.55875287 0.38318526 0.44123623 0.44755586  0.5143895  0.4866367  0.6130834  0.38891645
0.27230287 0.73267769 0.16547083 0.68332028 0.43003633 0.28129444  0.27429226 0.57383444 0.55875287 0.38318526 0.44123623 0.44755586  0.5143895  0.4866367  0.6130834  0.38891645
0.27230287 0.73267769 0.16547083 0.68332028 0.43003633 0.28129444  0.27429226 0.57383444 0.55875287 0.38318526 0.44123623 0.44755586  0.5143895  0.4866367  0.6130834  0.38891645
0.27230287 0.73267769 0.16547083 0.68332028 0.43003633 0.28129444  0.27429226 0.57383444 0.55875287 0.38318526 0.44123623 0.44755586  0.5143895  0.4866367  0.6130834  0.38891645
0.27230287 0.73267769 0.16547083 0.68332028 0.43003633 0.28129444  0.27429226 0.57383444 0.55875287 0.38318526 0.44123623 0.44755586  0.5143895  0.4866367  0.6130834  0.38891645
0.27230287 0.73267769 0.16547083 0.68332028 0.43003633 0.28129444  0.27429226 0.57383444 0.55875287 0.38318526 0.44123623 0.44755586  0.5143895  0.4866367  0.6130834  0.38891645
0.32906687 0.76969667 0.14413631 0.64226407 0.40971877 0.36326622  0.36464452 0.52176972 0.5552335  0.36151291 0.6012711  0.4060537  0.4059731  0.44274013 0.49645133 0.29874711
0.38199893 0.77086623 0.10542558 0.57501209 0.44453848 0.29288762  0.56942368 0.42815939 0.34561919 0.41628848 0.48804379 0.45709169  0.27576993 0.38974378 0.50091096 0.33250072
0.38199893 0.77086623 0.10542558 0.57501209 0.44453848 0.29288762  0.56942368 0.42815939 0.34561919 0.41628848 0.48804379 0.45709169  0.27576993 0.38974378 0.50091096 0.33250072
0.41817652 0.75969294 0.09313994 0.4979929  0.45207298 0.29551937  0.68554882 0.43442082 0.30752397 0.38345289 0.54972064 0.43002695  0.32602695 0.43216329 0.53261774 0.3022976 
0.45816693 0.66265449 0.06486505 0.48180521 0.49788284 0.25964282  0.61977898 0.20365423 0.38474753 0.39052127 0.41721601 0.46844693  0.38066229 0.44275018 0.57436549 0.24949708
0.47673363 0.61616532 0.05647948 0.50433289 0.53399088 0.27461654  0.66051523 0.19859711 0.4708898  0.34676422 0.30313832 0.53969614  0.34440166 0.58793703 0.56458237 0.16788815
0.47696057 0.61519057 0.05616699 0.50753656 0.53648196 0.27761241  0.66486582 0.20207522 0.47583054 0.34231344 0.29445403 0.54523621  0.33331482 0.60144223 0.55450036 0.15872418
0.47696057 0.61519057 0.05616699 0.50753656 0.53648196 0.27761241  0.66486582 0.20207522 0.47583054 0.34231344 0.29445403 0.54523621  0.33331482 0.60144223 0.55450036 0.15872418
0.47696057 0.61519057 0.05616699 0.50753656 0.53648196 0.27761241  0.66486582 0.20207522 0.47583054 0.34231344 0.29445403 0.54523621  0.33331482 0.60144223 0.55450036 0.15872418
0.47320091 0.63229843 0.05943209 0.45744997 0.50581016 0.23623978  0.60909619 0.1566497  0.42375501 0.38515445 0.37256704 0.49068909  0.40047225 0.52181883 0.61278079 0.25903792
0.47320091 0.63229843 0.05943209 0.45744997 0.50581016 0.23623978  0.60909619 0.1566497  0.42375501 0.38515445 0.37256704 0.49068909  0.40047225 0.52181883 0.61278079 0.25903792
0.57121803 0.69550666 0.06934282 0.34869872 0.38272817 0.56240385  0.65685273 0.18966994 0.49985591 0.44495247 0.40711013 0.50347235  0.54367147 0.5253508  0.59913897 0.45675106
0.57121803 0.69550666 0.06934282 0.34869872 0.38272817 0.56240385  0.65685273 0.18966994 0.49985591 0.44495247 0.40711013 0.50347235  0.54367147 0.5253508  0.59913897 0.45675106
0.59158979 0.70476997 0.11791392 0.33606844 0.3129432  0.6245456  0.60259822 0.31061686 0.41301131 0.4631823  0.32566931 0.50863353  0.56045094 0.53530739 0.48838339 0.41655169
0.58234945 0.7481382  0.15777432 0.36240772 0.30708929 0.64868438  0.60212655 0.33409665 0.36702249 0.40013112 0.36942389 0.4866771  0.50936673 0.47113978 0.44536316 0.46417357
0.59267048 0.78886191 0.28554808 0.45014298 0.22173799 0.68932801  0.53314553 0.37339083 0.2832817  0.30414861 0.34270002 0.45819656  0.51550803 0.34892264 0.32751289 0.45175555
0.58120382 0.85144327 0.43389407 0.53811097 0.23408767 0.70023014  0.4156283  0.29199925 0.33523978 0.2293014  0.29656767 0.40355261  0.44862077 0.34941736 0.27806689 0.41549344
0.59656912 0.85853981 0.49592948 0.56025197 0.22393658 0.68929715  0.40801666 0.26788465 0.29122971 0.19448747 0.32788515 0.43070622  0.45848881 0.38785535 0.28040892 0.39675538
0.60558864 0.85885299 0.53164404 0.58503692 0.20454804 0.66811563  0.43466561 0.25174216 0.30174138 0.18616604 0.33816312 0.44046378  0.50494193 0.35649589 0.32589752 0.38159336
0.59317986 0.87448452 0.57759226 0.60475274 0.20685598 0.69215721  0.37217222 0.28745809 0.41090171 0.1424627  0.37655075 0.3602717  0.50646245 0.36589405 0.32900863 0.3311783 
0.59317986 0.87448452 0.57759226 0.60475274 0.20685598 0.69215721  0.37217222 0.28745809 0.41090171 0.1424627  0.37655075 0.3602717  0.50646245 0.36589405 0.32900863 0.3311783 
0.59317986 0.87448452 0.57759226 0.60475274 0.20685598 0.69215721  0.37217222 0.28745809 0.41090171 0.1424627  0.37655075 0.3602717  0.50646245 0.36589405 0.32900863 0.3311783 
0.59317986 0.87448452 0.57759226 0.60475274 0.20685598 0.69215721  0.37217222 0.28745809 0.41090171 0.1424627  0.37655075 0.3602717  0.50646245 0.36589405 0.32900863 0.3311783 
0.59317986 0.87448452 0.57759226 0.60475274 0.20685598 0.69215721  0.37217222 0.28745809 0.41090171 0.1424627  0.37655075 0.3602717  0.50646245 0.36589405 0.32900863 0.3311783 
0.59412804 0.87748401 0.58162147 0.60281375 0.2111535  0.69447039  0.36969764 0.29039877 0.40283941 0.12639473 0.38020796 0.38006234  0.48282776 0.35404568 0.33940983 0.36871367
0.57584181 0.86665532 0.59326726 0.611516   0.20643197 0.70775068  0.31646582 0.32205306 0.47600543 0.11699495 0.40732612 0.37218689  0.57328398 0.39603985 0.3780235  0.38821428
0.59412804 0.87748401 0.58162147 0.60281375 0.2111535  0.69447039  0.36969764 0.29039877 0.40283941 0.12639473 0.38020796 0.38006234  0.48282776 0.35404568 0.33940983 0.36871367
0.61151313 0.86160684 0.58408005 0.56152422 0.20567985 0.69974596  0.38122766 0.35651499 0.40573358 0.10406935 0.38778874 0.36731944  0.54953876 0.36977476 0.34811837 0.38670483
0.61056494 0.85860736 0.58005084 0.56346321 0.20138232 0.69743278  0.38370223 0.35357431 0.41379587 0.12013731 0.38413154 0.3475288  0.57317345 0.38162313 0.33771717 0.34916946
0.62935253 0.85029766 0.58288906 0.51798149 0.20362082 0.70825533  0.41500639 0.40109622 0.40459657 0.07469377 0.41614213 0.34972129  0.6296149  0.40015648 0.35797988 0.39878295
0.65810273 0.83342361 0.59749981 0.52268597 0.19727319 0.65317853  0.50169037 0.36510231 0.28500173 0.16070437 0.38068635 0.40200965  0.61704629 0.38583845 0.42935642 0.3730501 
0.6732043  0.80432903 0.59463418 0.49154155 0.19335172 0.63167638  0.49045935 0.41869055 0.31627992 0.15856967 0.38384365 0.38425988  0.62252409 0.37475502 0.48028952 0.34779483
0.67948551 0.80776917 0.62531262 0.50174826 0.19408464 0.60492094  0.53192378 0.42248438 0.38112909 0.18762033 0.36011151 0.36149002  0.6104023  0.3181332  0.50761074 0.36934569
0.67948551 0.80776917 0.62531262 0.50174826 0.19408464 0.60492094  0.53192378 0.42248438 0.38112909 0.18762033 0.36011151 0.36149002  0.6104023  0.3181332  0.50761074 0.36934569
0.67948551 0.80776917 0.62531262 0.50174826 0.19408464 0.60492094  0.53192378 0.42248438 0.38112909 0.18762033 0.36011151 0.36149002  0.6104023  0.3181332  0.50761074 0.36934569
0.66195112 0.76084136 0.50676304 0.51905088 0.11536199 0.61174934  0.51748652 0.43279989 0.32687539 0.21841927 0.43303158 0.45928146  0.70490784 0.35948003 0.4723563  0.38186412
0.6397707  0.76390821 0.4723079  0.56418482 0.10445025 0.61273239  0.49496817 0.37119207 0.29951619 0.25205223 0.46086031 0.52063128  0.66922096 0.35757271 0.44913975 0.37149322
0.58700044 0.81100228 0.41091962 0.59689422 0.13973708 0.66101955  0.45205916 0.29288598 0.32172542 0.32969527 0.3836447  0.50779415  0.5850299  0.37784613 0.24902185 0.37583968
0.54751665 0.78243533 0.2356088  0.53210147 0.19964817 0.72276303  0.40735523 0.38337278 0.33027329 0.46930286 0.36777174 0.51058889  0.5454002  0.35319331 0.20761529 0.32659684
0.50898483 0.79438121 0.15167541 0.50084623 0.27277516 0.69631038  0.45021147 0.39697127 0.41030931 0.4862845  0.40522472 0.46958035  0.40359736 0.30062063 0.28818651 0.38253707
0.45760599 0.81752107 0.11995617 0.54396445 0.32583158 0.62363327  0.47264786 0.36157629 0.50588022 0.48718311 0.48450142 0.47787137  0.36024269 0.32080754 0.41623437 0.47632438
0.40159694 0.79909721 0.12597241 0.60307703 0.36835475 0.501639  0.41424827 0.38191877 0.51467231 0.49279962 0.43272629 0.49708668  0.34936823 0.37735943 0.54508556 0.46921301
0.40159694 0.79909721 0.12597241 0.60307703 0.36835475 0.501639  0.41424827 0.38191877 0.51467231 0.49279962 0.43272629 0.49708668  0.34936823 0.37735943 0.54508556 0.46921301
0.30913033 0.75632575 0.16390663 0.6783825  0.39083563 0.41144953  0.2428697  0.49539152 0.61453616 0.46926347 0.38352375 0.49442087  0.47008713 0.47740784 0.69235099 0.47744809
0.27230287 0.73267769 0.16547083 0.68332028 0.43003633 0.28129444  0.27429226 0.57383444 0.55875287 0.38318526 0.44123623 0.44755586  0.5143895  0.4866367  0.6130834  0.38891645
0.23476218 0.6886814  0.1873013  0.66667202 0.42877097 0.27141515  0.269237   0.58962159 0.5418727  0.38683453 0.3690882  0.46105598  0.59724024 0.49718258 0.62285176 0.44932239
0.19781245 0.64365332 0.20687501 0.63907103 0.43379907 0.24333991  0.30710137 0.59955268 0.47632552 0.35398087 0.33267455 0.44940845  0.68674913 0.46510203 0.48088191 0.46067454
0.14291525 0.57147891 0.24401894 0.58774097 0.41796177 0.28810873  0.33735949 0.57630125 0.46727882 0.37175295 0.31436855 0.45957487  0.67138618 0.45579603 0.49479743 0.50275516
0.10633714 0.52047107 0.26919712 0.5483584  0.40628012 0.30988375  0.37361291 0.56244155 0.42801374 0.36598375 0.28686117 0.45883876  0.70939752 0.41679837 0.39617192 0.52344392
0.05346549 0.44307163 0.31033526 0.47690537 0.37710636 0.40423984  0.42236458 0.51235448 0.45911868 0.38345046 0.3677181  0.45398491  0.59621513 0.43451893 0.47317995 0.47209598
0.03555663 0.41720068 0.32416163 0.4534907  0.36798941 0.43594923  0.43647159 0.49618771 0.47382149 0.39144415 0.39530718 0.45299584  0.55479998 0.44686718 0.51427561 0.45951419
0.00039479 0.36283831 0.35232302 0.39930133 0.34523319 0.50234819  0.48417291 0.45702496 0.47508945 0.39693445 0.45000532 0.44589633  0.47476172 0.42761975 0.50206904 0.41641874
0.00039479 0.36283831 0.35232302 0.39930133 0.34523319 0.50234819  0.48417291 0.45702496 0.47508945 0.39693445 0.45000532 0.44589633  0.47476172 0.42761975 0.50206904 0.41641874
0.00039479 0.36283831 0.35232302 0.39930133 0.34523319 0.50234819  0.48417291 0.45702496 0.47508945 0.39693445 0.45000532 0.44589633  0.47476172 0.42761975 0.50206904 0.41641874
0.00039479 0.36283831 0.35232302 0.39930133 0.34523319 0.50234819  0.48417291 0.45702496 0.47508945 0.39693445 0.45000532 0.44589633  0.47476172 0.42761975 0.50206904 0.41641874
0.00039479 0.36283831 0.35232302 0.39930133 0.34523319 0.50234819  0.48417291 0.45702496 0.47508945 0.39693445 0.45000532 0.44589633  0.47476172 0.42761975 0.50206904 0.41641874
0.00039479 0.36283831 0.35232302 0.39930133 0.34523319 0.50234819  0.48417291 0.45702496 0.47508945 0.39693445 0.45000532 0.44589633  0.47476172 0.42761975 0.50206904 0.41641874
0.00039479 0.36283831 0.35232302 0.39930133 0.34523319 0.50234819  0.48417291 0.45702496 0.47508945 0.39693445 0.45000532 0.44589633  0.47476172 0.42761975 0.50206904 0.41641874
0.00039479 0.36283831 0.35232302 0.39930133 0.34523319 0.50234819  0.48417291 0.45702496 0.47508945 0.39693445 0.45000532 0.44589633  0.47476172 0.42761975 0.50206904 0.41641874
0.00039479 0.36283831 0.35232302 0.39930133 0.34523319 0.50234819  0.48417291 0.45702496 0.47508945 0.39693445 0.45000532 0.44589633  0.47476172 0.42761975 0.50206904 0.41641874
0.00039479 0.36283831 0.35232302 0.39930133 0.34523319 0.50234819  0.48417291 0.45702496 0.47508945 0.39693445 0.45000532 0.44589633  0.47476172 0.42761975 0.50206904 0.41641874
0.00039479 0.36283831 0.35232302 0.39930133 0.34523319 0.50234819  0.48417291 0.45702496 0.47508945 0.39693445 0.45000532 0.44589633  0.47476172 0.42761975 0.50206904 0.41641874
0.00039479 0.36283831 0.35232302 0.39930133 0.34523319 0.50234819  0.48417291 0.45702496 0.47508945 0.39693445 0.45000532 0.44589633  0.47476172 0.42761975 0.50206904 0.41641874
0.00039479 0.36283831 0.35232302 0.39930133 0.34523319 0.50234819  0.48417291 0.45702496 0.47508945 0.39693445 0.45000532 0.44589633  0.47476172 0.42761975 0.50206904 0.41641874
0.00039479 0.36283831 0.35232302 0.39930133 0.34523319 0.50234819  0.48417291 0.45702496 0.47508945 0.39693445 0.45000532 0.44589633  0.47476172 0.42761975 0.50206904 0.41641874
