0.00039479 0.36283831 0.35232302 0.39930133 0.34523319 0.50234819  0.48417291 0.45702496 0.47508945 0.39693445 0.45000532 0.44589633  0.47476172 0.42761975 0.50206904 0.41641874
0.00039479 0.36283831 0.35232302 0.39930133 0.34523319 0.50234819  0.48417291 0.45702496 0.47508945 0.39693445 0.45000532 0.44589633  0.47476172 0.42761975 0.50206904 0.41641874
0.00039479 0.36283831 0.35232302 0.39930133 0.34523319 0.50234819  0.48417291 0.45702496 0.47508945 0.39693445 0.45000532 0.44589633  0.47476172 0.42761975 0.50206904 0.41641874
0.00039479 0.36283831 0.35232302 0.39930133 0.34523319 0.50234819  0.48417291 0.45702496 0.47508945 0.39693445 0.45000532 0.44589633  0.47476172 0.42761975 0.50206904 0.41641874
0.00039479 0.36283831 0.35232302 0.39930133 0.34523319 0.50234819  0.48417291 0.45702496 0.47508945 0.39693445 0.45000532 0.44589633  0.47476172 0.42761975 0.50206904 0.41641874
0.00039479 0.36283831 0.35232302 0.39930133 0.34523319 0.50234819  0.48417291 0.45702496 0.47508945 0.39693445 0.45000532 0.44589633  0.47476172 0.42761975 0.50206904 0.41641874
0.00039479 0.36283831 0.35232302 0.39930133 0.34523319 0.50234819  0.48417291 0.45702496 0.47508945 0.39693445 0.45000532 0.44589633  0.47476172 0.42761975 0.50206904 0.41641874
0.00039479 0.36283831 0.35232302 0.39930133 0.34523319 0.50234819  0.48417291 0.45702496 0.47508945 0.39693445 0.45000532 0.44589633  0.47476172 0.42761975 0.50206904 0.41641874
0.00039479 0.36283831 0.35232302 0.39930133 0.34523319 0.50234819  0.48417291 0.45702496 0.47508945 0.39693445 0.45000532 0.44589633  0.47476172 0.42761975 0.50206904 0.41641874
0.00039479 0.36283831 0.35232302 0.39930133 0.34523319 0.50234819  0.48417291 0.45702496 0.47508945 0.39693445 0.45000532 0.44589633  0.47476172 0.42761975 0.50206904 0.41641874
0.00039479 0.36283831 0.35232302 0.39930133 0.34523319 0.50234819  0.48417291 0.45702496 0.47508945 0.39693445 0.45000532 0.44589633  0.47476172 0.42761975 0.50206904 0.41641874
0.00039479 0.36283831 0.35232302 0.39930133 0.34523319 0.50234819  0.48417291 0.45702496 0.47508945 0.39693445 0.45000532 0.44589633  0.47476172 0.42761975 0.50206904 0.41641874
0.00039479 0.36283831 0.35232302 0.39930133 0.34523319 0.50234819  0.48417291 0.45702496 0.47508945 0.39693445 0.45000532 0.44589633  0.47476172 0.42761975 0.50206904 0.41641874
0.00039479 0.36283831 0.35232302 0.39930133 0.34523319 0.50234819  0.48417291 0.45702496 0.47508945 0.39693445 0.45000532 0.44589633  0.47476172 0.42761975 0.50206904 0.41641874
0.00039479 0.36283831 0.35232302 0.39930133 0.34523319 0.50234819  0.48417291 0.45702496 0.47508945 0.39693445 0.45000532 0.44589633  0.47476172 0.42761975 0.50206904 0.41641874
0.00039479 0.36283831 0.35232302 0.39930133 0.34523319 0.50234819  0.48417291 0.45702496 0.47508945 0.39693445 0.45000532 0.44589633  0.47476172 0.42761975 0.50206904 0.41641874
0.00039479 0.36283831 0.35232302 0.39930133 0.34523319 0.50234819  0.48417291 0.45702496 0.47508945 0.39693445 0.45000532 0.44589633  0.47476172 0.42761975 0.50206904 0.41641874
0.00039479 0.36283831 0.35232302 0.39930133 0.34523319 0.50234819  0.48417291 0.45702496 0.47508945 0.39693445 0.45000532 0.44589633  0.47476172 0.42761975 0.50206904 0.41641874
0.00039479 0.36283831 0.35232302 0.39930133 0.34523319 0.50234819  0.48417291 0.45702496 0.47508945 0.39693445 0.45000532 0.44589633  0.47476172 0.42761975 0.50206904 0.41641874
0.00039479 0.36283831 0.35232302 0.39930133 0.34523319 0.50234819  0.48417291 0.45702496 0.47508945 0.39693445 0.45000532 0.44589633  0.47476172 0.42761975 0.50206904 0.41641874
0.00039479 0.36283831 0.35232302 0.39930133 0.34523319 0.50234819  0.48417291 0.45702496 0.47508945 0.39693445 0.45000532 0.44589633  0.47476172 0.42761975 0.50206904 0.41641874
0.00039479 0.36283831 0.35232302 0.39930133 0.34523319 0.50234819  0.48417291 0.45702496 0.47508945 0.39693445 0.45000532 0.44589633  0.47476172 0.42761975 0.50206904 0.41641874
0.00039479 0.36283831 0.35232302 0.39930133 0.34523319 0.50234819  0.48417291 0.45702496 0.47508945 0.39693445 0.45000532 0.44589633  0.47476172 0.42761975 0.50206904 0.41641874
0.00039479 0.36283831 0.35232302 0.39930133 0.34523319 0.50234819  0.48417291 0.45702496 0.47508945 0.39693445 0.45000532 0.44589633  0.47476172 0.42761975 0.50206904 0.41641874
0.00039479 0.36283831 0.35232302 0.39930133 0.34523319 0.50234819  0.48417291 0.45702496 0.47508945 0.39693445 0.45000532 0.44589633  0.47476172 0.42761975 0.50206904 0.41641874
0.00039479 0.36283831 0.35232302 0.39930133 0.34523319 0.50234819  0.48417291 0.45702496 0.47508945 0.39693445 0.45000532 0.44589633  0.47476172 0.42761975 0.50206904 0.41641874
0.00039479 0.36283831 0.35232302 0.39930133 0.34523319 0.50234819  0.48417291 0.45702496 0.47508945 0.39693445 0.45000532 0.44589633  0.47476172 0.42761975 0.50206904 0.41641874
0.00039479 0.36283831 0.35232302 0.39930133 0.34523319 0.50234819  0.48417291 0.45702496 0.47508945 0.39693445 0.45000532 0.44589633  0.47476172 0.42761975 0.50206904 0.41641874
0.00039479 0.36283831 0.35232302 0.39930133 0.34523319 0.50234819  0.48417291 0.45702496 0.47508945 0.39693445 0.45000532 0.44589633  0.47476172 0.42761975 0.50206904 0.41641874
0.00039479 0.36283831 0.35232302 0.39930133 0.34523319 0.50234819  0.48417291 0.45702496 0.47508945 0.39693445 0.45000532 0.44589633  0.47476172 0.42761975 0.50206904 0.41641874
0.00039479 0.36283831 0.35232302 0.39930133 0.34523319 0.50234819  0.48417291 0.45702496 0.47508945 0.39693445 0.45000532 0.44589633  0.47476172 0.42761975 0.50206904 0.41641874
0.01790387 0.3898545  0.33817562 0.42642862 0.35681041 0.46717525  0.46152885 0.47694295 0.46991849 0.39350101 0.41724602 0.4497633  0.51968443 0.43336993 0.49846349 0.44236435
0.22918106 0.58094005 0.4419601  0.46899148 0.34696075 0.68843055  0.27398855 0.42767301 0.56420695 0.50217138 0.36907351 0.49289723  0.64282298 0.59591721 0.5086209  0.47909441
0.49876482 0.86138974 0.79614217 0.49605216 0.68056766 0.68113783  0.19270164 0.44181946 0.6297434  0.62750704 0.2943983  0.44846194  0.7117489  0.39777573 0.28041205 0.47679471
0.63537492 0.92553839 0.81760953 0.49282074 0.68919109 0.68759272  0.36197353 0.38319717 0.45492448 0.68747616 0.53614845 0.45982224  0.62777234 0.372668   0.23260457 0.17623207
0.66054934 0.91859225 0.84927184 0.46493003 0.6739533  0.68327112  0.40538588 0.40074391 0.44439889 0.57442095 0.56820818 0.4499153  0.71014426 0.3664245  0.31140852 0.22813315
0.7083559  0.8510112  0.87102011 0.39449775 0.64593157 0.65992464  0.35899479 0.58095523 0.41731769 0.5922886  0.54076085 0.45389196  0.60358237 0.29680635 0.37793404 0.23733948
0.73061112 0.83521518 0.87293136 0.38245343 0.68055658 0.61527567  0.47788109 0.5641271  0.44289263 0.64339257 0.55514743 0.51281425  0.61106837 0.21552434 0.38925538 0.34952776
0.7632498  0.80511405 0.86567672 0.3385705  0.6855484  0.56789682  0.52246639 0.58466743 0.35515249 0.68322849 0.46421522 0.55181244  0.48634156 0.13054826 0.45312215 0.39435059
0.79701909 0.76459087 0.83779487 0.2724534  0.61551226 0.51096531  0.6309699  0.62719819 0.39311933 0.63641881 0.43046232 0.43990144  0.56683036 0.234678   0.57379097 0.3677108 
0.78845619 0.75360398 0.77853919 0.29246581 0.44283591 0.49562154  0.62492192 0.60393691 0.34700554 0.55677112 0.32129272 0.27790726  0.52626436 0.37870674 0.5880098  0.22129866
0.77465801 0.71584528 0.68325823 0.32169272 0.34910882 0.49802043  0.63738893 0.62471756 0.32523659 0.59640249 0.33513003 0.31382769  0.59049441 0.3582236  0.60063977 0.14709396
0.732276   0.66079786 0.50246393 0.44316356 0.09167203 0.50978805  0.61852905 0.59698277 0.23935555 0.51669413 0.39697367 0.48475322  0.49798078 0.29111992 0.581559   0.25646582
0.6236378  0.70888624 0.18842487 0.3217911  0.22894463 0.68237497  0.57382482 0.58087441 0.2880661  0.47993564 0.39474949 0.49757595  0.62339095 0.41692288 0.34001214 0.40027663
0.58108692 0.75256055 0.12394235 0.31353641 0.28926624 0.69493698  0.64085643 0.51238524 0.37699323 0.42387175 0.40951623 0.44861004  0.63806581 0.39214551 0.40029533 0.49172826
0.56348734 0.7642965  0.13100261 0.3567271  0.27896904 0.7081317  0.58193414 0.50494316 0.39042092 0.43522554 0.39294224 0.45509741  0.59114729 0.35340423 0.34033081 0.49675441
0.56348734 0.7642965  0.13100261 0.3567271  0.27896904 0.7081317  0.58193414 0.50494316 0.39042092 0.43522554 0.39294224 0.45509741  0.59114729 0.35340423 0.34033081 0.49675441
0.56348734 0.7642965  0.13100261 0.3567271  0.27896904 0.7081317  0.58193414 0.50494316 0.39042092 0.43522554 0.39294224 0.45509741  0.59114729 0.35340423 0.34033081 0.49675441
0.56348734 0.7642965  0.13100261 0.3567271  0.27896904 0.7081317  0.58193414 0.50494316 0.39042092 0.43522554 0.39294224 0.45509741  0.59114729 0.35340423 0.34033081 0.49675441
0.58108692 0.75256055 0.12394235 0.31353641 0.28926624 0.69493698  0.64085643 0.51238524 0.37699323 0.42387175 0.40951623 0.44861004  0.63806581 0.39214551 0.40029533 0.49172826
0.61225762 0.71387788 0.15393466 0.29501698 0.25929661 0.69782532  0.5736666  0.59530525 0.32325873 0.45956805 0.35368126 0.46331118  0.57706858 0.36219586 0.36499409 0.4355252 
0.6437386  0.66329185 0.14325791 0.23337637 0.27385927 0.6644698  0.58567584 0.56663844 0.37689462 0.44782348 0.30449555 0.48806528  0.65234912 0.46755547 0.49409438 0.45652426
0.65951686 0.63502805 0.15148599 0.20739807 0.26471914 0.64086636  0.55379374 0.65004005 0.38284506 0.43988285 0.31023335 0.48840129  0.56272564 0.41059059 0.52470041 0.46113076
0.70495961 0.55317457 0.15812301 0.15281277 0.25642507 0.59021487  0.49689032 0.67839102 0.40927365 0.45493122 0.22802996 0.52682988  0.44362088 0.39877724 0.68340869 0.45951221
0.7286016  0.53110876 0.21903156 0.21104329 0.21259423 0.56085423  0.5036121  0.66750343 0.32445283 0.51303603 0.29057417 0.56486286  0.52690887 0.42890169 0.74742811 0.31206536
0.73631586 0.58472146 0.33219634 0.24927475 0.20268962 0.53032535  0.54951071 0.59572104 0.33324705 0.59275657 0.24684536 0.45491703  0.51242313 0.56891746 0.60657628 0.2778832 
0.71892096 0.61060299 0.33600676 0.29984367 0.24319823 0.51361325  0.66002023 0.52943012 0.41983207 0.7736822  0.33311291 0.46845298  0.79773967 0.65126352 0.5186213  0.24952386
0.6824668  0.64999221 0.31274835 0.39051343 0.1798878  0.57579188  0.62619845 0.51972777 0.29174647 0.69136229 0.39476367 0.53368806  0.70904877 0.50656672 0.46267442 0.24142173
0.65899072 0.66299683 0.24591199 0.33377349 0.23364553 0.59582628  0.63252072 0.54927662 0.37686038 0.66650473 0.32949262 0.4820935  0.59941445 0.43061715 0.4836166  0.35558949
0.61225762 0.71387788 0.15393466 0.29501698 0.25929661 0.69782532  0.5736666  0.59530525 0.32325873 0.45956805 0.35368126 0.46331118  0.57706858 0.36219586 0.36499409 0.4355252 
0.57920612 0.73897884 0.13785484 0.3303866  0.27307291 0.69409391  0.55951375 0.57757472 0.38724507 0.4521815  0.3794102  0.46474843  0.53607356 0.3312159  0.36105296 0.50883061
0.52733965 0.7664778  0.13087486 0.40600875 0.30283964 0.62899161  0.56512907 0.49898857 0.36480686 0.42386283 0.40046401 0.45027492  0.51083348 0.32604548 0.30582622 0.43542888
0.40088457 0.77421113 0.10835836 0.54820828 0.41808984 0.37492063  0.58217391 0.39828806 0.36519674 0.42559775 0.50458582 0.45463292  0.31572785 0.36447962 0.41950374 0.36969665
0.30822741 0.72060935 0.15421605 0.60929757 0.42030746 0.32088676  0.43048495 0.46526184 0.38823208 0.43776174 0.32013603 0.49178605  0.44580578 0.36500084 0.45391609 0.48192702
0.16032833 0.56576807 0.22991668 0.55616641 0.43182488 0.24554895  0.44580098 0.5261367  0.31031339 0.38900626 0.20105935 0.48839556  0.6754213  0.34687498 0.31626083 0.56004741
0.08923832 0.49153835 0.28369787 0.5153207  0.39224969 0.3462424  0.41430181 0.53437325 0.40441676 0.3644432  0.31186167 0.453132  0.66076806 0.36844262 0.31755089 0.49611739
0.05321128 0.43913037 0.31117827 0.46825072 0.37432155 0.40307748  0.44741125 0.50363182 0.41626492 0.3766235  0.34855458 0.45200603  0.59838234 0.37396954 0.35608178 0.48310896
0.01779563 0.38669558 0.33863985 0.42004769 0.35385851 0.46460162  0.48109267 0.47190843 0.43452283 0.38595027 0.3992976  0.44733029  0.52908455 0.38078184 0.39373238 0.44873962
0.01779563 0.38669558 0.33863985 0.42004769 0.35385851 0.46460162  0.48109267 0.47190843 0.43452283 0.38595027 0.3992976  0.44733029  0.52908455 0.38078184 0.39373238 0.44873962
0.01779563 0.38669558 0.33863985 0.42004769 0.35385851 0.46460162  0.48109267 0.47190843 0.43452283 0.38595027 0.3992976  0.44733029  0.52908455 0.38078184 0.39373238 0.44873962
0.01779563 0.38669558 0.33863985 0.42004769 0.35385851 0.46460162  0.48109267 0.47190843 0.43452283 0.38595027 0.3992976  0.44733029  0.52908455 0.38078184 0.39373238 0.44873962
0.00039479 0.36283831 0.35232302 0.39930133 0.34523319 0.50234819  0.48417291 0.45702496 0.47508945 0.39693445 0.45000532 0.44589633  0.47476172 0.42761975 0.50206904 0.41641874
0.00039479 0.36283831 0.35232302 0.39930133 0.34523319 0.50234819  0.48417291 0.45702496 0.47508945 0.39693445 0.45000532 0.44589633  0.47476172 0.42761975 0.50206904 0.41641874
0.00039479 0.36283831 0.35232302 0.39930133 0.34523319 0.50234819  0.48417291 0.45702496 0.47508945 0.39693445 0.45000532 0.44589633  0.47476172 0.42761975 0.50206904 0.41641874
0.00039479 0.36283831 0.35232302 0.39930133 0.34523319 0.50234819  0.48417291 0.45702496 0.47508945 0.39693445 0.45000532 0.44589633  0.47476172 0.42761975 0.50206904 0.41641874
0.00039479 0.36283831 0.35232302 0.39930133 0.34523319 0.50234819  0.48417291 0.45702496 0.47508945 0.39693445 0.45000532 0.44589633  0.47476172 0.42761975 0.50206904 0.41641874
0.00039479 0.36283831 0.35232302 0.39930133 0.34523319 0.50234819  0.48417291 0.45702496 0.47508945 0.39693445 0.45000532 0.44589633  0.47476172 0.42761975 0.50206904 0.41641874
0.03530472 0.41371177 0.32449245 0.44717499 0.36543573 0.42942868  0.4584486  0.49182641 0.42935187 0.38251683 0.3665383  0.45119726  0.57400726 0.38653202 0.39012683 0.47468522
0.17942973 0.62032927 0.21894842 0.62384907 0.42876678 0.25692863  0.31361816 0.59421834 0.47465091 0.36125043 0.32139782 0.45373928  0.68833577 0.45784531 0.4789263  0.48600364
0.2905891  0.74350638 0.15382504 0.67461803 0.43475786 0.26801415  0.32752409 0.54218014 0.48558686 0.39258504 0.41411807 0.45543131  0.42393328 0.44464253 0.57446973 0.36941585
0.34548945 0.76481322 0.12392648 0.62353265 0.44004538 0.27996152  0.47060084 0.46789328 0.38326034 0.41189179 0.4438592  0.45978559  0.2893016  0.3892921  0.51520993 0.3425454 
0.45629848 0.80407354 0.09710843 0.51857932 0.38424446 0.49527585  0.60167809 0.3427797  0.40494569 0.47808893 0.51940683 0.4728624  0.25467343 0.36882748 0.50349181 0.40923842
0.51122529 0.79950986 0.09455724 0.43195576 0.3493868  0.5994669  0.66683861 0.34610602 0.416032   0.46732754 0.53386627 0.462384  0.40329739 0.37544479 0.47961754 0.45658068
0.51122529 0.79950986 0.09455724 0.43195576 0.3493868  0.5994669  0.66683861 0.34610602 0.416032   0.46732754 0.53386627 0.462384  0.40329739 0.37544479 0.47961754 0.45658068
0.52906469 0.78820068 0.09336626 0.38841304 0.34732777 0.60797626  0.70061735 0.39068725 0.41489499 0.43795197 0.56221965 0.44478585  0.48337353 0.40582652 0.48947905 0.4686588 
0.52906469 0.78820068 0.09336626 0.38841304 0.34732777 0.60797626  0.70061735 0.39068725 0.41489499 0.43795197 0.56221965 0.44478585  0.48337353 0.40582652 0.48947905 0.4686588 
0.52906469 0.78820068 0.09336626 0.38841304 0.34732777 0.60797626  0.70061735 0.39068725 0.41489499 0.43795197 0.56221965 0.44478585  0.48337353 0.40582652 0.48947905 0.4686588 
0.54644978 0.77232352 0.09582484 0.34712351 0.34185412 0.61325183  0.71214736 0.45680348 0.41778916 0.41562658 0.56980044 0.43204295  0.55008453 0.4215556  0.49818758 0.48664996
0.52906469 0.78820068 0.09336626 0.38841304 0.34732777 0.60797626  0.70061735 0.39068725 0.41489499 0.43795197 0.56221965 0.44478585  0.48337353 0.40582652 0.48947905 0.4686588 
0.52906469 0.78820068 0.09336626 0.38841304 0.34732777 0.60797626  0.70061735 0.39068725 0.41489499 0.43795197 0.56221965 0.44478585  0.48337353 0.40582652 0.48947905 0.4686588 
0.52906469 0.78820068 0.09336626 0.38841304 0.34732777 0.60797626  0.70061735 0.39068725 0.41489499 0.43795197 0.56221965 0.44478585  0.48337353 0.40582652 0.48947905 0.4686588 
0.52906469 0.78820068 0.09336626 0.38841304 0.34732777 0.60797626  0.70061735 0.39068725 0.41489499 0.43795197 0.56221965 0.44478585  0.48337353 0.40582652 0.48947905 0.4686588 
0.52906469 0.78820068 0.09336626 0.38841304 0.34732777 0.60797626  0.70061735 0.39068725 0.41489499 0.43795197 0.56221965 0.44478585  0.48337353 0.40582652 0.48947905 0.4686588 
0.52906469 0.78820068 0.09336626 0.38841304 0.34732777 0.60797626  0.70061735 0.39068725 0.41489499 0.43795197 0.56221965 0.44478585  0.48337353 0.40582652 0.48947905 0.4686588 
0.49362571 0.81124581 0.1016175  0.47514645 0.3390896  0.61266162  0.60791633 0.33866394 0.42945969 0.47868133 0.51729227 0.46887136  0.35637887 0.33670351 0.41965302 0.46160683
0.45775376 0.81740666 0.10966112 0.53201358 0.34846142 0.57765323  0.53662979 0.35534054 0.47293948 0.46019537 0.55721253 0.45385149  0.29939173 0.3402492  0.42639969 0.4127083 
0.42197165 0.81966524 0.12883817 0.58940231 0.33714667 0.59212695  0.40594522 0.39674552 0.58230231 0.4492814  0.58590683 0.4428437  0.32859787 0.35979088 0.44326054 0.39509047
0.27230287 0.73267769 0.16547083 0.68332028 0.43003633 0.28129444  0.27429226 0.57383444 0.55875287 0.38318526 0.44123623 0.44755586  0.5143895  0.4866367  0.6130834  0.38891645
0.18021558 0.61858238 0.2202861  0.61335707 0.42455513 0.27996074  0.33303349 0.56982394 0.47685832 0.36999234 0.3607733  0.45181874  0.60366117 0.44982875 0.49895221 0.45715857
0.089594   0.4942794  0.28606302 0.51734306 0.38816267 0.39380377  0.37054192 0.52957476 0.53919468 0.39560243 0.42458643 0.45347041  0.54274286 0.52499171 0.67091569 0.44342993
0.01207924 0.42513744 0.48389344 0.28830321 0.73984005 0.5992093  0.37866284 0.46913411 0.38933926 0.46369016 0.59331935 0.65193059  0.53784943 0.36888393 0.50518068 0.39274764
0.01354666 0.43327153 0.5003966  0.27470189 0.78783927 0.61396047  0.36285165 0.47426517 0.36803295 0.45422317 0.62196153 0.69409938  0.53009914 0.35490942 0.51624082 0.41344987
0.01354666 0.43327153 0.5003966  0.27470189 0.78783927 0.61396047  0.36285165 0.47426517 0.36803295 0.45422317 0.62196153 0.69409938  0.53009914 0.35490942 0.51624082 0.41344987
0.01354666 0.43327153 0.5003966  0.27470189 0.78783927 0.61396047  0.36285165 0.47426517 0.36803295 0.45422317 0.62196153 0.69409938  0.53009914 0.35490942 0.51624082 0.41344987
0.01354666 0.43327153 0.5003966  0.27470189 0.78783927 0.61396047  0.36285165 0.47426517 0.36803295 0.45422317 0.62196153 0.69409938  0.53009914 0.35490942 0.51624082 0.41344987
0.01354666 0.43327153 0.5003966  0.27470189 0.78783927 0.61396047  0.36285165 0.47426517 0.36803295 0.45422317 0.62196153 0.69409938  0.53009914 0.35490942 0.51624082 0.41344987
0.01342174 0.43004256 0.49324748 0.2831042  0.74881601 0.60027257  0.37692    0.47133149 0.38181571 0.44804994 0.58903338 0.64553053  0.51839433 0.37245126 0.51200399 0.39557535
0.01136472 0.42094568 0.47396275 0.30006319 0.69647902 0.58926216  0.39118624 0.46464089 0.40354071 0.45829686 0.56265125 0.60420067  0.52858834 0.38884334 0.49475597 0.37568202
0.00354904 0.37845596 0.38179763 0.3862471  0.3872945  0.51809609  0.46654496 0.45371293 0.46196998 0.38500449 0.44376315 0.43492244  0.45444006 0.43478444 0.4970026  0.39361909
0.00039479 0.36283831 0.35232302 0.39930133 0.34523319 0.50234819  0.48417291 0.45702496 0.47508945 0.39693445 0.45000532 0.44589633  0.47476172 0.42761975 0.50206904 0.41641874
0.00039479 0.36283831 0.35232302 0.39930133 0.34523319 0.50234819  0.48417291 0.45702496 0.47508945 0.39693445 0.45000532 0.44589633  0.47476172 0.42761975 0.50206904 0.41641874
0.00039479 0.36283831 0.35232302 0.39930133 0.34523319 0.50234819  0.48417291 0.45702496 0.47508945 0.39693445 0.45000532 0.44589633  0.47476172 0.42761975 0.50206904 0.41641874
0.00039479 0.36283831 0.35232302 0.39930133 0.34523319 0.50234819  0.48417291 0.45702496 0.47508945 0.39693445 0.45000532 0.44589633  0.47476172 0.42761975 0.50206904 0.41641874
0.00039479 0.36283831 0.35232302 0.39930133 0.34523319 0.50234819  0.48417291 0.45702496 0.47508945 0.39693445 0.45000532 0.44589633  0.47476172 0.42761975 0.50206904 0.41641874
0.00039479 0.36283831 0.35232302 0.39930133 0.34523319 0.50234819  0.48417291 0.45702496 0.47508945 0.39693445 0.45000532 0.44589633  0.47476172 0.42761975 0.50206904 0.41641874
0.00039479 0.36283831 0.35232302 0.39930133 0.34523319 0.50234819  0.48417291 0.45702496 0.47508945 0.39693445 0.45000532 0.44589633  0.47476172 0.42761975 0.50206904 0.41641874
0.00039479 0.36283831 0.35232302 0.39930133 0.34523319 0.50234819  0.48417291 0.45702496 0.47508945 0.39693445 0.45000532 0.44589633  0.47476172 0.42761975 0.50206904 0.41641874
0.00039479 0.36283831 0.35232302 0.39930133 0.34523319 0.50234819  0.48417291 0.45702496 0.47508945 0.39693445 0.45000532 0.44589633  0.47476172 0.42761975 0.50206904 0.41641874
0.00039479 0.36283831 0.35232302 0.39930133 0.34523319 0.50234819  0.48417291 0.45702496 0.47508945 0.39693445 0.45000532 0.44589633  0.47476172 0.42761975 0.50206904 0.41641874
0.00039479 0.36283831 0.35232302 0.39930133 0.34523319 0.50234819  0.48417291 0.45702496 0.47508945 0.39693445 0.45000532 0.44589633  0.47476172 0.42761975 0.50206904 0.41641874
0.00039479 0.36283831 0.35232302 0.39930133 0.34523319 0.50234819  0.48417291 0.45702496 0.47508945 0.39693445 0.45000532 0.44589633  0.47476172 0.42761975 0.50206904 0.41641874
0.00039479 0.36283831 0.35232302 0.39930133 0.34523319 0.50234819  0.48417291 0.45702496 0.47508945 0.39693445 0.45000532 0.44589633  0.47476172 0.42761975 0.50206904 0.41641874
0.00039479 0.36283831 0.35232302 0.39930133 0.34523319 0.50234819  0.48417291 0.45702496 0.47508945 0.39693445 0.45000532 0.44589633  0.47476172 0.42761975 0.50206904 0.41641874
0.00165519 0.37650574 0.38315584 0.36312502 0.49856499 0.54922349  0.4334245  0.46650182 0.42494862 0.42017718 0.56828909 0.62229276  0.51680345 0.36392471 0.51792543 0.47970121
0.00851053 0.41348839 0.45892878 0.30445556 0.70499012 0.6063509  0.37126144 0.47542687 0.36473518 0.42966911 0.64891692 0.73901835  0.51679251 0.33210245 0.52553028 0.49230229
0.00851053 0.41348839 0.45892878 0.30445556 0.70499012 0.6063509  0.37126144 0.47542687 0.36473518 0.42966911 0.64891692 0.73901835  0.51679251 0.33210245 0.52553028 0.49230229
0.00851053 0.41348839 0.45892878 0.30445556 0.70499012 0.6063509  0.37126144 0.47542687 0.36473518 0.42966911 0.64891692 0.73901835  0.51679251 0.33210245 0.52553028 0.49230229
0.00851053 0.41348839 0.45892878 0.30445556 0.70499012 0.6063509  0.37126144 0.47542687 0.36473518 0.42966911 0.64891692 0.73901835  0.51679251 0.33210245 0.52553028 0.49230229
0.00836309 0.41371237 0.46007971 0.30243312 0.71510706 0.61009967  0.36720218 0.47568182 0.35906801 0.42974376 0.6613596  0.75864136  0.51657982 0.32448072 0.5274956  0.50439417
0.01329931 0.43440911 0.50355767 0.26970273 0.81266237 0.62380424  0.35233322 0.47573945 0.35476139 0.45432602 0.65240134 0.74282052  0.52874713 0.33545641 0.52221187 0.44675016
0.0134213  0.43399196 0.50225182 0.27188637 0.80189562 0.61962533  0.35683901 0.4752163  0.3606588  0.45437518 0.63906371 0.72115736  0.52946465 0.34393336 0.51942436 0.43172717
0.00875787 0.4123508  0.45576771 0.30945473 0.68016703 0.59650713  0.38177987 0.47395259 0.37800674 0.42956625 0.61847711 0.69029721  0.51814452 0.35155546 0.51955922 0.459002  
0.00657594 0.40002495 0.42933386 0.33481603 0.58880677 0.57180883  0.41011446 0.46432831 0.4135145  0.43363994 0.55916683 0.6003985  0.51663372 0.38548938 0.49807438 0.42123414
0.00165564 0.37255634 0.37415151 0.37434286 0.44548537 0.52987074  0.45350549 0.46261701 0.44610552 0.41385193 0.51825875 0.54666594  0.50573312 0.39244261 0.51050506 0.44354939
0.00039479 0.36283831 0.35232302 0.39930133 0.34523319 0.50234819  0.48417291 0.45702496 0.47508945 0.39693445 0.45000532 0.44589633  0.47476172 0.42761975 0.50206904 0.41641874
0.00039479 0.36283831 0.35232302 0.39930133 0.34523319 0.50234819  0.48417291 0.45702496 0.47508945 0.39693445 0.45000532 0.44589633  0.47476172 0.42761975 0.50206904 0.41641874
0.00039479 0.36283831 0.35232302 0.39930133 0.34523319 0.50234819  0.48417291 0.45702496 0.47508945 0.39693445 0.45000532 0.44589633  0.47476172 0.42761975 0.50206904 0.41641874
0.00039479 0.36283831 0.35232302 0.39930133 0.34523319 0.50234819  0.48417291 0.45702496 0.47508945 0.39693445 0.45000532 0.44589633  0.47476172 0.42761975 0.50206904 0.41641874
0.00039479 0.36283831 0.35232302 0.39930133 0.34523319 0.50234819  0.48417291 0.45702496 0.47508945 0.39693445 0.45000532 0.44589633  0.47476172 0.42761975 0.50206904 0.41641874
0.00039479 0.36283831 0.35232302 0.39930133 0.34523319 0.50234819  0.48417291 0.45702496 0.47508945 0.39693445 0.45000532 0.44589633  0.47476172 0.42761975 0.50206904 0.41641874
0.00039479 0.36283831 0.35232302 0.39930133 0.34523319 0.50234819  0.48417291 0.45702496 0.47508945 0.39693445 0.45000532 0.44589633  0.47476172 0.42761975 0.50206904 0.41641874
0.00039479 0.36283831 0.35232302 0.39930133 0.34523319 0.50234819  0.48417291 0.45702496 0.47508945 0.39693445 0.45000532 0.44589633  0.47476172 0.42761975 0.50206904 0.41641874
0.00039479 0.36283831 0.35232302 0.39930133 0.34523319 0.50234819  0.48417291 0.45702496 0.47508945 0.39693445 0.45000532 0.44589633  0.47476172 0.42761975 0.50206904 0.41641874
0.00039479 0.36283831 0.35232302 0.39930133 0.34523319 0.50234819  0.48417291 0.45702496 0.47508945 0.39693445 0.45000532 0.44589633  0.47476172 0.42761975 0.50206904 0.41641874
0.00039479 0.36283831 0.35232302 0.39930133 0.34523319 0.50234819  0.48417291 0.45702496 0.47508945 0.39693445 0.45000532 0.44589633  0.47476172 0.42761975 0.50206904 0.41641874
0.00039479 0.36283831 0.35232302 0.39930133 0.34523319 0.50234819  0.48417291 0.45702496 0.47508945 0.39693445 0.45000532 0.44589633  0.47476172 0.42761975 0.50206904 0.41641874
0.00039479 0.36283831 0.35232302 0.39930133 0.34523319 0.50234819  0.48417291 0.45702496 0.47508945 0.39693445 0.45000532 0.44589633  0.47476172 0.42761975 0.50206904 0.41641874
0.00039479 0.36283831 0.35232302 0.39930133 0.34523319 0.50234819  0.48417291 0.45702496 0.47508945 0.39693445 0.45000532 0.44589633  0.47476172 0.42761975 0.50206904 0.41641874
0.00039479 0.36283831 0.35232302 0.39930133 0.34523319 0.50234819  0.48417291 0.45702496 0.47508945 0.39693445 0.45000532 0.44589633  0.47476172 0.42761975 0.50206904 0.41641874
0.00039479 0.36283831 0.35232302 0.39930133 0.34523319 0.50234819  0.48417291 0.45702496 0.47508945 0.39693445 0.45000532 0.44589633  0.47476172 0.42761975 0.50206904 0.41641874
0.00039479 0.36283831 0.35232302 0.39930133 0.34523319 0.50234819  0.48417291 0.45702496 0.47508945 0.39693445 0.45000532 0.44589633  0.47476172 0.42761975 0.50206904 0.41641874
0.00039479 0.36283831 0.35232302 0.39930133 0.34523319 0.50234819  0.48417291 0.45702496 0.47508945 0.39693445 0.45000532 0.44589633  0.47476172 0.42761975 0.50206904 0.41641874
0.00039479 0.36283831 0.35232302 0.39930133 0.34523319 0.50234819  0.48417291 0.45702496 0.47508945 0.39693445 0.45000532 0.44589633  0.47476172 0.42761975 0.50206904 0.41641874
0.00039479 0.36283831 0.35232302 0.39930133 0.34523319 0.50234819  0.48417291 0.45702496 0.47508945 0.39693445 0.45000532 0.44589633  0.47476172 0.42761975 0.50206904 0.41641874
0.00039479 0.36283831 0.35232302 0.39930133 0.34523319 0.50234819  0.48417291 0.45702496 0.47508945 0.39693445 0.45000532 0.44589633  0.47476172 0.42761975 0.50206904 0.41641874
0.00039479 0.36283831 0.35232302 0.39930133 0.34523319 0.50234819  0.48417291 0.45702496 0.47508945 0.39693445 0.45000532 0.44589633  0.47476172 0.42761975 0.50206904 0.41641874
0.00039479 0.36283831 0.35232302 0.39930133 0.34523319 0.50234819  0.48417291 0.45702496 0.47508945 0.39693445 0.45000532 0.44589633  0.47476172 0.42761975 0.50206904 0.41641874
0.00039479 0.36283831 0.35232302 0.39930133 0.34523319 0.50234819  0.48417291 0.45702496 0.47508945 0.39693445 0.45000532 0.44589633  0.47476172 0.42761975 0.50206904 0.41641874
0.00039479 0.36283831 0.35232302 0.39930133 0.34523319 0.50234819  0.48417291 0.45702496 0.47508945 0.39693445 0.45000532 0.44589633  0.47476172 0.42761975 0.50206904 0.41641874
0.00039479 0.36283831 0.35232302 0.39930133 0.34523319 0.50234819  0.48417291 0.45702496 0.47508945 0.39693445 0.45000532 0.44589633  0.47476172 0.42761975 0.50206904 0.41641874
0.00039479 0.36283831 0.35232302 0.39930133 0.34523319 0.50234819  0.48417291 0.45702496 0.47508945 0.39693445 0.45000532 0.44589633  0.47476172 0.42761975 0.50206904 0.41641874
0.00039479 0.36283831 0.35232302 0.39930133 0.34523319 0.50234819  0.48417291 0.45702496 0.47508945 0.39693445 0.45000532 0.44589633  0.47476172 0.42761975 0.50206904 0.41641874
0.00039479 0.36283831 0.35232302 0.39930133 0.34523319 0.50234819  0.48417291 0.45702496 0.47508945 0.39693445 0.45000532 0.44589633  0.47476172 0.42761975 0.50206904 0.41641874
0.00039479 0.36283831 0.35232302 0.39930133 0.34523319 0.50234819  0.48417291 0.45702496 0.47508945 0.39693445 0.45000532 0.44589633  0.47476172 0.42761975 0.50206904 0.41641874
0.00039479 0.36283831 0.35232302 0.39930133 0.34523319 0.50234819  0.48417291 0.45702496 0.47508945 0.39693445 0.45000532 0.44589633  0.47476172 0.42761975 0.50206904 0.41641874
0.00039479 0.36283831 0.35232302 0.39930133 0.34523319 0.50234819  0.48417291 0.45702496 0.47508945 0.39693445 0.45000532 0.44589633  0.47476172 0.42761975 0.50206904 0.41641874
