0.00039479 0.36283831 0.35232302 0.39930133 0.34523319 0.50234819  0.48417291 0.45702496 0.47508945 0.39693445 0.45000532 0.44589633  0.47476172 0.42761975 0.50206904 0.41641874
0.00039479 0.36283831 0.35232302 0.39930133 0.34523319 0.50234819  0.48417291 0.45702496 0.47508945 0.39693445 0.45000532 0.44589633  0.47476172 0.42761975 0.50206904 0.41641874
0.00039479 0.36283831 0.35232302 0.39930133 0.34523319 0.50234819  0.48417291 0.45702496 0.47508945 0.39693445 0.45000532 0.44589633  0.47476172 0.42761975 0.50206904 0.41641874
0.00039479 0.36283831 0.35232302 0.39930133 0.34523319 0.50234819  0.48417291 0.45702496 0.47508945 0.39693445 0.45000532 0.44589633  0.47476172 0.42761975 0.50206904 0.41641874
0.00039479 0.36283831 0.35232302 0.39930133 0.34523319 0.50234819  0.48417291 0.45702496 0.47508945 0.39693445 0.45000532 0.44589633  0.47476172 0.42761975 0.50206904 0.41641874
0.00039479 0.36283831 0.35232302 0.39930133 0.34523319 0.50234819  0.48417291 0.45702496 0.47508945 0.39693445 0.45000532 0.44589633  0.47476172 0.42761975 0.50206904 0.41641874
0.00039479 0.36283831 0.35232302 0.39930133 0.34523319 0.50234819  0.48417291 0.45702496 0.47508945 0.39693445 0.45000532 0.44589633  0.47476172 0.42761975 0.50206904 0.41641874
0.00039479 0.36283831 0.35232302 0.39930133 0.34523319 0.50234819  0.48417291 0.45702496 0.47508945 0.39693445 0.45000532 0.44589633  0.47476172 0.42761975 0.50206904 0.41641874
0.00039479 0.36283831 0.35232302 0.39930133 0.34523319 0.50234819  0.48417291 0.45702496 0.47508945 0.39693445 0.45000532 0.44589633  0.47476172 0.42761975 0.50206904 0.41641874
0.00039479 0.36283831 0.35232302 0.39930133 0.34523319 0.50234819  0.48417291 0.45702496 0.47508945 0.39693445 0.45000532 0.44589633  0.47476172 0.42761975 0.50206904 0.41641874
0.00039479 0.36283831 0.35232302 0.39930133 0.34523319 0.50234819  0.48417291 0.45702496 0.47508945 0.39693445 0.45000532 0.44589633  0.47476172 0.42761975 0.50206904 0.41641874
0.00039479 0.36283831 0.35232302 0.39930133 0.34523319 0.50234819  0.48417291 0.45702496 0.47508945 0.39693445 0.45000532 0.44589633  0.47476172 0.42761975 0.50206904 0.41641874
0.00039479 0.36283831 0.35232302 0.39930133 0.34523319 0.50234819  0.48417291 0.45702496 0.47508945 0.39693445 0.45000532 0.44589633  0.47476172 0.42761975 0.50206904 0.41641874
0.00039479 0.36283831 0.35232302 0.39930133 0.34523319 0.50234819  0.48417291 0.45702496 0.47508945 0.39693445 0.45000532 0.44589633  0.47476172 0.42761975 0.50206904 0.41641874
0.00039479 0.36283831 0.35232302 0.39930133 0.34523319 0.50234819  0.48417291 0.45702496 0.47508945 0.39693445 0.45000532 0.44589633  0.47476172 0.42761975 0.50206904 0.41641874
0.00039479 0.36283831 0.35232302 0.39930133 0.34523319 0.50234819  0.48417291 0.45702496 0.47508945 0.39693445 0.45000532 0.44589633  0.47476172 0.42761975 0.50206904 0.41641874
0.00039479 0.36283831 0.35232302 0.39930133 0.34523319 0.50234819  0.48417291 0.45702496 0.47508945 0.39693445 0.45000532 0.44589633  0.47476172 0.42761975 0.50206904 0.41641874
0.00039479 0.36283831 0.35232302 0.39930133 0.34523319 0.50234819  0.48417291 0.45702496 0.47508945 0.39693445 0.45000532 0.44589633  0.47476172 0.42761975 0.50206904 0.41641874
0.00039479 0.36283831 0.35232302 0.39930133 0.34523319 0.50234819  0.48417291 0.45702496 0.47508945 0.39693445 0.45000532 0.44589633  0.47476172 0.42761975 0.50206904 0.41641874
0.00039479 0.36283831 0.35232302 0.39930133 0.34523319 0.50234819  0.48417291 0.45702496 0.47508945 0.39693445 0.45000532 0.44589633  0.47476172 0.42761975 0.50206904 0.41641874
0.00039479 0.36283831 0.35232302 0.39930133 0.34523319 0.50234819  0.48417291 0.45702496 0.47508945 0.39693445 0.45000532 0.44589633  0.47476172 0.42761975 0.50206904 0.41641874
0.00039479 0.36283831 0.35232302 0.39930133 0.34523319 0.50234819  0.48417291 0.45702496 0.47508945 0.39693445 0.45000532 0.44589633  0.47476172 0.42761975 0.50206904 0.41641874
0.00039479 0.36283831 0.35232302 0.39930133 0.34523319 0.50234819  0.48417291 0.45702496 0.47508945 0.39693445 0.45000532 0.44589633  0.47476172 0.42761975 0.50206904 0.41641874
0.00039479 0.36283831 0.35232302 0.39930133 0.34523319 0.50234819  0.48417291 0.45702496 0.47508945 0.39693445 0.45000532 0.44589633  0.47476172 0.42761975 0.50206904 0.41641874
0.00039479 0.36283831 0.35232302 0.39930133 0.34523319 0.50234819  0.48417291 0.45702496 0.47508945 0.39693445 0.45000532 0.44589633  0.47476172 0.42761975 0.50206904 0.41641874
0.00039479 0.36283831 0.35232302 0.39930133 0.34523319 0.50234819  0.48417291 0.45702496 0.47508945 0.39693445 0.45000532 0.44589633  0.47476172 0.42761975 0.50206904 0.41641874
0.00039479 0.36283831 0.35232302 0.39930133 0.34523319 0.50234819  0.48417291 0.45702496 0.47508945 0.39693445 0.45000532 0.44589633  0.47476172 0.42761975 0.50206904 0.41641874
0.00039479 0.36283831 0.35232302 0.39930133 0.34523319 0.50234819  0.48417291 0.45702496 0.47508945 0.39693445 0.45000532 0.44589633  0.47476172 0.42761975 0.50206904 0.41641874
0.00039479 0.36283831 0.35232302 0.39930133 0.34523319 0.50234819  0.48417291 0.45702496 0.47508945 0.39693445 0.45000532 0.44589633  0.47476172 0.42761975 0.50206904 0.41641874
0.00039479 0.36283831 0.35232302 0.39930133 0.34523319 0.50234819  0.48417291 0.45702496 0.47508945 0.39693445 0.45000532 0.44589633  0.47476172 0.42761975 0.50206904 0.41641874
0.00039479 0.36283831 0.35232302 0.39930133 0.34523319 0.50234819  0.48417291 0.45702496 0.47508945 0.39693445 0.45000532 0.44589633  0.47476172 0.42761975 0.50206904 0.41641874
0.00039479 0.36283831 0.35232302 0.39930133 0.34523319 0.50234819  0.48417291 0.45702496 0.47508945 0.39693445 0.45000532 0.44589633  0.47476172 0.42761975 0.50206904 0.41641874
0.00039479 0.36283831 0.35232302 0.39930133 0.34523319 0.50234819  0.48417291 0.45702496 0.47508945 0.39693445 0.45000532 0.44589633  0.47476172 0.42761975 0.50206904 0.41641874
0.05457486 0.4134915  0.33695786 0.42141489 0.31776973 0.60101944  0.42608135 0.39921099 0.53747978 0.48071674 0.37124747 0.49604432  0.46834834 0.4406869  0.61010048 0.5235508 
0.2245613  0.59736997 0.32245974 0.44866823 0.38373607 0.75485121  0.2778636  0.42166719 0.68781144 0.52843449 0.50955726 0.49046916  0.35813342 0.50752057 0.73375354 0.4238622 
0.39251871 0.76305038 0.54032495 0.38075222 0.62543497 0.93769934  0.12291444 0.4169905  0.64170832 0.53035597 0.62003347 0.62873307  0.64950406 0.58611629 0.52184411 0.45096497
0.50570831 0.80404435 0.72416286 0.41416473 0.66552265 0.89447538  0.08696254 0.45733887 0.49794908 0.50277746 0.60308995 0.61260861  0.74009018 0.54125551 0.45956979 0.29105108
0.60787019 0.853474   0.76019283 0.42515287 0.65683342 0.77094575  0.11677793 0.58474645 0.46315785 0.43125398 0.53379592 0.57251066  0.86835876 0.48567045 0.37170206 0.342822  
0.67029523 0.85653719 0.83750324 0.42587934 0.62239977 0.72619032  0.29698565 0.54491411 0.41377532 0.40043153 0.63262509 0.54541694  0.8086649  0.37958076 0.45768849 0.26578043
0.75467477 0.77199486 0.86211036 0.30514891 0.63320065 0.62704  0.30453948 0.7250706  0.39720329 0.45629363 0.5898999  0.54855628  0.52362822 0.2196609  0.62355269 0.30218342
0.77153705 0.75869118 0.85013223 0.26632956 0.62785381 0.61223188  0.36889539 0.73077189 0.38743337 0.44761696 0.59118616 0.5135298  0.57859932 0.27801043 0.67501154 0.26665905
0.78647556 0.74458794 0.81512013 0.24824989 0.59563529 0.59190016  0.44287732 0.6957683  0.3062066  0.39600034 0.56336026 0.52177092  0.57571113 0.28932281 0.72619907 0.24132235
0.80100167 0.72509649 0.76477487 0.26166321 0.47046157 0.52333001  0.56050016 0.64296737 0.27100716 0.42494568 0.39451797 0.41116766  0.52890152 0.31680118 0.71223111 0.2285735 
0.82567349 0.64135887 0.7079064  0.25803569 0.35340983 0.45580737  0.53403855 0.56870156 0.32916041 0.28571028 0.35387685 0.46225379  0.47759457 0.42827855 0.78789945 0.29109929
0.82430851 0.57950734 0.63805255 0.32770918 0.24401602 0.41444256  0.56864902 0.58134643 0.33753974 0.36249875 0.48106348 0.54155561  0.53289215 0.43336157 0.74771152 0.40202326
0.82526212 0.50058465 0.52255759 0.35483257 0.10019087 0.36362732  0.60866254 0.53822915 0.39762654 0.42820375 0.41719381 0.57776076  0.58978471 0.48221925 0.82098043 0.42017469
0.85253852 0.37891878 0.4364095  0.34940634 0.13593494 0.33387392  0.4508983  0.40100857 0.40282489 0.35607132 0.53971459 0.61269993  0.62164484 0.4237606  0.58151567 0.31256486
0.83931177 0.36186471 0.36931912 0.3370509  0.1532338  0.36047987  0.42575253 0.43809035 0.39960869 0.46428596 0.56338152 0.6450093  0.65668734 0.44087539 0.52903652 0.24953683
0.85956711 0.29937705 0.35609433 0.38670067 0.19301561 0.37073769  0.39775265 0.34751447 0.37605677 0.48249263 0.55725667 0.60322346  0.67494987 0.43214211 0.51714518 0.30319178
0.87299917 0.20575809 0.30259809 0.5040833  0.29194648 0.47081978  0.38622595 0.37149864 0.25943565 0.51401271 0.56889936 0.42754134  0.66259064 0.369718   0.63907783 0.40050075
0.86560046 0.19821588 0.2661566  0.48953708 0.30007037 0.48289214  0.37268688 0.39784007 0.24892601 0.57271345 0.57610493 0.43464355  0.64712391 0.4028442  0.5971097  0.38121511
0.86952241 0.18151853 0.26365931 0.52716905 0.32148658 0.5113096  0.39759831 0.41891601 0.25703884 0.56268661 0.54904195 0.42873821  0.62993332 0.44163718 0.59339103 0.37021646
0.86952241 0.18151853 0.26365931 0.52716905 0.32148658 0.5113096  0.39759831 0.41891601 0.25703884 0.56268661 0.54904195 0.42873821  0.62993332 0.44163718 0.59339103 0.37021646
0.87109821 0.13637797 0.21777586 0.59408549 0.39522298 0.60890872  0.41044631 0.46918006 0.21530569 0.54193625 0.49034714 0.36706119  0.59207151 0.48983808 0.65440461 0.35411952
0.85971803 0.1413696  0.18328565 0.56731137 0.42557495 0.62435907  0.4102881  0.48361089 0.25049832 0.52156866 0.44927891 0.33279642  0.54574915 0.43511107 0.67938656 0.38936809
0.81537622 0.20344082 0.08762222 0.44582851 0.51047077 0.69919957  0.39586853 0.48477267 0.3774267  0.35938579 0.24306986 0.23433486  0.46590999 0.34861932 0.64853095 0.49091055
0.7999243  0.21680584 0.06448215 0.43800745 0.53454427 0.68227344  0.44063796 0.47448422 0.42798535 0.34064545 0.2853728  0.22928475  0.47183348 0.35638064 0.70455434 0.55918981
0.76460144 0.28985968 0.04912548 0.4204377  0.53247033 0.67416367  0.47641169 0.33788755 0.47243548 0.3138273  0.33997199 0.22914426  0.64315524 0.42964314 0.60523394 0.58390186
0.62761395 0.50111209 0.02262077 0.42814255 0.53952153 0.5143821  0.63019122 0.11260707 0.57916458 0.33488235 0.40290564 0.39133899  0.55250992 0.5760101  0.70040263 0.35823576
0.42057743 0.64671397 0.076479   0.5235904  0.51063548 0.20534989  0.55168565 0.21925594 0.38177023 0.4167656  0.30398561 0.5041143  0.40622845 0.44577967 0.63128081 0.29962852
0.31442078 0.57876703 0.13269695 0.48896098 0.50825135 0.1385238  0.61887321 0.32573256 0.21358375 0.40257274 0.14193748 0.52206975  0.5523889  0.41712705 0.49911471 0.43380285
0.23275447 0.61887336 0.17997326 0.5479407  0.46508806 0.17494564  0.55644953 0.48495661 0.19544966 0.40305047 0.18090901 0.50232338  0.56323261 0.33591235 0.33639558 0.51284955
0.1234861  0.51654246 0.25523885 0.52229453 0.42027218 0.27466894  0.45908465 0.51873701 0.31559885 0.39553528 0.19247021 0.49167978  0.6872911  0.3576488  0.3385896  0.581581  
0.01779563 0.38669558 0.33863985 0.42004769 0.35385851 0.46460162  0.48109267 0.47190843 0.43452283 0.38595027 0.3992976  0.44733029  0.52908455 0.38078184 0.39373238 0.44873962
0.01779563 0.38669558 0.33863985 0.42004769 0.35385851 0.46460162  0.48109267 0.47190843 0.43452283 0.38595027 0.3992976  0.44733029  0.52908455 0.38078184 0.39373238 0.44873962
0.00039479 0.36283831 0.35232302 0.39930133 0.34523319 0.50234819  0.48417291 0.45702496 0.47508945 0.39693445 0.45000532 0.44589633  0.47476172 0.42761975 0.50206904 0.41641874
0.00039479 0.36283831 0.35232302 0.39930133 0.34523319 0.50234819  0.48417291 0.45702496 0.47508945 0.39693445 0.45000532 0.44589633  0.47476172 0.42761975 0.50206904 0.41641874
0.00039479 0.36283831 0.35232302 0.39930133 0.34523319 0.50234819  0.48417291 0.45702496 0.47508945 0.39693445 0.45000532 0.44589633  0.47476172 0.42761975 0.50206904 0.41641874
0.00039479 0.36283831 0.35232302 0.39930133 0.34523319 0.50234819  0.48417291 0.45702496 0.47508945 0.39693445 0.45000532 0.44589633  0.47476172 0.42761975 0.50206904 0.41641874
0.00039479 0.36283831 0.35232302 0.39930133 0.34523319 0.50234819  0.48417291 0.45702496 0.47508945 0.39693445 0.45000532 0.44589633  0.47476172 0.42761975 0.50206904 0.41641874
0.00039479 0.36283831 0.35232302 0.39930133 0.34523319 0.50234819  0.48417291 0.45702496 0.47508945 0.39693445 0.45000532 0.44589633  0.47476172 0.42761975 0.50206904 0.41641874
0.00039479 0.36283831 0.35232302 0.39930133 0.34523319 0.50234819  0.48417291 0.45702496 0.47508945 0.39693445 0.45000532 0.44589633  0.47476172 0.42761975 0.50206904 0.41641874
0.03525649 0.41685964 0.32437467 0.45347996 0.36854765 0.43569141  0.43485985 0.4975719  0.47652552 0.39120509 0.39620065 0.45304628  0.55757342 0.45566594 0.52722734 0.46096477
0.089594   0.4942794  0.28606302 0.51734306 0.38816267 0.39380377  0.37054192 0.52957476 0.53919468 0.39560243 0.42458643 0.45347041  0.54274286 0.52499171 0.67091569 0.44342993
0.16149154 0.59589382 0.23195424 0.60314051 0.42181362 0.28395504  0.32731473 0.57699891 0.48499844 0.37233474 0.34308032 0.45523986  0.63650155 0.46742391 0.52384575 0.47911881
0.32814182 0.77170362 0.15751807 0.67042581 0.3808457  0.44991599  0.25376018 0.48097045 0.64218099 0.46450094 0.4516513  0.47933088  0.44118245 0.47070012 0.66369342 0.45249362
0.32882687 0.76127048 0.16420385 0.64167279 0.36428578 0.50322894  0.2810342  0.45763393 0.65461823 0.46318717 0.49687117 0.46939044  0.43643975 0.45167734 0.61576244 0.45731863
0.36610368 0.79359113 0.15060289 0.63922827 0.35098746 0.54604688  0.28099153 0.45721214 0.68450359 0.45312166 0.55212056 0.45454268  0.45472048 0.44356838 0.56928905 0.44537256
0.38438991 0.80441982 0.1389571  0.63052601 0.35570899 0.5327666  0.33422335 0.42555785 0.61133757 0.46252145 0.5250024  0.46241813  0.36426426 0.40157421 0.53067538 0.42587196
0.44040188 0.82034229 0.13390782 0.56752468 0.31175412 0.65393346  0.39916614 0.40180063 0.59057552 0.45478735 0.55829857 0.44628621  0.39278733 0.34402745 0.40483746 0.43352958
0.44040188 0.82034229 0.13390782 0.56752468 0.31175412 0.65393346  0.39916614 0.40180063 0.59057552 0.45478735 0.55829857 0.44628621  0.39278733 0.34402745 0.40483746 0.43352958
0.51082114 0.79832075 0.14284829 0.47654885 0.27048099 0.72114489  0.45855977 0.41597741 0.44041677 0.47394649 0.36932006 0.47386109  0.45156248 0.29507569 0.29008437 0.45622571
0.51082114 0.79832075 0.14284829 0.47654885 0.27048099 0.72114489  0.45855977 0.41597741 0.44041677 0.47394649 0.36932006 0.47386109  0.45156248 0.29507569 0.29008437 0.45622571
0.59787761 0.73134667 0.12022963 0.27059545 0.29584709 0.67845973  0.66056277 0.55335991 0.40061692 0.40211321 0.42785235 0.44404497  0.69609507 0.42322775 0.46911648 0.50576494
0.71656281 0.82037963 0.61286037 0.2509901  0.50616917 0.64539048  0.59498219 0.49479216 0.31939252 0.35442742 0.33029857 0.31150394  0.74527425 0.5276559  0.39490725 0.2692852 
0.78980325 0.75389512 0.7672653  0.26218465 0.45986391 0.49101682  0.64671703 0.61900231 0.39702095 0.51533139 0.3496033  0.2728796  0.62630662 0.41893383 0.61224928 0.2544398 
0.8368112  0.59712864 0.67687229 0.20572894 0.4151962  0.37699681  0.61717396 0.56992011 0.53403457 0.6910389  0.22853691 0.33046691  0.63919018 0.55477281 0.69089975 0.19557065
0.84299088 0.49575575 0.54426796 0.20995834 0.36527708 0.34970104  0.55606017 0.49171463 0.60129822 0.79312362 0.20238454 0.31246703  0.63258473 0.55073422 0.52241259 0.11058368
0.81592172 0.40622316 0.33209563 0.21198623 0.29861514 0.36353108  0.50959042 0.46895338 0.6250404  0.76066539 0.24082773 0.45379972  0.59031189 0.40145884 0.57883746 0.20805578
0.77701387 0.43181981 0.23083867 0.19072903 0.27068036 0.45339695  0.48473131 0.52436483 0.52666019 0.62499809 0.21145132 0.53028131  0.48592113 0.37884156 0.70363909 0.3116529 
0.68107358 0.51123199 0.08830404 0.15431569 0.37593591 0.48262379  0.54432032 0.42686199 0.55672269 0.33791953 0.28492736 0.49886585  0.69689367 0.520397   0.58711133 0.43641585
0.59862125 0.60436933 0.05579053 0.27758465 0.42983342 0.44239973  0.64713912 0.24904637 0.55121456 0.35895404 0.44609183 0.48050316  0.59745353 0.50665546 0.67515447 0.4024685 
0.48308696 0.71284679 0.0724613  0.44341211 0.44145313 0.38533592  0.67195842 0.26548105 0.39792892 0.3881107  0.50872646 0.44852083  0.42389828 0.44089271 0.51001764 0.30816135
0.3002845  0.60422952 0.14156586 0.49495382 0.49460038 0.17411449  0.64802813 0.37977374 0.17770743 0.38441666 0.24441006 0.4807413  0.51019509 0.3224584  0.38045162 0.39625597
0.2150702  0.59032    0.19553836 0.51549511 0.44976845 0.22753363  0.58130525 0.45643543 0.21594068 0.41319977 0.23319117 0.49643832  0.49383832 0.32888357 0.34700038 0.49930631
0.19625356 0.56901227 0.20570069 0.50906342 0.45124459 0.21366005  0.58196875 0.46504761 0.19092039 0.41450665 0.17873612 0.50651732  0.54384868 0.3218343  0.3318752  0.53775202
0.08792448 0.46332534 0.28307921 0.47181778 0.39997623 0.33760435  0.49824891 0.48332548 0.32639866 0.40558583 0.24199813 0.48745816  0.61076041 0.3564998  0.36387313 0.55184937
0.07057186 0.4363202  0.29688016 0.44476643 0.38823898 0.36908819  0.52491791 0.46269653 0.31979163 0.40788175 0.2630435  0.48417518  0.57287142 0.33420379 0.33510928 0.53324894
0.05306277 0.40930401 0.31102756 0.41763914 0.37666176 0.40426113  0.54756198 0.44277854 0.32496259 0.41131519 0.2958028  0.48030821  0.52794871 0.3284536  0.33871483 0.50730334
0.03585866 0.41212524 0.32497922 0.44119937 0.36258431 0.43456132  0.47408025 0.48300288 0.40965789 0.37891942 0.36959995 0.44872305  0.56049334 0.35167352 0.32731793 0.46450854
0.01779563 0.38669558 0.33863985 0.42004769 0.35385851 0.46460162  0.48109267 0.47190843 0.43452283 0.38595027 0.3992976  0.44733029  0.52908455 0.38078184 0.39373238 0.44873962
0.01779563 0.38669558 0.33863985 0.42004769 0.35385851 0.46460162  0.48109267 0.47190843 0.43452283 0.38595027 0.3992976  0.44733029  0.52908455 0.38078184 0.39373238 0.44873962
0.00039479 0.36283831 0.35232302 0.39930133 0.34523319 0.50234819  0.48417291 0.45702496 0.47508945 0.39693445 0.45000532 0.44589633  0.47476172 0.42761975 0.50206904 0.41641874
0.00039479 0.36283831 0.35232302 0.39930133 0.34523319 0.50234819  0.48417291 0.45702496 0.47508945 0.39693445 0.45000532 0.44589633  0.47476172 0.42761975 0.50206904 0.41641874
0.00039479 0.36283831 0.35232302 0.39930133 0.34523319 0.50234819  0.48417291 0.45702496 0.47508945 0.39693445 0.45000532 0.44589633  0.47476172 0.42761975 0.50206904 0.41641874
0.00039479 0.36283831 0.35232302 0.39930133 0.34523319 0.50234819  0.48417291 0.45702496 0.47508945 0.39693445 0.45000532 0.44589633  0.47476172 0.42761975 0.50206904 0.41641874
0.00039479 0.36283831 0.35232302 0.39930133 0.34523319 0.50234819  0.48417291 0.45702496 0.47508945 0.39693445 0.45000532 0.44589633  0.47476172 0.42761975 0.50206904 0.41641874
0.00039479 0.36283831 0.35232302 0.39930133 0.34523319 0.50234819  0.48417291 0.45702496 0.47508945 0.39693445 0.45000532 0.44589633  0.47476172 0.42761975 0.50206904 0.41641874
0.00039479 0.36283831 0.35232302 0.39930133 0.34523319 0.50234819  0.48417291 0.45702496 0.47508945 0.39693445 0.45000532 0.44589633  0.47476172 0.42761975 0.50206904 0.41641874
0.00039479 0.36283831 0.35232302 0.39930133 0.34523319 0.50234819  0.48417291 0.45702496 0.47508945 0.39693445 0.45000532 0.44589633  0.47476172 0.42761975 0.50206904 0.41641874
0.00039479 0.36283831 0.35232302 0.39930133 0.34523319 0.50234819  0.48417291 0.45702496 0.47508945 0.39693445 0.45000532 0.44589633  0.47476172 0.42761975 0.50206904 0.41641874
0.00039479 0.36283831 0.35232302 0.39930133 0.34523319 0.50234819  0.48417291 0.45702496 0.47508945 0.39693445 0.45000532 0.44589633  0.47476172 0.42761975 0.50206904 0.41641874
0.16162752 0.59352406 0.2336553  0.59785285 0.4164042  0.29975143  0.32471792 0.57694998 0.5088548  0.36992912 0.37180414 0.44920569  0.63498585 0.48702443 0.54927266 0.45942594
0.3289013  0.77546665 0.15081171 0.66263368 0.39112964 0.41900949  0.29149107 0.5015949  0.62954177 0.41517933 0.54402305 0.44263897  0.43461543 0.46195703 0.59307496 0.38274211
0.49378358 0.80634777 0.10767052 0.46694526 0.33336607 0.62626502  0.588773   0.36783773 0.467785   0.45434752 0.54617826 0.45080663  0.41049971 0.36322705 0.44794114 0.44612126
0.54595929 0.77329521 0.11082038 0.37355546 0.31769295 0.64466697  0.64349881 0.43850942 0.39858143 0.446845   0.45937044 0.45687735  0.51594805 0.37507005 0.44455935 0.47424076
0.62964615 0.67993392 0.12824543 0.21117154 0.29032701 0.64523296  0.62443677 0.6825204  0.42065696 0.40086651 0.42113481 0.45573688  0.62286445 0.37810761 0.55117293 0.53012125
0.68992563 0.58353063 0.16355596 0.17716802 0.24849775 0.61361791  0.50757311 0.72539555 0.37026617 0.46029804 0.27267893 0.50458772  0.42381091 0.31970859 0.64499339 0.44997137
0.80244573 0.38978652 0.25259734 0.22950342 0.21886868 0.44128928  0.39059817 0.42190111 0.41431021 0.50182016 0.33200735 0.62530845  0.56198637 0.49561912 0.58131941 0.24071281
0.88685237 0.44294563 0.61974066 0.26342299 0.37791449 0.28883297  0.52493899 0.34857193 0.73042441 0.63293401 0.23183872 0.28164114  0.58851826 0.37007042 0.41167465 0.20219346
0.91620907 0.45121412 0.75427371 0.29429376 0.5482361  0.28651094  0.54949341 0.32726683 0.75008924 0.60983766 0.35377985 0.36798277  0.62455184 0.28897118 0.43631485 0.32272876
0.9226391  0.41265054 0.73507181 0.36047141 0.50749701 0.28825948  0.56368008 0.32092194 0.72641886 0.60406401 0.37366136 0.30344582  0.59769246 0.30511436 0.41756276 0.42771596
0.92272431 0.41252105 0.73539651 0.3609881  0.50812682 0.28789482  0.56518598 0.32197985 0.7299207  0.60488615 0.37311563 0.30341578  0.59549313 0.30478149 0.41379385 0.43104842
0.92960137 0.3849059  0.7313341  0.40577989 0.52992867 0.31520895  0.56086015 0.32097801 0.68251255 0.61511752 0.39042662 0.251473  0.5943139  0.33746268 0.42164458 0.4898931 
0.91561571 0.32859533 0.61268781 0.47278742 0.31690257 0.27787648  0.60183015 0.33094761 0.69418536 0.60802896 0.41646691 0.30051271  0.61328458 0.32371683 0.43655444 0.57187551
0.89845281 0.32134055 0.53563276 0.42387451 0.31303839 0.29470697  0.55513112 0.36633945 0.64294694 0.71277295 0.41119672 0.28183502  0.61014628 0.39520344 0.41003893 0.4324494 
0.87989377 0.27706184 0.418689   0.43786068 0.24946307 0.31552021  0.52558689 0.39290882 0.5744329  0.72449752 0.50493048 0.43216026  0.62444082 0.40165339 0.39542873 0.48196113
0.87162373 0.26033444 0.36970219 0.44966478 0.24436718 0.34944949  0.49192271 0.39261791 0.51857161 0.69060911 0.54971801 0.51739344  0.67779804 0.36369575 0.43563998 0.44083448
0.86058527 0.25109218 0.32038097 0.43901854 0.25182508 0.3729657  0.4741741  0.41059298 0.48727323 0.65389033 0.54964415 0.54055258  0.62790666 0.31692559 0.50070849 0.42682636
0.85156575 0.250779   0.28466641 0.41423359 0.27121361 0.39414721  0.44752516 0.42673547 0.47676156 0.66221176 0.53936618 0.53079501  0.58145354 0.34828504 0.45521989 0.44198839
0.82180846 0.26034348 0.1871516  0.34728696 0.32423841 0.44093705  0.41238299 0.4524905  0.4970263  0.60830353 0.49782726 0.50197032  0.48394101 0.32895728 0.44884084 0.53460529
0.81773226 0.27086932 0.17704495 0.31997046 0.32127818 0.46040129  0.36612868 0.4493277  0.41604059 0.56750245 0.48641642 0.48316451  0.46120011 0.40284878 0.47770157 0.46337466
0.82165421 0.25417197 0.17454766 0.35760244 0.34269439 0.48881876  0.39104011 0.47040365 0.42415342 0.55747562 0.45935344 0.47725917  0.44400952 0.44164176 0.47398291 0.452376  
0.82165421 0.25417197 0.17454766 0.35760244 0.34269439 0.48881876  0.39104011 0.47040365 0.42415342 0.55747562 0.45935344 0.47725917  0.44400952 0.44164176 0.47398291 0.452376  
0.81010812 0.2682248  0.14598525 0.32933772 0.36311948 0.51359536  0.37783786 0.46617322 0.45905297 0.50386078 0.42101206 0.45655598  0.42403349 0.43273987 0.41400327 0.52090365
0.79716951 0.2781258  0.10390354 0.30953043 0.43094298 0.5931211  0.36322667 0.4507008  0.45757945 0.39393823 0.27735424 0.34024666  0.44444845 0.35400825 0.50309895 0.49503877
0.79716951 0.2781258  0.10390354 0.30953043 0.43094298 0.5931211  0.36322667 0.4507008  0.45757945 0.39393823 0.27735424 0.34024666  0.44444845 0.35400825 0.50309895 0.49503877
0.78940831 0.30823021 0.11123037 0.26608538 0.40418446 0.55907522  0.37014007 0.4564474  0.50116053 0.39978273 0.27734723 0.3961274  0.42748232 0.37637257 0.44716707 0.47499927
0.7468478  0.38335198 0.08216104 0.25662359 0.42890678 0.58031256  0.48786462 0.41921276 0.55359357 0.38486754 0.27844899 0.40855958  0.57165204 0.50921239 0.5601202  0.59119515
0.72789242 0.45773556 0.08903931 0.12557578 0.36356117 0.51069479  0.46328119 0.40233599 0.6187462  0.36406978 0.2546431  0.51483709  0.59956313 0.418504   0.5901102  0.45241958
0.71245785 0.48501546 0.0823423  0.14589847 0.37264681 0.52777345  0.49217761 0.34157134 0.62179105 0.35662963 0.27177815 0.50742406  0.6917453  0.48026016 0.53764033 0.45039154
0.69938187 0.52035986 0.08962278 0.14857676 0.35412434 0.55325451  0.52734666 0.38823535 0.58347375 0.37865781 0.2490522  0.52128648  0.69713135 0.51737403 0.61175442 0.48566325
0.69938187 0.52035986 0.08962278 0.14857676 0.35412434 0.55325451  0.52734666 0.38823535 0.58347375 0.37865781 0.2490522  0.52128648  0.69713135 0.51737403 0.61175442 0.48566325
0.71481644 0.49307996 0.09631979 0.12825407 0.3450387  0.53617585  0.49845024 0.449      0.58042891 0.38609797 0.23191715 0.52869951  0.60494917 0.45561787 0.66422429 0.48769129
0.77045293 0.38261378 0.11810865 0.13503757 0.33883886 0.48945744  0.34555663 0.43957064 0.56631317 0.37898498 0.25354133 0.50240491  0.4553934  0.28566417 0.47715708 0.3362237 
0.81756636 0.27993051 0.18297275 0.31847987 0.31135129 0.46972754  0.35308464 0.43066645 0.41574751 0.53425521 0.48914327 0.49672609  0.48754644 0.44867391 0.39273998 0.49665374
0.85862606 0.28008468 0.33014241 0.38267204 0.24926277 0.39571367  0.39351596 0.39229471 0.37712443 0.59837448 0.52345173 0.46387378  0.55392647 0.56141238 0.38606268 0.40790313
0.91504966 0.38082062 0.66708987 0.35923409 0.51828756 0.32280323  0.51919928 0.34862255 0.65239969 0.74282909 0.38465498 0.21646287  0.60250533 0.44195704 0.34329556 0.38867977
0.93029174 0.38057448 0.72499106 0.40788496 0.54672589 0.34290709  0.54597449 0.33298024 0.6423065  0.59394109 0.35154759 0.21113758  0.5511562  0.42783578 0.43584331 0.43401459
0.93352332 0.36820855 0.72883681 0.44341187 0.55134488 0.34362642  0.58577158 0.34205395 0.69062539 0.60509068 0.36336364 0.24556766  0.5771233  0.37625566 0.41792592 0.47889445
0.93352332 0.36820855 0.72883681 0.44341187 0.55134488 0.34362642  0.58577158 0.34205395 0.69062539 0.60509068 0.36336364 0.24556766  0.5771233  0.37625566 0.41792592 0.47889445
0.9295382  0.35612038 0.70129162 0.44804499 0.53114399 0.33910906  0.59354143 0.35173771 0.69944283 0.6602722  0.3731144  0.25267882  0.61357762 0.39254468 0.39060194 0.46238393
0.90897107 0.31990088 0.57349148 0.45924047 0.34687856 0.31840558  0.57731086 0.36998433 0.66336789 0.67053218 0.37388152 0.25248607  0.56783111 0.45071515 0.38181072 0.47617404
0.88792953 0.27614633 0.44704304 0.46567068 0.28660682 0.34359945  0.54886895 0.41287122 0.59388719 0.72173256 0.4446725  0.36931838  0.58164246 0.46484569 0.37738574 0.44318234
0.88603875 0.27239665 0.43499612 0.47279019 0.27071114 0.35639171  0.53116571 0.40307123 0.55292526 0.65713983 0.46115042 0.40682541  0.56820034 0.46273191 0.41196879 0.4467438 
0.88192494 0.2566148  0.40414479 0.48261216 0.2549836  0.35672993  0.53279509 0.40418477 0.54158381 0.64987795 0.49434542 0.46376195  0.59380811 0.43833259 0.42629311 0.47452394
0.88192494 0.2566148  0.40414479 0.48261216 0.2549836  0.35672993  0.53279509 0.40418477 0.54158381 0.64987795 0.49434542 0.46376195  0.59380811 0.43833259 0.42629311 0.47452394
0.88192494 0.2566148  0.40414479 0.48261216 0.2549836  0.35672993  0.53279509 0.40418477 0.54158381 0.64987795 0.49434542 0.46376195  0.59380811 0.43833259 0.42629311 0.47452394
0.88603875 0.27239665 0.43499612 0.47279019 0.27071114 0.35639171  0.53116571 0.40307123 0.55292526 0.65713983 0.46115042 0.40682541  0.56820034 0.46273191 0.41196879 0.4467438 
0.8858269  0.32811969 0.50994237 0.47904902 0.2629695  0.36163996  0.59314753 0.38673873 0.56297481 0.61419375 0.35583809 0.37566711  0.57269005 0.47770355 0.56246949 0.48546476
0.89684859 0.38994269 0.61940998 0.39115316 0.38919901 0.32756043  0.57386916 0.35850208 0.62284097 0.71603637 0.32929003 0.26645079  0.61194594 0.49097079 0.47163863 0.46611238
0.90917611 0.41830867 0.70052279 0.37469318 0.47875512 0.33900609  0.55786456 0.3300117  0.59879654 0.65000761 0.33502191 0.27243425  0.61869855 0.46543373 0.52616719 0.45799774
0.89551447 0.45296254 0.67844909 0.30877757 0.44294006 0.35297324  0.49117108 0.3145053  0.50832664 0.53581183 0.32697033 0.35032219  0.61772292 0.49405106 0.5821904  0.30113721
0.87906347 0.5127162  0.67945781 0.21436949 0.48021923 0.38740224  0.45087174 0.30906233 0.49595452 0.42649696 0.2223935  0.42148612  0.61601947 0.45365551 0.66681853 0.12297842
0.83698873 0.5994209  0.67249294 0.24717346 0.31854022 0.41976541  0.55245223 0.51204819 0.39587676 0.37638288 0.26396003 0.44486695  0.53865334 0.53151972 0.80491408 0.26554431
0.80866293 0.52255027 0.47881561 0.30090772 0.14749331 0.4447601  0.50510871 0.51998549 0.27507427 0.30724018 0.3995681  0.65256816  0.61341785 0.53086667 0.83582796 0.33752335
0.79991877 0.49700267 0.41854418 0.31461875 0.09842122 0.43509974  0.52718111 0.5450538  0.29049301 0.3805821  0.40524578 0.6577464  0.65751595 0.51653515 0.83440384 0.30077481
0.81808881 0.42432941 0.36678394 0.29962902 0.14961371 0.41715853  0.45699371 0.44105298 0.35414011 0.44458691 0.38132665 0.64331795  0.67307082 0.48222477 0.70231278 0.19726917
0.81441348 0.37659414 0.28338375 0.26648843 0.19942797 0.42624767  0.41072127 0.41841565 0.38456415 0.52586265 0.34993637 0.6380479  0.6353022  0.44082584 0.66133325 0.12906201
0.79401378 0.3812726  0.21317897 0.21492936 0.24916848 0.46287954  0.38391411 0.44898898 0.40924511 0.51381649 0.29859017 0.59402557  0.54252671 0.41745828 0.6408266  0.1794726 
0.82145309 0.28821585 0.20228979 0.31278817 0.309101   0.48050062  0.34613169 0.43027248 0.36090477 0.51757886 0.41215628 0.46910257  0.51175913 0.4074541  0.5205307  0.30219125
0.79758226 0.31691458 0.14607381 0.25841921 0.35936251 0.5260737  0.33874815 0.42025345 0.44312642 0.41429955 0.32861303 0.41936253  0.50798487 0.35880214 0.45492552 0.40707873
0.79758226 0.31691458 0.14607381 0.25841921 0.35936251 0.5260737  0.33874815 0.42025345 0.44312642 0.41429955 0.32861303 0.41936253  0.50798487 0.35880214 0.45492552 0.40707873
0.79758226 0.31691458 0.14607381 0.25841921 0.35936251 0.5260737  0.33874815 0.42025345 0.44312642 0.41429955 0.32861303 0.41936253  0.50798487 0.35880214 0.45492552 0.40707873
0.79758226 0.31691458 0.14607381 0.25841921 0.35936251 0.5260737  0.33874815 0.42025345 0.44312642 0.41429955 0.32861303 0.41936253  0.50798487 0.35880214 0.45492552 0.40707873
0.79758226 0.31691458 0.14607381 0.25841921 0.35936251 0.5260737  0.33874815 0.42025345 0.44312642 0.41429955 0.32861303 0.41936253  0.50798487 0.35880214 0.45492552 0.40707873
0.8047809  0.24826821 0.0977911  0.35412712 0.45612291 0.62278197  0.35637158 0.45065112 0.40864818 0.38845759 0.29148671 0.28625432  0.45731867 0.33177787 0.54202877 0.52216951
0.8047809  0.24826821 0.0977911  0.35412712 0.45612291 0.62278197  0.35637158 0.45065112 0.40864818 0.38845759 0.29148671 0.28625432  0.45731867 0.33177787 0.54202877 0.52216951
0.81687681 0.24025523 0.13013725 0.38409293 0.43271717 0.61819793  0.3498911  0.4355331  0.35872691 0.39294757 0.31568954 0.30358411  0.52063063 0.35300043 0.54606855 0.44325031
0.81687681 0.24025523 0.13013725 0.38409293 0.43271717 0.61819793  0.3498911  0.4355331  0.35872691 0.39294757 0.31568954 0.30358411  0.52063063 0.35300043 0.54606855 0.44325031
0.80968227 0.22691826 0.09385808 0.40083962 0.48074493 0.6595138  0.37851896 0.47315269 0.39417343 0.37508271 0.27191564 0.26967525  0.45926979 0.3438626  0.5835322  0.50624229
0.81537622 0.20344082 0.08762222 0.44582851 0.51047077 0.69919957  0.39586853 0.48477267 0.3774267  0.35938579 0.24306986 0.23433486  0.46590999 0.34861932 0.64853095 0.49091055
0.81537622 0.20344082 0.08762222 0.44582851 0.51047077 0.69919957  0.39586853 0.48477267 0.3774267  0.35938579 0.24306986 0.23433486  0.46590999 0.34861932 0.64853095 0.49091055
0.81537622 0.20344082 0.08762222 0.44582851 0.51047077 0.69919957  0.39586853 0.48477267 0.3774267  0.35938579 0.24306986 0.23433486  0.46590999 0.34861932 0.64853095 0.49091055
0.81537622 0.20344082 0.08762222 0.44582851 0.51047077 0.69919957  0.39586853 0.48477267 0.3774267  0.35938579 0.24306986 0.23433486  0.46590999 0.34861932 0.64853095 0.49091055
0.8191333  0.18607888 0.08558611 0.49710288 0.53738084 0.73734432  0.45109915 0.52870306 0.42725069 0.32223382 0.18070651 0.28726821  0.41792818 0.40344759 0.60055024 0.41063859
0.80368138 0.1994439  0.06244604 0.48928182 0.56145435 0.72041819  0.49586858 0.51841462 0.47780934 0.30349348 0.22300944 0.28221809  0.42385167 0.41120892 0.65657363 0.47891786
0.78897868 0.22583013 0.05000858 0.49208407 0.57810629 0.73500244  0.53136929 0.47695109 0.50460885 0.28025641 0.24450552 0.27514955  0.54205081 0.47436782 0.6194788  0.49977889
0.73769449 0.27863518 0.01515235 0.52697475 0.63175123 0.65832065  0.60882911 0.34299163 0.52452985 0.27930219 0.44412337 0.22290114  0.56996475 0.53998309 0.69846867 0.5195096 
0.70653804 0.36333225 0.01601088 0.46240936 0.59217688 0.62714864  0.64071975 0.27661433 0.61613011 0.25197355 0.40670906 0.31615348  0.61714243 0.55931334 0.66167351 0.39823675
0.67087525 0.45296226 0.02413817 0.44394315 0.55215885 0.64426545  0.68959262 0.23259733 0.60176142 0.28226716 0.32314233 0.39012457  0.66109274 0.61733778 0.6977783  0.3453039 
0.60930566 0.49198421 0.02130203 0.43388148 0.56133311 0.44375138  0.64716487 0.15123371 0.55241351 0.29414407 0.43878079 0.36891835  0.55227224 0.57903308 0.67575954 0.30898836
0.5640171  0.56196892 0.03756851 0.39252278 0.52142884 0.35758023  0.6433302  0.15817443 0.51308527 0.33672162 0.41679311 0.4363339  0.53280773 0.52835922 0.6915569  0.28776279
0.43566181 0.59674868 0.07316392 0.45546819 0.52507119 0.16387529  0.61893073 0.18677184 0.35844476 0.35668227 0.29884618 0.48939286  0.49400753 0.52483396 0.55383563 0.26852106
0.38359837 0.60312138 0.09523216 0.49869552 0.51782737 0.17259166  0.58913958 0.22813437 0.31186778 0.38700255 0.26166538 0.49495642  0.48531827 0.41092947 0.49313476 0.31667762
0.35260912 0.61128483 0.11857059 0.47586882 0.49067939 0.21142452  0.64083002 0.29031352 0.27774299 0.39648811 0.29281329 0.49284389  0.45020033 0.43397688 0.52006686 0.34760292
0.22705808 0.50718976 0.191282   0.42623018 0.47311609 0.23066471  0.68831786 0.35231015 0.16286068 0.4051734  0.21537119 0.49402517  0.49940637 0.31367931 0.40190173 0.44702235
0.22705808 0.50718976 0.191282   0.42623018 0.47311609 0.23066471  0.68831786 0.35231015 0.16286068 0.4051734  0.21537119 0.49402517  0.49940637 0.31367931 0.40190173 0.44702235
0.17871396 0.52610107 0.22307967 0.44583621 0.43583899 0.26608672  0.66891241 0.42236781 0.15196648 0.41523988 0.23373284 0.49458152  0.44219466 0.29720268 0.30585532 0.49328702
0.14252014 0.49033468 0.24678541 0.43827738 0.42306178 0.29747857  0.63285192 0.42209128 0.20241348 0.42699981 0.23108141 0.50285544  0.47045433 0.31687528 0.35145999 0.51205219
0.08922853 0.42515467 0.28624614 0.3928662  0.395424   0.3734687  0.63134635 0.41387187 0.26506947 0.4219528  0.30118378 0.48846446  0.48790601 0.32307619 0.34549769 0.49580252
0.07178682 0.43199258 0.29935942 0.4278557  0.37940327 0.40026683  0.55328074 0.43560357 0.31682247 0.40897279 0.31349578 0.47688709  0.49510833 0.31085845 0.31382129 0.4853431 
0.05306277 0.40930401 0.31102756 0.41763914 0.37666176 0.40426113  0.54756198 0.44277854 0.32496259 0.41131519 0.2958028  0.48030821  0.52794871 0.3284536  0.33871483 0.50730334
0.03585866 0.41212524 0.32497922 0.44119937 0.36258431 0.43456132  0.47408025 0.48300288 0.40965789 0.37891942 0.36959995 0.44872305  0.56049334 0.35167352 0.32731793 0.46450854
0.03585866 0.41212524 0.32497922 0.44119937 0.36258431 0.43456132  0.47408025 0.48300288 0.40965789 0.37891942 0.36959995 0.44872305  0.56049334 0.35167352 0.32731793 0.46450854
0.01779563 0.38669558 0.33863985 0.42004769 0.35385851 0.46460162  0.48109267 0.47190843 0.43452283 0.38595027 0.3992976  0.44733029  0.52908455 0.38078184 0.39373238 0.44873962
0.01779563 0.38669558 0.33863985 0.42004769 0.35385851 0.46460162  0.48109267 0.47190843 0.43452283 0.38595027 0.3992976  0.44733029  0.52908455 0.38078184 0.39373238 0.44873962
0.01779563 0.38669558 0.33863985 0.42004769 0.35385851 0.46460162  0.48109267 0.47190843 0.43452283 0.38595027 0.3992976  0.44733029  0.52908455 0.38078184 0.39373238 0.44873962
0.00039479 0.36283831 0.35232302 0.39930133 0.34523319 0.50234819  0.48417291 0.45702496 0.47508945 0.39693445 0.45000532 0.44589633  0.47476172 0.42761975 0.50206904 0.41641874
0.00039479 0.36283831 0.35232302 0.39930133 0.34523319 0.50234819  0.48417291 0.45702496 0.47508945 0.39693445 0.45000532 0.44589633  0.47476172 0.42761975 0.50206904 0.41641874
0.00039479 0.36283831 0.35232302 0.39930133 0.34523319 0.50234819  0.48417291 0.45702496 0.47508945 0.39693445 0.45000532 0.44589633  0.47476172 0.42761975 0.50206904 0.41641874
0.00039479 0.36283831 0.35232302 0.39930133 0.34523319 0.50234819  0.48417291 0.45702496 0.47508945 0.39693445 0.45000532 0.44589633  0.47476172 0.42761975 0.50206904 0.41641874
0.00039479 0.36283831 0.35232302 0.39930133 0.34523319 0.50234819  0.48417291 0.45702496 0.47508945 0.39693445 0.45000532 0.44589633  0.47476172 0.42761975 0.50206904 0.41641874
0.00039479 0.36283831 0.35232302 0.39930133 0.34523319 0.50234819  0.48417291 0.45702496 0.47508945 0.39693445 0.45000532 0.44589633  0.47476172 0.42761975 0.50206904 0.41641874
0.00039479 0.36283831 0.35232302 0.39930133 0.34523319 0.50234819  0.48417291 0.45702496 0.47508945 0.39693445 0.45000532 0.44589633  0.47476172 0.42761975 0.50206904 0.41641874
0.00039479 0.36283831 0.35232302 0.39930133 0.34523319 0.50234819  0.48417291 0.45702496 0.47508945 0.39693445 0.45000532 0.44589633  0.47476172 0.42761975 0.50206904 0.41641874
0.00039479 0.36283831 0.35232302 0.39930133 0.34523319 0.50234819  0.48417291 0.45702496 0.47508945 0.39693445 0.45000532 0.44589633  0.47476172 0.42761975 0.50206904 0.41641874
0.00039479 0.36283831 0.35232302 0.39930133 0.34523319 0.50234819  0.48417291 0.45702496 0.47508945 0.39693445 0.45000532 0.44589633  0.47476172 0.42761975 0.50206904 0.41641874
0.00039479 0.36283831 0.35232302 0.39930133 0.34523319 0.50234819  0.48417291 0.45702496 0.47508945 0.39693445 0.45000532 0.44589633  0.47476172 0.42761975 0.50206904 0.41641874
0.00039479 0.36283831 0.35232302 0.39930133 0.34523319 0.50234819  0.48417291 0.45702496 0.47508945 0.39693445 0.45000532 0.44589633  0.47476172 0.42761975 0.50206904 0.41641874
