0.00039479 0.36283831 0.35232302 0.39930133 0.34523319 0.50234819  0.48417291 0.45702496 0.47508945 0.39693445 0.45000532 0.44589633  0.47476172 0.42761975 0.50206904 0.41641874
0.00039479 0.36283831 0.35232302 0.39930133 0.34523319 0.50234819  0.48417291 0.45702496 0.47508945 0.39693445 0.45000532 0.44589633  0.47476172 0.42761975 0.50206904 0.41641874
0.00039479 0.36283831 0.35232302 0.39930133 0.34523319 0.50234819  0.48417291 0.45702496 0.47508945 0.39693445 0.45000532 0.44589633  0.47476172 0.42761975 0.50206904 0.41641874
0.00039479 0.36283831 0.35232302 0.39930133 0.34523319 0.50234819  0.48417291 0.45702496 0.47508945 0.39693445 0.45000532 0.44589633  0.47476172 0.42761975 0.50206904 0.41641874
0.00039479 0.36283831 0.35232302 0.39930133 0.34523319 0.50234819  0.48417291 0.45702496 0.47508945 0.39693445 0.45000532 0.44589633  0.47476172 0.42761975 0.50206904 0.41641874
0.00039479 0.36283831 0.35232302 0.39930133 0.34523319 0.50234819  0.48417291 0.45702496 0.47508945 0.39693445 0.45000532 0.44589633  0.47476172 0.42761975 0.50206904 0.41641874
0.00039479 0.36283831 0.35232302 0.39930133 0.34523319 0.50234819  0.48417291 0.45702496 0.47508945 0.39693445 0.45000532 0.44589633  0.47476172 0.42761975 0.50206904 0.41641874
0.00039479 0.36283831 0.35232302 0.39930133 0.34523319 0.50234819  0.48417291 0.45702496 0.47508945 0.39693445 0.45000532 0.44589633  0.47476172 0.42761975 0.50206904 0.41641874
0.00039479 0.36283831 0.35232302 0.39930133 0.34523319 0.50234819  0.48417291 0.45702496 0.47508945 0.39693445 0.45000532 0.44589633  0.47476172 0.42761975 0.50206904 0.41641874
0.00039479 0.36283831 0.35232302 0.39930133 0.34523319 0.50234819  0.48417291 0.45702496 0.47508945 0.39693445 0.45000532 0.44589633  0.47476172 0.42761975 0.50206904 0.41641874
0.00039479 0.36283831 0.35232302 0.39930133 0.34523319 0.50234819  0.48417291 0.45702496 0.47508945 0.39693445 0.45000532 0.44589633  0.47476172 0.42761975 0.50206904 0.41641874
0.00039479 0.36283831 0.35232302 0.39930133 0.34523319 0.50234819  0.48417291 0.45702496 0.47508945 0.39693445 0.45000532 0.44589633  0.47476172 0.42761975 0.50206904 0.41641874
0.00039479 0.36283831 0.35232302 0.39930133 0.34523319 0.50234819  0.48417291 0.45702496 0.47508945 0.39693445 0.45000532 0.44589633  0.47476172 0.42761975 0.50206904 0.41641874
0.00039479 0.36283831 0.35232302 0.39930133 0.34523319 0.50234819  0.48417291 0.45702496 0.47508945 0.39693445 0.45000532 0.44589633  0.47476172 0.42761975 0.50206904 0.41641874
0.00039479 0.36283831 0.35232302 0.39930133 0.34523319 0.50234819  0.48417291 0.45702496 0.47508945 0.39693445 0.45000532 0.44589633  0.47476172 0.42761975 0.50206904 0.41641874
0.00039479 0.36283831 0.35232302 0.39930133 0.34523319 0.50234819  0.48417291 0.45702496 0.47508945 0.39693445 0.45000532 0.44589633  0.47476172 0.42761975 0.50206904 0.41641874
0.00039479 0.36283831 0.35232302 0.39930133 0.34523319 0.50234819  0.48417291 0.45702496 0.47508945 0.39693445 0.45000532 0.44589633  0.47476172 0.42761975 0.50206904 0.41641874
0.00039479 0.36283831 0.35232302 0.39930133 0.34523319 0.50234819  0.48417291 0.45702496 0.47508945 0.39693445 0.45000532 0.44589633  0.47476172 0.42761975 0.50206904 0.41641874
0.00039479 0.36283831 0.35232302 0.39930133 0.34523319 0.50234819  0.48417291 0.45702496 0.47508945 0.39693445 0.45000532 0.44589633  0.47476172 0.42761975 0.50206904 0.41641874
0.00039479 0.36283831 0.35232302 0.39930133 0.34523319 0.50234819  0.48417291 0.45702496 0.47508945 0.39693445 0.45000532 0.44589633  0.47476172 0.42761975 0.50206904 0.41641874
0.00039479 0.36283831 0.35232302 0.39930133 0.34523319 0.50234819  0.48417291 0.45702496 0.47508945 0.39693445 0.45000532 0.44589633  0.47476172 0.42761975 0.50206904 0.41641874
0.00039479 0.36283831 0.35232302 0.39930133 0.34523319 0.50234819  0.48417291 0.45702496 0.47508945 0.39693445 0.45000532 0.44589633  0.47476172 0.42761975 0.50206904 0.41641874
0.00039479 0.36283831 0.35232302 0.39930133 0.34523319 0.50234819  0.48417291 0.45702496 0.47508945 0.39693445 0.45000532 0.44589633  0.47476172 0.42761975 0.50206904 0.41641874
0.00039479 0.36283831 0.35232302 0.39930133 0.34523319 0.50234819  0.48417291 0.45702496 0.47508945 0.39693445 0.45000532 0.44589633  0.47476172 0.42761975 0.50206904 0.41641874
0.00039479 0.36283831 0.35232302 0.39930133 0.34523319 0.50234819  0.48417291 0.45702496 0.47508945 0.39693445 0.45000532 0.44589633  0.47476172 0.42761975 0.50206904 0.41641874
0.00039479 0.36283831 0.35232302 0.39930133 0.34523319 0.50234819  0.48417291 0.45702496 0.47508945 0.39693445 0.45000532 0.44589633  0.47476172 0.42761975 0.50206904 0.41641874
0.00039479 0.36283831 0.35232302 0.39930133 0.34523319 0.50234819  0.48417291 0.45702496 0.47508945 0.39693445 0.45000532 0.44589633  0.47476172 0.42761975 0.50206904 0.41641874
0.00039479 0.36283831 0.35232302 0.39930133 0.34523319 0.50234819  0.48417291 0.45702496 0.47508945 0.39693445 0.45000532 0.44589633  0.47476172 0.42761975 0.50206904 0.41641874
0.00039479 0.36283831 0.35232302 0.39930133 0.34523319 0.50234819  0.48417291 0.45702496 0.47508945 0.39693445 0.45000532 0.44589633  0.47476172 0.42761975 0.50206904 0.41641874
0.00039479 0.36283831 0.35232302 0.39930133 0.34523319 0.50234819  0.48417291 0.45702496 0.47508945 0.39693445 0.45000532 0.44589633  0.47476172 0.42761975 0.50206904 0.41641874
0.00039479 0.36283831 0.35232302 0.39930133 0.34523319 0.50234819  0.48417291 0.45702496 0.47508945 0.39693445 0.45000532 0.44589633  0.47476172 0.42761975 0.50206904 0.41641874
0.00039479 0.36283831 0.35232302 0.39930133 0.34523319 0.50234819  0.48417291 0.45702496 0.47508945 0.39693445 0.45000532 0.44589633  0.47476172 0.42761975 0.50206904 0.41641874
0.00039479 0.36283831 0.35232302 0.39930133 0.34523319 0.50234819  0.48417291 0.45702496 0.47508945 0.39693445 0.45000532 0.44589633  0.47476172 0.42761975 0.50206904 0.41641874
0.00039479 0.36283831 0.35232302 0.39930133 0.34523319 0.50234819  0.48417291 0.45702496 0.47508945 0.39693445 0.45000532 0.44589633  0.47476172 0.42761975 0.50206904 0.41641874
0.00039479 0.36283831 0.35232302 0.39930133 0.34523319 0.50234819  0.48417291 0.45702496 0.47508945 0.39693445 0.45000532 0.44589633  0.47476172 0.42761975 0.50206904 0.41641874
0.00039479 0.36283831 0.35232302 0.39930133 0.34523319 0.50234819  0.48417291 0.45702496 0.47508945 0.39693445 0.45000532 0.44589633  0.47476172 0.42761975 0.50206904 0.41641874
0.00039479 0.36283831 0.35232302 0.39930133 0.34523319 0.50234819  0.48417291 0.45702496 0.47508945 0.39693445 0.45000532 0.44589633  0.47476172 0.42761975 0.50206904 0.41641874
0.00039479 0.36283831 0.35232302 0.39930133 0.34523319 0.50234819  0.48417291 0.45702496 0.47508945 0.39693445 0.45000532 0.44589633  0.47476172 0.42761975 0.50206904 0.41641874
0.00039479 0.36283831 0.35232302 0.39930133 0.34523319 0.50234819  0.48417291 0.45702496 0.47508945 0.39693445 0.45000532 0.44589633  0.47476172 0.42761975 0.50206904 0.41641874
0.03525649 0.41685964 0.32437467 0.45347996 0.36854765 0.43569141  0.43485985 0.4975719  0.47652552 0.39120509 0.39620065 0.45304628  0.55757342 0.45566594 0.52722734 0.46096477
0.14447911 0.5700276  0.24788815 0.57619888 0.40654171 0.35060211  0.32067847 0.55784364 0.58266704 0.38687812 0.4602126  0.44518481  0.53631072 0.57452774 0.74914018 0.39850858
0.21623457 0.66850952 0.19464458 0.65673355 0.43804207 0.23751713  0.28996202 0.60532266 0.50420728 0.35359983 0.36349489 0.44466976  0.66187085 0.49348998 0.53524902 0.43385105
0.27230287 0.73267769 0.16547083 0.68332028 0.43003633 0.28129444  0.27429226 0.57383444 0.55875287 0.38318526 0.44123623 0.44755586  0.5143895  0.4866367  0.6130834  0.38891645
0.3096006  0.75888425 0.14743648 0.66666134 0.42476793 0.30648061  0.33841456 0.52775907 0.51323169 0.38782252 0.48224562 0.44034132  0.39502861 0.4379348  0.54581215 0.34446138
0.40197047 0.80122092 0.11412836 0.59313625 0.39279801 0.43561678  0.48338328 0.40431869 0.45461516 0.44585244 0.52249113 0.45944177  0.25829957 0.35595448 0.47543007 0.37470857
0.47519548 0.81056876 0.09654784 0.49702408 0.36448215 0.55085511  0.61469541 0.33360884 0.42118648 0.47317538 0.54490054 0.46542886  0.29218941 0.35246694 0.45807609 0.42316772
0.52906469 0.78820068 0.09336626 0.38841304 0.34732777 0.60797626  0.70061735 0.39068725 0.41489499 0.43795197 0.56221965 0.44478585  0.48337353 0.40582652 0.48947905 0.4686588 
0.59657846 0.71558907 0.10758864 0.25462281 0.32244335 0.61934625  0.68172699 0.58360166 0.44417755 0.3820677  0.51674347 0.43884961  0.63199853 0.41639976 0.5742175  0.51837612
0.68951631 0.56074627 0.11763066 0.12574211 0.30721065 0.55517413  0.55652297 0.61012512 0.53321756 0.38904356 0.29689995 0.51959869  0.56756511 0.51930834 0.68275568 0.54745419
0.74029831 0.42236503 0.08253112 0.13001876 0.3795643  0.48711557  0.42582677 0.38781866 0.64367133 0.33700756 0.31734034 0.49028625  0.57951604 0.35658439 0.49608563 0.425364  
0.74029831 0.42236503 0.08253112 0.13001876 0.3795643  0.48711557  0.42582677 0.38781866 0.64367133 0.33700756 0.31734034 0.49028625  0.57951604 0.35658439 0.49608563 0.425364  
0.80618617 0.28492215 0.14848254 0.29170574 0.34170327 0.48517789  0.35292643 0.44509728 0.45094013 0.51388762 0.44807504 0.46246132  0.44122408 0.39394689 0.41772193 0.53190231
0.83293895 0.21996852 0.16953348 0.40652161 0.36328974 0.5334343  0.33931616 0.42487016 0.32323516 0.52293007 0.50328275 0.38685301  0.5173828  0.40407921 0.48760168 0.54382398
0.87545554 0.2133232  0.31737421 0.49389878 0.3088649  0.47112662  0.40694274 0.40362081 0.31139554 0.56995407 0.51860351 0.38709891  0.56393975 0.5397857  0.44653089 0.43643216
0.92594289 0.24268678 0.55780965 0.59735542 0.47401105 0.43442995  0.62030717 0.42891219 0.64904005 0.6887401  0.36422258 0.23512309  0.54180036 0.44587304 0.33227263 0.48995857
0.94030474 0.27946728 0.65683648 0.56371394 0.61555017 0.44089605  0.62006783 0.41013683 0.67252905 0.70488368 0.34770003 0.2005601  0.58855078 0.4302733  0.33578412 0.44258457
0.94763975 0.28383032 0.68968977 0.57936596 0.60237141 0.42806508  0.62970145 0.38310234 0.66314047 0.62120404 0.35140638 0.20825131  0.59084656 0.39364808 0.40472657 0.48240754
0.9479606  0.28320582 0.69086115 0.58215696 0.60397562 0.42679476  0.63687484 0.38624055 0.67700263 0.62490846 0.34725919 0.21021878  0.58637126 0.38729852 0.3936586  0.48949295
0.93898446 0.2702208  0.63944924 0.58457523 0.55491756 0.42712342  0.63893596 0.41118539 0.69208    0.68304336 0.32933074 0.18638997  0.56455803 0.42049983 0.33631722 0.46706011
0.925405   0.23473025 0.5474728  0.59778546 0.47358443 0.4144955  0.65187647 0.44119354 0.69939906 0.75881132 0.34899868 0.20847423  0.58434435 0.44785906 0.2969581  0.48943405
0.9121317  0.21887422 0.47537465 0.58114487 0.36990019 0.39631233  0.59430866 0.41773392 0.5934482  0.74645351 0.42586069 0.22153912  0.61257145 0.3566668  0.44893344 0.52517275
0.8987725  0.23392282 0.44477635 0.54579428 0.31640573 0.37397966  0.58181095 0.42189524 0.5932748  0.72740152 0.47062102 0.34975613  0.62047979 0.39103519 0.39839817 0.51519293
0.8911611  0.2637804  0.45088879 0.50119759 0.2912258  0.34431878  0.58866604 0.42194492 0.64220607 0.73288215 0.45648855 0.40374847  0.60760957 0.41326557 0.35946835 0.48806219
0.8554877  0.23408165 0.28216912 0.45186557 0.29262983 0.42256468  0.47243659 0.44781142 0.4848744  0.65218492 0.5123032  0.52488967  0.56426295 0.38707802 0.45150122 0.43098973
0.8514115  0.24460749 0.27206247 0.42454908 0.28966959 0.44202892  0.42618228 0.44464862 0.40388868 0.61138384 0.50089236 0.50608387  0.54152205 0.46096952 0.48036195 0.3597591 
0.83303439 0.24918033 0.20903787 0.38437656 0.31234242 0.47336841  0.39119833 0.45597281 0.38896079 0.5778432  0.50042167 0.51152395  0.49033188 0.49636877 0.44900096 0.41712743
0.83303439 0.24918033 0.20903787 0.38437656 0.31234242 0.47336841  0.39119833 0.45597281 0.38896079 0.5778432  0.50042167 0.51152395  0.49033188 0.49636877 0.44900096 0.41712743
0.84079559 0.21907592 0.20171104 0.42782161 0.33910094 0.50741429  0.38428494 0.45022621 0.34537971 0.5719987  0.50042869 0.4556432  0.50729801 0.47400445 0.50493283 0.43716693
0.82941541 0.22406756 0.16722083 0.40104749 0.36945291 0.52286464  0.38412672 0.46465704 0.38057234 0.55163112 0.45936046 0.42137843  0.46097565 0.41927744 0.52991478 0.4724155 
0.84272075 0.17073254 0.15487253 0.49063307 0.42435869 0.59221129  0.3946212  0.47622733 0.31489435 0.53045356 0.44464715 0.33204571  0.48048607 0.40180378 0.63384336 0.4842145 
0.84272075 0.17073254 0.15487253 0.49063307 0.42435869 0.59221129  0.3946212  0.47622733 0.31489435 0.53045356 0.44464715 0.33204571  0.48048607 0.40180378 0.63384336 0.4842145 
0.84272075 0.17073254 0.15487253 0.49063307 0.42435869 0.59221129  0.3946212  0.47622733 0.31489435 0.53045356 0.44464715 0.33204571  0.48048607 0.40180378 0.63384336 0.4842145 
0.84272075 0.17073254 0.15487253 0.49063307 0.42435869 0.59221129  0.3946212  0.47622733 0.31489435 0.53045356 0.44464715 0.33204571  0.48048607 0.40180378 0.63384336 0.4842145 
0.8370268  0.19420997 0.16110839 0.44564418 0.39463284 0.55252552  0.37727163 0.46460736 0.33164108 0.54615048 0.47349293 0.36738609  0.47384587 0.39704707 0.5688446  0.49954624
0.8370268  0.19420997 0.16110839 0.44564418 0.39463284 0.55252552  0.37727163 0.46460736 0.33164108 0.54615048 0.47349293 0.36738609  0.47384587 0.39704707 0.5688446  0.49954624
0.8370268  0.19420997 0.16110839 0.44564418 0.39463284 0.55252552  0.37727163 0.46460736 0.33164108 0.54615048 0.47349293 0.36738609  0.47384587 0.39704707 0.5688446  0.49954624
0.8370268  0.19420997 0.16110839 0.44564418 0.39463284 0.55252552  0.37727163 0.46460736 0.33164108 0.54615048 0.47349293 0.36738609  0.47384587 0.39704707 0.5688446  0.49954624
0.84192817 0.17286002 0.15717536 0.49235667 0.41925486 0.58925735  0.39941901 0.48710893 0.31716632 0.5327756  0.45392185 0.35080701  0.47579699 0.40913179 0.61034803 0.48361903
0.84762212 0.14938258 0.1509395  0.53734556 0.4489807  0.62894312  0.41676858 0.49872891 0.3004196  0.51707868 0.42507608 0.31546663  0.48243719 0.41388851 0.67534679 0.46828729
0.84762212 0.14938258 0.1509395  0.53734556 0.4489807  0.62894312  0.41676858 0.49872891 0.3004196  0.51707868 0.42507608 0.31546663  0.48243719 0.41388851 0.67534679 0.46828729
0.84762212 0.14938258 0.1509395  0.53734556 0.4489807  0.62894312  0.41676858 0.49872891 0.3004196  0.51707868 0.42507608 0.31546663  0.48243719 0.41388851 0.67534679 0.46828729
0.84762212 0.14938258 0.1509395  0.53734556 0.4489807  0.62894312  0.41676858 0.49872891 0.3004196  0.51707868 0.42507608 0.31546663  0.48243719 0.41388851 0.67534679 0.46828729
0.84762212 0.14938258 0.1509395  0.53734556 0.4489807  0.62894312  0.41676858 0.49872891 0.3004196  0.51707868 0.42507608 0.31546663  0.48243719 0.41388851 0.67534679 0.46828729
0.84762212 0.14938258 0.1509395  0.53734556 0.4489807  0.62894312  0.41676858 0.49872891 0.3004196  0.51707868 0.42507608 0.31546663  0.48243719 0.41388851 0.67534679 0.46828729
0.83529738 0.16402848 0.12328593 0.51124132 0.47881712 0.6497396  0.4225873  0.4929403  0.34774171 0.46741419 0.37987421 0.28642979  0.49863895 0.37413844 0.66972125 0.50464712
0.8237513  0.17808131 0.09472352 0.4829766  0.4992422  0.6745162  0.40938504 0.48870988 0.38264125 0.41379936 0.34153283 0.26572659  0.47866293 0.36523656 0.60974161 0.57317477
0.8237513  0.17808131 0.09472352 0.4829766  0.4992422  0.6745162  0.40938504 0.48870988 0.38264125 0.41379936 0.34153283 0.26572659  0.47866293 0.36523656 0.60974161 0.57317477
0.8237513  0.17808131 0.09472352 0.4829766  0.4992422  0.6745162  0.40938504 0.48870988 0.38264125 0.41379936 0.34153283 0.26572659  0.47866293 0.36523656 0.60974161 0.57317477
0.81792082 0.19184106 0.08554442 0.47808378 0.52935228 0.72526902  0.42837162 0.51109002 0.40333093 0.33696493 0.2029051  0.25899991  0.44164123 0.37789661 0.63411773 0.43747564
0.8024689  0.20520608 0.06240434 0.47026271 0.55342578 0.70834289  0.47314104 0.50080158 0.45388958 0.31822459 0.24520803 0.2539498  0.44756472 0.38565794 0.69014112 0.5057549 
0.8024689  0.20520608 0.06240434 0.47026271 0.55342578 0.70834289  0.47314104 0.50080158 0.45388958 0.31822459 0.24520803 0.2539498  0.44756472 0.38565794 0.69014112 0.5057549 
0.79464263 0.23472791 0.06400266 0.42395352 0.53313523 0.69279396  0.47575619 0.50700616 0.49338272 0.30237128 0.20839415 0.30286082  0.45253888 0.36056949 0.71299793 0.42368899
0.76978393 0.30257149 0.05975544 0.34990381 0.50572573 0.65164789  0.48560891 0.43927495 0.54320927 0.3070357  0.25592253 0.32511957  0.58213656 0.41668147 0.6513865  0.4708542 
0.69909206 0.39628197 0.02202171 0.3834416  0.54867336 0.56434737  0.58606928 0.2277954  0.60470064 0.2877693  0.4664449  0.3080675  0.63946007 0.51795131 0.63458331 0.46759887
0.66779588 0.50661864 0.04113669 0.25081495 0.46085666 0.49981186  0.60323851 0.22497799 0.6490161  0.31573158 0.41674863 0.44586556  0.66547795 0.53661528 0.67980919 0.41790529
0.58244955 0.63891525 0.05087603 0.32680677 0.43303835 0.47041291  0.65065014 0.1488357  0.54647652 0.41238904 0.43101044 0.49744041  0.55165864 0.54232772 0.67688632 0.40099669
0.58244955 0.63891525 0.05087603 0.32680677 0.43303835 0.47041291  0.65065014 0.1488357  0.54647652 0.41238904 0.43101044 0.49744041  0.55165864 0.54232772 0.67688632 0.40099669
0.54781946 0.67143831 0.05577974 0.41329046 0.42851654 0.4783808  0.59716507 0.0632798  0.52398983 0.46352315 0.38432094 0.51960363  0.41355324 0.48086376 0.59820366 0.37488189
0.46381504 0.71187514 0.07166651 0.48343498 0.46215692 0.33287437  0.63801808 0.24059176 0.38250962 0.44116014 0.41742276 0.49091567  0.32197487 0.46641304 0.65848687 0.32013325
0.36305515 0.74658784 0.12034109 0.5688135  0.43506006 0.31508532  0.56081322 0.39594154 0.31476955 0.4698626  0.361352   0.50385439  0.27459376 0.35908801 0.53364973 0.42925985
0.28851848 0.67414867 0.14818536 0.55394243 0.46900493 0.18776148  0.59236925 0.46369109 0.2060783  0.40025233 0.29027908 0.48203376  0.41497204 0.34497941 0.38303074 0.42183187
0.21451619 0.59422966 0.19363347 0.52820191 0.4554376  0.20882121  0.55984743 0.47203573 0.22180479 0.42134188 0.19824041 0.50844759  0.51878085 0.34927486 0.40538431 0.52989081
0.17881184 0.57585018 0.21881397 0.54405291 0.43522386 0.24045817  0.50390313 0.48677931 0.24267339 0.40152663 0.19104812 0.49493995  0.551051   0.30961656 0.3001988  0.5272926 
0.08933598 0.49227807 0.28370689 0.51563283 0.39282917 0.35122619  0.41224683 0.52903719 0.4167706  0.37236308 0.3229049  0.45462839  0.62758809 0.38247804 0.3646409  0.49477643
0.08933598 0.49227807 0.28370689 0.51563283 0.39282917 0.35122619  0.41224683 0.52903719 0.4167706  0.37236308 0.3229049  0.45462839  0.62758809 0.38247804 0.3646409  0.49477643
0.07102051 0.46648761 0.29681783 0.49538875 0.38534053 0.36816237  0.42637893 0.52216562 0.40838993 0.37342912 0.31490181 0.45582256  0.6405316  0.37092096 0.3395245  0.50760399
0.03530472 0.41371177 0.32449245 0.44717499 0.36543573 0.42942868  0.4584486  0.49182641 0.42935187 0.38251683 0.3665383  0.45119726  0.57400726 0.38653202 0.39012683 0.47468522
0.03530472 0.41371177 0.32449245 0.44717499 0.36543573 0.42942868  0.4584486  0.49182641 0.42935187 0.38251683 0.3665383  0.45119726  0.57400726 0.38653202 0.39012683 0.47468522
0.03530472 0.41371177 0.32449245 0.44717499 0.36543573 0.42942868  0.4584486  0.49182641 0.42935187 0.38251683 0.3665383  0.45119726  0.57400726 0.38653202 0.39012683 0.47468522
0.01779563 0.38669558 0.33863985 0.42004769 0.35385851 0.46460162  0.48109267 0.47190843 0.43452283 0.38595027 0.3992976  0.44733029  0.52908455 0.38078184 0.39373238 0.44873962
0.01779563 0.38669558 0.33863985 0.42004769 0.35385851 0.46460162  0.48109267 0.47190843 0.43452283 0.38595027 0.3992976  0.44733029  0.52908455 0.38078184 0.39373238 0.44873962
0.01779563 0.38669558 0.33863985 0.42004769 0.35385851 0.46460162  0.48109267 0.47190843 0.43452283 0.38595027 0.3992976  0.44733029  0.52908455 0.38078184 0.39373238 0.44873962
0.01779563 0.38669558 0.33863985 0.42004769 0.35385851 0.46460162  0.48109267 0.47190843 0.43452283 0.38595027 0.3992976  0.44733029  0.52908455 0.38078184 0.39373238 0.44873962
0.01779563 0.38669558 0.33863985 0.42004769 0.35385851 0.46460162  0.48109267 0.47190843 0.43452283 0.38595027 0.3992976  0.44733029  0.52908455 0.38078184 0.39373238 0.44873962
0.01779563 0.38669558 0.33863985 0.42004769 0.35385851 0.46460162  0.48109267 0.47190843 0.43452283 0.38595027 0.3992976  0.44733029  0.52908455 0.38078184 0.39373238 0.44873962
