0.00039479 0.36283831 0.35232302 0.39930133 0.34523319 0.50234819  0.48417291 0.45702496 0.47508945 0.39693445 0.45000532 0.44589633  0.47476172 0.42761975 0.50206904 0.41641874
0.00039479 0.36283831 0.35232302 0.39930133 0.34523319 0.50234819  0.48417291 0.45702496 0.47508945 0.39693445 0.45000532 0.44589633  0.47476172 0.42761975 0.50206904 0.41641874
0.00039479 0.36283831 0.35232302 0.39930133 0.34523319 0.50234819  0.48417291 0.45702496 0.47508945 0.39693445 0.45000532 0.44589633  0.47476172 0.42761975 0.50206904 0.41641874
0.00039479 0.36283831 0.35232302 0.39930133 0.34523319 0.50234819  0.48417291 0.45702496 0.47508945 0.39693445 0.45000532 0.44589633  0.47476172 0.42761975 0.50206904 0.41641874
0.00039479 0.36283831 0.35232302 0.39930133 0.34523319 0.50234819  0.48417291 0.45702496 0.47508945 0.39693445 0.45000532 0.44589633  0.47476172 0.42761975 0.50206904 0.41641874
0.00039479 0.36283831 0.35232302 0.39930133 0.34523319 0.50234819  0.48417291 0.45702496 0.47508945 0.39693445 0.45000532 0.44589633  0.47476172 0.42761975 0.50206904 0.41641874
0.00039479 0.36283831 0.35232302 0.39930133 0.34523319 0.50234819  0.48417291 0.45702496 0.47508945 0.39693445 0.45000532 0.44589633  0.47476172 0.42761975 0.50206904 0.41641874
0.00039479 0.36283831 0.35232302 0.39930133 0.34523319 0.50234819  0.48417291 0.45702496 0.47508945 0.39693445 0.45000532 0.44589633  0.47476172 0.42761975 0.50206904 0.41641874
0.00039479 0.36283831 0.35232302 0.39930133 0.34523319 0.50234819  0.48417291 0.45702496 0.47508945 0.39693445 0.45000532 0.44589633  0.47476172 0.42761975 0.50206904 0.41641874
0.00039479 0.36283831 0.35232302 0.39930133 0.34523319 0.50234819  0.48417291 0.45702496 0.47508945 0.39693445 0.45000532 0.44589633  0.47476172 0.42761975 0.50206904 0.41641874
0.00039479 0.36283831 0.35232302 0.39930133 0.34523319 0.50234819  0.48417291 0.45702496 0.47508945 0.39693445 0.45000532 0.44589633  0.47476172 0.42761975 0.50206904 0.41641874
0.00039479 0.36283831 0.35232302 0.39930133 0.34523319 0.50234819  0.48417291 0.45702496 0.47508945 0.39693445 0.45000532 0.44589633  0.47476172 0.42761975 0.50206904 0.41641874
0.00039479 0.36283831 0.35232302 0.39930133 0.34523319 0.50234819  0.48417291 0.45702496 0.47508945 0.39693445 0.45000532 0.44589633  0.47476172 0.42761975 0.50206904 0.41641874
0.00039479 0.36283831 0.35232302 0.39930133 0.34523319 0.50234819  0.48417291 0.45702496 0.47508945 0.39693445 0.45000532 0.44589633  0.47476172 0.42761975 0.50206904 0.41641874
0.00039479 0.36283831 0.35232302 0.39930133 0.34523319 0.50234819  0.48417291 0.45702496 0.47508945 0.39693445 0.45000532 0.44589633  0.47476172 0.42761975 0.50206904 0.41641874
0.00039479 0.36283831 0.35232302 0.39930133 0.34523319 0.50234819  0.48417291 0.45702496 0.47508945 0.39693445 0.45000532 0.44589633  0.47476172 0.42761975 0.50206904 0.41641874
0.00039479 0.36283831 0.35232302 0.39930133 0.34523319 0.50234819  0.48417291 0.45702496 0.47508945 0.39693445 0.45000532 0.44589633  0.47476172 0.42761975 0.50206904 0.41641874
0.00039479 0.36283831 0.35232302 0.39930133 0.34523319 0.50234819  0.48417291 0.45702496 0.47508945 0.39693445 0.45000532 0.44589633  0.47476172 0.42761975 0.50206904 0.41641874
0.00039479 0.36283831 0.35232302 0.39930133 0.34523319 0.50234819  0.48417291 0.45702496 0.47508945 0.39693445 0.45000532 0.44589633  0.47476172 0.42761975 0.50206904 0.41641874
0.00039479 0.36283831 0.35232302 0.39930133 0.34523319 0.50234819  0.48417291 0.45702496 0.47508945 0.39693445 0.45000532 0.44589633  0.47476172 0.42761975 0.50206904 0.41641874
0.00039479 0.36283831 0.35232302 0.39930133 0.34523319 0.50234819  0.48417291 0.45702496 0.47508945 0.39693445 0.45000532 0.44589633  0.47476172 0.42761975 0.50206904 0.41641874
0.00039479 0.36283831 0.35232302 0.39930133 0.34523319 0.50234819  0.48417291 0.45702496 0.47508945 0.39693445 0.45000532 0.44589633  0.47476172 0.42761975 0.50206904 0.41641874
0.00039479 0.36283831 0.35232302 0.39930133 0.34523319 0.50234819  0.48417291 0.45702496 0.47508945 0.39693445 0.45000532 0.44589633  0.47476172 0.42761975 0.50206904 0.41641874
0.00039479 0.36283831 0.35232302 0.39930133 0.34523319 0.50234819  0.48417291 0.45702496 0.47508945 0.39693445 0.45000532 0.44589633  0.47476172 0.42761975 0.50206904 0.41641874
0.00039479 0.36283831 0.35232302 0.39930133 0.34523319 0.50234819  0.48417291 0.45702496 0.47508945 0.39693445 0.45000532 0.44589633  0.47476172 0.42761975 0.50206904 0.41641874
0.00039479 0.36283831 0.35232302 0.39930133 0.34523319 0.50234819  0.48417291 0.45702496 0.47508945 0.39693445 0.45000532 0.44589633  0.47476172 0.42761975 0.50206904 0.41641874
0.00039479 0.36283831 0.35232302 0.39930133 0.34523319 0.50234819  0.48417291 0.45702496 0.47508945 0.39693445 0.45000532 0.44589633  0.47476172 0.42761975 0.50206904 0.41641874
0.00039479 0.36283831 0.35232302 0.39930133 0.34523319 0.50234819  0.48417291 0.45702496 0.47508945 0.39693445 0.45000532 0.44589633  0.47476172 0.42761975 0.50206904 0.41641874
0.00039479 0.36283831 0.35232302 0.39930133 0.34523319 0.50234819  0.48417291 0.45702496 0.47508945 0.39693445 0.45000532 0.44589633  0.47476172 0.42761975 0.50206904 0.41641874
0.00039479 0.36283831 0.35232302 0.39930133 0.34523319 0.50234819  0.48417291 0.45702496 0.47508945 0.39693445 0.45000532 0.44589633  0.47476172 0.42761975 0.50206904 0.41641874
0.00039479 0.36283831 0.35232302 0.39930133 0.34523319 0.50234819  0.48417291 0.45702496 0.47508945 0.39693445 0.45000532 0.44589633  0.47476172 0.42761975 0.50206904 0.41641874
0.00039479 0.36283831 0.35232302 0.39930133 0.34523319 0.50234819  0.48417291 0.45702496 0.47508945 0.39693445 0.45000532 0.44589633  0.47476172 0.42761975 0.50206904 0.41641874
0.00039479 0.36283831 0.35232302 0.39930133 0.34523319 0.50234819  0.48417291 0.45702496 0.47508945 0.39693445 0.45000532 0.44589633  0.47476172 0.42761975 0.50206904 0.41641874
0.00039479 0.36283831 0.35232302 0.39930133 0.34523319 0.50234819  0.48417291 0.45702496 0.47508945 0.39693445 0.45000532 0.44589633  0.47476172 0.42761975 0.50206904 0.41641874
0.00039479 0.36283831 0.35232302 0.39930133 0.34523319 0.50234819  0.48417291 0.45702496 0.47508945 0.39693445 0.45000532 0.44589633  0.47476172 0.42761975 0.50206904 0.41641874
0.00039479 0.36283831 0.35232302 0.39930133 0.34523319 0.50234819  0.48417291 0.45702496 0.47508945 0.39693445 0.45000532 0.44589633  0.47476172 0.42761975 0.50206904 0.41641874
0.00039479 0.36283831 0.35232302 0.39930133 0.34523319 0.50234819  0.48417291 0.45702496 0.47508945 0.39693445 0.45000532 0.44589633  0.47476172 0.42761975 0.50206904 0.41641874
0.00039479 0.36283831 0.35232302 0.39930133 0.34523319 0.50234819  0.48417291 0.45702496 0.47508945 0.39693445 0.45000532 0.44589633  0.47476172 0.42761975 0.50206904 0.41641874
0.00039479 0.36283831 0.35232302 0.39930133 0.34523319 0.50234819  0.48417291 0.45702496 0.47508945 0.39693445 0.45000532 0.44589633  0.47476172 0.42761975 0.50206904 0.41641874
0.00039479 0.36283831 0.35232302 0.39930133 0.34523319 0.50234819  0.48417291 0.45702496 0.47508945 0.39693445 0.45000532 0.44589633  0.47476172 0.42761975 0.50206904 0.41641874
0.00039479 0.36283831 0.35232302 0.39930133 0.34523319 0.50234819  0.48417291 0.45702496 0.47508945 0.39693445 0.45000532 0.44589633  0.47476172 0.42761975 0.50206904 0.41641874
0.00039479 0.36283831 0.35232302 0.39930133 0.34523319 0.50234819  0.48417291 0.45702496 0.47508945 0.39693445 0.45000532 0.44589633  0.47476172 0.42761975 0.50206904 0.41641874
0.00039479 0.36283831 0.35232302 0.39930133 0.34523319 0.50234819  0.48417291 0.45702496 0.47508945 0.39693445 0.45000532 0.44589633  0.47476172 0.42761975 0.50206904 0.41641874
0.00039479 0.36283831 0.35232302 0.39930133 0.34523319 0.50234819  0.48417291 0.45702496 0.47508945 0.39693445 0.45000532 0.44589633  0.47476172 0.42761975 0.50206904 0.41641874
0.00039479 0.36283831 0.35232302 0.39930133 0.34523319 0.50234819  0.48417291 0.45702496 0.47508945 0.39693445 0.45000532 0.44589633  0.47476172 0.42761975 0.50206904 0.41641874
0.00039479 0.36283831 0.35232302 0.39930133 0.34523319 0.50234819  0.48417291 0.45702496 0.47508945 0.39693445 0.45000532 0.44589633  0.47476172 0.42761975 0.50206904 0.41641874
0.00039479 0.36283831 0.35232302 0.39930133 0.34523319 0.50234819  0.48417291 0.45702496 0.47508945 0.39693445 0.45000532 0.44589633  0.47476172 0.42761975 0.50206904 0.41641874
0.00039479 0.36283831 0.35232302 0.39930133 0.34523319 0.50234819  0.48417291 0.45702496 0.47508945 0.39693445 0.45000532 0.44589633  0.47476172 0.42761975 0.50206904 0.41641874
0.00039479 0.36283831 0.35232302 0.39930133 0.34523319 0.50234819  0.48417291 0.45702496 0.47508945 0.39693445 0.45000532 0.44589633  0.47476172 0.42761975 0.50206904 0.41641874
0.00039479 0.36283831 0.35232302 0.39930133 0.34523319 0.50234819  0.48417291 0.45702496 0.47508945 0.39693445 0.45000532 0.44589633  0.47476172 0.42761975 0.50206904 0.41641874
0.00039479 0.36283831 0.35232302 0.39930133 0.34523319 0.50234819  0.48417291 0.45702496 0.47508945 0.39693445 0.45000532 0.44589633  0.47476172 0.42761975 0.50206904 0.41641874
0.00039479 0.36283831 0.35232302 0.39930133 0.34523319 0.50234819  0.48417291 0.45702496 0.47508945 0.39693445 0.45000532 0.44589633  0.47476172 0.42761975 0.50206904 0.41641874
0.00039479 0.36283831 0.35232302 0.39930133 0.34523319 0.50234819  0.48417291 0.45702496 0.47508945 0.39693445 0.45000532 0.44589633  0.47476172 0.42761975 0.50206904 0.41641874
0.00039479 0.36283831 0.35232302 0.39930133 0.34523319 0.50234819  0.48417291 0.45702496 0.47508945 0.39693445 0.45000532 0.44589633  0.47476172 0.42761975 0.50206904 0.41641874
0.00039479 0.36283831 0.35232302 0.39930133 0.34523319 0.50234819  0.48417291 0.45702496 0.47508945 0.39693445 0.45000532 0.44589633  0.47476172 0.42761975 0.50206904 0.41641874
0.00039479 0.36283831 0.35232302 0.39930133 0.34523319 0.50234819  0.48417291 0.45702496 0.47508945 0.39693445 0.45000532 0.44589633  0.47476172 0.42761975 0.50206904 0.41641874
0.00039479 0.36283831 0.35232302 0.39930133 0.34523319 0.50234819  0.48417291 0.45702496 0.47508945 0.39693445 0.45000532 0.44589633  0.47476172 0.42761975 0.50206904 0.41641874
0.00039479 0.36283831 0.35232302 0.39930133 0.34523319 0.50234819  0.48417291 0.45702496 0.47508945 0.39693445 0.45000532 0.44589633  0.47476172 0.42761975 0.50206904 0.41641874
0.00039479 0.36283831 0.35232302 0.39930133 0.34523319 0.50234819  0.48417291 0.45702496 0.47508945 0.39693445 0.45000532 0.44589633  0.47476172 0.42761975 0.50206904 0.41641874
0.00039479 0.36283831 0.35232302 0.39930133 0.34523319 0.50234819  0.48417291 0.45702496 0.47508945 0.39693445 0.45000532 0.44589633  0.47476172 0.42761975 0.50206904 0.41641874
0.10621071 0.47415403 0.27143342 0.46311552 0.40469776 0.32432406  0.55148074 0.45167118 0.25323265 0.41498562 0.21487997 0.49533362  0.52030419 0.31450562 0.32525947 0.53234877
0.25195057 0.61329611 0.18096077 0.49548379 0.44292516 0.24872212  0.62814498 0.45422469 0.17670974 0.39919757 0.24901568 0.4839964  0.51150425 0.28786717 0.24401185 0.50685092
0.492095   0.64129503 0.05790454 0.43978349 0.48747955 0.29264644  0.61557031 0.15089358 0.45196576 0.38235849 0.41653971 0.48017216  0.42033963 0.50645315 0.56435179 0.27242096
0.70080289 0.47187551 0.06230188 0.20799814 0.42859286 0.52753471  0.544397   0.32690414 0.62538905 0.33908987 0.325009   0.46484743  0.65244584 0.50112069 0.64640581 0.43539087
0.7799895  0.29584202 0.07279616 0.29787912 0.46599286 0.60434131  0.41881858 0.45618182 0.51572558 0.32319575 0.254075   0.34623599  0.48060285 0.29238049 0.68932225 0.42534281
0.84762212 0.14938258 0.1509395  0.53734556 0.4489807  0.62894312  0.41676858 0.49872891 0.3004196  0.51707868 0.42507608 0.31546663  0.48243719 0.41388851 0.67534679 0.46828729
0.8508537  0.13701666 0.15478525 0.57287247 0.45359969 0.62966244  0.45656567 0.50780262 0.34873848 0.52822827 0.43689213 0.34989672  0.50840429 0.36230839 0.65742939 0.51316714
0.85985846 0.10372063 0.1624844  0.66602118 0.48853168 0.65694856  0.56859954 0.56346362 0.48039198 0.53002397 0.38458655 0.43064547  0.49198362 0.33629144 0.58899371 0.49438767
0.86131534 0.09692115 0.16315547 0.68920619 0.49619535 0.66865475  0.5957948  0.58058601 0.50717544 0.51292869 0.36559884 0.46374368  0.47216055 0.35925946 0.55460021 0.47574645
0.86216627 0.09325316 0.16444127 0.7036774  0.49931408 0.67237665  0.61672802 0.58923687 0.53562802 0.50191269 0.35513858 0.48762534  0.46457228 0.34790987 0.53438239 0.48315199
0.86441074 0.08281387 0.16572234 0.74065234 0.51132251 0.69015193  0.66399449 0.61776002 0.59035087 0.47253953 0.32135443 0.54712853  0.43334813 0.36473103 0.47696441 0.45884547
0.86716446 0.06981322 0.16607979 0.78413326 0.52814424 0.71543622  0.71682357 0.65499199 0.64743083 0.43946368 0.2775445  0.61431557  0.39842809 0.3864625  0.41792848 0.40742728
0.86808903 0.06538338 0.16670291 0.80074365 0.53326867 0.72339861  0.73912727 0.66867216 0.67376541 0.42547055 0.26153883 0.64729893  0.38499728 0.39412459 0.38750032 0.3887355 
0.86808903 0.06538338 0.16670291 0.80074365 0.53326867 0.72339861  0.73912727 0.66867216 0.67376541 0.42547055 0.26153883 0.64729893  0.38499728 0.39412459 0.38750032 0.3887355 
0.86808903 0.06538338 0.16670291 0.80074365 0.53326867 0.72339861  0.73912727 0.66867216 0.67376541 0.42547055 0.26153883 0.64729893  0.38499728 0.39412459 0.38750032 0.3887355 
0.86808903 0.06538338 0.16670291 0.80074365 0.53326867 0.72339861  0.73912727 0.66867216 0.67376541 0.42547055 0.26153883 0.64729893  0.38499728 0.39412459 0.38750032 0.3887355 
0.86632209 0.07329137 0.16437385 0.769652   0.52604351 0.71374303  0.69476824 0.64858919 0.61561665 0.45140542 0.28522771 0.59170173  0.40231272 0.40954149 0.43385214 0.38633692
0.84888916 0.10314022 0.12537424 0.69827543 0.54893983 0.74830378  0.62979372 0.62872769 0.55114997 0.3755819  0.24020055 0.51262418  0.40328468 0.45241273 0.48093781 0.34893558
0.84888916 0.10314022 0.12537424 0.69827543 0.54893983 0.74830378  0.62979372 0.62872769 0.55114997 0.3755819  0.24020055 0.51262418  0.40328468 0.45241273 0.48093781 0.34893558
0.83318692 0.13398882 0.09234297 0.61787342 0.5596215  0.76439866  0.55449067 0.60174339 0.51139606 0.32481061 0.20604878 0.42450754  0.37077236 0.48742888 0.46930373 0.39127516
0.83318692 0.13398882 0.09234297 0.61787342 0.5596215  0.76439866  0.55449067 0.60174339 0.51139606 0.32481061 0.20604878 0.42450754  0.37077236 0.48742888 0.46930373 0.39127516
0.80790304 0.17951283 0.06143052 0.54971925 0.58725989 0.76044971  0.55854833 0.57039534 0.52995669 0.26875198 0.16887645 0.35496748  0.38376599 0.45560494 0.59850996 0.39593142
0.80790304 0.17951283 0.06143052 0.54971925 0.58725989 0.76044971  0.55854833 0.57039534 0.52995669 0.26875198 0.16887645 0.35496748  0.38376599 0.45560494 0.59850996 0.39593142
0.76163562 0.26947104 0.04283748 0.46677033 0.56539903 0.66507112  0.53459771 0.40508    0.51700976 0.27901299 0.30013378 0.28387895  0.46557099 0.39606408 0.74640132 0.40620341
0.76163562 0.26947104 0.04283748 0.46677033 0.56539903 0.66507112  0.53459771 0.40508    0.51700976 0.27901299 0.30013378 0.28387895  0.46557099 0.39606408 0.74640132 0.40620341
0.61494527 0.43821933 0.01998225 0.38527556 0.57462669 0.31615906  0.5646193  0.17792549 0.56423096 0.26170198 0.49138286 0.36283067  0.51139148 0.47075436 0.69521695 0.2918285 
0.26974123 0.65437309 0.15819066 0.54995129 0.46969178 0.18165384  0.5824102  0.47273892 0.20726515 0.40844773 0.25536764 0.49170491  0.44169077 0.35906136 0.42031708 0.45878319
0.1234861  0.51654246 0.25523885 0.52229453 0.42027218 0.27466894  0.45908465 0.51873701 0.31559885 0.39553528 0.19247021 0.49167978  0.6872911  0.3576488  0.3385896  0.581581  
0.1234861  0.51654246 0.25523885 0.52229453 0.42027218 0.27466894  0.45908465 0.51873701 0.31559885 0.39553528 0.19247021 0.49167978  0.6872911  0.3576488  0.3385896  0.581581  
0.01779563 0.38669558 0.33863985 0.42004769 0.35385851 0.46460162  0.48109267 0.47190843 0.43452283 0.38595027 0.3992976  0.44733029  0.52908455 0.38078184 0.39373238 0.44873962
0.00039479 0.36283831 0.35232302 0.39930133 0.34523319 0.50234819  0.48417291 0.45702496 0.47508945 0.39693445 0.45000532 0.44589633  0.47476172 0.42761975 0.50206904 0.41641874
0.00039479 0.36283831 0.35232302 0.39930133 0.34523319 0.50234819  0.48417291 0.45702496 0.47508945 0.39693445 0.45000532 0.44589633  0.47476172 0.42761975 0.50206904 0.41641874
0.00039479 0.36283831 0.35232302 0.39930133 0.34523319 0.50234819  0.48417291 0.45702496 0.47508945 0.39693445 0.45000532 0.44589633  0.47476172 0.42761975 0.50206904 0.41641874
0.00039479 0.36283831 0.35232302 0.39930133 0.34523319 0.50234819  0.48417291 0.45702496 0.47508945 0.39693445 0.45000532 0.44589633  0.47476172 0.42761975 0.50206904 0.41641874
0.00039479 0.36283831 0.35232302 0.39930133 0.34523319 0.50234819  0.48417291 0.45702496 0.47508945 0.39693445 0.45000532 0.44589633  0.47476172 0.42761975 0.50206904 0.41641874
0.00039479 0.36283831 0.35232302 0.39930133 0.34523319 0.50234819  0.48417291 0.45702496 0.47508945 0.39693445 0.45000532 0.44589633  0.47476172 0.42761975 0.50206904 0.41641874
0.00039479 0.36283831 0.35232302 0.39930133 0.34523319 0.50234819  0.48417291 0.45702496 0.47508945 0.39693445 0.45000532 0.44589633  0.47476172 0.42761975 0.50206904 0.41641874
0.09141121 0.48350961 0.29547124 0.48804858 0.35821456 0.49296096  0.38078931 0.48153359 0.61036509 0.43085577 0.5216048  0.45552877  0.38361479 0.54059448 0.79685517 0.38328538
0.24025189 0.62578521 0.23170317 0.49971017 0.32215042 0.62707074  0.38068848 0.46472493 0.73002585 0.3949805  0.75038442 0.39717665  0.41025324 0.52501907 0.66383517 0.31894082
0.29520026 0.70013518 0.1930977  0.55358548 0.34149752 0.57443086  0.35816813 0.4805883  0.71556359 0.38357837 0.74849141 0.39355044  0.4058845  0.50663275 0.62296239 0.29673481
0.34815746 0.73670386 0.16774825 0.56057492 0.35632688 0.51449318  0.34004167 0.57771695 0.68842186 0.35078869 0.69361525 0.38606726  0.54892701 0.49900369 0.56165093 0.35644049
0.36599686 0.72539468 0.16655726 0.51703219 0.35426785 0.52300255  0.3738204  0.62229818 0.68728485 0.32141312 0.72196863 0.36846911  0.62900315 0.52938542 0.57151244 0.36851862
0.45324639 0.70318268 0.15016922 0.40604804 0.34169481 0.52722274  0.42716467 0.73855971 0.6771635  0.25449188 0.71390613 0.35024401  0.79072631 0.47861274 0.52665041 0.44041842
0.43481616 0.70250563 0.14509956 0.42792567 0.36708736 0.46541623  0.43394375 0.73350461 0.66889029 0.24898593 0.74151439 0.34680151  0.72653685 0.49437617 0.56507348 0.40197931
0.45241574 0.69076968 0.1380393  0.38473499 0.37738456 0.45222151  0.49286604 0.74094669 0.6554626  0.23763214 0.75808838 0.34031415  0.77345537 0.53311745 0.625038   0.39695316
0.48653505 0.67223998 0.13517797 0.34484384 0.36949892 0.43892394  0.52267417 0.78206988 0.60714171 0.2367458  0.77636406 0.33558628  0.60809082 0.44593851 0.63550875 0.35427042
0.49894093 0.63686946 0.12866978 0.34928681 0.38550205 0.41534472  0.48521975 0.76755255 0.63206683 0.20968358 0.8390613  0.31103545  0.58804372 0.3840189  0.54148418 0.32721484
0.49894093 0.63686946 0.12866978 0.34928681 0.38550205 0.41534472  0.48521975 0.76755255 0.63206683 0.20968358 0.8390613  0.31103545  0.58804372 0.3840189  0.54148418 0.32721484
0.49894093 0.63686946 0.12866978 0.34928681 0.38550205 0.41534472  0.48521975 0.76755255 0.63206683 0.20968358 0.8390613  0.31103545  0.58804372 0.3840189  0.54148418 0.32721484
0.53308994 0.61222885 0.14059167 0.30106868 0.35421336 0.46311344  0.45602027 0.84523922 0.63716419 0.23214548 0.797921   0.32412898  0.59715945 0.34606715 0.52378325 0.37773016
0.53308994 0.61222885 0.14059167 0.30106868 0.35421336 0.46311344  0.45602027 0.84523922 0.63716419 0.23214548 0.797921   0.32412898  0.59715945 0.34606715 0.52378325 0.37773016
0.53308994 0.61222885 0.14059167 0.30106868 0.35421336 0.46311344  0.45602027 0.84523922 0.63716419 0.23214548 0.797921   0.32412898  0.59715945 0.34606715 0.52378325 0.37773016
0.53308994 0.61222885 0.14059167 0.30106868 0.35421336 0.46311344  0.45602027 0.84523922 0.63716419 0.23214548 0.797921   0.32412898  0.59715945 0.34606715 0.52378325 0.37773016
0.55053165 0.60539095 0.12747839 0.26607919 0.37023409 0.43631531  0.53408589 0.82350752 0.58541119 0.2451255  0.785609   0.33570634  0.58995713 0.35828489 0.55545965 0.38818958
0.55053165 0.60539095 0.12747839 0.26607919 0.37023409 0.43631531  0.53408589 0.82350752 0.58541119 0.2451255  0.785609   0.33570634  0.58995713 0.35828489 0.55545965 0.38818958
0.55053165 0.60539095 0.12747839 0.26607919 0.37023409 0.43631531  0.53408589 0.82350752 0.58541119 0.2451255  0.785609   0.33570634  0.58995713 0.35828489 0.55545965 0.38818958
0.55053165 0.60539095 0.12747839 0.26607919 0.37023409 0.43631531  0.53408589 0.82350752 0.58541119 0.2451255  0.785609   0.33570634  0.58995713 0.35828489 0.55545965 0.38818958
0.53308994 0.61222885 0.14059167 0.30106868 0.35421336 0.46311344  0.45602027 0.84523922 0.63716419 0.23214548 0.797921   0.32412898  0.59715945 0.34606715 0.52378325 0.37773016
0.48681926 0.67420223 0.13533319 0.33882603 0.37268842 0.44196481  0.52915019 0.79393679 0.60701069 0.24626161 0.77996707 0.33782428  0.64519925 0.48550635 0.60376102 0.36431859
0.47110048 0.69951988 0.12848096 0.36516653 0.37858455 0.4560026  0.55157059 0.72130522 0.61018655 0.22930565 0.79349911 0.32817326  0.70027299 0.50769467 0.58303888 0.35224239
0.45241574 0.69076968 0.1380393  0.38473499 0.37738456 0.45222151  0.49286604 0.74094669 0.6554626  0.23763214 0.75808838 0.34031415  0.77345537 0.53311745 0.625038   0.39695316
0.43503066 0.70664685 0.13558072 0.42602452 0.38285822 0.44694594  0.48133602 0.67483046 0.65256844 0.25995753 0.75050759 0.35305704  0.70674437 0.51738838 0.61632946 0.37896201
0.36496391 0.75522442 0.14789378 0.57966985 0.3770067  0.45499379  0.34513775 0.56745888 0.66858476 0.34037136 0.65366286 0.39567906  0.59456809 0.46751894 0.51342688 0.38480689
0.31075153 0.74726981 0.16047733 0.63033883 0.39802757 0.38116636  0.3396823  0.54794139 0.57908491 0.33169116 0.58576077 0.39437484  0.58130206 0.44810978 0.405432   0.34191584
0.25402639 0.704089   0.17758881 0.65341906 0.42925595 0.27324705  0.31643801 0.5801455  0.51017901 0.34267411 0.43768446 0.42697737  0.62270112 0.46412877 0.46438012 0.39138672
0.14392487 0.56541702 0.247794   0.57054798 0.40600742 0.32548933  0.35088994 0.56166867 0.49798075 0.36551121 0.38712841 0.44534289  0.62336112 0.47690308 0.5257855  0.43178757
0.07169175 0.46638463 0.29860831 0.49205138 0.38229868 0.39434021  0.41182286 0.51839978 0.47257128 0.37731842 0.39070876 0.4490701  0.58759477 0.45832148 0.50750496 0.43942169
0.00039479 0.36283831 0.35232302 0.39930133 0.34523319 0.50234819  0.48417291 0.45702496 0.47508945 0.39693445 0.45000532 0.44589633  0.47476172 0.42761975 0.50206904 0.41641874
0.00039479 0.36283831 0.35232302 0.39930133 0.34523319 0.50234819  0.48417291 0.45702496 0.47508945 0.39693445 0.45000532 0.44589633  0.47476172 0.42761975 0.50206904 0.41641874
0.00039479 0.36283831 0.35232302 0.39930133 0.34523319 0.50234819  0.48417291 0.45702496 0.47508945 0.39693445 0.45000532 0.44589633  0.47476172 0.42761975 0.50206904 0.41641874
0.00039479 0.36283831 0.35232302 0.39930133 0.34523319 0.50234819  0.48417291 0.45702496 0.47508945 0.39693445 0.45000532 0.44589633  0.47476172 0.42761975 0.50206904 0.41641874
0.00039479 0.36283831 0.35232302 0.39930133 0.34523319 0.50234819  0.48417291 0.45702496 0.47508945 0.39693445 0.45000532 0.44589633  0.47476172 0.42761975 0.50206904 0.41641874
0.00039479 0.36283831 0.35232302 0.39930133 0.34523319 0.50234819  0.48417291 0.45702496 0.47508945 0.39693445 0.45000532 0.44589633  0.47476172 0.42761975 0.50206904 0.41641874
0.00039479 0.36283831 0.35232302 0.39930133 0.34523319 0.50234819  0.48417291 0.45702496 0.47508945 0.39693445 0.45000532 0.44589633  0.47476172 0.42761975 0.50206904 0.41641874
0.00039479 0.36283831 0.35232302 0.39930133 0.34523319 0.50234819  0.48417291 0.45702496 0.47508945 0.39693445 0.45000532 0.44589633  0.47476172 0.42761975 0.50206904 0.41641874
0.00039479 0.36283831 0.35232302 0.39930133 0.34523319 0.50234819  0.48417291 0.45702496 0.47508945 0.39693445 0.45000532 0.44589633  0.47476172 0.42761975 0.50206904 0.41641874
0.00039479 0.36283831 0.35232302 0.39930133 0.34523319 0.50234819  0.48417291 0.45702496 0.47508945 0.39693445 0.45000532 0.44589633  0.47476172 0.42761975 0.50206904 0.41641874
0.00039479 0.36283831 0.35232302 0.39930133 0.34523319 0.50234819  0.48417291 0.45702496 0.47508945 0.39693445 0.45000532 0.44589633  0.47476172 0.42761975 0.50206904 0.41641874
0.00039479 0.36283831 0.35232302 0.39930133 0.34523319 0.50234819  0.48417291 0.45702496 0.47508945 0.39693445 0.45000532 0.44589633  0.47476172 0.42761975 0.50206904 0.41641874
0.00039479 0.36283831 0.35232302 0.39930133 0.34523319 0.50234819  0.48417291 0.45702496 0.47508945 0.39693445 0.45000532 0.44589633  0.47476172 0.42761975 0.50206904 0.41641874
0.00039479 0.36283831 0.35232302 0.39930133 0.34523319 0.50234819  0.48417291 0.45702496 0.47508945 0.39693445 0.45000532 0.44589633  0.47476172 0.42761975 0.50206904 0.41641874
0.00039479 0.36283831 0.35232302 0.39930133 0.34523319 0.50234819  0.48417291 0.45702496 0.47508945 0.39693445 0.45000532 0.44589633  0.47476172 0.42761975 0.50206904 0.41641874
