0.00039479 0.36283831 0.35232302 0.39930133 0.34523319 0.50234819  0.48417291 0.45702496 0.47508945 0.39693445 0.45000532 0.44589633  0.47476172 0.42761975 0.50206904 0.41641874
0.00039479 0.36283831 0.35232302 0.39930133 0.34523319 0.50234819  0.48417291 0.45702496 0.47508945 0.39693445 0.45000532 0.44589633  0.47476172 0.42761975 0.50206904 0.41641874
0.00039479 0.36283831 0.35232302 0.39930133 0.34523319 0.50234819  0.48417291 0.45702496 0.47508945 0.39693445 0.45000532 0.44589633  0.47476172 0.42761975 0.50206904 0.41641874
0.00039479 0.36283831 0.35232302 0.39930133 0.34523319 0.50234819  0.48417291 0.45702496 0.47508945 0.39693445 0.45000532 0.44589633  0.47476172 0.42761975 0.50206904 0.41641874
0.00039479 0.36283831 0.35232302 0.39930133 0.34523319 0.50234819  0.48417291 0.45702496 0.47508945 0.39693445 0.45000532 0.44589633  0.47476172 0.42761975 0.50206904 0.41641874
0.00039479 0.36283831 0.35232302 0.39930133 0.34523319 0.50234819  0.48417291 0.45702496 0.47508945 0.39693445 0.45000532 0.44589633  0.47476172 0.42761975 0.50206904 0.41641874
0.00039479 0.36283831 0.35232302 0.39930133 0.34523319 0.50234819  0.48417291 0.45702496 0.47508945 0.39693445 0.45000532 0.44589633  0.47476172 0.42761975 0.50206904 0.41641874
0.00039479 0.36283831 0.35232302 0.39930133 0.34523319 0.50234819  0.48417291 0.45702496 0.47508945 0.39693445 0.45000532 0.44589633  0.47476172 0.42761975 0.50206904 0.41641874
0.00039479 0.36283831 0.35232302 0.39930133 0.34523319 0.50234819  0.48417291 0.45702496 0.47508945 0.39693445 0.45000532 0.44589633  0.47476172 0.42761975 0.50206904 0.41641874
0.00039479 0.36283831 0.35232302 0.39930133 0.34523319 0.50234819  0.48417291 0.45702496 0.47508945 0.39693445 0.45000532 0.44589633  0.47476172 0.42761975 0.50206904 0.41641874
0.00039479 0.36283831 0.35232302 0.39930133 0.34523319 0.50234819  0.48417291 0.45702496 0.47508945 0.39693445 0.45000532 0.44589633  0.47476172 0.42761975 0.50206904 0.41641874
0.00039479 0.36283831 0.35232302 0.39930133 0.34523319 0.50234819  0.48417291 0.45702496 0.47508945 0.39693445 0.45000532 0.44589633  0.47476172 0.42761975 0.50206904 0.41641874
0.00039479 0.36283831 0.35232302 0.39930133 0.34523319 0.50234819  0.48417291 0.45702496 0.47508945 0.39693445 0.45000532 0.44589633  0.47476172 0.42761975 0.50206904 0.41641874
0.00039479 0.36283831 0.35232302 0.39930133 0.34523319 0.50234819  0.48417291 0.45702496 0.47508945 0.39693445 0.45000532 0.44589633  0.47476172 0.42761975 0.50206904 0.41641874
0.00039479 0.36283831 0.35232302 0.39930133 0.34523319 0.50234819  0.48417291 0.45702496 0.47508945 0.39693445 0.45000532 0.44589633  0.47476172 0.42761975 0.50206904 0.41641874
0.00039479 0.36283831 0.35232302 0.39930133 0.34523319 0.50234819  0.48417291 0.45702496 0.47508945 0.39693445 0.45000532 0.44589633  0.47476172 0.42761975 0.50206904 0.41641874
0.00039479 0.36283831 0.35232302 0.39930133 0.34523319 0.50234819  0.48417291 0.45702496 0.47508945 0.39693445 0.45000532 0.44589633  0.47476172 0.42761975 0.50206904 0.41641874
0.00039479 0.36283831 0.35232302 0.39930133 0.34523319 0.50234819  0.48417291 0.45702496 0.47508945 0.39693445 0.45000532 0.44589633  0.47476172 0.42761975 0.50206904 0.41641874
0.00039479 0.36283831 0.35232302 0.39930133 0.34523319 0.50234819  0.48417291 0.45702496 0.47508945 0.39693445 0.45000532 0.44589633  0.47476172 0.42761975 0.50206904 0.41641874
0.00039479 0.36283831 0.35232302 0.39930133 0.34523319 0.50234819  0.48417291 0.45702496 0.47508945 0.39693445 0.45000532 0.44589633  0.47476172 0.42761975 0.50206904 0.41641874
0.00039479 0.36283831 0.35232302 0.39930133 0.34523319 0.50234819  0.48417291 0.45702496 0.47508945 0.39693445 0.45000532 0.44589633  0.47476172 0.42761975 0.50206904 0.41641874
0.00039479 0.36283831 0.35232302 0.39930133 0.34523319 0.50234819  0.48417291 0.45702496 0.47508945 0.39693445 0.45000532 0.44589633  0.47476172 0.42761975 0.50206904 0.41641874
0.00039479 0.36283831 0.35232302 0.39930133 0.34523319 0.50234819  0.48417291 0.45702496 0.47508945 0.39693445 0.45000532 0.44589633  0.47476172 0.42761975 0.50206904 0.41641874
0.00039479 0.36283831 0.35232302 0.39930133 0.34523319 0.50234819  0.48417291 0.45702496 0.47508945 0.39693445 0.45000532 0.44589633  0.47476172 0.42761975 0.50206904 0.41641874
0.00039479 0.36283831 0.35232302 0.39930133 0.34523319 0.50234819  0.48417291 0.45702496 0.47508945 0.39693445 0.45000532 0.44589633  0.47476172 0.42761975 0.50206904 0.41641874
0.00039479 0.36283831 0.35232302 0.39930133 0.34523319 0.50234819  0.48417291 0.45702496 0.47508945 0.39693445 0.45000532 0.44589633  0.47476172 0.42761975 0.50206904 0.41641874
0.00039479 0.36283831 0.35232302 0.39930133 0.34523319 0.50234819  0.48417291 0.45702496 0.47508945 0.39693445 0.45000532 0.44589633  0.47476172 0.42761975 0.50206904 0.41641874
0.00039479 0.36283831 0.35232302 0.39930133 0.34523319 0.50234819  0.48417291 0.45702496 0.47508945 0.39693445 0.45000532 0.44589633  0.47476172 0.42761975 0.50206904 0.41641874
0.00039479 0.36283831 0.35232302 0.39930133 0.34523319 0.50234819  0.48417291 0.45702496 0.47508945 0.39693445 0.45000532 0.44589633  0.47476172 0.42761975 0.50206904 0.41641874
0.00039479 0.36283831 0.35232302 0.39930133 0.34523319 0.50234819  0.48417291 0.45702496 0.47508945 0.39693445 0.45000532 0.44589633  0.47476172 0.42761975 0.50206904 0.41641874
0.00039479 0.36283831 0.35232302 0.39930133 0.34523319 0.50234819  0.48417291 0.45702496 0.47508945 0.39693445 0.45000532 0.44589633  0.47476172 0.42761975 0.50206904 0.41641874
0.00039479 0.36283831 0.35232302 0.39930133 0.34523319 0.50234819  0.48417291 0.45702496 0.47508945 0.39693445 0.45000532 0.44589633  0.47476172 0.42761975 0.50206904 0.41641874
0.00039479 0.36283831 0.35232302 0.39930133 0.34523319 0.50234819  0.48417291 0.45702496 0.47508945 0.39693445 0.45000532 0.44589633  0.47476172 0.42761975 0.50206904 0.41641874
0.00039479 0.36283831 0.35232302 0.39930133 0.34523319 0.50234819  0.48417291 0.45702496 0.47508945 0.39693445 0.45000532 0.44589633  0.47476172 0.42761975 0.50206904 0.41641874
0.00039479 0.36283831 0.35232302 0.39930133 0.34523319 0.50234819  0.48417291 0.45702496 0.47508945 0.39693445 0.45000532 0.44589633  0.47476172 0.42761975 0.50206904 0.41641874
0.00039479 0.36283831 0.35232302 0.39930133 0.34523319 0.50234819  0.48417291 0.45702496 0.47508945 0.39693445 0.45000532 0.44589633  0.47476172 0.42761975 0.50206904 0.41641874
0.00039479 0.36283831 0.35232302 0.39930133 0.34523319 0.50234819  0.48417291 0.45702496 0.47508945 0.39693445 0.45000532 0.44589633  0.47476172 0.42761975 0.50206904 0.41641874
0.00039479 0.36283831 0.35232302 0.39930133 0.34523319 0.50234819  0.48417291 0.45702496 0.47508945 0.39693445 0.45000532 0.44589633  0.47476172 0.42761975 0.50206904 0.41641874
0.00039479 0.36283831 0.35232302 0.39930133 0.34523319 0.50234819  0.48417291 0.45702496 0.47508945 0.39693445 0.45000532 0.44589633  0.47476172 0.42761975 0.50206904 0.41641874
0.00039479 0.36283831 0.35232302 0.39930133 0.34523319 0.50234819  0.48417291 0.45702496 0.47508945 0.39693445 0.45000532 0.44589633  0.47476172 0.42761975 0.50206904 0.41641874
0.00039479 0.36283831 0.35232302 0.39930133 0.34523319 0.50234819  0.48417291 0.45702496 0.47508945 0.39693445 0.45000532 0.44589633  0.47476172 0.42761975 0.50206904 0.41641874
0.00039479 0.36283831 0.35232302 0.39930133 0.34523319 0.50234819  0.48417291 0.45702496 0.47508945 0.39693445 0.45000532 0.44589633  0.47476172 0.42761975 0.50206904 0.41641874
0.00039479 0.36283831 0.35232302 0.39930133 0.34523319 0.50234819  0.48417291 0.45702496 0.47508945 0.39693445 0.45000532 0.44589633  0.47476172 0.42761975 0.50206904 0.41641874
0.00039479 0.36283831 0.35232302 0.39930133 0.34523319 0.50234819  0.48417291 0.45702496 0.47508945 0.39693445 0.45000532 0.44589633  0.47476172 0.42761975 0.50206904 0.41641874
0.00039479 0.36283831 0.35232302 0.39930133 0.34523319 0.50234819  0.48417291 0.45702496 0.47508945 0.39693445 0.45000532 0.44589633  0.47476172 0.42761975 0.50206904 0.41641874
0.0177474  0.38984345 0.33852207 0.42635267 0.35697043 0.47086435  0.45750391 0.47765391 0.48169648 0.39463854 0.42895995 0.44917931  0.51265071 0.44991576 0.53083289 0.43501917
0.10805218 0.49364433 0.29568553 0.49584834 0.34801459 0.51768431  0.36424793 0.44524531 0.54459249 0.47416041 0.32455242 0.50194967  0.53544309 0.47149142 0.64742346 0.55381869
0.27809339 0.69847143 0.23830344 0.56417583 0.37536682 0.62556112  0.26108725 0.43693258 0.74554676 0.47812615 0.57968326 0.4574454  0.34642177 0.56838876 0.85093828 0.40436566
0.46802081 0.85310166 0.49969742 0.51029908 0.4915249  0.75299373  0.18078469 0.41858538 0.6972557  0.55610908 0.44884261 0.33583005  0.55406886 0.61398271 0.34616649 0.30867207
0.57579701 0.88763655 0.79902401 0.59806406 0.52951083 0.66230561  0.20910658 0.40940067 0.57975499 0.58799724 0.40925766 0.39731294  0.73476058 0.48674088 0.37742122 0.21890537
0.6744783  0.8769415  0.83273407 0.47261727 0.53436733 0.62879285  0.40311504 0.48453124 0.4872265  0.57933645 0.43457243 0.31583309  0.6079853  0.38384916 0.31243614 0.19340645
0.7070204  0.83924609 0.84398055 0.42627229 0.51565636 0.62271797  0.40139307 0.570576   0.45928998 0.57319795 0.44142973 0.30530347  0.5698623  0.35107198 0.35939248 0.18462354
0.7070204  0.83924609 0.84398055 0.42627229 0.51565636 0.62271797  0.40139307 0.570576   0.45928998 0.57319795 0.44142973 0.30530347  0.5698623  0.35107198 0.35939248 0.18462354
0.76334201 0.80732517 0.81996202 0.35184838 0.55901198 0.53296069  0.658117   0.51922484 0.39039971 0.64802103 0.38330542 0.36078444  0.59977476 0.30491958 0.43356957 0.30408224
0.77936791 0.78073765 0.80438056 0.32225363 0.51323156 0.50253253  0.69268422 0.55755978 0.42901924 0.61686912 0.36912297 0.30773949  0.6395868  0.35441458 0.49783472 0.30876406
0.77625937 0.76398156 0.76931878 0.35392524 0.40299551 0.47527906  0.72019014 0.55033908 0.45601433 0.60079138 0.32625869 0.24943309  0.62781964 0.36496517 0.49837565 0.30545195
0.82205443 0.67535085 0.76013458 0.27443474 0.42135902 0.39998819  0.67516427 0.54334954 0.56482346 0.55331164 0.29349521 0.2786036  0.62929432 0.47071289 0.5785437  0.32607458
0.8072661  0.61679477 0.63555972 0.34569232 0.19798238 0.36811031  0.7077115  0.54722545 0.55720682 0.51001903 0.32889332 0.35137264  0.64211535 0.45514934 0.61335818 0.41049643
0.80556628 0.5690059  0.5396106  0.32818519 0.13623261 0.40505115  0.62241308 0.47241373 0.40679829 0.37361191 0.30267089 0.48201947  0.64360617 0.55175749 0.79297559 0.3081023 
0.79146625 0.48853757 0.37992784 0.29462721 0.1204568  0.43324762  0.54547286 0.60222355 0.35422112 0.55201313 0.38501286 0.63438755  0.62763165 0.52966476 0.75081449 0.26321706
0.73553352 0.53266667 0.26839995 0.29527592 0.17117556 0.52817617  0.51991612 0.52505369 0.26835278 0.56992036 0.39223579 0.62359804  0.66719012 0.65767761 0.59468596 0.2249505 
0.67349632 0.60374216 0.15231162 0.20286667 0.26721298 0.61066191  0.52655195 0.61422499 0.40567613 0.43176951 0.31094331 0.49294427  0.53653026 0.45879872 0.48974381 0.43704337
0.62863037 0.67567296 0.1216489  0.2198997  0.29787827 0.64101889  0.62745958 0.57898695 0.43644855 0.41370235 0.36967134 0.47593815  0.6608313  0.48010807 0.52825392 0.52738199
0.61183968 0.69688684 0.12536163 0.26284067 0.29129743 0.65749615  0.60775324 0.53801227 0.41282486 0.43546089 0.35133522 0.48050322  0.60280204 0.44902583 0.45943278 0.51334531
0.54613843 0.77463399 0.11719805 0.37383787 0.30518924 0.66820719  0.61680396 0.47865598 0.41076565 0.4333827  0.47501885 0.44786116  0.54520764 0.36950805 0.38409753 0.49708548
0.54613843 0.77463399 0.11719805 0.37383787 0.30518924 0.66820719  0.61680396 0.47865598 0.41076565 0.4333827  0.47501885 0.44786116  0.54520764 0.36950805 0.38409753 0.49708548
0.54613843 0.77463399 0.11719805 0.37383787 0.30518924 0.66820719  0.61680396 0.47865598 0.41076565 0.4333827  0.47501885 0.44786116  0.54520764 0.36950805 0.38409753 0.49708548
0.5968057  0.7272429  0.13079458 0.28719592 0.28337011 0.68089919  0.61843603 0.5850168  0.37381738 0.44082771 0.39598419 0.45826107  0.58299208 0.36995719 0.42101748 0.50380447
0.64334169 0.64349341 0.11673409 0.19784786 0.30793842 0.60832003  0.60682209 0.56247302 0.48303429 0.3897921  0.37474232 0.48082562  0.6606529  0.52971895 0.50867236 0.52618367
0.65803198 0.61412126 0.10977007 0.17914822 0.31592023 0.59144177  0.59912499 0.49283154 0.5130465  0.39980607 0.3072205  0.51014479  0.67790418 0.60399631 0.56895151 0.53314605
0.67408174 0.58802617 0.11093365 0.14606481 0.31629629 0.5722528  0.58541939 0.54936046 0.5362624  0.3816034  0.31403501 0.51218567  0.65974729 0.5810645  0.63028581 0.54542615
0.67408174 0.58802617 0.11093365 0.14606481 0.31629629 0.5722528  0.58541939 0.54936046 0.5362624  0.3816034  0.31403501 0.51218567  0.65974729 0.5810645  0.63028581 0.54542615
0.67408174 0.58802617 0.11093365 0.14606481 0.31629629 0.5722528  0.58541939 0.54936046 0.5362624  0.3816034  0.31403501 0.51218567  0.65974729 0.5810645  0.63028581 0.54542615
0.67408174 0.58802617 0.11093365 0.14606481 0.31629629 0.5722528  0.58541939 0.54936046 0.5362624  0.3816034  0.31403501 0.51218567  0.65974729 0.5810645  0.63028581 0.54542615
0.68715772 0.55268176 0.10365317 0.14338652 0.33481876 0.54677173  0.55025034 0.50269645 0.57457969 0.35957522 0.33676096 0.49832325  0.65436124 0.54395063 0.55617173 0.51015444
0.62054712 0.6245014  0.06511593 0.23824718 0.39274103 0.51008723  0.66014832 0.2878644  0.58828841 0.36930599 0.45899267 0.48590231  0.65914399 0.62572598 0.61662474 0.4846396 
0.52205044 0.71866755 0.07458089 0.37297471 0.41044102 0.43525773  0.7059902  0.30761278 0.44889041 0.39635489 0.51353228 0.47048403  0.45600764 0.57795893 0.60195348 0.39747551
0.52205044 0.71866755 0.07458089 0.37297471 0.41044102 0.43525773  0.7059902  0.30761278 0.44889041 0.39635489 0.51353228 0.47048403  0.45600764 0.57795893 0.60195348 0.39747551
0.3212657  0.67174569 0.12774335 0.56143003 0.4847851  0.15004706  0.55146739 0.41525441 0.271189   0.40772048 0.23584947 0.50946491  0.44289619 0.47175305 0.53309515 0.40789603
0.27044896 0.69920555 0.15737898 0.63468763 0.45958256 0.18994235  0.42239432 0.52626906 0.33820585 0.39305299 0.28027255 0.48070926  0.50602961 0.41068073 0.48313872 0.43518502
0.12395152 0.51573332 0.25559881 0.51888776 0.41790437 0.28076926  0.46513947 0.51406691 0.31455051 0.39340552 0.20530521 0.48858413  0.67314613 0.35097288 0.32534225 0.5648578 
0.07112014 0.46500132 0.2973519  0.49166538 0.3834385  0.37136808  0.43330425 0.5197986  0.40156211 0.36862981 0.3209655  0.4529951  0.63979749 0.36162128 0.31498613 0.49569075
0.07112014 0.46500132 0.2973519  0.49166538 0.3834385  0.37136808  0.43330425 0.5197986  0.40156211 0.36862981 0.3209655  0.4529951  0.63979749 0.36162128 0.31498613 0.49569075
0.05305711 0.43957166 0.31101253 0.47051371 0.37471271 0.40140838  0.44031666 0.50870415 0.42642705 0.37566067 0.35066315 0.45160235  0.60838869 0.3907296  0.38140058 0.47992183
0.05305711 0.43957166 0.31101253 0.47051371 0.37471271 0.40140838  0.44031666 0.50870415 0.42642705 0.37566067 0.35066315 0.45160235  0.60838869 0.3907296  0.38140058 0.47992183
0.1427829  0.56922478 0.24346308 0.58473204 0.42003821 0.26625472  0.3600837  0.57887034 0.40482342 0.35168333 0.26844025 0.45590068  0.73921967 0.39494678 0.33171307 0.51388374
0.17952049 0.61987143 0.21812169 0.62263864 0.43176984 0.24349576  0.32881225 0.59151189 0.44108585 0.35023626 0.30726368 0.44996783  0.70139789 0.43489181 0.4111966  0.47423269
0.25377526 0.71250581 0.1728141  0.67338181 0.43930744 0.24739641  0.29501728 0.58953551 0.52108745 0.34995056 0.43564292 0.43116964  0.5790201  0.4829441  0.52548066 0.37344512
0.25377526 0.71250581 0.1728141  0.67338181 0.43930744 0.24739641  0.29501728 0.58953551 0.52108745 0.34995056 0.43564292 0.43116964  0.5790201  0.4829441  0.52548066 0.37344512
0.30910826 0.75802656 0.1509421  0.67541917 0.41736873 0.32753852  0.31307518 0.50236386 0.51461908 0.43792497 0.39228075 0.47987568  0.37939323 0.43843664 0.62909424 0.40870008
0.34642805 0.7825323  0.14587228 0.66172356 0.38556723 0.43663571  0.306992   0.44931615 0.56901498 0.47390073 0.42453314 0.48720633  0.35072624 0.42870594 0.62507975 0.43299302
0.34642805 0.7825323  0.14587228 0.66172356 0.38556723 0.43663571  0.306992   0.44931615 0.56901498 0.47390073 0.42453314 0.48720633  0.35072624 0.42870594 0.62507975 0.43299302
0.40307465 0.81317002 0.12939876 0.61095755 0.35690898 0.53654769  0.3929279  0.40591639 0.56606153 0.45419495 0.56041313 0.45027724  0.29108188 0.37615142 0.48867626 0.38116118
0.42197165 0.81966524 0.12883817 0.58940231 0.33714667 0.59212695  0.40594522 0.39674552 0.58230231 0.4492814  0.58590683 0.4428437  0.32859787 0.35979088 0.44326054 0.39509047
0.47626812 0.81147946 0.14299539 0.51721986 0.28262374 0.71152057  0.41994787 0.42991457 0.5454568  0.43970787 0.52519383 0.43503968  0.43816745 0.33439942 0.32245419 0.41376199
0.47626812 0.81147946 0.14299539 0.51721986 0.28262374 0.71152057  0.41994787 0.42991457 0.5454568  0.43970787 0.52519383 0.43503968  0.43816745 0.33439942 0.32245419 0.41376199
0.57735045 0.9324818  0.46988419 0.33080104 0.65606282 0.72642863  0.48855769 0.32992176 0.40396015 0.43624202 0.27558798 0.32611517  0.37523209 0.41623279 0.22739836 0.41715483
0.70179255 0.89197176 0.71367141 0.31206325 0.60929479 0.65222895  0.63582547 0.37551603 0.35906505 0.36912012 0.35015152 0.34448098  0.75640177 0.39524146 0.38266072 0.33104176
0.73027541 0.84723367 0.72489891 0.31582701 0.50430604 0.56211873  0.71755817 0.42328855 0.42734786 0.45947345 0.32825402 0.22473783  0.80792118 0.48606006 0.47209742 0.26441528
0.75513647 0.79742745 0.73778809 0.31597383 0.45872316 0.5173125  0.70551166 0.51748617 0.40495679 0.61747948 0.36031678 0.24680752  0.77924965 0.52172851 0.45121651 0.22118172
0.76134525 0.67291816 0.55951969 0.32541029 0.26341672 0.44887748  0.72848075 0.44621551 0.49983899 0.69974851 0.24322752 0.30515535  0.82798929 0.68103845 0.52546396 0.22888058
0.74951075 0.65365558 0.49133089 0.33393894 0.21923298 0.48149025  0.69343362 0.45950512 0.42583493 0.65048271 0.28137912 0.392247  0.80269082 0.67620123 0.54109278 0.2218145 
0.70872628 0.5728592  0.24096861 0.28736196 0.18452117 0.56545908  0.54703409 0.55668564 0.27168831 0.58934064 0.36296198 0.60138079  0.60405657 0.58684418 0.61022775 0.30506801
0.71967093 0.52099502 0.1532082  0.13076093 0.26648521 0.55751601  0.47625283 0.66187709 0.4558594  0.43102097 0.23310094 0.53171735  0.44344248 0.44838812 0.66382713 0.45831389
0.71967093 0.52099502 0.1532082  0.13076093 0.26648521 0.55751601  0.47625283 0.66187709 0.4558594  0.43102097 0.23310094 0.53171735  0.44344248 0.44838812 0.66382713 0.45831389
0.74259513 0.43134932 0.10147678 0.12277353 0.34690923 0.49611053  0.42778048 0.44379952 0.59194669 0.38730686 0.23314702 0.52190563  0.48136398 0.35534509 0.62720503 0.43155854
0.75500101 0.3959788  0.09496858 0.12721651 0.36291236 0.47253131  0.39032606 0.42928219 0.61687182 0.36024464 0.29584427 0.49735479  0.46131689 0.29342549 0.53318046 0.40450296
0.77045293 0.38261378 0.11810865 0.13503757 0.33883886 0.48945744  0.34555663 0.43957064 0.56631317 0.37898498 0.25354133 0.50240491  0.4553934  0.28566417 0.47715708 0.3362237 
0.79151947 0.29917435 0.09843352 0.2680682  0.42050315 0.59284998  0.34913772 0.44539433 0.4570541  0.35196292 0.23883505 0.35719145  0.49186995 0.24582619 0.63701753 0.3680622 
0.80754994 0.23296266 0.08922054 0.39951931 0.49018022 0.68365065  0.39848368 0.49097725 0.41691984 0.34353248 0.20625598 0.28324589  0.47088415 0.32353087 0.67138777 0.40884464
0.82241929 0.206717   0.11479631 0.45787882 0.47922531 0.68892361  0.42516805 0.52308321 0.39550196 0.3707761  0.21129309 0.33694778  0.43041362 0.39255823 0.66260008 0.3190499 
0.83024556 0.17719517 0.11319799 0.50418802 0.49951586 0.70447254  0.4225529  0.51687863 0.35600882 0.38662942 0.24810697 0.28803676  0.42543946 0.41764668 0.63974327 0.40111581
0.83024556 0.17719517 0.11319799 0.50418802 0.49951586 0.70447254  0.4225529  0.51687863 0.35600882 0.38662942 0.24810697 0.28803676  0.42543946 0.41764668 0.63974327 0.40111581
0.81792082 0.19184106 0.08554442 0.47808378 0.52935228 0.72526902  0.42837162 0.51109002 0.40333093 0.33696493 0.2029051  0.25899991  0.44164123 0.37789661 0.63411773 0.43747564
0.81537622 0.20344082 0.08762222 0.44582851 0.51047077 0.69919957  0.39586853 0.48477267 0.3774267  0.35938579 0.24306986 0.23433486  0.46590999 0.34861932 0.64853095 0.49091055
0.81537622 0.20344082 0.08762222 0.44582851 0.51047077 0.69919957  0.39586853 0.48477267 0.3774267  0.35938579 0.24306986 0.23433486  0.46590999 0.34861932 0.64853095 0.49091055
0.77821413 0.35250937 0.11078182 0.17848262 0.36559738 0.52350332  0.33864324 0.43382403 0.52273208 0.37314048 0.25354835 0.44652416  0.47235953 0.26329985 0.53308895 0.3562632 
0.71245785 0.48501546 0.0823423  0.14589847 0.37264681 0.52777345  0.49217761 0.34157134 0.62179105 0.35662963 0.27177815 0.50742406  0.6917453  0.48026016 0.53764033 0.45039154
0.66761333 0.57177261 0.08160697 0.20800067 0.35964442 0.58648128  0.56347265 0.25907486 0.56343371 0.37990452 0.25576974 0.50959458  0.77036197 0.56249416 0.52969797 0.46130694
0.55878896 0.72847248 0.08096928 0.34535815 0.3632369  0.56769496  0.68223746 0.27404124 0.48391469 0.44259912 0.45004886 0.49634717  0.52043477 0.55917253 0.58817349 0.48516202
0.49362571 0.81124581 0.1016175  0.47514645 0.3390896  0.61266162  0.60791633 0.33866394 0.42945969 0.47868133 0.51729227 0.46887136  0.35637887 0.33670351 0.41965302 0.46160683
0.42197165 0.81966524 0.12883817 0.58940231 0.33714667 0.59212695  0.40594522 0.39674552 0.58230231 0.4492814  0.58590683 0.4428437  0.32859787 0.35979088 0.44326054 0.39509047
0.44040188 0.82034229 0.13390782 0.56752468 0.31175412 0.65393346  0.39916614 0.40180063 0.59057552 0.45478735 0.55829857 0.44628621  0.39278733 0.34402745 0.40483746 0.43352958
0.44040188 0.82034229 0.13390782 0.56752468 0.31175412 0.65393346  0.39916614 0.40180063 0.59057552 0.45478735 0.55829857 0.44628621  0.39278733 0.34402745 0.40483746 0.43352958
0.47503902 0.80057932 0.16202534 0.53393759 0.25916625 0.73561862  0.3278752  0.45738239 0.5497796  0.46303252 0.39801436 0.4628533  0.48076861 0.31461737 0.30694521 0.43860789
0.49049094 0.78721431 0.18516541 0.54175865 0.23509275 0.75254475  0.28310577 0.46767083 0.49922095 0.48177286 0.35571143 0.46790342  0.47484512 0.30685605 0.25092183 0.37032862
0.51752817 0.79770607 0.28921329 0.59147424 0.19040683 0.73797249  0.2655162  0.40125301 0.43265479 0.38997089 0.39557165 0.49986683  0.54333209 0.38763602 0.21987121 0.36614173
0.54532658 0.80056982 0.39585957 0.65757953 0.13254242 0.68926826  0.30586244 0.34433826 0.41848347 0.34331631 0.43971227 0.53678695  0.65157431 0.37787738 0.28234599 0.33501678
0.56149194 0.81356905 0.5594511  0.71544458 0.1211731  0.61850745  0.30179619 0.34090572 0.50770448 0.34263263 0.3608731  0.45734258  0.64209702 0.36038075 0.42641801 0.36934114
0.57659387 0.79000713 0.66911658 0.73192195 0.14163674 0.61269214  0.20086811 0.40525817 0.49723452 0.34297326 0.38884364 0.45915382  0.57755414 0.33899358 0.58436369 0.29316392
0.5795444  0.80254256 0.69496057 0.71622689 0.18863542 0.62161676  0.18995016 0.40371461 0.48879711 0.33804935 0.38406036 0.45368985  0.56473028 0.33842406 0.59039274 0.27274974
0.5795444  0.80254256 0.69496057 0.71622689 0.18863542 0.62161676  0.18995016 0.40371461 0.48879711 0.33804935 0.38406036 0.45368985  0.56473028 0.33842406 0.59039274 0.27274974
0.5795444  0.80254256 0.69496057 0.71622689 0.18863542 0.62161676  0.18995016 0.40371461 0.48879711 0.33804935 0.38406036 0.45368985  0.56473028 0.33842406 0.59039274 0.27274974
0.5795444  0.80254256 0.69496057 0.71622689 0.18863542 0.62161676  0.18995016 0.40371461 0.48879711 0.33804935 0.38406036 0.45368985  0.56473028 0.33842406 0.59039274 0.27274974
0.5795444  0.80254256 0.69496057 0.71622689 0.18863542 0.62161676  0.18995016 0.40371461 0.48879711 0.33804935 0.38406036 0.45368985  0.56473028 0.33842406 0.59039274 0.27274974
0.5795444  0.80254256 0.69496057 0.71622689 0.18863542 0.62161676  0.18995016 0.40371461 0.48879711 0.33804935 0.38406036 0.45368985  0.56473028 0.33842406 0.59039274 0.27274974
0.59822914 0.81129276 0.68540222 0.69665842 0.18983541 0.62539786  0.24865471 0.38407315 0.44352106 0.32972285 0.41947109 0.44154896  0.4915479  0.31300128 0.54839361 0.22803897
0.61651537 0.82212144 0.67375643 0.68795617 0.19455694 0.61211757  0.30188653 0.35241885 0.37035505 0.33912264 0.39235293 0.44942441  0.40109169 0.2710071  0.50977995 0.20853836
0.61651537 0.82212144 0.67375643 0.68795617 0.19455694 0.61211757  0.30188653 0.35241885 0.37035505 0.33912264 0.39235293 0.44942441  0.40109169 0.2710071  0.50977995 0.20853836
0.64098511 0.83537513 0.70276814 0.65083109 0.18767415 0.61416905  0.37460153 0.34119091 0.3582923  0.29310583 0.4100825  0.38884645  0.36709192 0.29419578 0.46505891 0.20656647
0.64098511 0.83537513 0.70276814 0.65083109 0.18767415 0.61416905  0.37460153 0.34119091 0.3582923  0.29310583 0.4100825  0.38884645  0.36709192 0.29419578 0.46505891 0.20656647
0.63803459 0.8228397  0.67692415 0.66652615 0.14067546 0.60524443  0.38551948 0.34273448 0.36672971 0.29802975 0.41486578 0.39431042  0.37991578 0.29476529 0.45902986 0.22698064
0.63803459 0.8228397  0.67692415 0.66652615 0.14067546 0.60524443  0.38551948 0.34273448 0.36672971 0.29802975 0.41486578 0.39431042  0.37991578 0.29476529 0.45902986 0.22698064
0.63803459 0.8228397  0.67692415 0.66652615 0.14067546 0.60524443  0.38551948 0.34273448 0.36672971 0.29802975 0.41486578 0.39431042  0.37991578 0.29476529 0.45902986 0.22698064
0.62017763 0.83360829 0.63501207 0.68238263 0.11526609 0.60408079  0.43864814 0.30458298 0.40664869 0.28672263 0.44260403 0.39821576  0.51843658 0.3507595  0.42700146 0.27064133
0.59990575 0.78960709 0.5117     0.6899276  0.08272484 0.64043208  0.39107078 0.32163375 0.32667074 0.33012661 0.5366552  0.52503391  0.62995874 0.37976059 0.40314388 0.23715503
0.57713134 0.81818654 0.45772456 0.63610648 0.11248086 0.67848878  0.38821106 0.30607583 0.39703214 0.21361986 0.4611482  0.4839002  0.61987032 0.36444083 0.3065674  0.37286784
0.53953295 0.78755765 0.36143212 0.6555955  0.13046902 0.68853252  0.31701689 0.367863   0.4254648  0.41173431 0.44060667 0.53650122  0.68284855 0.36297634 0.28695091 0.27785406
0.51173453 0.7846939  0.25478585 0.58949021 0.18833342 0.73723675  0.27667066 0.42477776 0.43963612 0.45838889 0.39646604 0.4995811  0.57460633 0.37273499 0.22447613 0.30897901
0.49049094 0.78721431 0.18516541 0.54175865 0.23509275 0.75254475  0.28310577 0.46767083 0.49922095 0.48177286 0.35571143 0.46790342  0.47484512 0.30685605 0.25092183 0.37032862
0.45769011 0.81091681 0.14822078 0.55104837 0.28538645 0.69569411  0.36274502 0.43109521 0.57012433 0.46118968 0.48009098 0.45561706  0.43482895 0.33072119 0.35071193 0.43893896
0.36549583 0.79542322 0.14048465 0.6481925  0.3740396  0.47635993  0.32774923 0.43131397 0.58312683 0.4653174  0.48102973 0.47293506  0.34439689 0.41693988 0.57910438 0.41248892
0.29058238 0.72040968 0.17574413 0.63950187 0.38844566 0.41289776  0.31934723 0.45158024 0.5074585  0.48940447 0.30840195 0.51385549  0.39567676 0.39699934 0.6012384  0.51579703
0.17950588 0.61708045 0.22301504 0.61883112 0.41741646 0.29196645  0.30962206 0.57169462 0.4800793  0.39795679 0.29026422 0.47735383  0.63816438 0.43038031 0.51598572 0.53399541
0.14286009 0.57037153 0.24401234 0.58523733 0.41787638 0.28319411  0.34934951 0.57282104 0.43955922 0.36890871 0.29377474 0.46083072  0.68182441 0.41986637 0.42581821 0.51809744
0.10648159 0.51915142 0.27078392 0.54384157 0.40166195 0.33017059  0.37049402 0.55485502 0.45604349 0.3770056  0.3154693  0.46063214  0.66335911 0.4374176  0.46711626 0.51515608
0.07086634 0.4669289  0.2966521  0.49765173 0.38573168 0.36649327  0.41928434 0.52723795 0.41855206 0.37246628 0.31701038 0.45541888  0.65053795 0.38768103 0.3648433  0.50441685
0.00039479 0.36283831 0.35232302 0.39930133 0.34523319 0.50234819  0.48417291 0.45702496 0.47508945 0.39693445 0.45000532 0.44589633  0.47476172 0.42761975 0.50206904 0.41641874
0.00039479 0.36283831 0.35232302 0.39930133 0.34523319 0.50234819  0.48417291 0.45702496 0.47508945 0.39693445 0.45000532 0.44589633  0.47476172 0.42761975 0.50206904 0.41641874
0.00039479 0.36283831 0.35232302 0.39930133 0.34523319 0.50234819  0.48417291 0.45702496 0.47508945 0.39693445 0.45000532 0.44589633  0.47476172 0.42761975 0.50206904 0.41641874
0.00039479 0.36283831 0.35232302 0.39930133 0.34523319 0.50234819  0.48417291 0.45702496 0.47508945 0.39693445 0.45000532 0.44589633  0.47476172 0.42761975 0.50206904 0.41641874
0.00039479 0.36283831 0.35232302 0.39930133 0.34523319 0.50234819  0.48417291 0.45702496 0.47508945 0.39693445 0.45000532 0.44589633  0.47476172 0.42761975 0.50206904 0.41641874
0.00039479 0.36283831 0.35232302 0.39930133 0.34523319 0.50234819  0.48417291 0.45702496 0.47508945 0.39693445 0.45000532 0.44589633  0.47476172 0.42761975 0.50206904 0.41641874
0.00039479 0.36283831 0.35232302 0.39930133 0.34523319 0.50234819  0.48417291 0.45702496 0.47508945 0.39693445 0.45000532 0.44589633  0.47476172 0.42761975 0.50206904 0.41641874
0.00039479 0.36283831 0.35232302 0.39930133 0.34523319 0.50234819  0.48417291 0.45702496 0.47508945 0.39693445 0.45000532 0.44589633  0.47476172 0.42761975 0.50206904 0.41641874
0.00039479 0.36283831 0.35232302 0.39930133 0.34523319 0.50234819  0.48417291 0.45702496 0.47508945 0.39693445 0.45000532 0.44589633  0.47476172 0.42761975 0.50206904 0.41641874
0.00039479 0.36283831 0.35232302 0.39930133 0.34523319 0.50234819  0.48417291 0.45702496 0.47508945 0.39693445 0.45000532 0.44589633  0.47476172 0.42761975 0.50206904 0.41641874
0.00039479 0.36283831 0.35232302 0.39930133 0.34523319 0.50234819  0.48417291 0.45702496 0.47508945 0.39693445 0.45000532 0.44589633  0.47476172 0.42761975 0.50206904 0.41641874
0.00039479 0.36283831 0.35232302 0.39930133 0.34523319 0.50234819  0.48417291 0.45702496 0.47508945 0.39693445 0.45000532 0.44589633  0.47476172 0.42761975 0.50206904 0.41641874
