0.00039479 0.36283831 0.35232302 0.39930133 0.34523319 0.50234819  0.48417291 0.45702496 0.47508945 0.39693445 0.45000532 0.44589633  0.47476172 0.42761975 0.50206904 0.41641874
0.00039479 0.36283831 0.35232302 0.39930133 0.34523319 0.50234819  0.48417291 0.45702496 0.47508945 0.39693445 0.45000532 0.44589633  0.47476172 0.42761975 0.50206904 0.41641874
0.00039479 0.36283831 0.35232302 0.39930133 0.34523319 0.50234819  0.48417291 0.45702496 0.47508945 0.39693445 0.45000532 0.44589633  0.47476172 0.42761975 0.50206904 0.41641874
0.00039479 0.36283831 0.35232302 0.39930133 0.34523319 0.50234819  0.48417291 0.45702496 0.47508945 0.39693445 0.45000532 0.44589633  0.47476172 0.42761975 0.50206904 0.41641874
0.00039479 0.36283831 0.35232302 0.39930133 0.34523319 0.50234819  0.48417291 0.45702496 0.47508945 0.39693445 0.45000532 0.44589633  0.47476172 0.42761975 0.50206904 0.41641874
0.00039479 0.36283831 0.35232302 0.39930133 0.34523319 0.50234819  0.48417291 0.45702496 0.47508945 0.39693445 0.45000532 0.44589633  0.47476172 0.42761975 0.50206904 0.41641874
0.00039479 0.36283831 0.35232302 0.39930133 0.34523319 0.50234819  0.48417291 0.45702496 0.47508945 0.39693445 0.45000532 0.44589633  0.47476172 0.42761975 0.50206904 0.41641874
0.00039479 0.36283831 0.35232302 0.39930133 0.34523319 0.50234819  0.48417291 0.45702496 0.47508945 0.39693445 0.45000532 0.44589633  0.47476172 0.42761975 0.50206904 0.41641874
0.00039479 0.36283831 0.35232302 0.39930133 0.34523319 0.50234819  0.48417291 0.45702496 0.47508945 0.39693445 0.45000532 0.44589633  0.47476172 0.42761975 0.50206904 0.41641874
0.00039479 0.36283831 0.35232302 0.39930133 0.34523319 0.50234819  0.48417291 0.45702496 0.47508945 0.39693445 0.45000532 0.44589633  0.47476172 0.42761975 0.50206904 0.41641874
0.00039479 0.36283831 0.35232302 0.39930133 0.34523319 0.50234819  0.48417291 0.45702496 0.47508945 0.39693445 0.45000532 0.44589633  0.47476172 0.42761975 0.50206904 0.41641874
0.00039479 0.36283831 0.35232302 0.39930133 0.34523319 0.50234819  0.48417291 0.45702496 0.47508945 0.39693445 0.45000532 0.44589633  0.47476172 0.42761975 0.50206904 0.41641874
0.00039479 0.36283831 0.35232302 0.39930133 0.34523319 0.50234819  0.48417291 0.45702496 0.47508945 0.39693445 0.45000532 0.44589633  0.47476172 0.42761975 0.50206904 0.41641874
0.00039479 0.36283831 0.35232302 0.39930133 0.34523319 0.50234819  0.48417291 0.45702496 0.47508945 0.39693445 0.45000532 0.44589633  0.47476172 0.42761975 0.50206904 0.41641874
0.00039479 0.36283831 0.35232302 0.39930133 0.34523319 0.50234819  0.48417291 0.45702496 0.47508945 0.39693445 0.45000532 0.44589633  0.47476172 0.42761975 0.50206904 0.41641874
0.00039479 0.36283831 0.35232302 0.39930133 0.34523319 0.50234819  0.48417291 0.45702496 0.47508945 0.39693445 0.45000532 0.44589633  0.47476172 0.42761975 0.50206904 0.41641874
0.00039479 0.36283831 0.35232302 0.39930133 0.34523319 0.50234819  0.48417291 0.45702496 0.47508945 0.39693445 0.45000532 0.44589633  0.47476172 0.42761975 0.50206904 0.41641874
0.00039479 0.36283831 0.35232302 0.39930133 0.34523319 0.50234819  0.48417291 0.45702496 0.47508945 0.39693445 0.45000532 0.44589633  0.47476172 0.42761975 0.50206904 0.41641874
0.00039479 0.36283831 0.35232302 0.39930133 0.34523319 0.50234819  0.48417291 0.45702496 0.47508945 0.39693445 0.45000532 0.44589633  0.47476172 0.42761975 0.50206904 0.41641874
0.00039479 0.36283831 0.35232302 0.39930133 0.34523319 0.50234819  0.48417291 0.45702496 0.47508945 0.39693445 0.45000532 0.44589633  0.47476172 0.42761975 0.50206904 0.41641874
0.00039479 0.36283831 0.35232302 0.39930133 0.34523319 0.50234819  0.48417291 0.45702496 0.47508945 0.39693445 0.45000532 0.44589633  0.47476172 0.42761975 0.50206904 0.41641874
0.00039479 0.36283831 0.35232302 0.39930133 0.34523319 0.50234819  0.48417291 0.45702496 0.47508945 0.39693445 0.45000532 0.44589633  0.47476172 0.42761975 0.50206904 0.41641874
0.00039479 0.36283831 0.35232302 0.39930133 0.34523319 0.50234819  0.48417291 0.45702496 0.47508945 0.39693445 0.45000532 0.44589633  0.47476172 0.42761975 0.50206904 0.41641874
0.00039479 0.36283831 0.35232302 0.39930133 0.34523319 0.50234819  0.48417291 0.45702496 0.47508945 0.39693445 0.45000532 0.44589633  0.47476172 0.42761975 0.50206904 0.41641874
0.00039479 0.36283831 0.35232302 0.39930133 0.34523319 0.50234819  0.48417291 0.45702496 0.47508945 0.39693445 0.45000532 0.44589633  0.47476172 0.42761975 0.50206904 0.41641874
0.00039479 0.36283831 0.35232302 0.39930133 0.34523319 0.50234819  0.48417291 0.45702496 0.47508945 0.39693445 0.45000532 0.44589633  0.47476172 0.42761975 0.50206904 0.41641874
0.00039479 0.36283831 0.35232302 0.39930133 0.34523319 0.50234819  0.48417291 0.45702496 0.47508945 0.39693445 0.45000532 0.44589633  0.47476172 0.42761975 0.50206904 0.41641874
0.00039479 0.36283831 0.35232302 0.39930133 0.34523319 0.50234819  0.48417291 0.45702496 0.47508945 0.39693445 0.45000532 0.44589633  0.47476172 0.42761975 0.50206904 0.41641874
0.00039479 0.36283831 0.35232302 0.39930133 0.34523319 0.50234819  0.48417291 0.45702496 0.47508945 0.39693445 0.45000532 0.44589633  0.47476172 0.42761975 0.50206904 0.41641874
0.00039479 0.36283831 0.35232302 0.39930133 0.34523319 0.50234819  0.48417291 0.45702496 0.47508945 0.39693445 0.45000532 0.44589633  0.47476172 0.42761975 0.50206904 0.41641874
0.00039479 0.36283831 0.35232302 0.39930133 0.34523319 0.50234819  0.48417291 0.45702496 0.47508945 0.39693445 0.45000532 0.44589633  0.47476172 0.42761975 0.50206904 0.41641874
0.00039479 0.36283831 0.35232302 0.39930133 0.34523319 0.50234819  0.48417291 0.45702496 0.47508945 0.39693445 0.45000532 0.44589633  0.47476172 0.42761975 0.50206904 0.41641874
0.00039479 0.36283831 0.35232302 0.39930133 0.34523319 0.50234819  0.48417291 0.45702496 0.47508945 0.39693445 0.45000532 0.44589633  0.47476172 0.42761975 0.50206904 0.41641874
0.00039479 0.36283831 0.35232302 0.39930133 0.34523319 0.50234819  0.48417291 0.45702496 0.47508945 0.39693445 0.45000532 0.44589633  0.47476172 0.42761975 0.50206904 0.41641874
0.00039479 0.36283831 0.35232302 0.39930133 0.34523319 0.50234819  0.48417291 0.45702496 0.47508945 0.39693445 0.45000532 0.44589633  0.47476172 0.42761975 0.50206904 0.41641874
0.0177474  0.38984345 0.33852207 0.42635267 0.35697043 0.47086435  0.45750391 0.47765391 0.48169648 0.39463854 0.42895995 0.44917931  0.51265071 0.44991576 0.53083289 0.43501917
0.09081072 0.48881402 0.28887095 0.49781827 0.37880315 0.42680603  0.4029249  0.50160127 0.53780824 0.38845114 0.48947913 0.43703443  0.46974127 0.50266025 0.62183604 0.38286802
0.16426522 0.57692733 0.24905791 0.54600063 0.37491414 0.46310566  0.34591179 0.49771201 0.63790589 0.42170168 0.56076544 0.44349347  0.38625372 0.54058295 0.77010243 0.38267353
0.22012993 0.62386481 0.23323753 0.5440917  0.3412736  0.57789691  0.32120808 0.45896226 0.72738589 0.460774   0.61962769 0.45019258  0.34712183 0.55016899 0.82684125 0.40282037
0.27461943 0.68495939 0.2072416  0.58315977 0.33699902 0.59336164  0.27821958 0.44600472 0.73212667 0.49029481 0.54495105 0.47414287  0.39973888 0.52485903 0.78763465 0.46826334
0.36532214 0.79152891 0.14434472 0.64405707 0.36723662 0.49304237  0.31346612 0.44356003 0.59722573 0.47110477 0.46850581 0.47668941  0.37059361 0.41334027 0.57665075 0.44637606
0.38438991 0.80441982 0.1389571  0.63052601 0.35570899 0.5327666  0.33422335 0.42555785 0.61133757 0.46252145 0.5250024  0.46241813  0.36426426 0.40157421 0.53067538 0.42587196
0.38438991 0.80441982 0.1389571  0.63052601 0.35570899 0.5327666  0.33422335 0.42555785 0.61133757 0.46252145 0.5250024  0.46241813  0.36426426 0.40157421 0.53067538 0.42587196
0.40307465 0.81317002 0.12939876 0.61095755 0.35690898 0.53654769  0.3929279  0.40591639 0.56606153 0.45419495 0.56041313 0.45027724  0.29108188 0.37615142 0.48867626 0.38116118
0.40307465 0.81317002 0.12939876 0.61095755 0.35690898 0.53654769  0.3929279  0.40591639 0.56606153 0.45419495 0.56041313 0.45027724  0.29108188 0.37615142 0.48867626 0.38116118
0.44054965 0.82022789 0.12361278 0.55557381 0.33438396 0.60795342  0.46314807 0.39556488 0.55763478 0.4277996  0.63100969 0.42226633  0.33193637 0.36346912 0.41500279 0.3699135 
0.44054965 0.82022789 0.12361278 0.55557381 0.33438396 0.60795342  0.46314807 0.39556488 0.55763478 0.4277996  0.63100969 0.42226633  0.33193637 0.36346912 0.41500279 0.3699135 
0.47681929 0.80959576 0.12749145 0.49015345 0.30693238 0.6782693  0.49014772 0.44520121 0.56477099 0.40392997 0.63175481 0.40811068  0.47620197 0.37808742 0.38644123 0.42043074
0.47681929 0.80959576 0.12749145 0.49015345 0.30693238 0.6782693  0.49014772 0.44520121 0.56477099 0.40392997 0.63175481 0.40811068  0.47620197 0.37808742 0.38644123 0.42043074
0.52869672 0.7814719  0.13031132 0.40882737 0.28916851 0.69500532  0.53873834 0.50038769 0.46251866 0.42040268 0.48733085 0.43628379  0.55240995 0.35729031 0.35242113 0.48662607
0.54809847 0.77910897 0.12122897 0.36902408 0.30888935 0.67064807  0.61323859 0.48316877 0.40197142 0.41649288 0.47229387 0.48606546  0.48865491 0.37969552 0.36926701 0.59190264
0.54809847 0.77910897 0.12122897 0.36902408 0.30888935 0.67064807  0.61323859 0.48316877 0.40197142 0.41649288 0.47229387 0.48606546  0.48865491 0.37969552 0.36926701 0.59190264
0.51349663 0.80546961 0.10515092 0.42519799 0.34653289 0.62657808  0.63426944 0.39032312 0.415622   0.43168536 0.55170324 0.50943708  0.37219713 0.3681053  0.41996534 0.5933311 
0.51349663 0.80546961 0.10515092 0.42519799 0.34653289 0.62657808  0.63426944 0.39032312 0.415622   0.43168536 0.55170324 0.50943708  0.37219713 0.3681053  0.41996534 0.5933311 
0.51349663 0.80546961 0.10515092 0.42519799 0.34653289 0.62657808  0.63426944 0.39032312 0.415622   0.43168536 0.55170324 0.50943708  0.37219713 0.3681053  0.41996534 0.5933311 
0.51342515 0.80441161 0.10445744 0.42678992 0.34073067 0.62361186  0.63812969 0.38775796 0.41952845 0.43241594 0.54292067 0.48947751  0.37990228 0.37727271 0.414684   0.5685021 
0.53102473 0.79267566 0.09739719 0.38359924 0.35102788 0.61041714  0.69705198 0.39520004 0.40610076 0.42106215 0.55949466 0.48299014  0.4268208  0.41601399 0.47464852 0.56347596
0.51158265 0.79052312 0.09232581 0.40835168 0.37701785 0.54848293  0.70492185 0.38857283 0.39855949 0.41637806 0.59348512 0.46113399  0.39554938 0.40974157 0.53830332 0.46775506
0.51158265 0.79052312 0.09232581 0.40835168 0.37701785 0.54848293  0.70492185 0.38857283 0.39855949 0.41637806 0.59348512 0.46113399  0.39554938 0.40974157 0.53830332 0.46775506
0.51158265 0.79052312 0.09232581 0.40835168 0.37701785 0.54848293  0.70492185 0.38857283 0.39855949 0.41637806 0.59348512 0.46113399  0.39554938 0.40974157 0.53830332 0.46775506
0.49327436 0.78139524 0.09100707 0.41409061 0.39882942 0.47785221  0.72189551 0.42719947 0.37180842 0.37563978 0.62936027 0.43871335  0.3953117  0.41276455 0.51366024 0.41850765
0.49232617 0.77839575 0.08697787 0.4160296  0.39453189 0.47553903  0.72437009 0.42425879 0.37987072 0.39170774 0.62570307 0.4189227  0.41894639 0.42461292 0.50325903 0.38097228
0.41441535 0.70690008 0.09758581 0.46433684 0.45797558 0.2797809  0.69458064 0.3579567  0.30529914 0.39693851 0.4454719  0.46657446  0.35773744 0.47528305 0.54235357 0.34178042
0.41441535 0.70690008 0.09758581 0.46433684 0.45797558 0.2797809  0.69458064 0.3579567  0.30529914 0.39693851 0.4454719  0.46657446  0.35773744 0.47528305 0.54235357 0.34178042
0.25131911 0.62951689 0.1704211  0.53228877 0.46544878 0.18747662  0.59954955 0.46696893 0.1793834  0.40882877 0.22454731 0.4964436  0.46656905 0.33067341 0.36594996 0.48560668
0.15921404 0.52053325 0.23047978 0.47860278 0.44101444 0.23459053  0.59038209 0.46535101 0.19067984 0.41791508 0.15304005 0.5111326  0.58963257 0.32787236 0.33165233 0.57253981
0.1234861  0.51654246 0.25523885 0.52229453 0.42027218 0.27466894  0.45908465 0.51873701 0.31559885 0.39553528 0.19247021 0.49167978  0.6872911  0.3576488  0.3385896  0.581581  
0.07057186 0.4363202  0.29688016 0.44476643 0.38823898 0.36908819  0.52491791 0.46269653 0.31979163 0.40788175 0.2630435  0.48417518  0.57287142 0.33420379 0.33510928 0.53324894
0.05306277 0.40930401 0.31102756 0.41763914 0.37666176 0.40426113  0.54756198 0.44277854 0.32496259 0.41131519 0.2958028  0.48030821  0.52794871 0.3284536  0.33871483 0.50730334
0.03585866 0.41212524 0.32497922 0.44119937 0.36258431 0.43456132  0.47408025 0.48300288 0.40965789 0.37891942 0.36959995 0.44872305  0.56049334 0.35167352 0.32731793 0.46450854
0.01779563 0.38669558 0.33863985 0.42004769 0.35385851 0.46460162  0.48109267 0.47190843 0.43452283 0.38595027 0.3992976  0.44733029  0.52908455 0.38078184 0.39373238 0.44873962
0.01779563 0.38669558 0.33863985 0.42004769 0.35385851 0.46460162  0.48109267 0.47190843 0.43452283 0.38595027 0.3992976  0.44733029  0.52908455 0.38078184 0.39373238 0.44873962
0.00039479 0.36283831 0.35232302 0.39930133 0.34523319 0.50234819  0.48417291 0.45702496 0.47508945 0.39693445 0.45000532 0.44589633  0.47476172 0.42761975 0.50206904 0.41641874
0.00039479 0.36283831 0.35232302 0.39930133 0.34523319 0.50234819  0.48417291 0.45702496 0.47508945 0.39693445 0.45000532 0.44589633  0.47476172 0.42761975 0.50206904 0.41641874
0.00039479 0.36283831 0.35232302 0.39930133 0.34523319 0.50234819  0.48417291 0.45702496 0.47508945 0.39693445 0.45000532 0.44589633  0.47476172 0.42761975 0.50206904 0.41641874
0.00039479 0.36283831 0.35232302 0.39930133 0.34523319 0.50234819  0.48417291 0.45702496 0.47508945 0.39693445 0.45000532 0.44589633  0.47476172 0.42761975 0.50206904 0.41641874
0.00039479 0.36283831 0.35232302 0.39930133 0.34523319 0.50234819  0.48417291 0.45702496 0.47508945 0.39693445 0.45000532 0.44589633  0.47476172 0.42761975 0.50206904 0.41641874
0.00039479 0.36283831 0.35232302 0.39930133 0.34523319 0.50234819  0.48417291 0.45702496 0.47508945 0.39693445 0.45000532 0.44589633  0.47476172 0.42761975 0.50206904 0.41641874
0.00039479 0.36283831 0.35232302 0.39930133 0.34523319 0.50234819  0.48417291 0.45702496 0.47508945 0.39693445 0.45000532 0.44589633  0.47476172 0.42761975 0.50206904 0.41641874
0.00039479 0.36283831 0.35232302 0.39930133 0.34523319 0.50234819  0.48417291 0.45702496 0.47508945 0.39693445 0.45000532 0.44589633  0.47476172 0.42761975 0.50206904 0.41641874
0.00039479 0.36283831 0.35232302 0.39930133 0.34523319 0.50234819  0.48417291 0.45702496 0.47508945 0.39693445 0.45000532 0.44589633  0.47476172 0.42761975 0.50206904 0.41641874
0.00039479 0.36283831 0.35232302 0.39930133 0.34523319 0.50234819  0.48417291 0.45702496 0.47508945 0.39693445 0.45000532 0.44589633  0.47476172 0.42761975 0.50206904 0.41641874
0.08903583 0.49193702 0.28391992 0.51562209 0.39338741 0.35096836  0.41063509 0.53042138 0.41947463 0.37212403 0.32379837 0.45467883  0.63036154 0.3912768  0.37759264 0.49622701
0.08903583 0.49193702 0.28391992 0.51562209 0.39338741 0.35096836  0.41063509 0.53042138 0.41947463 0.37212403 0.32379837 0.45467883  0.63036154 0.3912768  0.37759264 0.49622701
0.364903   0.76914666 0.13576011 0.59748275 0.38656573 0.4454244  0.43119552 0.41862582 0.49821659 0.46144849 0.47580367 0.47591349  0.33306859 0.37412054 0.51547359 0.44474845
0.41933775 0.78018684 0.11440723 0.53718586 0.38197488 0.4930381  0.55099203 0.33862601 0.42793861 0.50684029 0.46302725 0.4977706  0.25292157 0.35789252 0.52979395 0.4597445 
0.56324047 0.75110964 0.09211211 0.30418254 0.34843496 0.59677457  0.7318537  0.49777815 0.44141285 0.39386804 0.58813656 0.42747788  0.60811379 0.45263783 0.56700873 0.50068664
0.5805287  0.74168416 0.10642507 0.28770622 0.32206729 0.63853522  0.69543258 0.52707274 0.42096165 0.40027037 0.50992896 0.43680873  0.65015541 0.43933157 0.5128832  0.50609601
0.6669611  0.55363642 0.07331198 0.18600917 0.38527188 0.50717785  0.57485255 0.3270239  0.62937041 0.33547747 0.41032554 0.48341161  0.67764268 0.55237403 0.54971943 0.46705737
0.74029831 0.42236503 0.08253112 0.13001876 0.3795643  0.48711557  0.42582677 0.38781866 0.64367133 0.33700756 0.31734034 0.49028625  0.57951604 0.35658439 0.49608563 0.425364  
0.75500101 0.3959788  0.09496858 0.12721651 0.36291236 0.47253131  0.39032606 0.42928219 0.61687182 0.36024464 0.29584427 0.49735479  0.46131689 0.29342549 0.53318046 0.40450296
0.75500101 0.3959788  0.09496858 0.12721651 0.36291236 0.47253131  0.39032606 0.42928219 0.61687182 0.36024464 0.29584427 0.49735479  0.46131689 0.29342549 0.53318046 0.40450296
0.78540703 0.27833058 0.07714832 0.30867408 0.4587802  0.57743838  0.37622958 0.41928673 0.451094   0.37974409 0.36085262 0.28710955  0.48043276 0.30074621 0.60177083 0.60144743
0.78540703 0.27833058 0.07714832 0.30867408 0.4587802  0.57743838  0.37622958 0.41928673 0.451094   0.37974409 0.36085262 0.28710955  0.48043276 0.30074621 0.60177083 0.60144743
0.79600235 0.23350319 0.06697943 0.40037547 0.51312806 0.65385598  0.41572653 0.45340828 0.41987252 0.35067229 0.31243578 0.23519009  0.48902407 0.31758766 0.70827301 0.57018847
0.79600235 0.23350319 0.06697943 0.40037547 0.51312806 0.65385598  0.41572653 0.45340828 0.41987252 0.35067229 0.31243578 0.23519009  0.48902407 0.31758766 0.70827301 0.57018847
0.79600235 0.23350319 0.06697943 0.40037547 0.51312806 0.65385598  0.41572653 0.45340828 0.41987252 0.35067229 0.31243578 0.23519009  0.48902407 0.31758766 0.70827301 0.57018847
0.78129964 0.25988942 0.05454197 0.40317772 0.52978    0.66844023  0.45122724 0.41194475 0.44667203 0.32743522 0.33393185 0.22812155  0.60722322 0.38074656 0.67117818 0.59104951
0.73741865 0.36335876 0.04652407 0.35681922 0.49984921 0.64727594  0.48301182 0.26225154 0.50686063 0.30056068 0.34735614 0.2765476  0.75750216 0.42751787 0.57933955 0.51080657
0.66986313 0.49999166 0.04004572 0.24927111 0.45788933 0.49417197  0.57897555 0.2076114  0.62218174 0.325584   0.44560142 0.42532519  0.67580389 0.50949425 0.67074231 0.45327653
0.59239745 0.58270046 0.03987173 0.34561936 0.46367999 0.40372362  0.56106487 0.04107653 0.63251656 0.39582617 0.43045399 0.50606361  0.46601804 0.524443   0.57332916 0.35244854
0.5088886  0.61757977 0.05515878 0.39295376 0.4926287  0.27534178  0.64181985 0.18845351 0.46361948 0.35848236 0.41639687 0.47869048  0.4960175  0.53654053 0.63618621 0.28700389
0.28134776 0.58481513 0.15173437 0.49243866 0.49523725 0.16899079  0.6330871  0.39003971 0.18189693 0.39982833 0.19818257 0.49708141  0.53672427 0.33559296 0.43687995 0.45216957
0.16093924 0.51556312 0.23437174 0.45749182 0.42709477 0.28895062  0.61475554 0.42836844 0.22151989 0.43269752 0.23887177 0.5053697  0.45242022 0.32777001 0.3925997  0.51153617
0.10749116 0.45037206 0.27417892 0.4120047  0.39961701 0.36862986  0.60922503 0.42085999 0.29595387 0.42878804 0.32068807 0.49039473  0.46283818 0.35051675 0.4190068  0.48794132
0.05351142 0.43947142 0.31096524 0.46826146 0.37376331 0.40333531  0.449023   0.50224764 0.41356088 0.37686256 0.34766111 0.45195559  0.59560889 0.36517078 0.34313004 0.48165838
0.03585866 0.41212524 0.32497922 0.44119937 0.36258431 0.43456132  0.47408025 0.48300288 0.40965789 0.37891942 0.36959995 0.44872305  0.56049334 0.35167352 0.32731793 0.46450854
0.01779563 0.38669558 0.33863985 0.42004769 0.35385851 0.46460162  0.48109267 0.47190843 0.43452283 0.38595027 0.3992976  0.44733029  0.52908455 0.38078184 0.39373238 0.44873962
0.00039479 0.36283831 0.35232302 0.39930133 0.34523319 0.50234819  0.48417291 0.45702496 0.47508945 0.39693445 0.45000532 0.44589633  0.47476172 0.42761975 0.50206904 0.41641874
0.00039479 0.36283831 0.35232302 0.39930133 0.34523319 0.50234819  0.48417291 0.45702496 0.47508945 0.39693445 0.45000532 0.44589633  0.47476172 0.42761975 0.50206904 0.41641874
0.00039479 0.36283831 0.35232302 0.39930133 0.34523319 0.50234819  0.48417291 0.45702496 0.47508945 0.39693445 0.45000532 0.44589633  0.47476172 0.42761975 0.50206904 0.41641874
0.00039479 0.36283831 0.35232302 0.39930133 0.34523319 0.50234819  0.48417291 0.45702496 0.47508945 0.39693445 0.45000532 0.44589633  0.47476172 0.42761975 0.50206904 0.41641874
0.00039479 0.36283831 0.35232302 0.39930133 0.34523319 0.50234819  0.48417291 0.45702496 0.47508945 0.39693445 0.45000532 0.44589633  0.47476172 0.42761975 0.50206904 0.41641874
0.00039479 0.36283831 0.35232302 0.39930133 0.34523319 0.50234819  0.48417291 0.45702496 0.47508945 0.39693445 0.45000532 0.44589633  0.47476172 0.42761975 0.50206904 0.41641874
0.00039479 0.36283831 0.35232302 0.39930133 0.34523319 0.50234819  0.48417291 0.45702496 0.47508945 0.39693445 0.45000532 0.44589633  0.47476172 0.42761975 0.50206904 0.41641874
0.00039479 0.36283831 0.35232302 0.39930133 0.34523319 0.50234819  0.48417291 0.45702496 0.47508945 0.39693445 0.45000532 0.44589633  0.47476172 0.42761975 0.50206904 0.41641874
0.00039479 0.36283831 0.35232302 0.39930133 0.34523319 0.50234819  0.48417291 0.45702496 0.47508945 0.39693445 0.45000532 0.44589633  0.47476172 0.42761975 0.50206904 0.41641874
0.00039479 0.36283831 0.35232302 0.39930133 0.34523319 0.50234819  0.48417291 0.45702496 0.47508945 0.39693445 0.45000532 0.44589633  0.47476172 0.42761975 0.50206904 0.41641874
0.00039479 0.36283831 0.35232302 0.39930133 0.34523319 0.50234819  0.48417291 0.45702496 0.47508945 0.39693445 0.45000532 0.44589633  0.47476172 0.42761975 0.50206904 0.41641874
0.00039479 0.36283831 0.35232302 0.39930133 0.34523319 0.50234819  0.48417291 0.45702496 0.47508945 0.39693445 0.45000532 0.44589633  0.47476172 0.42761975 0.50206904 0.41641874
0.00039479 0.36283831 0.35232302 0.39930133 0.34523319 0.50234819  0.48417291 0.45702496 0.47508945 0.39693445 0.45000532 0.44589633  0.47476172 0.42761975 0.50206904 0.41641874
0.00039479 0.36283831 0.35232302 0.39930133 0.34523319 0.50234819  0.48417291 0.45702496 0.47508945 0.39693445 0.45000532 0.44589633  0.47476172 0.42761975 0.50206904 0.41641874
0.00039479 0.36283831 0.35232302 0.39930133 0.34523319 0.50234819  0.48417291 0.45702496 0.47508945 0.39693445 0.45000532 0.44589633  0.47476172 0.42761975 0.50206904 0.41641874
0.00039479 0.36283831 0.35232302 0.39930133 0.34523319 0.50234819  0.48417291 0.45702496 0.47508945 0.39693445 0.45000532 0.44589633  0.47476172 0.42761975 0.50206904 0.41641874
0.00039479 0.36283831 0.35232302 0.39930133 0.34523319 0.50234819  0.48417291 0.45702496 0.47508945 0.39693445 0.45000532 0.44589633  0.47476172 0.42761975 0.50206904 0.41641874
0.00039479 0.36283831 0.35232302 0.39930133 0.34523319 0.50234819  0.48417291 0.45702496 0.47508945 0.39693445 0.45000532 0.44589633  0.47476172 0.42761975 0.50206904 0.41641874
0.00039479 0.36283831 0.35232302 0.39930133 0.34523319 0.50234819  0.48417291 0.45702496 0.47508945 0.39693445 0.45000532 0.44589633  0.47476172 0.42761975 0.50206904 0.41641874
0.00039479 0.36283831 0.35232302 0.39930133 0.34523319 0.50234819  0.48417291 0.45702496 0.47508945 0.39693445 0.45000532 0.44589633  0.47476172 0.42761975 0.50206904 0.41641874
0.00039479 0.36283831 0.35232302 0.39930133 0.34523319 0.50234819  0.48417291 0.45702496 0.47508945 0.39693445 0.45000532 0.44589633  0.47476172 0.42761975 0.50206904 0.41641874
0.00039479 0.36283831 0.35232302 0.39930133 0.34523319 0.50234819  0.48417291 0.45702496 0.47508945 0.39693445 0.45000532 0.44589633  0.47476172 0.42761975 0.50206904 0.41641874
0.00039479 0.36283831 0.35232302 0.39930133 0.34523319 0.50234819  0.48417291 0.45702496 0.47508945 0.39693445 0.45000532 0.44589633  0.47476172 0.42761975 0.50206904 0.41641874
0.00039479 0.36283831 0.35232302 0.39930133 0.34523319 0.50234819  0.48417291 0.45702496 0.47508945 0.39693445 0.45000532 0.44589633  0.47476172 0.42761975 0.50206904 0.41641874
0.00039479 0.36283831 0.35232302 0.39930133 0.34523319 0.50234819  0.48417291 0.45702496 0.47508945 0.39693445 0.45000532 0.44589633  0.47476172 0.42761975 0.50206904 0.41641874
0.00039479 0.36283831 0.35232302 0.39930133 0.34523319 0.50234819  0.48417291 0.45702496 0.47508945 0.39693445 0.45000532 0.44589633  0.47476172 0.42761975 0.50206904 0.41641874
