0.00039479 0.36283831 0.35232302 0.39930133 0.34523319 0.50234819  0.48417291 0.45702496 0.47508945 0.39693445 0.45000532 0.44589633  0.47476172 0.42761975 0.50206904 0.41641874
0.00039479 0.36283831 0.35232302 0.39930133 0.34523319 0.50234819  0.48417291 0.45702496 0.47508945 0.39693445 0.45000532 0.44589633  0.47476172 0.42761975 0.50206904 0.41641874
0.00039479 0.36283831 0.35232302 0.39930133 0.34523319 0.50234819  0.48417291 0.45702496 0.47508945 0.39693445 0.45000532 0.44589633  0.47476172 0.42761975 0.50206904 0.41641874
0.00039479 0.36283831 0.35232302 0.39930133 0.34523319 0.50234819  0.48417291 0.45702496 0.47508945 0.39693445 0.45000532 0.44589633  0.47476172 0.42761975 0.50206904 0.41641874
0.00039479 0.36283831 0.35232302 0.39930133 0.34523319 0.50234819  0.48417291 0.45702496 0.47508945 0.39693445 0.45000532 0.44589633  0.47476172 0.42761975 0.50206904 0.41641874
0.00039479 0.36283831 0.35232302 0.39930133 0.34523319 0.50234819  0.48417291 0.45702496 0.47508945 0.39693445 0.45000532 0.44589633  0.47476172 0.42761975 0.50206904 0.41641874
0.00039479 0.36283831 0.35232302 0.39930133 0.34523319 0.50234819  0.48417291 0.45702496 0.47508945 0.39693445 0.45000532 0.44589633  0.47476172 0.42761975 0.50206904 0.41641874
0.00039479 0.36283831 0.35232302 0.39930133 0.34523319 0.50234819  0.48417291 0.45702496 0.47508945 0.39693445 0.45000532 0.44589633  0.47476172 0.42761975 0.50206904 0.41641874
0.00039479 0.36283831 0.35232302 0.39930133 0.34523319 0.50234819  0.48417291 0.45702496 0.47508945 0.39693445 0.45000532 0.44589633  0.47476172 0.42761975 0.50206904 0.41641874
0.00039479 0.36283831 0.35232302 0.39930133 0.34523319 0.50234819  0.48417291 0.45702496 0.47508945 0.39693445 0.45000532 0.44589633  0.47476172 0.42761975 0.50206904 0.41641874
0.00039479 0.36283831 0.35232302 0.39930133 0.34523319 0.50234819  0.48417291 0.45702496 0.47508945 0.39693445 0.45000532 0.44589633  0.47476172 0.42761975 0.50206904 0.41641874
0.00039479 0.36283831 0.35232302 0.39930133 0.34523319 0.50234819  0.48417291 0.45702496 0.47508945 0.39693445 0.45000532 0.44589633  0.47476172 0.42761975 0.50206904 0.41641874
0.00039479 0.36283831 0.35232302 0.39930133 0.34523319 0.50234819  0.48417291 0.45702496 0.47508945 0.39693445 0.45000532 0.44589633  0.47476172 0.42761975 0.50206904 0.41641874
0.00039479 0.36283831 0.35232302 0.39930133 0.34523319 0.50234819  0.48417291 0.45702496 0.47508945 0.39693445 0.45000532 0.44589633  0.47476172 0.42761975 0.50206904 0.41641874
0.00039479 0.36283831 0.35232302 0.39930133 0.34523319 0.50234819  0.48417291 0.45702496 0.47508945 0.39693445 0.45000532 0.44589633  0.47476172 0.42761975 0.50206904 0.41641874
0.00039479 0.36283831 0.35232302 0.39930133 0.34523319 0.50234819  0.48417291 0.45702496 0.47508945 0.39693445 0.45000532 0.44589633  0.47476172 0.42761975 0.50206904 0.41641874
0.00039479 0.36283831 0.35232302 0.39930133 0.34523319 0.50234819  0.48417291 0.45702496 0.47508945 0.39693445 0.45000532 0.44589633  0.47476172 0.42761975 0.50206904 0.41641874
0.00039479 0.36283831 0.35232302 0.39930133 0.34523319 0.50234819  0.48417291 0.45702496 0.47508945 0.39693445 0.45000532 0.44589633  0.47476172 0.42761975 0.50206904 0.41641874
0.00039479 0.36283831 0.35232302 0.39930133 0.34523319 0.50234819  0.48417291 0.45702496 0.47508945 0.39693445 0.45000532 0.44589633  0.47476172 0.42761975 0.50206904 0.41641874
0.00039479 0.36283831 0.35232302 0.39930133 0.34523319 0.50234819  0.48417291 0.45702496 0.47508945 0.39693445 0.45000532 0.44589633  0.47476172 0.42761975 0.50206904 0.41641874
0.00039479 0.36283831 0.35232302 0.39930133 0.34523319 0.50234819  0.48417291 0.45702496 0.47508945 0.39693445 0.45000532 0.44589633  0.47476172 0.42761975 0.50206904 0.41641874
0.00039479 0.36283831 0.35232302 0.39930133 0.34523319 0.50234819  0.48417291 0.45702496 0.47508945 0.39693445 0.45000532 0.44589633  0.47476172 0.42761975 0.50206904 0.41641874
0.00039479 0.36283831 0.35232302 0.39930133 0.34523319 0.50234819  0.48417291 0.45702496 0.47508945 0.39693445 0.45000532 0.44589633  0.47476172 0.42761975 0.50206904 0.41641874
0.00039479 0.36283831 0.35232302 0.39930133 0.34523319 0.50234819  0.48417291 0.45702496 0.47508945 0.39693445 0.45000532 0.44589633  0.47476172 0.42761975 0.50206904 0.41641874
0.00039479 0.36283831 0.35232302 0.39930133 0.34523319 0.50234819  0.48417291 0.45702496 0.47508945 0.39693445 0.45000532 0.44589633  0.47476172 0.42761975 0.50206904 0.41641874
0.00039479 0.36283831 0.35232302 0.39930133 0.34523319 0.50234819  0.48417291 0.45702496 0.47508945 0.39693445 0.45000532 0.44589633  0.47476172 0.42761975 0.50206904 0.41641874
0.00039479 0.36283831 0.35232302 0.39930133 0.34523319 0.50234819  0.48417291 0.45702496 0.47508945 0.39693445 0.45000532 0.44589633  0.47476172 0.42761975 0.50206904 0.41641874
0.00039479 0.36283831 0.35232302 0.39930133 0.34523319 0.50234819  0.48417291 0.45702496 0.47508945 0.39693445 0.45000532 0.44589633  0.47476172 0.42761975 0.50206904 0.41641874
0.00039479 0.36283831 0.35232302 0.39930133 0.34523319 0.50234819  0.48417291 0.45702496 0.47508945 0.39693445 0.45000532 0.44589633  0.47476172 0.42761975 0.50206904 0.41641874
0.00039479 0.36283831 0.35232302 0.39930133 0.34523319 0.50234819  0.48417291 0.45702496 0.47508945 0.39693445 0.45000532 0.44589633  0.47476172 0.42761975 0.50206904 0.41641874
0.00039479 0.36283831 0.35232302 0.39930133 0.34523319 0.50234819  0.48417291 0.45702496 0.47508945 0.39693445 0.45000532 0.44589633  0.47476172 0.42761975 0.50206904 0.41641874
0.00039479 0.36283831 0.35232302 0.39930133 0.34523319 0.50234819  0.48417291 0.45702496 0.47508945 0.39693445 0.45000532 0.44589633  0.47476172 0.42761975 0.50206904 0.41641874
0.00039479 0.36283831 0.35232302 0.39930133 0.34523319 0.50234819  0.48417291 0.45702496 0.47508945 0.39693445 0.45000532 0.44589633  0.47476172 0.42761975 0.50206904 0.41641874
0.00039479 0.36283831 0.35232302 0.39930133 0.34523319 0.50234819  0.48417291 0.45702496 0.47508945 0.39693445 0.45000532 0.44589633  0.47476172 0.42761975 0.50206904 0.41641874
0.00039479 0.36283831 0.35232302 0.39930133 0.34523319 0.50234819  0.48417291 0.45702496 0.47508945 0.39693445 0.45000532 0.44589633  0.47476172 0.42761975 0.50206904 0.41641874
0.00039479 0.36283831 0.35232302 0.39930133 0.34523319 0.50234819  0.48417291 0.45702496 0.47508945 0.39693445 0.45000532 0.44589633  0.47476172 0.42761975 0.50206904 0.41641874
0.00039479 0.36283831 0.35232302 0.39930133 0.34523319 0.50234819  0.48417291 0.45702496 0.47508945 0.39693445 0.45000532 0.44589633  0.47476172 0.42761975 0.50206904 0.41641874
0.00039479 0.36283831 0.35232302 0.39930133 0.34523319 0.50234819  0.48417291 0.45702496 0.47508945 0.39693445 0.45000532 0.44589633  0.47476172 0.42761975 0.50206904 0.41641874
0.00039479 0.36283831 0.35232302 0.39930133 0.34523319 0.50234819  0.48417291 0.45702496 0.47508945 0.39693445 0.45000532 0.44589633  0.47476172 0.42761975 0.50206904 0.41641874
0.00039479 0.36283831 0.35232302 0.39930133 0.34523319 0.50234819  0.48417291 0.45702496 0.47508945 0.39693445 0.45000532 0.44589633  0.47476172 0.42761975 0.50206904 0.41641874
0.00039479 0.36283831 0.35232302 0.39930133 0.34523319 0.50234819  0.48417291 0.45702496 0.47508945 0.39693445 0.45000532 0.44589633  0.47476172 0.42761975 0.50206904 0.41641874
0.00039479 0.36283831 0.35232302 0.39930133 0.34523319 0.50234819  0.48417291 0.45702496 0.47508945 0.39693445 0.45000532 0.44589633  0.47476172 0.42761975 0.50206904 0.41641874
0.00039479 0.36283831 0.35232302 0.39930133 0.34523319 0.50234819  0.48417291 0.45702496 0.47508945 0.39693445 0.45000532 0.44589633  0.47476172 0.42761975 0.50206904 0.41641874
0.00039479 0.36283831 0.35232302 0.39930133 0.34523319 0.50234819  0.48417291 0.45702496 0.47508945 0.39693445 0.45000532 0.44589633  0.47476172 0.42761975 0.50206904 0.41641874
0.00039479 0.36283831 0.35232302 0.39930133 0.34523319 0.50234819  0.48417291 0.45702496 0.47508945 0.39693445 0.45000532 0.44589633  0.47476172 0.42761975 0.50206904 0.41641874
0.00039479 0.36283831 0.35232302 0.39930133 0.34523319 0.50234819  0.48417291 0.45702496 0.47508945 0.39693445 0.45000532 0.44589633  0.47476172 0.42761975 0.50206904 0.41641874
0.00039479 0.36283831 0.35232302 0.39930133 0.34523319 0.50234819  0.48417291 0.45702496 0.47508945 0.39693445 0.45000532 0.44589633  0.47476172 0.42761975 0.50206904 0.41641874
0.00039479 0.36283831 0.35232302 0.39930133 0.34523319 0.50234819  0.48417291 0.45702496 0.47508945 0.39693445 0.45000532 0.44589633  0.47476172 0.42761975 0.50206904 0.41641874
0.00039479 0.36283831 0.35232302 0.39930133 0.34523319 0.50234819  0.48417291 0.45702496 0.47508945 0.39693445 0.45000532 0.44589633  0.47476172 0.42761975 0.50206904 0.41641874
0.00039479 0.36283831 0.35232302 0.39930133 0.34523319 0.50234819  0.48417291 0.45702496 0.47508945 0.39693445 0.45000532 0.44589633  0.47476172 0.42761975 0.50206904 0.41641874
0.14771418 0.52405805 0.2868508  0.47321935 0.31220537 0.64737342  0.36972713 0.38895489 0.65279183 0.51046197 0.47978618 0.51147244  0.31173954 0.49994764 0.72884265 0.55098816
0.31162074 0.68001288 0.22963764 0.53674408 0.29978574 0.6675576  0.26410055 0.48254822 0.59842249 0.47510881 0.34463079 0.55505996  0.50253202 0.37283079 0.44739623 0.70146254
0.44000308 0.77403805 0.18838149 0.53187836 0.26243629 0.75083334  0.26826182 0.47876745 0.58068035 0.46100818 0.35738448 0.5374889  0.49127975 0.3338035  0.33743954 0.62829392
0.54807715 0.77666738 0.14884029 0.38531086 0.27245063 0.74033693  0.49644291 0.5337528  0.42947324 0.40462513 0.41131182 0.50168391  0.53409174 0.34220656 0.29910522 0.60594114
0.63933283 0.69192447 0.19395005 0.29072758 0.23926488 0.6335822  0.62505625 0.6244272  0.30222564 0.47148085 0.50664799 0.57516149  0.60688405 0.49653657 0.46093302 0.5658789 
0.6940697  0.6303859  0.27349889 0.29318945 0.16610023 0.60812146  0.51593506 0.70916877 0.21215909 0.49302447 0.44226571 0.60904107  0.4270285  0.40851657 0.46398887 0.49633621
0.71085676 0.60585853 0.27958034 0.25573471 0.18212033 0.59054589  0.49679583 0.76743849 0.23171722 0.47214469 0.46436794 0.63962106  0.40081903 0.36597651 0.53382885 0.53911455
0.76138303 0.48259289 0.26982568 0.2509187  0.20488235 0.48618139  0.44153765 0.6933399  0.34745012 0.47021896 0.58595016 0.67359159  0.41315644 0.44935367 0.41984867 0.60266571
0.77344716 0.44577299 0.26254348 0.25111522 0.22400224 0.46057264  0.4074594  0.64510379 0.38649934 0.44901264 0.61505831 0.64131551  0.44068843 0.39020395 0.37096631 0.51011221
0.81241791 0.34467705 0.22954591 0.23845845 0.25971237 0.41941669  0.34802438 0.40883136 0.47569165 0.47287955 0.47011391 0.63998528  0.52666361 0.42180662 0.39703152 0.39494733
0.81168061 0.34310932 0.22462803 0.24282978 0.24406832 0.41780329  0.35345801 0.40709057 0.47934942 0.47555667 0.45482618 0.61144616  0.53471619 0.44141487 0.38852585 0.3644491 
0.82711828 0.28372989 0.21691727 0.33373567 0.2895388  0.46301309  0.34398777 0.40083631 0.39092502 0.48592935 0.50577253 0.50854279  0.54261225 0.44427295 0.40459886 0.47364575
0.82711828 0.28372989 0.21691727 0.33373567 0.2895388  0.46301309  0.34398777 0.40083631 0.39092502 0.48592935 0.50577253 0.50854279  0.54261225 0.44427295 0.40459886 0.47364575
0.82711828 0.28372989 0.21691727 0.33373567 0.2895388  0.46301309  0.34398777 0.40083631 0.39092502 0.48592935 0.50577253 0.50854279  0.54261225 0.44427295 0.40459886 0.47364575
0.83487948 0.25362548 0.20959044 0.37718072 0.31629732 0.49705897  0.33707438 0.3950897  0.34734393 0.48008485 0.50577955 0.45266205  0.55957839 0.42190863 0.46053074 0.49368525
0.84208663 0.22546109 0.20680778 0.42428736 0.33993617 0.52271035  0.33936153 0.39709511 0.3135716  0.49505613 0.51983454 0.40120091  0.55383205 0.4487356  0.45711621 0.56139356
0.84208663 0.22546109 0.20680778 0.42428736 0.33993617 0.52271035  0.33936153 0.39709511 0.3135716  0.49505613 0.51983454 0.40120091  0.55383205 0.4487356  0.45711621 0.56139356
0.846988   0.20411114 0.20287475 0.47099985 0.36455818 0.55944218  0.3615089  0.41959668 0.29909685 0.48168125 0.50026346 0.38462183  0.55578318 0.46082033 0.49861964 0.54546635
0.83784032 0.19861856 0.16560045 0.4532341  0.38791175 0.57016613  0.36146354 0.44737174 0.3087604  0.50955519 0.48371168 0.37027393  0.51933392 0.41616394 0.52910511 0.52789677
0.84353426 0.17514113 0.15936459 0.49822299 0.4176376  0.6098519  0.37881311 0.45899171 0.29201368 0.49385827 0.45486591 0.33493355  0.52597412 0.42092066 0.59410386 0.51256502
0.84353426 0.17514113 0.15936459 0.49822299 0.4176376  0.6098519  0.37881311 0.45899171 0.29201368 0.49385827 0.45486591 0.33493355  0.52597412 0.42092066 0.59410386 0.51256502
0.84353426 0.17514113 0.15936459 0.49822299 0.4176376  0.6098519  0.37881311 0.45899171 0.29201368 0.49385827 0.45486591 0.33493355  0.52597412 0.42092066 0.59410386 0.51256502
0.84353426 0.17514113 0.15936459 0.49822299 0.4176376  0.6098519  0.37881311 0.45899171 0.29201368 0.49385827 0.45486591 0.33493355  0.52597412 0.42092066 0.59410386 0.51256502
0.84353426 0.17514113 0.15936459 0.49822299 0.4176376  0.6098519  0.37881311 0.45899171 0.29201368 0.49385827 0.45486591 0.33493355  0.52597412 0.42092066 0.59410386 0.51256502
0.84353426 0.17514113 0.15936459 0.49822299 0.4176376  0.6098519  0.37881311 0.45899171 0.29201368 0.49385827 0.45486591 0.33493355  0.52597412 0.42092066 0.59410386 0.51256502
0.84353426 0.17514113 0.15936459 0.49822299 0.4176376  0.6098519  0.37881311 0.45899171 0.29201368 0.49385827 0.45486591 0.33493355  0.52597412 0.42092066 0.59410386 0.51256502
0.84353426 0.17514113 0.15936459 0.49822299 0.4176376  0.6098519  0.37881311 0.45899171 0.29201368 0.49385827 0.45486591 0.33493355  0.52597412 0.42092066 0.59410386 0.51256502
0.823779   0.20549228 0.11777308 0.43430077 0.45921814 0.64998563  0.36513838 0.46948534 0.32199176 0.41907712 0.31533471 0.26927705  0.46689881 0.3495764  0.65787516 0.46554938
0.81318369 0.25031966 0.12794196 0.34259939 0.40487029 0.57356803  0.32564143 0.43536379 0.35321324 0.44814892 0.36375156 0.32119651  0.4583075  0.33273496 0.55137298 0.49680833
0.77821413 0.35250937 0.11078182 0.17848262 0.36559738 0.52350332  0.33864324 0.43382403 0.52273208 0.37314048 0.25354835 0.44652416  0.47235953 0.26329985 0.53308895 0.3562632 
0.77821413 0.35250937 0.11078182 0.17848262 0.36559738 0.52350332  0.33864324 0.43382403 0.52273208 0.37314048 0.25354835 0.44652416  0.47235953 0.26329985 0.53308895 0.3562632 
0.66761333 0.57177261 0.08160697 0.20800067 0.35964442 0.58648128  0.56347265 0.25907486 0.56343371 0.37990452 0.25576974 0.50959458  0.77036197 0.56249416 0.52969797 0.46130694
0.66761333 0.57177261 0.08160697 0.20800067 0.35964442 0.58648128  0.56347265 0.25907486 0.56343371 0.37990452 0.25576974 0.50959458  0.77036197 0.56249416 0.52969797 0.46130694
0.49362571 0.81124581 0.1016175  0.47514645 0.3390896  0.61266162  0.60791633 0.33866394 0.42945969 0.47868133 0.51729227 0.46887136  0.35637887 0.33670351 0.41965302 0.46160683
0.49362571 0.81124581 0.1016175  0.47514645 0.3390896  0.61266162  0.60791633 0.33866394 0.42945969 0.47868133 0.51729227 0.46887136  0.35637887 0.33670351 0.41965302 0.46160683
0.34718753 0.78629534 0.13916592 0.65393142 0.39585117 0.40572921  0.34472289 0.46994061 0.55637576 0.42457912 0.51690489 0.45051442  0.34415921 0.41996286 0.55446129 0.36324151
0.17964186 0.61471069 0.2247161  0.61354346 0.41200704 0.30776284  0.30702524 0.57164569 0.50393565 0.39555117 0.31898804 0.47131966  0.63664867 0.44998083 0.54141262 0.51430254
0.03631018 0.41540188 0.32624181 0.4455019  0.36060521 0.46628334  0.43699433 0.48325785 0.50987685 0.40171282 0.44757077 0.45105915  0.48480944 0.46855757 0.59139026 0.42570739
0.03631018 0.41540188 0.32624181 0.4455019  0.36060521 0.46628334  0.43699433 0.48325785 0.50987685 0.40171282 0.44757077 0.45105915  0.48480944 0.46855757 0.59139026 0.42570739
0.03631018 0.41540188 0.32624181 0.4455019  0.36060521 0.46628334  0.43699433 0.48325785 0.50987685 0.40171282 0.44757077 0.45105915  0.48480944 0.46855757 0.59139026 0.42570739
0.0904987  0.47170678 0.30641632 0.47675279 0.34125978 0.53932824  0.37262666 0.44955908 0.58090037 0.47338989 0.39624355 0.49314898  0.4583055  0.4915232  0.73239993 0.50902655
0.10901787 0.48622695 0.30353338 0.47755394 0.32387065 0.59885261  0.35817776 0.4097428  0.60993259 0.51872982 0.37440623 0.51759335  0.41376545 0.48531732 0.78702444 0.54831078
0.14494907 0.53809934 0.27715554 0.52234375 0.33969087 0.55785689  0.31839435 0.43543077 0.63264339 0.51491534 0.37246727 0.51672164  0.43380988 0.51945545 0.83778602 0.5474329 
0.16306726 0.56463637 0.26350151 0.54599907 0.34850206 0.53273121  0.29939191 0.45000543 0.63549805 0.51072872 0.36336343 0.51685853  0.45478046 0.52627679 0.84035078 0.54785955
0.39967338 0.69502444 0.24578675 0.51290936 0.20678782 0.84341952  0.18777885 0.48765434 0.68141996 0.50598416 0.4165475  0.47367297  0.55433873 0.44296251 0.50433012 0.41177931
0.4687429  0.73626611 0.32416337 0.62378868 0.14343461 0.76903215  0.16797275 0.44675921 0.56345217 0.48866737 0.47994942 0.53667735  0.73024446 0.54171687 0.38844363 0.30562094
0.50327951 0.74248777 0.45840044 0.69120812 0.08815916 0.71571753  0.1911876  0.38653916 0.53017004 0.40289168 0.52732929 0.56865527  0.74468831 0.53188231 0.47692098 0.33054745
0.52801537 0.77070807 0.47757056 0.72760651 0.08360572 0.66514001  0.19774097 0.37438813 0.48021484 0.30822787 0.48032792 0.57778044  0.80130692 0.44841918 0.43752677 0.40269129
0.53841038 0.78993005 0.53910034 0.72799125 0.10006618 0.63804635  0.23757604 0.37706842 0.55640546 0.34454041 0.42340078 0.49807405  0.76357736 0.41619669 0.45052366 0.396462  
0.54895815 0.77567536 0.56523186 0.75042752 0.09395308 0.6062754  0.27292108 0.40031518 0.55295228 0.45526567 0.42722703 0.46988459  0.78380351 0.39637578 0.52961624 0.26315137
0.56945449 0.7623013  0.61209677 0.7496093  0.07937454 0.59242689  0.22626591 0.41825397 0.51917144 0.41008474 0.40483656 0.47723886  0.63433012 0.34811791 0.56210615 0.29945306
0.56366086 0.74928913 0.57766933 0.74762527 0.07730114 0.59169115  0.23742036 0.44177871 0.52615277 0.47850274 0.40573096 0.47695313  0.66560436 0.33321687 0.56671107 0.24229033
0.56764598 0.76137731 0.60521452 0.74299214 0.09750202 0.5962085  0.22965052 0.43209495 0.51733533 0.42332122 0.3959802  0.46984197  0.62915004 0.31692785 0.59403504 0.25880085
0.56764598 0.76137731 0.60521452 0.74299214 0.09750202 0.5962085  0.22965052 0.43209495 0.51733533 0.42332122 0.3959802  0.46984197  0.62915004 0.31692785 0.59403504 0.25880085
0.59407706 0.77380883 0.67138481 0.68535181 0.12996959 0.60345698  0.23906473 0.48485185 0.5197148  0.36453087 0.36994554 0.4061246  0.63820111 0.35933206 0.58121386 0.27719742
0.61530527 0.7595411  0.71250927 0.66701315 0.12295736 0.58711406  0.19901386 0.52209176 0.50968862 0.30355302 0.35191609 0.41382335  0.51474469 0.31247693 0.6290788  0.33638818
0.74524733 0.71086927 0.77461927 0.35682875 0.34018894 0.58014383  0.36722587 0.73122436 0.47537941 0.31123363 0.48875849 0.34640661  0.6150368  0.36869408 0.73706446 0.21560619
0.74183199 0.70189346 0.75494154 0.34633719 0.34733151 0.5592538  0.39653235 0.76508731 0.52561726 0.43807504 0.47223863 0.30088828  0.6302921  0.37224025 0.71792143 0.17636505
0.77141214 0.75546221 0.84298311 0.27473186 0.58883054 0.59854399  0.38296374 0.72783821 0.40121612 0.44144374 0.558258   0.46496096  0.56689451 0.29555227 0.67077471 0.24878452
0.76763419 0.7494287  0.82775171 0.25722602 0.64167608 0.59870389  0.39775309 0.76409662 0.43537663 0.58062769 0.57560263 0.47573704  0.62331568 0.26522318 0.64503342 0.20593486
0.77342783 0.76244087 0.86217915 0.25921005 0.64374949 0.59943963  0.38659863 0.74057188 0.42839529 0.51220969 0.57470824 0.47602277  0.59204144 0.28012421 0.6404285  0.26309758
0.79086954 0.75560296 0.84906588 0.22422055 0.65977022 0.5726415  0.46466425 0.71884017 0.37664229 0.52518971 0.56239624 0.48760014  0.58483912 0.29234195 0.6721049  0.273557  
0.79074463 0.75237399 0.84191676 0.23262286 0.62074695 0.55895361  0.47873259 0.7159065  0.39042505 0.51901648 0.52946808 0.43903129  0.57313431 0.30988379 0.66786807 0.25568247
0.8043096  0.73579838 0.7913869  0.24252863 0.52535624 0.52128516  0.56472971 0.65975191 0.29145716 0.47607136 0.40483176 0.41507945  0.52563721 0.30339381 0.6945769  0.25342504
0.79817939 0.71203883 0.73590854 0.28957677 0.37500865 0.50976523  0.57200503 0.63761403 0.2657651  0.3660092  0.37553118 0.3974446  0.48483362 0.31569772 0.7415241  0.2493598 
0.82168837 0.62927069 0.6803612  0.26266882 0.33320894 0.45129002  0.5418084  0.57838532 0.33797786 0.3408918  0.36362761 0.46936495  0.51404889 0.44456757 0.76057548 0.27458878
0.82726157 0.44898979 0.4526021  0.34579198 0.10159503 0.37116031  0.52104073 0.49227971 0.34662963 0.38843248 0.49906142 0.63527512  0.62754457 0.51554895 0.70503711 0.37097238
0.81729302 0.39107261 0.34172922 0.32011377 0.15825058 0.384911  0.45839517 0.54261922 0.37800211 0.49745885 0.56887381 0.62868577  0.60609072 0.42608775 0.58901886 0.26331919
0.84259315 0.32340631 0.32041835 0.32262572 0.19607863 0.36591271  0.40032243 0.38149411 0.42521347 0.49451326 0.50389101 0.63778658  0.64347478 0.36239727 0.57048746 0.20355629
0.85035603 0.26335728 0.2811556  0.39447614 0.24416688 0.42964295  0.35985178 0.3920038  0.32126313 0.56448607 0.56823926 0.54910697  0.60728368 0.52345474 0.42627393 0.36677647
0.84120835 0.2578647  0.24388131 0.37671039 0.26752046 0.4403669  0.35980641 0.41977885 0.33092669 0.59236002 0.55168748 0.53475907  0.57083443 0.47879835 0.4567594  0.34920689
0.82982817 0.26285634 0.20939109 0.34993627 0.29787243 0.45581725  0.3596482  0.43420969 0.36611931 0.57199243 0.51061925 0.5004943  0.52451207 0.42407134 0.48174135 0.38445546
0.84520076 0.20289434 0.19595182 0.43797801 0.34981088 0.51952401  0.34587972 0.4284134  0.27360697 0.5606673  0.52475873 0.39062122  0.55434842 0.37947664 0.57660305 0.4316257 
0.82548072 0.2082628  0.13254598 0.41737946 0.41505793 0.57730212  0.36406938 0.46037694 0.36654062 0.49253565 0.43515155 0.34668289  0.45386984 0.38814518 0.50886496 0.5680739 
0.81315598 0.2229087  0.10489241 0.39127522 0.44489435 0.5980986  0.36988809 0.45458833 0.41386273 0.44287116 0.38994968 0.31764605  0.47007161 0.34839511 0.50323942 0.60443373
0.83094583 0.19141828 0.13100269 0.46622992 0.45121444 0.63320032  0.38075718 0.45109028 0.34719473 0.43166422 0.38530673 0.29963545  0.54002376 0.37437439 0.57227795 0.51018279
0.8237513  0.17808131 0.09472352 0.4829766  0.4992422  0.6745162  0.40938504 0.48870988 0.38264125 0.41379936 0.34153283 0.26572659  0.47866293 0.36523656 0.60974161 0.57317477
0.8237513  0.17808131 0.09472352 0.4829766  0.4992422  0.6745162  0.40938504 0.48870988 0.38264125 0.41379936 0.34153283 0.26572659  0.47866293 0.36523656 0.60974161 0.57317477
0.81537622 0.20344082 0.08762222 0.44582851 0.51047077 0.69919957  0.39586853 0.48477267 0.3774267  0.35938579 0.24306986 0.23433486  0.46590999 0.34861932 0.64853095 0.49091055
0.81537622 0.20344082 0.08762222 0.44582851 0.51047077 0.69919957  0.39586853 0.48477267 0.3774267  0.35938579 0.24306986 0.23433486  0.46590999 0.34861932 0.64853095 0.49091055
0.81537622 0.20344082 0.08762222 0.44582851 0.51047077 0.69919957  0.39586853 0.48477267 0.3774267  0.35938579 0.24306986 0.23433486  0.46590999 0.34861932 0.64853095 0.49091055
0.81537622 0.20344082 0.08762222 0.44582851 0.51047077 0.69919957  0.39586853 0.48477267 0.3774267  0.35938579 0.24306986 0.23433486  0.46590999 0.34861932 0.64853095 0.49091055
0.81537622 0.20344082 0.08762222 0.44582851 0.51047077 0.69919957  0.39586853 0.48477267 0.3774267  0.35938579 0.24306986 0.23433486  0.46590999 0.34861932 0.64853095 0.49091055
0.81537622 0.20344082 0.08762222 0.44582851 0.51047077 0.69919957  0.39586853 0.48477267 0.3774267  0.35938579 0.24306986 0.23433486  0.46590999 0.34861932 0.64853095 0.49091055
0.7999243  0.21680584 0.06448215 0.43800745 0.53454427 0.68227344  0.44063796 0.47448422 0.42798535 0.34064545 0.2853728  0.22928475  0.47183348 0.35638064 0.70455434 0.55918981
0.7999243  0.21680584 0.06448215 0.43800745 0.53454427 0.68227344  0.44063796 0.47448422 0.42798535 0.34064545 0.2853728  0.22928475  0.47183348 0.35638064 0.70455434 0.55918981
0.78522159 0.24319207 0.05204468 0.4408097  0.55119621 0.6968577  0.47613867 0.43302069 0.45478486 0.31740838 0.30686887 0.22221621  0.59003263 0.41953954 0.66745951 0.58005085
0.72895374 0.33473694 0.0257808  0.45764001 0.5722551  0.67066459  0.56649175 0.27653446 0.52094989 0.27075663 0.37892968 0.24473234  0.70022107 0.49170185 0.67124984 0.47847132
0.69557435 0.41128612 0.02118923 0.34329967 0.52879824 0.5399394  0.55201561 0.20466437 0.58142888 0.27734422 0.49358536 0.31144165  0.67526721 0.43010099 0.68064632 0.43801995
0.69557435 0.41128612 0.02118923 0.34329967 0.52879824 0.5399394  0.55201561 0.20466437 0.58142888 0.27734422 0.49358536 0.31144165  0.67526721 0.43010099 0.68064632 0.43801995
0.59590469 0.5853334  0.03731334 0.41524071 0.48952271 0.54414456  0.66108632 0.15470908 0.48614871 0.39084762 0.40217168 0.40621928  0.57526496 0.52472012 0.79781695 0.40570444
0.56414126 0.62978737 0.0495573  0.33254569 0.45484992 0.39978219  0.6676238  0.18746235 0.51972545 0.37165076 0.46688559 0.47501977  0.55142096 0.54535069 0.65224323 0.35174928
0.42676826 0.67718308 0.08189272 0.47269536 0.48881716 0.23945197  0.673192   0.29610911 0.31581197 0.36258551 0.43366678 0.45008508  0.43114553 0.46892633 0.51625962 0.26537769
0.30851896 0.67741256 0.14990617 0.51123992 0.43788689 0.29884379  0.63239683 0.41712882 0.27118747 0.39798161 0.44355067 0.45212775  0.33547581 0.34081552 0.35824454 0.37445228
0.23410871 0.59841664 0.18773916 0.49165048 0.4460445  0.25818529  0.63199549 0.42761532 0.21625184 0.4197022  0.31569527 0.48523863  0.35417296 0.3432496  0.41960601 0.43415255
0.05336775 0.43914143 0.31083182 0.46832666 0.37416152 0.39938838  0.45143619 0.50292086 0.40448693 0.37548598 0.33684065 0.45259001  0.60541605 0.3574237  0.32371238 0.49045415
0.01779563 0.38669558 0.33863985 0.42004769 0.35385851 0.46460162  0.48109267 0.47190843 0.43452283 0.38595027 0.3992976  0.44733029  0.52908455 0.38078184 0.39373238 0.44873962
0.01779563 0.38669558 0.33863985 0.42004769 0.35385851 0.46460162  0.48109267 0.47190843 0.43452283 0.38595027 0.3992976  0.44733029  0.52908455 0.38078184 0.39373238 0.44873962
0.00039479 0.36283831 0.35232302 0.39930133 0.34523319 0.50234819  0.48417291 0.45702496 0.47508945 0.39693445 0.45000532 0.44589633  0.47476172 0.42761975 0.50206904 0.41641874
0.00039479 0.36283831 0.35232302 0.39930133 0.34523319 0.50234819  0.48417291 0.45702496 0.47508945 0.39693445 0.45000532 0.44589633  0.47476172 0.42761975 0.50206904 0.41641874
0.00039479 0.36283831 0.35232302 0.39930133 0.34523319 0.50234819  0.48417291 0.45702496 0.47508945 0.39693445 0.45000532 0.44589633  0.47476172 0.42761975 0.50206904 0.41641874
0.00039479 0.36283831 0.35232302 0.39930133 0.34523319 0.50234819  0.48417291 0.45702496 0.47508945 0.39693445 0.45000532 0.44589633  0.47476172 0.42761975 0.50206904 0.41641874
0.00039479 0.36283831 0.35232302 0.39930133 0.34523319 0.50234819  0.48417291 0.45702496 0.47508945 0.39693445 0.45000532 0.44589633  0.47476172 0.42761975 0.50206904 0.41641874
0.00039479 0.36283831 0.35232302 0.39930133 0.34523319 0.50234819  0.48417291 0.45702496 0.47508945 0.39693445 0.45000532 0.44589633  0.47476172 0.42761975 0.50206904 0.41641874
0.00039479 0.36283831 0.35232302 0.39930133 0.34523319 0.50234819  0.48417291 0.45702496 0.47508945 0.39693445 0.45000532 0.44589633  0.47476172 0.42761975 0.50206904 0.41641874
0.00039479 0.36283831 0.35232302 0.39930133 0.34523319 0.50234819  0.48417291 0.45702496 0.47508945 0.39693445 0.45000532 0.44589633  0.47476172 0.42761975 0.50206904 0.41641874
0.00039479 0.36283831 0.35232302 0.39930133 0.34523319 0.50234819  0.48417291 0.45702496 0.47508945 0.39693445 0.45000532 0.44589633  0.47476172 0.42761975 0.50206904 0.41641874
0.00039479 0.36283831 0.35232302 0.39930133 0.34523319 0.50234819  0.48417291 0.45702496 0.47508945 0.39693445 0.45000532 0.44589633  0.47476172 0.42761975 0.50206904 0.41641874
0.00039479 0.36283831 0.35232302 0.39930133 0.34523319 0.50234819  0.48417291 0.45702496 0.47508945 0.39693445 0.45000532 0.44589633  0.47476172 0.42761975 0.50206904 0.41641874
0.00039479 0.36283831 0.35232302 0.39930133 0.34523319 0.50234819  0.48417291 0.45702496 0.47508945 0.39693445 0.45000532 0.44589633  0.47476172 0.42761975 0.50206904 0.41641874
0.00039479 0.36283831 0.35232302 0.39930133 0.34523319 0.50234819  0.48417291 0.45702496 0.47508945 0.39693445 0.45000532 0.44589633  0.47476172 0.42761975 0.50206904 0.41641874
0.00039479 0.36283831 0.35232302 0.39930133 0.34523319 0.50234819  0.48417291 0.45702496 0.47508945 0.39693445 0.45000532 0.44589633  0.47476172 0.42761975 0.50206904 0.41641874
0.00039479 0.36283831 0.35232302 0.39930133 0.34523319 0.50234819  0.48417291 0.45702496 0.47508945 0.39693445 0.45000532 0.44589633  0.47476172 0.42761975 0.50206904 0.41641874
0.00039479 0.36283831 0.35232302 0.39930133 0.34523319 0.50234819  0.48417291 0.45702496 0.47508945 0.39693445 0.45000532 0.44589633  0.47476172 0.42761975 0.50206904 0.41641874
0.00039479 0.36283831 0.35232302 0.39930133 0.34523319 0.50234819  0.48417291 0.45702496 0.47508945 0.39693445 0.45000532 0.44589633  0.47476172 0.42761975 0.50206904 0.41641874
0.00039479 0.36283831 0.35232302 0.39930133 0.34523319 0.50234819  0.48417291 0.45702496 0.47508945 0.39693445 0.45000532 0.44589633  0.47476172 0.42761975 0.50206904 0.41641874
0.00039479 0.36283831 0.35232302 0.39930133 0.34523319 0.50234819  0.48417291 0.45702496 0.47508945 0.39693445 0.45000532 0.44589633  0.47476172 0.42761975 0.50206904 0.41641874
0.00039479 0.36283831 0.35232302 0.39930133 0.34523319 0.50234819  0.48417291 0.45702496 0.47508945 0.39693445 0.45000532 0.44589633  0.47476172 0.42761975 0.50206904 0.41641874
