0.00039479 0.36283831 0.35232302 0.39930133 0.34523319 0.50234819  0.48417291 0.45702496 0.47508945 0.39693445 0.45000532 0.44589633  0.47476172 0.42761975 0.50206904 0.41641874
0.00039479 0.36283831 0.35232302 0.39930133 0.34523319 0.50234819  0.48417291 0.45702496 0.47508945 0.39693445 0.45000532 0.44589633  0.47476172 0.42761975 0.50206904 0.41641874
0.00039479 0.36283831 0.35232302 0.39930133 0.34523319 0.50234819  0.48417291 0.45702496 0.47508945 0.39693445 0.45000532 0.44589633  0.47476172 0.42761975 0.50206904 0.41641874
0.00039479 0.36283831 0.35232302 0.39930133 0.34523319 0.50234819  0.48417291 0.45702496 0.47508945 0.39693445 0.45000532 0.44589633  0.47476172 0.42761975 0.50206904 0.41641874
0.00039479 0.36283831 0.35232302 0.39930133 0.34523319 0.50234819  0.48417291 0.45702496 0.47508945 0.39693445 0.45000532 0.44589633  0.47476172 0.42761975 0.50206904 0.41641874
0.00039479 0.36283831 0.35232302 0.39930133 0.34523319 0.50234819  0.48417291 0.45702496 0.47508945 0.39693445 0.45000532 0.44589633  0.47476172 0.42761975 0.50206904 0.41641874
0.00039479 0.36283831 0.35232302 0.39930133 0.34523319 0.50234819  0.48417291 0.45702496 0.47508945 0.39693445 0.45000532 0.44589633  0.47476172 0.42761975 0.50206904 0.41641874
0.00039479 0.36283831 0.35232302 0.39930133 0.34523319 0.50234819  0.48417291 0.45702496 0.47508945 0.39693445 0.45000532 0.44589633  0.47476172 0.42761975 0.50206904 0.41641874
0.00039479 0.36283831 0.35232302 0.39930133 0.34523319 0.50234819  0.48417291 0.45702496 0.47508945 0.39693445 0.45000532 0.44589633  0.47476172 0.42761975 0.50206904 0.41641874
0.00039479 0.36283831 0.35232302 0.39930133 0.34523319 0.50234819  0.48417291 0.45702496 0.47508945 0.39693445 0.45000532 0.44589633  0.47476172 0.42761975 0.50206904 0.41641874
0.00039479 0.36283831 0.35232302 0.39930133 0.34523319 0.50234819  0.48417291 0.45702496 0.47508945 0.39693445 0.45000532 0.44589633  0.47476172 0.42761975 0.50206904 0.41641874
0.00039479 0.36283831 0.35232302 0.39930133 0.34523319 0.50234819  0.48417291 0.45702496 0.47508945 0.39693445 0.45000532 0.44589633  0.47476172 0.42761975 0.50206904 0.41641874
0.00039479 0.36283831 0.35232302 0.39930133 0.34523319 0.50234819  0.48417291 0.45702496 0.47508945 0.39693445 0.45000532 0.44589633  0.47476172 0.42761975 0.50206904 0.41641874
0.00039479 0.36283831 0.35232302 0.39930133 0.34523319 0.50234819  0.48417291 0.45702496 0.47508945 0.39693445 0.45000532 0.44589633  0.47476172 0.42761975 0.50206904 0.41641874
0.00039479 0.36283831 0.35232302 0.39930133 0.34523319 0.50234819  0.48417291 0.45702496 0.47508945 0.39693445 0.45000532 0.44589633  0.47476172 0.42761975 0.50206904 0.41641874
0.00039479 0.36283831 0.35232302 0.39930133 0.34523319 0.50234819  0.48417291 0.45702496 0.47508945 0.39693445 0.45000532 0.44589633  0.47476172 0.42761975 0.50206904 0.41641874
0.00039479 0.36283831 0.35232302 0.39930133 0.34523319 0.50234819  0.48417291 0.45702496 0.47508945 0.39693445 0.45000532 0.44589633  0.47476172 0.42761975 0.50206904 0.41641874
0.00039479 0.36283831 0.35232302 0.39930133 0.34523319 0.50234819  0.48417291 0.45702496 0.47508945 0.39693445 0.45000532 0.44589633  0.47476172 0.42761975 0.50206904 0.41641874
0.00039479 0.36283831 0.35232302 0.39930133 0.34523319 0.50234819  0.48417291 0.45702496 0.47508945 0.39693445 0.45000532 0.44589633  0.47476172 0.42761975 0.50206904 0.41641874
0.00039479 0.36283831 0.35232302 0.39930133 0.34523319 0.50234819  0.48417291 0.45702496 0.47508945 0.39693445 0.45000532 0.44589633  0.47476172 0.42761975 0.50206904 0.41641874
0.00039479 0.36283831 0.35232302 0.39930133 0.34523319 0.50234819  0.48417291 0.45702496 0.47508945 0.39693445 0.45000532 0.44589633  0.47476172 0.42761975 0.50206904 0.41641874
0.00039479 0.36283831 0.35232302 0.39930133 0.34523319 0.50234819  0.48417291 0.45702496 0.47508945 0.39693445 0.45000532 0.44589633  0.47476172 0.42761975 0.50206904 0.41641874
0.00039479 0.36283831 0.35232302 0.39930133 0.34523319 0.50234819  0.48417291 0.45702496 0.47508945 0.39693445 0.45000532 0.44589633  0.47476172 0.42761975 0.50206904 0.41641874
0.00039479 0.36283831 0.35232302 0.39930133 0.34523319 0.50234819  0.48417291 0.45702496 0.47508945 0.39693445 0.45000532 0.44589633  0.47476172 0.42761975 0.50206904 0.41641874
0.00039479 0.36283831 0.35232302 0.39930133 0.34523319 0.50234819  0.48417291 0.45702496 0.47508945 0.39693445 0.45000532 0.44589633  0.47476172 0.42761975 0.50206904 0.41641874
0.00039479 0.36283831 0.35232302 0.39930133 0.34523319 0.50234819  0.48417291 0.45702496 0.47508945 0.39693445 0.45000532 0.44589633  0.47476172 0.42761975 0.50206904 0.41641874
0.00039479 0.36283831 0.35232302 0.39930133 0.34523319 0.50234819  0.48417291 0.45702496 0.47508945 0.39693445 0.45000532 0.44589633  0.47476172 0.42761975 0.50206904 0.41641874
0.00039479 0.36283831 0.35232302 0.39930133 0.34523319 0.50234819  0.48417291 0.45702496 0.47508945 0.39693445 0.45000532 0.44589633  0.47476172 0.42761975 0.50206904 0.41641874
0.00039479 0.36283831 0.35232302 0.39930133 0.34523319 0.50234819  0.48417291 0.45702496 0.47508945 0.39693445 0.45000532 0.44589633  0.47476172 0.42761975 0.50206904 0.41641874
0.00039479 0.36283831 0.35232302 0.39930133 0.34523319 0.50234819  0.48417291 0.45702496 0.47508945 0.39693445 0.45000532 0.44589633  0.47476172 0.42761975 0.50206904 0.41641874
0.00039479 0.36283831 0.35232302 0.39930133 0.34523319 0.50234819  0.48417291 0.45702496 0.47508945 0.39693445 0.45000532 0.44589633  0.47476172 0.42761975 0.50206904 0.41641874
0.00039479 0.36283831 0.35232302 0.39930133 0.34523319 0.50234819  0.48417291 0.45702496 0.47508945 0.39693445 0.45000532 0.44589633  0.47476172 0.42761975 0.50206904 0.41641874
0.00039479 0.36283831 0.35232302 0.39930133 0.34523319 0.50234819  0.48417291 0.45702496 0.47508945 0.39693445 0.45000532 0.44589633  0.47476172 0.42761975 0.50206904 0.41641874
0.01790387 0.3898545  0.33817562 0.42642862 0.35681041 0.46717525  0.46152885 0.47694295 0.46991849 0.39350101 0.41724602 0.4497633  0.51968443 0.43336993 0.49846349 0.44236435
0.03525649 0.41685964 0.32437467 0.45347996 0.36854765 0.43569141  0.43485985 0.4975719  0.47652552 0.39120509 0.39620065 0.45304628  0.55757342 0.45566594 0.52722734 0.46096477
0.05357196 0.4426501  0.31126372 0.47372404 0.37603629 0.41875523  0.42072775 0.50444347 0.48490619 0.39013906 0.40420374 0.45185212  0.54462992 0.46722303 0.55234375 0.44813721
0.07199408 0.46750629 0.29903328 0.49138657 0.38027929 0.41293245  0.4035884  0.51021345 0.51278795 0.38975802 0.43502408 0.44711343  0.51975164 0.49561098 0.60671087 0.42131372
0.12672612 0.54137758 0.26278974 0.54401884 0.39417517 0.39074118  0.35574632 0.52783416 0.57259564 0.39322951 0.48704457 0.44219725  0.47978899 0.54359807 0.71115727 0.39215667
0.21666849 0.66649319 0.19655565 0.64794329 0.43153364 0.26497944  0.2958153  0.59137614 0.52755295 0.35956252 0.40667321 0.4389216  0.61344713 0.49328254 0.54841859 0.42073446
0.29131437 0.74805556 0.15908228 0.6753636  0.42004641 0.3197609  0.28518274 0.55941337 0.5863977  0.37842273 0.50936378 0.43246587  0.48548483 0.47992898 0.58442582 0.36396198
0.34717942 0.77663105 0.13635058 0.6294264  0.40763731 0.36666837  0.40359323 0.50236149 0.49616638 0.37670006 0.56162901 0.4176835  0.34171361 0.39714634 0.45538403 0.31313364
0.43944547 0.80827878 0.10834238 0.5377525  0.37027299 0.50702251  0.55360345 0.39396718 0.44618841 0.41945709 0.59308769 0.43143085  0.29915405 0.34327217 0.40175661 0.36346089
0.51122529 0.79950986 0.09455724 0.43195576 0.3493868  0.5994669  0.66683861 0.34610602 0.416032   0.46732754 0.53386627 0.462384  0.40329739 0.37544479 0.47961754 0.45658068
0.56324047 0.75110964 0.09211211 0.30418254 0.34843496 0.59677457  0.7318537  0.49777815 0.44141285 0.39386804 0.58813656 0.42747788  0.60811379 0.45263783 0.56700873 0.50068664
0.61229724 0.69027142 0.11444087 0.22828232 0.31654721 0.60530845  0.65930659 0.65623323 0.44100169 0.39902366 0.50321143 0.44850063  0.57692479 0.39421143 0.59493965 0.53045233
0.69958679 0.51971594 0.0920267  0.1467271  0.35431002 0.54148062  0.52486561 0.41832515 0.59052091 0.36192857 0.29382223 0.50544842  0.67759794 0.5101289  0.5671372  0.48174349
0.74029831 0.42236503 0.08253112 0.13001876 0.3795643  0.48711557  0.42582677 0.38781866 0.64367133 0.33700756 0.31734034 0.49028625  0.57951604 0.35658439 0.49608563 0.425364  
0.75500101 0.3959788  0.09496858 0.12721651 0.36291236 0.47253131  0.39032606 0.42928219 0.61687182 0.36024464 0.29584427 0.49735479  0.46131689 0.29342549 0.53318046 0.40450296
0.78277767 0.36796789 0.14576222 0.16114181 0.30900244 0.46866096  0.33973792 0.44535925 0.51899106 0.42864946 0.2987432  0.53144176  0.43919163 0.32541423 0.48278262 0.29986387
0.81435162 0.25312454 0.13782594 0.33264085 0.37000287 0.52323327  0.3368708  0.43729559 0.39220012 0.48759121 0.44815954 0.40404938  0.47680677 0.32252523 0.51599815 0.51136424
0.83293895 0.21996852 0.16953348 0.40652161 0.36328974 0.5334343  0.33931616 0.42487016 0.32323516 0.52293007 0.50328275 0.38685301  0.5173828  0.40407921 0.48760168 0.54382398
0.83293895 0.21996852 0.16953348 0.40652161 0.36328974 0.5334343  0.33931616 0.42487016 0.32323516 0.52293007 0.50328275 0.38685301  0.5173828  0.40407921 0.48760168 0.54382398
0.83293895 0.21996852 0.16953348 0.40652161 0.36328974 0.5334343  0.33931616 0.42487016 0.32323516 0.52293007 0.50328275 0.38685301  0.5173828  0.40407921 0.48760168 0.54382398
0.83293895 0.21996852 0.16953348 0.40652161 0.36328974 0.5334343  0.33931616 0.42487016 0.32323516 0.52293007 0.50328275 0.38685301  0.5173828  0.40407921 0.48760168 0.54382398
0.8257318  0.2481329  0.17231615 0.35941497 0.3396509  0.50778292  0.33702901 0.42286476 0.35700749 0.5079588  0.48922776 0.43831415  0.52312913 0.37725225 0.4910162  0.47611567
0.79115275 0.34260838 0.15286352 0.19828991 0.29777387 0.44397759  0.35325443 0.44929646 0.5242056  0.48306303 0.39720617 0.56283348  0.45194457 0.34203147 0.44399327 0.38212809
0.78277767 0.36796789 0.14576222 0.16114181 0.30900244 0.46866096  0.33973792 0.44535925 0.51899106 0.42864946 0.2987432  0.53144176  0.43919163 0.32541423 0.48278262 0.29986387
0.67408174 0.58802617 0.11093365 0.14606481 0.31629629 0.5722528  0.58541939 0.54936046 0.5362624  0.3816034  0.31403501 0.51218567  0.65974729 0.5810645  0.63028581 0.54542615
0.62964615 0.67993392 0.12824543 0.21117154 0.29032701 0.64523296  0.62443677 0.6825204  0.42065696 0.40086651 0.42113481 0.45573688  0.62286445 0.37810761 0.55117293 0.53012125
0.59787761 0.73134667 0.12022963 0.27059545 0.29584709 0.67845973  0.66056277 0.55335991 0.40061692 0.40211321 0.42785235 0.44404497  0.69609507 0.42322775 0.46911648 0.50576494
0.61332953 0.71798166 0.1433697  0.27841651 0.27177359 0.69538586  0.61579334 0.56364836 0.35005827 0.42085355 0.38554941 0.44909509  0.69017158 0.41546642 0.41309309 0.43748568
0.62904831 0.692664   0.15022193 0.25207601 0.26587745 0.68134806  0.59337294 0.63627992 0.34688242 0.43780951 0.37201738 0.45874611  0.63509784 0.3932781  0.43381524 0.44956188
0.73770951 0.80111134 0.63377587 0.1081655  0.71868755 0.6742783  0.48284332 0.63152809 0.30509291 0.27666051 0.41676728 0.49223002  0.55994809 0.34736855 0.55804636 0.48239603
0.78910188 0.77138193 0.79588012 0.21908961 0.66538796 0.58987211  0.53779141 0.61701412 0.23452806 0.41133226 0.54398734 0.59485639  0.67307045 0.31171995 0.70473797 0.32285271
0.78910188 0.77138193 0.79588012 0.21908961 0.66538796 0.58987211  0.53779141 0.61701412 0.23452806 0.41133226 0.54398734 0.59485639  0.67307045 0.31171995 0.70473797 0.32285271
0.78910188 0.77138193 0.79588012 0.21908961 0.66538796 0.58987211  0.53779141 0.61701412 0.23452806 0.41133226 0.54398734 0.59485639  0.67307045 0.31171995 0.70473797 0.32285271
0.81884719 0.70884632 0.78553235 0.17268252 0.68337542 0.53377021  0.50647113 0.55349565 0.32012129 0.38205519 0.50440936 0.62198602  0.69270201 0.44039947 0.72357171 0.33119524
0.85250925 0.66087398 0.81780243 0.13555359 0.69981695 0.46936114  0.49912859 0.5454559  0.40755243 0.53832237 0.38149928 0.57563409  0.58917732 0.47207892 0.76261468 0.3316567 
0.85238433 0.65764501 0.81065332 0.14395589 0.66079368 0.45567325  0.51319694 0.54252222 0.42133518 0.53214915 0.34857112 0.52706525  0.57747251 0.48962076 0.75837786 0.31378217
0.85000604 0.65360865 0.79590361 0.15246342 0.65157771 0.47582754  0.49504491 0.53218401 0.37807867 0.47372573 0.36598538 0.57229785  0.59349145 0.47117356 0.78212581 0.29586059
0.8476192  0.64551458 0.77389693 0.17119518 0.58779111 0.47504815  0.4931482  0.5194317  0.35110483 0.40160888 0.34672844 0.55751516  0.56729516 0.48582415 0.81282884 0.28164626
0.88599532 0.54250387 0.74530558 0.17102884 0.64414163 0.43056881  0.39990642 0.31164258 0.43663347 0.37663511 0.30447159 0.55275355  0.59929318 0.38501981 0.72018335 0.18661165
0.89693379 0.49899925 0.72229422 0.18907313 0.61214553 0.39223842  0.37826319 0.2919942  0.48286491 0.35903988 0.33852666 0.48603393  0.58699638 0.33707471 0.61509865 0.13885384
0.88703197 0.45782364 0.6349915  0.25343467 0.41801776 0.37120876  0.39727462 0.27786718 0.45828494 0.23642637 0.33999043 0.51919705  0.53240454 0.31543265 0.67583287 0.20375162
0.85548955 0.37954216 0.42807353 0.28414256 0.27844711 0.38449451  0.37755669 0.32305993 0.390973   0.35320302 0.42917059 0.63223613  0.6814215  0.35716516 0.64441538 0.13313249
0.85070077 0.35862143 0.38344463 0.31889539 0.17077486 0.36704118  0.39648491 0.32274735 0.40094679 0.3285461  0.42568617 0.62843396  0.66946688 0.3538112  0.64773379 0.17868462
0.86677426 0.27121266 0.35331166 0.43380731 0.21665445 0.39638907  0.4000398  0.34951987 0.34228444 0.4974639  0.57131166 0.55176232  0.66920354 0.45896908 0.51373066 0.37090009
0.8679016  0.18874756 0.26438624 0.51693033 0.33275122 0.52041876  0.38448844 0.40871708 0.25703681 0.51230731 0.53155841 0.41187843  0.59894693 0.43987044 0.58987056 0.40466412
0.86619683 0.15772792 0.22170889 0.547373   0.37060096 0.5721769  0.38829893 0.44667848 0.22978045 0.55531113 0.50991821 0.38364027  0.59012039 0.47775336 0.61290119 0.37004674
0.86619683 0.15772792 0.22170889 0.547373   0.37060096 0.5721769  0.38829893 0.44667848 0.22978045 0.55531113 0.50991821 0.38364027  0.59012039 0.47775336 0.61290119 0.37004674
0.87109821 0.13637797 0.21777586 0.59408549 0.39522298 0.60890872  0.41044631 0.46918006 0.21530569 0.54193625 0.49034714 0.36706119  0.59207151 0.48983808 0.65440461 0.35411952
0.87109821 0.13637797 0.21777586 0.59408549 0.39522298 0.60890872  0.41044631 0.46918006 0.21530569 0.54193625 0.49034714 0.36706119  0.59207151 0.48983808 0.65440461 0.35411952
0.86226263 0.12976984 0.18120785 0.59956664 0.44445646 0.65042852  0.44279118 0.50992825 0.27640254 0.4991478  0.40911414 0.35746147  0.52148039 0.46438837 0.66497334 0.33593318
0.86226263 0.12976984 0.18120785 0.59956664 0.44445646 0.65042852  0.44279118 0.50992825 0.27640254 0.4991478  0.40911414 0.35746147  0.52148039 0.46438837 0.66497334 0.33593318
0.85071655 0.14382267 0.15264544 0.57130192 0.46488154 0.67520512  0.42958893 0.50569782 0.31130209 0.44553296 0.37077276 0.33675827  0.50150436 0.45548648 0.6049937  0.40446083
0.85255426 0.13506203 0.15195962 0.5981624  0.47759683 0.69455572  0.4589922  0.53149769 0.33868588 0.42737599 0.34019144 0.37222977  0.47631149 0.48128526 0.57209176 0.35804959
0.85376673 0.12929985 0.15200132 0.61718151 0.4856254  0.70663102  0.48171974 0.54911073 0.36260564 0.41264488 0.31799285 0.40049806  0.45259844 0.50683624 0.53852427 0.33121255
0.85376673 0.12929985 0.15200132 0.61718151 0.4856254  0.70663102  0.48171974 0.54911073 0.36260564 0.41264488 0.31799285 0.40049806  0.45259844 0.50683624 0.53852427 0.33121255
0.85376673 0.12929985 0.15200132 0.61718151 0.4856254  0.70663102  0.48171974 0.54911073 0.36260564 0.41264488 0.31799285 0.40049806  0.45259844 0.50683624 0.53852427 0.33121255
0.82097101 0.17731824 0.0849003  0.52396337 0.55009613 0.75669493  0.48050242 0.55450293 0.45463448 0.30407684 0.15012519 0.3227397  0.39273531 0.42924637 0.5676483  0.36422735
0.80551909 0.19068325 0.06176023 0.5161423  0.57416964 0.73976879  0.52527185 0.54421448 0.50519313 0.2853365  0.19242812 0.31768959  0.39865881 0.4370077  0.62367169 0.43250662
0.80430661 0.19644543 0.06171853 0.4971232  0.56614107 0.7276935  0.50254431 0.52660144 0.48127337 0.30006761 0.21462671 0.28942129  0.42237186 0.41145672 0.65723918 0.45934366
0.77231567 0.23225714 0.03496811 0.51640176 0.60916068 0.70051711  0.57446614 0.45584332 0.52852407 0.27042821 0.31433038 0.2730219  0.49852938 0.48792189 0.67426988 0.47479532
0.77047797 0.24101778 0.03565393 0.48954128 0.59644539 0.6811665  0.54506288 0.43004346 0.50114028 0.28858519 0.3449117  0.23755041  0.52372224 0.46212311 0.70717182 0.52120656
0.729584   0.30619477 0.01659546 0.48668336 0.60827118 0.63973086  0.60496824 0.3373293  0.56415401 0.25393307 0.40370648 0.26957416  0.53783048 0.4753268  0.75307321 0.42739552
0.69584114 0.32434679 0.00857971 0.51274498 0.63916838 0.5861788  0.65083832 0.31519128 0.54044778 0.20575464 0.45671669 0.2397405  0.62977497 0.54010594 0.67596025 0.37612008
0.657691   0.40304166 0.01633818 0.39620679 0.59112014 0.43232821  0.64003796 0.28567888 0.62935292 0.20413293 0.47570856 0.35833055  0.5565105  0.53918804 0.6373646  0.25876913
0.50876153 0.55226271 0.04220303 0.45681961 0.56063932 0.23396723  0.61098305 0.16258034 0.46894927 0.3256708  0.38478334 0.43692121  0.45975566 0.52054391 0.6724866  0.22247115
0.50876153 0.55226271 0.04220303 0.45681961 0.56063932 0.23396723  0.61098305 0.16258034 0.46894927 0.3256708  0.38478334 0.43692121  0.45975566 0.52054391 0.6724866  0.22247115
0.43566181 0.59674868 0.07316392 0.45546819 0.52507119 0.16387529  0.61893073 0.18677184 0.35844476 0.35668227 0.29884618 0.48939286  0.49400753 0.52483396 0.55383563 0.26852106
0.43566181 0.59674868 0.07316392 0.45546819 0.52507119 0.16387529  0.61893073 0.18677184 0.35844476 0.35668227 0.29884618 0.48939286  0.49400753 0.52483396 0.55383563 0.26852106
0.33348855 0.59165795 0.12730933 0.47542992 0.49672372 0.17824803  0.63963044 0.30773038 0.2276956  0.39398941 0.19843407 0.50779847  0.54605955 0.40536099 0.45313934 0.41329875
0.24722816 0.53665438 0.18211808 0.42760463 0.4707236  0.18736816  0.69189848 0.38320675 0.16222885 0.40484032 0.16319902 0.51720823  0.5348361  0.40943016 0.41011975 0.49497747
0.14267661 0.49034574 0.24643896 0.43835333 0.42290175 0.29378947  0.63687686 0.42138032 0.19063549 0.42586229 0.21936748 0.50343942  0.47748805 0.30032945 0.31909059 0.51939737
0.14267661 0.49034574 0.24643896 0.43835333 0.42290175 0.29378947  0.63687686 0.42138032 0.19063549 0.42586229 0.21936748 0.50343942  0.47748805 0.30032945 0.31909059 0.51939737
0.08885809 0.44714889 0.28523437 0.43606418 0.39296051 0.3558079  0.57814973 0.43104223 0.24662562 0.41728153 0.23592534 0.49205063  0.4824152  0.29220961 0.29649562 0.51374834
0.05336775 0.43914143 0.31083182 0.46832666 0.37416152 0.39938838  0.45143619 0.50292086 0.40448693 0.37548598 0.33684065 0.45259001  0.60541605 0.3574237  0.32371238 0.49045415
0.03585866 0.41212524 0.32497922 0.44119937 0.36258431 0.43456132  0.47408025 0.48300288 0.40965789 0.37891942 0.36959995 0.44872305  0.56049334 0.35167352 0.32731793 0.46450854
0.03585866 0.41212524 0.32497922 0.44119937 0.36258431 0.43456132  0.47408025 0.48300288 0.40965789 0.37891942 0.36959995 0.44872305  0.56049334 0.35167352 0.32731793 0.46450854
0.01779563 0.38669558 0.33863985 0.42004769 0.35385851 0.46460162  0.48109267 0.47190843 0.43452283 0.38595027 0.3992976  0.44733029  0.52908455 0.38078184 0.39373238 0.44873962
0.01779563 0.38669558 0.33863985 0.42004769 0.35385851 0.46460162  0.48109267 0.47190843 0.43452283 0.38595027 0.3992976  0.44733029  0.52908455 0.38078184 0.39373238 0.44873962
0.01779563 0.38669558 0.33863985 0.42004769 0.35385851 0.46460162  0.48109267 0.47190843 0.43452283 0.38595027 0.3992976  0.44733029  0.52908455 0.38078184 0.39373238 0.44873962
0.01779563 0.38669558 0.33863985 0.42004769 0.35385851 0.46460162  0.48109267 0.47190843 0.43452283 0.38595027 0.3992976  0.44733029  0.52908455 0.38078184 0.39373238 0.44873962
0.00039479 0.36283831 0.35232302 0.39930133 0.34523319 0.50234819  0.48417291 0.45702496 0.47508945 0.39693445 0.45000532 0.44589633  0.47476172 0.42761975 0.50206904 0.41641874
0.00039479 0.36283831 0.35232302 0.39930133 0.34523319 0.50234819  0.48417291 0.45702496 0.47508945 0.39693445 0.45000532 0.44589633  0.47476172 0.42761975 0.50206904 0.41641874
0.00039479 0.36283831 0.35232302 0.39930133 0.34523319 0.50234819  0.48417291 0.45702496 0.47508945 0.39693445 0.45000532 0.44589633  0.47476172 0.42761975 0.50206904 0.41641874
0.00039479 0.36283831 0.35232302 0.39930133 0.34523319 0.50234819  0.48417291 0.45702496 0.47508945 0.39693445 0.45000532 0.44589633  0.47476172 0.42761975 0.50206904 0.41641874
0.00039479 0.36283831 0.35232302 0.39930133 0.34523319 0.50234819  0.48417291 0.45702496 0.47508945 0.39693445 0.45000532 0.44589633  0.47476172 0.42761975 0.50206904 0.41641874
0.00039479 0.36283831 0.35232302 0.39930133 0.34523319 0.50234819  0.48417291 0.45702496 0.47508945 0.39693445 0.45000532 0.44589633  0.47476172 0.42761975 0.50206904 0.41641874
0.00039479 0.36283831 0.35232302 0.39930133 0.34523319 0.50234819  0.48417291 0.45702496 0.47508945 0.39693445 0.45000532 0.44589633  0.47476172 0.42761975 0.50206904 0.41641874
0.00039479 0.36283831 0.35232302 0.39930133 0.34523319 0.50234819  0.48417291 0.45702496 0.47508945 0.39693445 0.45000532 0.44589633  0.47476172 0.42761975 0.50206904 0.41641874
0.00039479 0.36283831 0.35232302 0.39930133 0.34523319 0.50234819  0.48417291 0.45702496 0.47508945 0.39693445 0.45000532 0.44589633  0.47476172 0.42761975 0.50206904 0.41641874
