0.00039479 0.36283831 0.35232302 0.39930133 0.34523319 0.50234819  0.48417291 0.45702496 0.47508945 0.39693445 0.45000532 0.44589633  0.47476172 0.42761975 0.50206904 0.41641874
0.00039479 0.36283831 0.35232302 0.39930133 0.34523319 0.50234819  0.48417291 0.45702496 0.47508945 0.39693445 0.45000532 0.44589633  0.47476172 0.42761975 0.50206904 0.41641874
0.00039479 0.36283831 0.35232302 0.39930133 0.34523319 0.50234819  0.48417291 0.45702496 0.47508945 0.39693445 0.45000532 0.44589633  0.47476172 0.42761975 0.50206904 0.41641874
0.00039479 0.36283831 0.35232302 0.39930133 0.34523319 0.50234819  0.48417291 0.45702496 0.47508945 0.39693445 0.45000532 0.44589633  0.47476172 0.42761975 0.50206904 0.41641874
0.00039479 0.36283831 0.35232302 0.39930133 0.34523319 0.50234819  0.48417291 0.45702496 0.47508945 0.39693445 0.45000532 0.44589633  0.47476172 0.42761975 0.50206904 0.41641874
0.00039479 0.36283831 0.35232302 0.39930133 0.34523319 0.50234819  0.48417291 0.45702496 0.47508945 0.39693445 0.45000532 0.44589633  0.47476172 0.42761975 0.50206904 0.41641874
0.00039479 0.36283831 0.35232302 0.39930133 0.34523319 0.50234819  0.48417291 0.45702496 0.47508945 0.39693445 0.45000532 0.44589633  0.47476172 0.42761975 0.50206904 0.41641874
0.00039479 0.36283831 0.35232302 0.39930133 0.34523319 0.50234819  0.48417291 0.45702496 0.47508945 0.39693445 0.45000532 0.44589633  0.47476172 0.42761975 0.50206904 0.41641874
0.00039479 0.36283831 0.35232302 0.39930133 0.34523319 0.50234819  0.48417291 0.45702496 0.47508945 0.39693445 0.45000532 0.44589633  0.47476172 0.42761975 0.50206904 0.41641874
0.00039479 0.36283831 0.35232302 0.39930133 0.34523319 0.50234819  0.48417291 0.45702496 0.47508945 0.39693445 0.45000532 0.44589633  0.47476172 0.42761975 0.50206904 0.41641874
0.00039479 0.36283831 0.35232302 0.39930133 0.34523319 0.50234819  0.48417291 0.45702496 0.47508945 0.39693445 0.45000532 0.44589633  0.47476172 0.42761975 0.50206904 0.41641874
0.00039479 0.36283831 0.35232302 0.39930133 0.34523319 0.50234819  0.48417291 0.45702496 0.47508945 0.39693445 0.45000532 0.44589633  0.47476172 0.42761975 0.50206904 0.41641874
0.00039479 0.36283831 0.35232302 0.39930133 0.34523319 0.50234819  0.48417291 0.45702496 0.47508945 0.39693445 0.45000532 0.44589633  0.47476172 0.42761975 0.50206904 0.41641874
0.00039479 0.36283831 0.35232302 0.39930133 0.34523319 0.50234819  0.48417291 0.45702496 0.47508945 0.39693445 0.45000532 0.44589633  0.47476172 0.42761975 0.50206904 0.41641874
0.00039479 0.36283831 0.35232302 0.39930133 0.34523319 0.50234819  0.48417291 0.45702496 0.47508945 0.39693445 0.45000532 0.44589633  0.47476172 0.42761975 0.50206904 0.41641874
0.00039479 0.36283831 0.35232302 0.39930133 0.34523319 0.50234819  0.48417291 0.45702496 0.47508945 0.39693445 0.45000532 0.44589633  0.47476172 0.42761975 0.50206904 0.41641874
0.00039479 0.36283831 0.35232302 0.39930133 0.34523319 0.50234819  0.48417291 0.45702496 0.47508945 0.39693445 0.45000532 0.44589633  0.47476172 0.42761975 0.50206904 0.41641874
0.00039479 0.36283831 0.35232302 0.39930133 0.34523319 0.50234819  0.48417291 0.45702496 0.47508945 0.39693445 0.45000532 0.44589633  0.47476172 0.42761975 0.50206904 0.41641874
0.00039479 0.36283831 0.35232302 0.39930133 0.34523319 0.50234819  0.48417291 0.45702496 0.47508945 0.39693445 0.45000532 0.44589633  0.47476172 0.42761975 0.50206904 0.41641874
0.00039479 0.36283831 0.35232302 0.39930133 0.34523319 0.50234819  0.48417291 0.45702496 0.47508945 0.39693445 0.45000532 0.44589633  0.47476172 0.42761975 0.50206904 0.41641874
0.00039479 0.36283831 0.35232302 0.39930133 0.34523319 0.50234819  0.48417291 0.45702496 0.47508945 0.39693445 0.45000532 0.44589633  0.47476172 0.42761975 0.50206904 0.41641874
0.00039479 0.36283831 0.35232302 0.39930133 0.34523319 0.50234819  0.48417291 0.45702496 0.47508945 0.39693445 0.45000532 0.44589633  0.47476172 0.42761975 0.50206904 0.41641874
0.00039479 0.36283831 0.35232302 0.39930133 0.34523319 0.50234819  0.48417291 0.45702496 0.47508945 0.39693445 0.45000532 0.44589633  0.47476172 0.42761975 0.50206904 0.41641874
0.00039479 0.36283831 0.35232302 0.39930133 0.34523319 0.50234819  0.48417291 0.45702496 0.47508945 0.39693445 0.45000532 0.44589633  0.47476172 0.42761975 0.50206904 0.41641874
0.00039479 0.36283831 0.35232302 0.39930133 0.34523319 0.50234819  0.48417291 0.45702496 0.47508945 0.39693445 0.45000532 0.44589633  0.47476172 0.42761975 0.50206904 0.41641874
0.00039479 0.36283831 0.35232302 0.39930133 0.34523319 0.50234819  0.48417291 0.45702496 0.47508945 0.39693445 0.45000532 0.44589633  0.47476172 0.42761975 0.50206904 0.41641874
0.00039479 0.36283831 0.35232302 0.39930133 0.34523319 0.50234819  0.48417291 0.45702496 0.47508945 0.39693445 0.45000532 0.44589633  0.47476172 0.42761975 0.50206904 0.41641874
0.00039479 0.36283831 0.35232302 0.39930133 0.34523319 0.50234819  0.48417291 0.45702496 0.47508945 0.39693445 0.45000532 0.44589633  0.47476172 0.42761975 0.50206904 0.41641874
0.00039479 0.36283831 0.35232302 0.39930133 0.34523319 0.50234819  0.48417291 0.45702496 0.47508945 0.39693445 0.45000532 0.44589633  0.47476172 0.42761975 0.50206904 0.41641874
0.00039479 0.36283831 0.35232302 0.39930133 0.34523319 0.50234819  0.48417291 0.45702496 0.47508945 0.39693445 0.45000532 0.44589633  0.47476172 0.42761975 0.50206904 0.41641874
0.00039479 0.36283831 0.35232302 0.39930133 0.34523319 0.50234819  0.48417291 0.45702496 0.47508945 0.39693445 0.45000532 0.44589633  0.47476172 0.42761975 0.50206904 0.41641874
0.00039479 0.36283831 0.35232302 0.39930133 0.34523319 0.50234819  0.48417291 0.45702496 0.47508945 0.39693445 0.45000532 0.44589633  0.47476172 0.42761975 0.50206904 0.41641874
0.00039479 0.36283831 0.35232302 0.39930133 0.34523319 0.50234819  0.48417291 0.45702496 0.47508945 0.39693445 0.45000532 0.44589633  0.47476172 0.42761975 0.50206904 0.41641874
0.00039479 0.36283831 0.35232302 0.39930133 0.34523319 0.50234819  0.48417291 0.45702496 0.47508945 0.39693445 0.45000532 0.44589633  0.47476172 0.42761975 0.50206904 0.41641874
0.00039479 0.36283831 0.35232302 0.39930133 0.34523319 0.50234819  0.48417291 0.45702496 0.47508945 0.39693445 0.45000532 0.44589633  0.47476172 0.42761975 0.50206904 0.41641874
0.00039479 0.36283831 0.35232302 0.39930133 0.34523319 0.50234819  0.48417291 0.45702496 0.47508945 0.39693445 0.45000532 0.44589633  0.47476172 0.42761975 0.50206904 0.41641874
0.00039479 0.36283831 0.35232302 0.39930133 0.34523319 0.50234819  0.48417291 0.45702496 0.47508945 0.39693445 0.45000532 0.44589633  0.47476172 0.42761975 0.50206904 0.41641874
0.00039479 0.36283831 0.35232302 0.39930133 0.34523319 0.50234819  0.48417291 0.45702496 0.47508945 0.39693445 0.45000532 0.44589633  0.47476172 0.42761975 0.50206904 0.41641874
0.0536628  0.44240702 0.31244086 0.47255325 0.37234245 0.4347995  0.41032534 0.5038868  0.51648388 0.39941691 0.4265254  0.45434213  0.52269843 0.49085358 0.62015411 0.44430781
0.18171599 0.5873105  0.2526347  0.55754425 0.34925871 0.53978092  0.28753333 0.44912499 0.67326109 0.51037764 0.41719727 0.50829913  0.40640717 0.56217014 0.91344574 0.50208491
0.32214151 0.76773592 0.26390527 0.58392679 0.43690676 0.60701343  0.23282796 0.42245836 0.68425406 0.3908679  0.59542638 0.49787155  0.30596566 0.52261181 0.76608551 0.4760393 
0.45279746 0.89236407 0.41674543 0.4698363  0.72099173 0.81133471  0.11060845 0.43864761 0.55604756 0.36593163 0.64966125 0.71560801  0.62252566 0.36869622 0.43773009 0.59142429
0.51351429 0.90839712 0.454689   0.39971134 0.72231065 0.84730868  0.19023919 0.42474447 0.43944215 0.32863236 0.59058596 0.72573885  0.53532226 0.30320258 0.32231788 0.61839624
0.61378467 0.89631987 0.60531988 0.35625964 0.65663521 0.83518857  0.2838023  0.45377375 0.33575808 0.15402488 0.62178741 0.67455387  0.63606429 0.28728311 0.34330205 0.55171525
0.76307417 0.78049667 0.73615924 0.26421281 0.61130142 0.64562495  0.48858408 0.55127567 0.09299527 0.29739419 0.62475033 0.74361886  0.64194077 0.32507433 0.68916226 0.40133539
0.80441653 0.74728385 0.81509069 0.2091005  0.67843641 0.58256612  0.49084443 0.66116956 0.19669663 0.43204423 0.55488118 0.65752203  0.54618424 0.21797673 0.75352201 0.3507672 
0.80441653 0.74728385 0.81509069 0.2091005  0.67843641 0.58256612  0.49084443 0.66116956 0.19669663 0.43204423 0.55488118 0.65752203  0.54618424 0.21797673 0.75352201 0.3507672 
0.83511002 0.68774773 0.80877213 0.16075442 0.7007214  0.5287774  0.45704958 0.60059178 0.27422757 0.3866992  0.51896039 0.70444231  0.54218111 0.33480788 0.78275695 0.39664509
0.84992567 0.65765515 0.79995289 0.14487031 0.69464687 0.50623427  0.45536512 0.52999917 0.31161392 0.39656115 0.43433639 0.70670349  0.56006687 0.42006131 0.83985256 0.38533017
0.87445935 0.58394074 0.782135   0.14857399 0.72487493 0.45486081  0.38521623 0.46587715 0.38291863 0.3635387  0.51610238 0.64849959  0.55826842 0.33287621 0.6613127  0.28546752
0.9032147  0.49817523 0.75382192 0.19841699 0.67874903 0.38913875  0.40327268 0.30202883 0.53888654 0.38769685 0.39386741 0.57554764  0.5939344  0.22960045 0.60580373 0.26128493
0.89727947 0.47076366 0.69294708 0.25636185 0.47979718 0.35102019  0.44525557 0.28263003 0.57085    0.33403244 0.30467449 0.44630949  0.55538834 0.28545668 0.59879883 0.21706097
0.89784212 0.4133163  0.63364084 0.33596955 0.34751259 0.31455885  0.46874017 0.28287753 0.55017399 0.30609628 0.43564214 0.55325698  0.54838094 0.25473447 0.61978386 0.3746366 
0.88894491 0.32235759 0.49839726 0.43856335 0.18148332 0.29864779  0.49946271 0.29386456 0.51812652 0.37571172 0.52037405 0.56723575  0.61925225 0.29941505 0.5634799  0.51616403
0.88000101 0.28826673 0.42040205 0.44616275 0.1993556  0.36978312  0.42518557 0.31243809 0.34550064 0.38924926 0.54764473 0.51945294  0.63416105 0.44185429 0.56620981 0.43392812
0.88948186 0.2156137  0.37272568 0.53750107 0.25541414 0.44726487  0.39590494 0.3166891  0.24038352 0.40245913 0.5891575  0.44958044  0.70133568 0.37774916 0.6775348  0.45789329
0.88948186 0.2156137  0.37272568 0.53750107 0.25541414 0.44726487  0.39590494 0.3166891  0.24038352 0.40245913 0.5891575  0.44958044  0.70133568 0.37774916 0.6775348  0.45789329
0.86227488 0.17442527 0.22420618 0.50974102 0.34918475 0.54375943  0.3633875  0.42560254 0.22166761 0.56533797 0.53698119 0.38954561  0.60731098 0.43896038 0.61661985 0.38104539
0.86227488 0.17442527 0.22420618 0.50974102 0.34918475 0.54375943  0.3633875  0.42560254 0.22166761 0.56533797 0.53698119 0.38954561  0.60731098 0.43896038 0.61661985 0.38104539
0.83934862 0.19346973 0.16115355 0.45470218 0.39996181 0.58398638  0.35002703 0.43580296 0.29175979 0.49135555 0.45757158 0.33457764  0.54101259 0.37533148 0.58162216 0.48482161
0.80655289 0.24148812 0.09405253 0.36148404 0.46443255 0.63405028  0.34880972 0.44119515 0.38378863 0.38278751 0.28970392 0.25681928  0.48114946 0.29774161 0.6107462  0.51783642
0.80655289 0.24148812 0.09405253 0.36148404 0.46443255 0.63405028  0.34880972 0.44119515 0.38378863 0.38278751 0.28970392 0.25681928  0.48114946 0.29774161 0.6107462  0.51783642
0.78542128 0.32434498 0.10799915 0.22558926 0.38923622 0.5491547  0.34093039 0.43582944 0.48895975 0.38811175 0.26760334 0.39506302  0.4666132  0.29012682 0.52967443 0.42397151
0.74029831 0.42236503 0.08253112 0.13001876 0.3795643  0.48711557  0.42582677 0.38781866 0.64367133 0.33700756 0.31734034 0.49028625  0.57951604 0.35658439 0.49608563 0.425364  
0.74029831 0.42236503 0.08253112 0.13001876 0.3795643  0.48711557  0.42582677 0.38781866 0.64367133 0.33700756 0.31734034 0.49028625  0.57951604 0.35658439 0.49608563 0.425364  
0.71245785 0.48501546 0.0823423  0.14589847 0.37264681 0.52777345  0.49217761 0.34157134 0.62179105 0.35662963 0.27177815 0.50742406  0.6917453  0.48026016 0.53764033 0.45039154
0.69938187 0.52035986 0.08962278 0.14857676 0.35412434 0.55325451  0.52734666 0.38823535 0.58347375 0.37865781 0.2490522  0.52128648  0.69713135 0.51737403 0.61175442 0.48566325
0.68203296 0.53069736 0.07581822 0.16568754 0.38034454 0.51333  0.56221647 0.36194817 0.60381848 0.37681497 0.33112882 0.51405024  0.65119169 0.53347785 0.65552114 0.48599433
0.69938187 0.52035986 0.08962278 0.14857676 0.35412434 0.55325451  0.52734666 0.38823535 0.58347375 0.37865781 0.2490522  0.52128648  0.69713135 0.51737403 0.61175442 0.48566325
0.69938187 0.52035986 0.08962278 0.14857676 0.35412434 0.55325451  0.52734666 0.38823535 0.58347375 0.37865781 0.2490522  0.52128648  0.69713135 0.51737403 0.61175442 0.48566325
0.71245785 0.48501546 0.0823423  0.14589847 0.37264681 0.52777345  0.49217761 0.34157134 0.62179105 0.35662963 0.27177815 0.50742406  0.6917453  0.48026016 0.53764033 0.45039154
0.71245785 0.48501546 0.0823423  0.14589847 0.37264681 0.52777345  0.49217761 0.34157134 0.62179105 0.35662963 0.27177815 0.50742406  0.6917453  0.48026016 0.53764033 0.45039154
0.79415785 0.36297625 0.18025243 0.18791594 0.27865047 0.45321061  0.33989613 0.43092842 0.48379843 0.44901705 0.33981143 0.56570653  0.485514   0.38014125 0.45780067 0.2646153 
0.86300717 0.35730606 0.43176774 0.31442588 0.2024053  0.30623818  0.46032797 0.38303167 0.53709218 0.595541   0.42593369 0.49429711  0.57337052 0.445915   0.47081952 0.2367376 
0.92124127 0.41042448 0.71796483 0.33623575 0.55834004 0.36470302  0.43698801 0.29493748 0.4872678  0.48791479 0.40725757 0.27561109  0.54553156 0.46242675 0.5113093  0.36239338
0.92877571 0.41126747 0.75791571 0.33883646 0.63990777 0.34094283  0.49450744 0.31663368 0.61350904 0.63890602 0.42535123 0.28166041  0.60608146 0.37405396 0.43251691 0.43697798
0.93200729 0.39890154 0.76176145 0.37436337 0.64452675 0.34166215  0.53430453 0.32570739 0.66182792 0.65005561 0.43716729 0.31609049  0.63204857 0.32247384 0.41459952 0.48185783
0.92993146 0.38435666 0.73261384 0.40809474 0.53176566 0.3135462  0.56747313 0.32398525 0.69614837 0.61985743 0.38717062 0.25195464  0.5897468  0.33160846 0.41037933 0.49875673
0.92984625 0.38448615 0.73228914 0.40757805 0.53113585 0.31391086  0.56596723 0.32292735 0.69264653 0.61903529 0.38771634 0.25198468  0.59194612 0.33194133 0.41414824 0.49542427
0.92089835 0.35585633 0.66838708 0.41864825 0.48700114 0.29742722  0.59474963 0.34976412 0.71274734 0.69938325 0.39485291 0.26267283  0.64354202 0.30987561 0.42381959 0.4610612 
0.90926428 0.3129179  0.57328684 0.4768516  0.3056858  0.28129724  0.60966892 0.35032801 0.69201122 0.64416067 0.42400885 0.32446799  0.6360414  0.30147675 0.45356763 0.52268339
0.90289927 0.28899171 0.52478113 0.50153958 0.25037198 0.28377951  0.60465209 0.34604755 0.65847186 0.58587694 0.47512751 0.41908409  0.63477856 0.26097874 0.49543357 0.5838605 
0.8772336  0.25200487 0.38829765 0.47668416 0.25820215 0.33001452  0.54987184 0.41202982 0.61014701 0.76018211 0.54411981 0.50659093  0.6877462  0.33056284 0.39397463 0.50363592
0.86570763 0.24247593 0.33627365 0.46742594 0.27233974 0.36089276  0.53167444 0.42946667 0.57655404 0.72963264 0.54498228 0.53747563  0.66731589 0.26745925 0.44820805 0.46814475
0.86570763 0.24247593 0.33627365 0.46742594 0.27233974 0.36089276  0.53167444 0.42946667 0.57655404 0.72963264 0.54498228 0.53747563  0.66731589 0.26745925 0.44820805 0.46814475
0.86381685 0.23872625 0.32422672 0.47454545 0.25644406 0.37368502  0.5139712  0.41966668 0.53559212 0.66503991 0.56146021 0.57498266  0.65387377 0.26534547 0.4827911  0.47170622
0.83390437 0.2523305  0.21949775 0.37725276 0.30083266 0.43635301  0.4059025  0.43737248 0.44710503 0.61279351 0.52203009 0.5193001  0.54725297 0.35017984 0.45288062 0.4556861 
0.83390437 0.2523305  0.21949775 0.37725276 0.30083266 0.43635301  0.4059025  0.43737248 0.44710503 0.61279351 0.52203009 0.5193001  0.54725297 0.35017984 0.45288062 0.4556861 
0.84166557 0.22222608 0.21217092 0.42069781 0.32759118 0.47039888  0.39898911 0.43162587 0.40352394 0.60694901 0.52203711 0.46341936  0.5642191  0.32781552 0.50881249 0.4757256 
0.84166557 0.22222608 0.21217092 0.42069781 0.32759118 0.47039888  0.39898911 0.43162587 0.40352394 0.60694901 0.52203711 0.46341936  0.5642191  0.32781552 0.50881249 0.4757256 
0.82956966 0.23023906 0.17982477 0.39073201 0.35099693 0.47498293  0.40546959 0.44674389 0.45344522 0.60245903 0.49783428 0.44608957  0.50090714 0.30659296 0.50477272 0.55464479
0.842875   0.17690404 0.16747647 0.48031759 0.40590271 0.54432958  0.41596407 0.45831418 0.38776723 0.58128148 0.48312098 0.35675685  0.52041756 0.2891193  0.6087013  0.56644379
0.842875   0.17690404 0.16747647 0.48031759 0.40590271 0.54432958  0.41596407 0.45831418 0.38776723 0.58128148 0.48312098 0.35675685  0.52041756 0.2891193  0.6087013  0.56644379
0.842875   0.17690404 0.16747647 0.48031759 0.40590271 0.54432958  0.41596407 0.45831418 0.38776723 0.58128148 0.48312098 0.35675685  0.52041756 0.2891193  0.6087013  0.56644379
0.842875   0.17690404 0.16747647 0.48031759 0.40590271 0.54432958  0.41596407 0.45831418 0.38776723 0.58128148 0.48312098 0.35675685  0.52041756 0.2891193  0.6087013  0.56644379
0.85169832 0.13885674 0.16104616 0.56466206 0.45194093 0.60947888  0.46302289 0.5018917  0.38140531 0.55787976 0.43648692 0.33427244  0.50517809 0.33999701 0.64648606 0.53951792
0.85169832 0.13885674 0.16104616 0.56466206 0.45194093 0.60947888  0.46302289 0.5018917  0.38140531 0.55787976 0.43648692 0.33427244  0.50517809 0.33999701 0.64648606 0.53951792
0.85169832 0.13885674 0.16104616 0.56466206 0.45194093 0.60947888  0.46302289 0.5018917  0.38140531 0.55787976 0.43648692 0.33427244  0.50517809 0.33999701 0.64648606 0.53951792
0.85169832 0.13885674 0.16104616 0.56466206 0.45194093 0.60947888  0.46302289 0.5018917  0.38140531 0.55787976 0.43648692 0.33427244  0.50517809 0.33999701 0.64648606 0.53951792
0.84762212 0.14938258 0.1509395  0.53734556 0.4489807  0.62894312  0.41676858 0.49872891 0.3004196  0.51707868 0.42507608 0.31546663  0.48243719 0.41388851 0.67534679 0.46828729
0.84762212 0.14938258 0.1509395  0.53734556 0.4489807  0.62894312  0.41676858 0.49872891 0.3004196  0.51707868 0.42507608 0.31546663  0.48243719 0.41388851 0.67534679 0.46828729
0.84762212 0.14938258 0.1509395  0.53734556 0.4489807  0.62894312  0.41676858 0.49872891 0.3004196  0.51707868 0.42507608 0.31546663  0.48243719 0.41388851 0.67534679 0.46828729
0.85016673 0.13778282 0.1488617  0.56960083 0.46786221 0.65501256  0.44927167 0.52504626 0.32632382 0.49465782 0.38491132 0.34013168  0.45816843 0.44316581 0.66093356 0.41485238
0.85016673 0.13778282 0.1488617  0.56960083 0.46786221 0.65501256  0.44927167 0.52504626 0.32632382 0.49465782 0.38491132 0.34013168  0.45816843 0.44316581 0.66093356 0.41485238
0.83784199 0.15242872 0.12120813 0.54349659 0.49769862 0.67580905  0.45509038 0.51925765 0.37364593 0.44499333 0.33970945 0.31109484  0.47437019 0.40341574 0.65530802 0.45121221
0.83784199 0.15242872 0.12120813 0.54349659 0.49769862 0.67580905  0.45509038 0.51925765 0.37364593 0.44499333 0.33970945 0.31109484  0.47437019 0.40341574 0.65530802 0.45121221
0.83784199 0.15242872 0.12120813 0.54349659 0.49769862 0.67580905  0.45509038 0.51925765 0.37364593 0.44499333 0.33970945 0.31109484  0.47437019 0.40341574 0.65530802 0.45121221
0.81792082 0.19184106 0.08554442 0.47808378 0.52935228 0.72526902  0.42837162 0.51109002 0.40333093 0.33696493 0.2029051  0.25899991  0.44164123 0.37789661 0.63411773 0.43747564
0.81792082 0.19184106 0.08554442 0.47808378 0.52935228 0.72526902  0.42837162 0.51109002 0.40333093 0.33696493 0.2029051  0.25899991  0.44164123 0.37789661 0.63411773 0.43747564
0.8024689  0.20520608 0.06240434 0.47026271 0.55342578 0.70834289  0.47314104 0.50080158 0.45388958 0.31822459 0.24520803 0.2539498  0.44756472 0.38565794 0.69014112 0.5057549 
0.70731948 0.39716645 0.03150139 0.31601227 0.51594888 0.52161733  0.55488572 0.28655465 0.63542813 0.28023818 0.43525486 0.36694167  0.55302423 0.42936818 0.6904677  0.4019186 
0.59982664 0.56863605 0.03481605 0.45287269 0.51093892 0.57256203  0.68599775 0.17578502 0.49426154 0.38082078 0.3751087  0.40031394  0.55807437 0.5635131  0.79409828 0.39470579
0.58244955 0.63891525 0.05087603 0.32680677 0.43303835 0.47041291  0.65065014 0.1488357  0.54647652 0.41238904 0.43101044 0.49744041  0.55165864 0.54232772 0.67688632 0.40099669
0.58244955 0.63891525 0.05087603 0.32680677 0.43303835 0.47041291  0.65065014 0.1488357  0.54647652 0.41238904 0.43101044 0.49744041  0.55165864 0.54232772 0.67688632 0.40099669
0.52892537 0.6624417  0.0573073  0.43095695 0.44684715 0.42197413  0.59069095 0.06903592 0.49577909 0.46631911 0.34034827 0.53012056  0.39368586 0.49622943 0.64663266 0.36149885
0.31442078 0.57876703 0.13269695 0.48896098 0.50825135 0.1385238  0.61887321 0.32573256 0.21358375 0.40257274 0.14193748 0.52206975  0.5523889  0.41712705 0.49911471 0.43380285
0.26970184 0.65284095 0.15834769 0.54751073 0.47048107 0.1738879  0.59303276 0.47230327 0.18105801 0.40155921 0.23582404 0.49211276  0.4649824  0.33793013 0.36790557 0.46027757
0.21451619 0.59422966 0.19363347 0.52820191 0.4554376  0.20882121  0.55984743 0.47203573 0.22180479 0.42134188 0.19824041 0.50844759  0.51878085 0.34927486 0.40538431 0.52989081
0.17881184 0.57585018 0.21881397 0.54405291 0.43522386 0.24045817  0.50390313 0.48677931 0.24267339 0.40152663 0.19104812 0.49493995  0.551051   0.30961656 0.3001988  0.5272926 
0.10651085 0.47449507 0.27122038 0.46312626 0.40413952 0.32458189  0.55309248 0.45028699 0.25052862 0.41522467 0.2139865  0.49528318  0.51753075 0.30570687 0.31230773 0.53089819
0.07102051 0.46648761 0.29681783 0.49538875 0.38534053 0.36816237  0.42637893 0.52216562 0.40838993 0.37342912 0.31490181 0.45582256  0.6405316  0.37092096 0.3395245  0.50760399
0.05336775 0.43914143 0.31083182 0.46832666 0.37416152 0.39938838  0.45143619 0.50292086 0.40448693 0.37548598 0.33684065 0.45259001  0.60541605 0.3574237  0.32371238 0.49045415
0.03530472 0.41371177 0.32449245 0.44717499 0.36543573 0.42942868  0.4584486  0.49182641 0.42935187 0.38251683 0.3665383  0.45119726  0.57400726 0.38653202 0.39012683 0.47468522
0.03530472 0.41371177 0.32449245 0.44717499 0.36543573 0.42942868  0.4584486  0.49182641 0.42935187 0.38251683 0.3665383  0.45119726  0.57400726 0.38653202 0.39012683 0.47468522
0.01779563 0.38669558 0.33863985 0.42004769 0.35385851 0.46460162  0.48109267 0.47190843 0.43452283 0.38595027 0.3992976  0.44733029  0.52908455 0.38078184 0.39373238 0.44873962
0.00039479 0.36283831 0.35232302 0.39930133 0.34523319 0.50234819  0.48417291 0.45702496 0.47508945 0.39693445 0.45000532 0.44589633  0.47476172 0.42761975 0.50206904 0.41641874
0.00039479 0.36283831 0.35232302 0.39930133 0.34523319 0.50234819  0.48417291 0.45702496 0.47508945 0.39693445 0.45000532 0.44589633  0.47476172 0.42761975 0.50206904 0.41641874
0.00039479 0.36283831 0.35232302 0.39930133 0.34523319 0.50234819  0.48417291 0.45702496 0.47508945 0.39693445 0.45000532 0.44589633  0.47476172 0.42761975 0.50206904 0.41641874
0.00039479 0.36283831 0.35232302 0.39930133 0.34523319 0.50234819  0.48417291 0.45702496 0.47508945 0.39693445 0.45000532 0.44589633  0.47476172 0.42761975 0.50206904 0.41641874
0.00039479 0.36283831 0.35232302 0.39930133 0.34523319 0.50234819  0.48417291 0.45702496 0.47508945 0.39693445 0.45000532 0.44589633  0.47476172 0.42761975 0.50206904 0.41641874
0.00039479 0.36283831 0.35232302 0.39930133 0.34523319 0.50234819  0.48417291 0.45702496 0.47508945 0.39693445 0.45000532 0.44589633  0.47476172 0.42761975 0.50206904 0.41641874
0.00039479 0.36283831 0.35232302 0.39930133 0.34523319 0.50234819  0.48417291 0.45702496 0.47508945 0.39693445 0.45000532 0.44589633  0.47476172 0.42761975 0.50206904 0.41641874
0.00039479 0.36283831 0.35232302 0.39930133 0.34523319 0.50234819  0.48417291 0.45702496 0.47508945 0.39693445 0.45000532 0.44589633  0.47476172 0.42761975 0.50206904 0.41641874
0.00039479 0.36283831 0.35232302 0.39930133 0.34523319 0.50234819  0.48417291 0.45702496 0.47508945 0.39693445 0.45000532 0.44589633  0.47476172 0.42761975 0.50206904 0.41641874
