0.00039479 0.36283831 0.35232302 0.39930133 0.34523319 0.50234819  0.48417291 0.45702496 0.47508945 0.39693445 0.45000532 0.44589633  0.47476172 0.42761975 0.50206904 0.41641874
0.00039479 0.36283831 0.35232302 0.39930133 0.34523319 0.50234819  0.48417291 0.45702496 0.47508945 0.39693445 0.45000532 0.44589633  0.47476172 0.42761975 0.50206904 0.41641874
0.00039479 0.36283831 0.35232302 0.39930133 0.34523319 0.50234819  0.48417291 0.45702496 0.47508945 0.39693445 0.45000532 0.44589633  0.47476172 0.42761975 0.50206904 0.41641874
0.00039479 0.36283831 0.35232302 0.39930133 0.34523319 0.50234819  0.48417291 0.45702496 0.47508945 0.39693445 0.45000532 0.44589633  0.47476172 0.42761975 0.50206904 0.41641874
0.00039479 0.36283831 0.35232302 0.39930133 0.34523319 0.50234819  0.48417291 0.45702496 0.47508945 0.39693445 0.45000532 0.44589633  0.47476172 0.42761975 0.50206904 0.41641874
0.00039479 0.36283831 0.35232302 0.39930133 0.34523319 0.50234819  0.48417291 0.45702496 0.47508945 0.39693445 0.45000532 0.44589633  0.47476172 0.42761975 0.50206904 0.41641874
0.00039479 0.36283831 0.35232302 0.39930133 0.34523319 0.50234819  0.48417291 0.45702496 0.47508945 0.39693445 0.45000532 0.44589633  0.47476172 0.42761975 0.50206904 0.41641874
0.00039479 0.36283831 0.35232302 0.39930133 0.34523319 0.50234819  0.48417291 0.45702496 0.47508945 0.39693445 0.45000532 0.44589633  0.47476172 0.42761975 0.50206904 0.41641874
0.00039479 0.36283831 0.35232302 0.39930133 0.34523319 0.50234819  0.48417291 0.45702496 0.47508945 0.39693445 0.45000532 0.44589633  0.47476172 0.42761975 0.50206904 0.41641874
0.00039479 0.36283831 0.35232302 0.39930133 0.34523319 0.50234819  0.48417291 0.45702496 0.47508945 0.39693445 0.45000532 0.44589633  0.47476172 0.42761975 0.50206904 0.41641874
0.00039479 0.36283831 0.35232302 0.39930133 0.34523319 0.50234819  0.48417291 0.45702496 0.47508945 0.39693445 0.45000532 0.44589633  0.47476172 0.42761975 0.50206904 0.41641874
0.00039479 0.36283831 0.35232302 0.39930133 0.34523319 0.50234819  0.48417291 0.45702496 0.47508945 0.39693445 0.45000532 0.44589633  0.47476172 0.42761975 0.50206904 0.41641874
0.00039479 0.36283831 0.35232302 0.39930133 0.34523319 0.50234819  0.48417291 0.45702496 0.47508945 0.39693445 0.45000532 0.44589633  0.47476172 0.42761975 0.50206904 0.41641874
0.00039479 0.36283831 0.35232302 0.39930133 0.34523319 0.50234819  0.48417291 0.45702496 0.47508945 0.39693445 0.45000532 0.44589633  0.47476172 0.42761975 0.50206904 0.41641874
0.00039479 0.36283831 0.35232302 0.39930133 0.34523319 0.50234819  0.48417291 0.45702496 0.47508945 0.39693445 0.45000532 0.44589633  0.47476172 0.42761975 0.50206904 0.41641874
0.00039479 0.36283831 0.35232302 0.39930133 0.34523319 0.50234819  0.48417291 0.45702496 0.47508945 0.39693445 0.45000532 0.44589633  0.47476172 0.42761975 0.50206904 0.41641874
0.00039479 0.36283831 0.35232302 0.39930133 0.34523319 0.50234819  0.48417291 0.45702496 0.47508945 0.39693445 0.45000532 0.44589633  0.47476172 0.42761975 0.50206904 0.41641874
0.00039479 0.36283831 0.35232302 0.39930133 0.34523319 0.50234819  0.48417291 0.45702496 0.47508945 0.39693445 0.45000532 0.44589633  0.47476172 0.42761975 0.50206904 0.41641874
0.00039479 0.36283831 0.35232302 0.39930133 0.34523319 0.50234819  0.48417291 0.45702496 0.47508945 0.39693445 0.45000532 0.44589633  0.47476172 0.42761975 0.50206904 0.41641874
0.00039479 0.36283831 0.35232302 0.39930133 0.34523319 0.50234819  0.48417291 0.45702496 0.47508945 0.39693445 0.45000532 0.44589633  0.47476172 0.42761975 0.50206904 0.41641874
0.00039479 0.36283831 0.35232302 0.39930133 0.34523319 0.50234819  0.48417291 0.45702496 0.47508945 0.39693445 0.45000532 0.44589633  0.47476172 0.42761975 0.50206904 0.41641874
0.00039479 0.36283831 0.35232302 0.39930133 0.34523319 0.50234819  0.48417291 0.45702496 0.47508945 0.39693445 0.45000532 0.44589633  0.47476172 0.42761975 0.50206904 0.41641874
0.00039479 0.36283831 0.35232302 0.39930133 0.34523319 0.50234819  0.48417291 0.45702496 0.47508945 0.39693445 0.45000532 0.44589633  0.47476172 0.42761975 0.50206904 0.41641874
0.00039479 0.36283831 0.35232302 0.39930133 0.34523319 0.50234819  0.48417291 0.45702496 0.47508945 0.39693445 0.45000532 0.44589633  0.47476172 0.42761975 0.50206904 0.41641874
0.00039479 0.36283831 0.35232302 0.39930133 0.34523319 0.50234819  0.48417291 0.45702496 0.47508945 0.39693445 0.45000532 0.44589633  0.47476172 0.42761975 0.50206904 0.41641874
0.00039479 0.36283831 0.35232302 0.39930133 0.34523319 0.50234819  0.48417291 0.45702496 0.47508945 0.39693445 0.45000532 0.44589633  0.47476172 0.42761975 0.50206904 0.41641874
0.00039479 0.36283831 0.35232302 0.39930133 0.34523319 0.50234819  0.48417291 0.45702496 0.47508945 0.39693445 0.45000532 0.44589633  0.47476172 0.42761975 0.50206904 0.41641874
0.00039479 0.36283831 0.35232302 0.39930133 0.34523319 0.50234819  0.48417291 0.45702496 0.47508945 0.39693445 0.45000532 0.44589633  0.47476172 0.42761975 0.50206904 0.41641874
0.00039479 0.36283831 0.35232302 0.39930133 0.34523319 0.50234819  0.48417291 0.45702496 0.47508945 0.39693445 0.45000532 0.44589633  0.47476172 0.42761975 0.50206904 0.41641874
0.00039479 0.36283831 0.35232302 0.39930133 0.34523319 0.50234819  0.48417291 0.45702496 0.47508945 0.39693445 0.45000532 0.44589633  0.47476172 0.42761975 0.50206904 0.41641874
0.00039479 0.36283831 0.35232302 0.39930133 0.34523319 0.50234819  0.48417291 0.45702496 0.47508945 0.39693445 0.45000532 0.44589633  0.47476172 0.42761975 0.50206904 0.41641874
0.00039479 0.36283831 0.35232302 0.39930133 0.34523319 0.50234819  0.48417291 0.45702496 0.47508945 0.39693445 0.45000532 0.44589633  0.47476172 0.42761975 0.50206904 0.41641874
0.00039479 0.36283831 0.35232302 0.39930133 0.34523319 0.50234819  0.48417291 0.45702496 0.47508945 0.39693445 0.45000532 0.44589633  0.47476172 0.42761975 0.50206904 0.41641874
0.00039479 0.36283831 0.35232302 0.39930133 0.34523319 0.50234819  0.48417291 0.45702496 0.47508945 0.39693445 0.45000532 0.44589633  0.47476172 0.42761975 0.50206904 0.41641874
0.00039479 0.36283831 0.35232302 0.39930133 0.34523319 0.50234819  0.48417291 0.45702496 0.47508945 0.39693445 0.45000532 0.44589633  0.47476172 0.42761975 0.50206904 0.41641874
0.00039479 0.36283831 0.35232302 0.39930133 0.34523319 0.50234819  0.48417291 0.45702496 0.47508945 0.39693445 0.45000532 0.44589633  0.47476172 0.42761975 0.50206904 0.41641874
0.00039479 0.36283831 0.35232302 0.39930133 0.34523319 0.50234819  0.48417291 0.45702496 0.47508945 0.39693445 0.45000532 0.44589633  0.47476172 0.42761975 0.50206904 0.41641874
0.00039479 0.36283831 0.35232302 0.39930133 0.34523319 0.50234819  0.48417291 0.45702496 0.47508945 0.39693445 0.45000532 0.44589633  0.47476172 0.42761975 0.50206904 0.41641874
0.00039479 0.36283831 0.35232302 0.39930133 0.34523319 0.50234819  0.48417291 0.45702496 0.47508945 0.39693445 0.45000532 0.44589633  0.47476172 0.42761975 0.50206904 0.41641874
0.00039479 0.36283831 0.35232302 0.39930133 0.34523319 0.50234819  0.48417291 0.45702496 0.47508945 0.39693445 0.45000532 0.44589633  0.47476172 0.42761975 0.50206904 0.41641874
0.00039479 0.36283831 0.35232302 0.39930133 0.34523319 0.50234819  0.48417291 0.45702496 0.47508945 0.39693445 0.45000532 0.44589633  0.47476172 0.42761975 0.50206904 0.41641874
0.00039479 0.36283831 0.35232302 0.39930133 0.34523319 0.50234819  0.48417291 0.45702496 0.47508945 0.39693445 0.45000532 0.44589633  0.47476172 0.42761975 0.50206904 0.41641874
0.00039479 0.36283831 0.35232302 0.39930133 0.34523319 0.50234819  0.48417291 0.45702496 0.47508945 0.39693445 0.45000532 0.44589633  0.47476172 0.42761975 0.50206904 0.41641874
0.00039479 0.36283831 0.35232302 0.39930133 0.34523319 0.50234819  0.48417291 0.45702496 0.47508945 0.39693445 0.45000532 0.44589633  0.47476172 0.42761975 0.50206904 0.41641874
0.00039479 0.36283831 0.35232302 0.39930133 0.34523319 0.50234819  0.48417291 0.45702496 0.47508945 0.39693445 0.45000532 0.44589633  0.47476172 0.42761975 0.50206904 0.41641874
0.00039479 0.36283831 0.35232302 0.39930133 0.34523319 0.50234819  0.48417291 0.45702496 0.47508945 0.39693445 0.45000532 0.44589633  0.47476172 0.42761975 0.50206904 0.41641874
0.00039479 0.36283831 0.35232302 0.39930133 0.34523319 0.50234819  0.48417291 0.45702496 0.47508945 0.39693445 0.45000532 0.44589633  0.47476172 0.42761975 0.50206904 0.41641874
0.00039479 0.36283831 0.35232302 0.39930133 0.34523319 0.50234819  0.48417291 0.45702496 0.47508945 0.39693445 0.45000532 0.44589633  0.47476172 0.42761975 0.50206904 0.41641874
0.00039479 0.36283831 0.35232302 0.39930133 0.34523319 0.50234819  0.48417291 0.45702496 0.47508945 0.39693445 0.45000532 0.44589633  0.47476172 0.42761975 0.50206904 0.41641874
0.00039479 0.36283831 0.35232302 0.39930133 0.34523319 0.50234819  0.48417291 0.45702496 0.47508945 0.39693445 0.45000532 0.44589633  0.47476172 0.42761975 0.50206904 0.41641874
0.00039479 0.36283831 0.35232302 0.39930133 0.34523319 0.50234819  0.48417291 0.45702496 0.47508945 0.39693445 0.45000532 0.44589633  0.47476172 0.42761975 0.50206904 0.41641874
0.00039479 0.36283831 0.35232302 0.39930133 0.34523319 0.50234819  0.48417291 0.45702496 0.47508945 0.39693445 0.45000532 0.44589633  0.47476172 0.42761975 0.50206904 0.41641874
0.05357196 0.4426501  0.31126372 0.47372404 0.37603629 0.41875523  0.42072775 0.50444347 0.48490619 0.39013906 0.40420374 0.45185212  0.54462992 0.46722303 0.55234375 0.44813721
0.19808115 0.62904498 0.20855018 0.60662209 0.42993296 0.25866173  0.38291539 0.54712922 0.39426816 0.372815   0.31200779 0.45876408  0.5623284  0.39174281 0.40489449 0.46057777
0.34548945 0.76481322 0.12392648 0.62353265 0.44004538 0.27996152  0.47060084 0.46789328 0.38326034 0.41189179 0.4438592  0.45978559  0.2893016  0.3892921  0.51520993 0.3425454 
0.43416131 0.75105334 0.09170862 0.50481746 0.43142698 0.34824249  0.62540355 0.35158114 0.37917461 0.40202469 0.50959749 0.45531655  0.31622708 0.4523337  0.48450336 0.32766917
0.57257723 0.63191334 0.05920299 0.32971676 0.45245569 0.44718239  0.73675325 0.35140832 0.49946231 0.34459747 0.46944748 0.4543959  0.586794   0.6297415  0.68672997 0.39009373
0.67398002 0.48190821 0.04134685 0.30080557 0.48335502 0.52360147  0.6262338  0.2476082  0.65503455 0.32372564 0.40915628 0.43905289  0.60752821 0.63232986 0.58110125 0.46408001
0.77926092 0.26246126 0.06011318 0.45473827 0.55239095 0.70672352  0.58325106 0.51851306 0.63533988 0.25451646 0.17565555 0.44125402  0.43726441 0.58760673 0.42095009 0.37801615
0.77946602 0.26150079 0.05992168 0.45762771 0.55448645 0.70966158  0.58661457 0.52223299 0.63896515 0.25040056 0.16874734 0.44534364  0.4265693  0.60110219 0.41095968 0.36994757
0.80747406 0.18177954 0.06001084 0.54441104 0.59274028 0.76442398  0.56160834 0.57526682 0.54648765 0.25246008 0.13253795 0.36307946  0.32788058 0.52046963 0.55198309 0.36088553
0.80765225 0.18092164 0.05982315 0.54700307 0.59459503 0.76707138  0.56457438 0.57882124 0.54957614 0.24908314 0.12647962 0.3671588  0.31838554 0.53251975 0.54244155 0.35302643
0.80765225 0.18092164 0.05982315 0.54700307 0.59459503 0.76707138  0.56457438 0.57882124 0.54957614 0.24908314 0.12647962 0.3671588  0.31838554 0.53251975 0.54244155 0.35302643
0.80747406 0.18177954 0.06001084 0.54441104 0.59274028 0.76442398  0.56160834 0.57526682 0.54648765 0.25246008 0.13253795 0.36307946  0.32788058 0.52046963 0.55198309 0.36088553
0.80543126 0.19150065 0.06088816 0.51466112 0.5779295  0.74213531  0.52884156 0.54574702 0.51547859 0.27473296 0.17002749 0.32351835  0.36376855 0.48117539 0.59487544 0.41536535
0.78741153 0.26801337 0.07452761 0.34669826 0.48474233 0.61588074  0.42534567 0.45203233 0.49139137 0.35950097 0.2908114  0.29985616  0.45701214 0.36652629 0.62412109 0.54798629
0.74029831 0.42236503 0.08253112 0.13001876 0.3795643  0.48711557  0.42582677 0.38781866 0.64367133 0.33700756 0.31734034 0.49028625  0.57951604 0.35658439 0.49608563 0.425364  
0.66631418 0.55601501 0.06896598 0.19202803 0.38624068 0.5273678  0.58463687 0.2893166  0.60699434 0.35985901 0.34466086 0.50439921  0.70626543 0.55566617 0.63479899 0.47391812
0.62372582 0.63310679 0.0759639  0.2059924  0.3747803  0.50460544  0.67913073 0.42114713 0.58023418 0.35640227 0.48785125 0.48596755  0.62683974 0.63266291 0.70745592 0.52827165
0.60767606 0.65920188 0.07480033 0.23907581 0.37440424 0.52379441  0.69283633 0.36461821 0.55701828 0.37460493 0.48103675 0.48392667  0.64499663 0.65559472 0.64612161 0.51599154
0.60767606 0.65920188 0.07480033 0.23907581 0.37440424 0.52379441  0.69283633 0.36461821 0.55701828 0.37460493 0.48103675 0.48392667  0.64499663 0.65559472 0.64612161 0.51599154
0.60767606 0.65920188 0.07480033 0.23907581 0.37440424 0.52379441  0.69283633 0.36461821 0.55701828 0.37460493 0.48103675 0.48392667  0.64499663 0.65559472 0.64612161 0.51599154
0.60767606 0.65920188 0.07480033 0.23907581 0.37440424 0.52379441  0.69283633 0.36461821 0.55701828 0.37460493 0.48103675 0.48392667  0.64499663 0.65559472 0.64612161 0.51599154
0.62496429 0.64977641 0.08911328 0.22259949 0.34803657 0.56555505  0.65641521 0.39391279 0.53656709 0.38100726 0.40282916 0.49325752  0.68703825 0.64228845 0.59199608 0.52140092
0.67408174 0.58802617 0.11093365 0.14606481 0.31629629 0.5722528  0.58541939 0.54936046 0.5362624  0.3816034  0.31403501 0.51218567  0.65974729 0.5810645  0.63028581 0.54542615
0.67408174 0.58802617 0.11093365 0.14606481 0.31629629 0.5722528  0.58541939 0.54936046 0.5362624  0.3816034  0.31403501 0.51218567  0.65974729 0.5810645  0.63028581 0.54542615
0.67408174 0.58802617 0.11093365 0.14606481 0.31629629 0.5722528  0.58541939 0.54936046 0.5362624  0.3816034  0.31403501 0.51218567  0.65974729 0.5810645  0.63028581 0.54542615
0.67408174 0.58802617 0.11093365 0.14606481 0.31629629 0.5722528  0.58541939 0.54936046 0.5362624  0.3816034  0.31403501 0.51218567  0.65974729 0.5810645  0.63028581 0.54542615
0.67408174 0.58802617 0.11093365 0.14606481 0.31629629 0.5722528  0.58541939 0.54936046 0.5362624  0.3816034  0.31403501 0.51218567  0.65974729 0.5810645  0.63028581 0.54542615
0.67408174 0.58802617 0.11093365 0.14606481 0.31629629 0.5722528  0.58541939 0.54936046 0.5362624  0.3816034  0.31403501 0.51218567  0.65974729 0.5810645  0.63028581 0.54542615
0.67408174 0.58802617 0.11093365 0.14606481 0.31629629 0.5722528  0.58541939 0.54936046 0.5362624  0.3816034  0.31403501 0.51218567  0.65974729 0.5810645  0.63028581 0.54542615
0.67408174 0.58802617 0.11093365 0.14606481 0.31629629 0.5722528  0.58541939 0.54936046 0.5362624  0.3816034  0.31403501 0.51218567  0.65974729 0.5810645  0.63028581 0.54542615
0.65836296 0.61334382 0.10408142 0.1724053  0.32219242 0.58629059  0.60783979 0.47672889 0.53943825 0.36464744 0.32756704 0.50253464  0.71482103 0.60325283 0.60956367 0.53334995
0.59787761 0.73134667 0.12022963 0.27059545 0.29584709 0.67845973  0.66056277 0.55335991 0.40061692 0.40211321 0.42785235 0.44404497  0.69609507 0.42322775 0.46911648 0.50576494
0.59787761 0.73134667 0.12022963 0.27059545 0.29584709 0.67845973  0.66056277 0.55335991 0.40061692 0.40211321 0.42785235 0.44404497  0.69609507 0.42322775 0.46911648 0.50576494
0.59787761 0.73134667 0.12022963 0.27059545 0.29584709 0.67845973  0.66056277 0.55335991 0.40061692 0.40211321 0.42785235 0.44404497  0.69609507 0.42322775 0.46911648 0.50576494
0.59787761 0.73134667 0.12022963 0.27059545 0.29584709 0.67845973  0.66056277 0.55335991 0.40061692 0.40211321 0.42785235 0.44404497  0.69609507 0.42322775 0.46911648 0.50576494
0.61359639 0.70602902 0.12708186 0.24425495 0.28995095 0.66442193  0.63814237 0.62599148 0.39744107 0.41906917 0.41432031 0.453696  0.64102134 0.40103942 0.48983862 0.51784114
0.64509807 0.66656891 0.1513855  0.2189926  0.26625351 0.66215909  0.57966734 0.69280885 0.37009832 0.41960685 0.37883188 0.46078699  0.61694095 0.37034629 0.49514954 0.46184199
0.74932121 0.75199281 0.57828827 0.12240685 0.60443114 0.61280571  0.53750097 0.44154083 0.42665329 0.27041707 0.22668641 0.39418989  0.67492653 0.61316902 0.57890608 0.44132757
0.83234807 0.65823768 0.7379066  0.20419742 0.46993751 0.43082891  0.58999642 0.47604237 0.47166446 0.43147555 0.25898142 0.36683542  0.64974734 0.61977694 0.7259452  0.27330617
0.83263044 0.60838326 0.67349362 0.17702269 0.47043627 0.40557567  0.58991239 0.59364257 0.53030368 0.76278858 0.21858839 0.31180182  0.61657274 0.59856272 0.61689087 0.13294804
0.81972377 0.54515484 0.55449665 0.25567032 0.26955002 0.35248026  0.67087853 0.62405659 0.6295618  0.8240187  0.22574046 0.32874394  0.6126965  0.54385485 0.56604793 0.27063493
0.79783152 0.50647689 0.43399111 0.25961289 0.23754664 0.38362393  0.64097665 0.66367373 0.58191764 0.8381921  0.28550325 0.43776038  0.61875897 0.47399357 0.63233767 0.26762169
0.78839405 0.42682818 0.26532889 0.21750316 0.24032839 0.4379466  0.48488953 0.50993399 0.49146756 0.64536567 0.25251955 0.56454609  0.53224349 0.43356858 0.67865714 0.27640433
0.76884189 0.42462999 0.1881133  0.18764183 0.25405176 0.49294464  0.42556364 0.51077101 0.4208491  0.5313547  0.25166138 0.5905582  0.4846008  0.43334959 0.71090091 0.29366351
0.74497106 0.45332872 0.13189733 0.13327288 0.30431326 0.53851772  0.4181801  0.50075198 0.50307075 0.42807538 0.16811814 0.54081816  0.48082654 0.38469764 0.64529573 0.39855099
0.74259513 0.43134932 0.10147678 0.12277353 0.34690923 0.49611053  0.42778048 0.44379952 0.59194669 0.38730686 0.23314702 0.52190563  0.48136398 0.35534509 0.62720503 0.43155854
0.74259513 0.43134932 0.10147678 0.12277353 0.34690923 0.49611053  0.42778048 0.44379952 0.59194669 0.38730686 0.23314702 0.52190563  0.48136398 0.35534509 0.62720503 0.43155854
0.75500101 0.3959788  0.09496858 0.12721651 0.36291236 0.47253131  0.39032606 0.42928219 0.61687182 0.36024464 0.29584427 0.49735479  0.46131689 0.29342549 0.53318046 0.40450296
0.77045293 0.38261378 0.11810865 0.13503757 0.33883886 0.48945744  0.34555663 0.43957064 0.56631317 0.37898498 0.25354133 0.50240491  0.4553934  0.28566417 0.47715708 0.3362237 
0.78934323 0.30764763 0.10550186 0.26322124 0.41065243 0.57757217  0.36584182 0.45690538 0.49707259 0.37808492 0.24054036 0.38915768  0.44942261 0.3289198  0.52595576 0.41297286
0.82770096 0.18879493 0.11527579 0.47193275 0.48063435 0.67840309  0.39004982 0.49056128 0.33010459 0.40905028 0.28827173 0.26337171  0.44970822 0.38836938 0.65415649 0.45455072
0.85016673 0.13778282 0.1488617  0.56960083 0.46786221 0.65501256  0.44927167 0.52504626 0.32632382 0.49465782 0.38491132 0.34013168  0.45816843 0.44316581 0.66093356 0.41485238
0.86347511 0.12400766 0.18124954 0.61858574 0.45248502 0.66250382  0.46551872 0.52754129 0.3003223  0.48441669 0.38691555 0.38572976  0.49776734 0.48993935 0.63140585 0.30909613
0.86347511 0.12400766 0.18124954 0.61858574 0.45248502 0.66250382  0.46551872 0.52754129 0.3003223  0.48441669 0.38691555 0.38572976  0.49776734 0.48993935 0.63140585 0.30909613
0.87485529 0.11901602 0.21573976 0.64535987 0.42213305 0.64705347  0.46567693 0.51311046 0.26512968 0.50478427 0.42798378 0.41999453  0.5440897  0.54466636 0.6064239  0.27384756
0.88545766 0.08056413 0.22967742 0.75824876 0.45009123 0.65936535  0.60832686 0.56826921 0.44860153 0.52148269 0.40164165 0.54180013  0.54778177 0.46796154 0.49235034 0.3249056 
0.89686114 0.06970689 0.26506228 0.81661065 0.44379295 0.65886474  0.66825229 0.57830757 0.48387676 0.49657673 0.38836796 0.58883559  0.57934207 0.45519933 0.51267721 0.27316838
0.89686114 0.06970689 0.26506228 0.81661065 0.44379295 0.65886474  0.66825229 0.57830757 0.48387676 0.49657673 0.38836796 0.58883559  0.57934207 0.45519933 0.51267721 0.27316838
0.89686114 0.06970689 0.26506228 0.81661065 0.44379295 0.65886474  0.66825229 0.57830757 0.48387676 0.49657673 0.38836796 0.58883559  0.57934207 0.45519933 0.51267721 0.27316838
0.90314234 0.07314702 0.29574072 0.82681736 0.44452587 0.6321093  0.70971672 0.5821014  0.54872593 0.52562739 0.36463582 0.56606573  0.56722028 0.39857752 0.53999843 0.29471924
0.90399327 0.06947904 0.29702653 0.84128857 0.4476446  0.6358312  0.73064994 0.59075225 0.57717851 0.51461139 0.35417556 0.58994738  0.55963202 0.38722793 0.51978061 0.30212477
0.90399327 0.06947904 0.29702653 0.84128857 0.4476446  0.6358312  0.73064994 0.59075225 0.57717851 0.51461139 0.35417556 0.58994738  0.55963202 0.38722793 0.51978061 0.30212477
0.90399327 0.06947904 0.29702653 0.84128857 0.4476446  0.6358312  0.73064994 0.59075225 0.57717851 0.51461139 0.35417556 0.58994738  0.55963202 0.38722793 0.51978061 0.30212477
0.90399327 0.06947904 0.29702653 0.84128857 0.4476446  0.6358312  0.73064994 0.59075225 0.57717851 0.51461139 0.35417556 0.58994738  0.55963202 0.38722793 0.51978061 0.30212477
0.90399327 0.06947904 0.29702653 0.84128857 0.4476446  0.6358312  0.73064994 0.59075225 0.57717851 0.51461139 0.35417556 0.58994738  0.55963202 0.38722793 0.51978061 0.30212477
0.90399327 0.06947904 0.29702653 0.84128857 0.4476446  0.6358312  0.73064994 0.59075225 0.57717851 0.51461139 0.35417556 0.58994738  0.55963202 0.38722793 0.51978061 0.30212477
0.90399327 0.06947904 0.29702653 0.84128857 0.4476446  0.6358312  0.73064994 0.59075225 0.57717851 0.51461139 0.35417556 0.58994738  0.55963202 0.38722793 0.51978061 0.30212477
0.90399327 0.06947904 0.29702653 0.84128857 0.4476446  0.6358312  0.73064994 0.59075225 0.57717851 0.51461139 0.35417556 0.58994738  0.55963202 0.38722793 0.51978061 0.30212477
0.90399327 0.06947904 0.29702653 0.84128857 0.4476446  0.6358312  0.73064994 0.59075225 0.57717851 0.51461139 0.35417556 0.58994738  0.55963202 0.38722793 0.51978061 0.30212477
0.90399327 0.06947904 0.29702653 0.84128857 0.4476446  0.6358312  0.73064994 0.59075225 0.57717851 0.51461139 0.35417556 0.58994738  0.55963202 0.38722793 0.51978061 0.30212477
0.90399327 0.06947904 0.29702653 0.84128857 0.4476446  0.6358312  0.73064994 0.59075225 0.57717851 0.51461139 0.35417556 0.58994738  0.55963202 0.38722793 0.51978061 0.30212477
0.90399327 0.06947904 0.29702653 0.84128857 0.4476446  0.6358312  0.73064994 0.59075225 0.57717851 0.51461139 0.35417556 0.58994738  0.55963202 0.38722793 0.51978061 0.30212477
0.90399327 0.06947904 0.29702653 0.84128857 0.4476446  0.6358312  0.73064994 0.59075225 0.57717851 0.51461139 0.35417556 0.58994738  0.55963202 0.38722793 0.51978061 0.30212477
0.90399327 0.06947904 0.29702653 0.84128857 0.4476446  0.6358312  0.73064994 0.59075225 0.57717851 0.51461139 0.35417556 0.58994738  0.55963202 0.38722793 0.51978061 0.30212477
0.90399327 0.06947904 0.29702653 0.84128857 0.4476446  0.6358312  0.73064994 0.59075225 0.57717851 0.51461139 0.35417556 0.58994738  0.55963202 0.38722793 0.51978061 0.30212477
0.90168546 0.0799465  0.29506965 0.80363235 0.4368622  0.62040311  0.68252147 0.56497901 0.52194246 0.54272267 0.38362352 0.53296752  0.58704336 0.3756095  0.57439192 0.31336045
0.90047298 0.08570868 0.29502795 0.78461325 0.42883363 0.60832781  0.65979393 0.54736597 0.4980227  0.55745378 0.40582211 0.50469923  0.61075641 0.35005852 0.60795941 0.3401975 
0.89625132 0.10563975 0.29604348 0.72417582 0.40302809 0.56829629  0.59711418 0.49538524 0.44587534 0.59219528 0.4599551  0.43194983  0.65084209 0.3056625  0.66602309 0.42318394
0.88011773 0.13669114 0.25349043 0.61887044 0.37583444 0.5877272  0.43709526 0.45303756 0.22581736 0.53361481 0.50062511 0.37681876  0.63852463 0.45847863 0.69989321 0.3389575 
0.83586128 0.23710313 0.19409695 0.38955106 0.33560733 0.51800947  0.36355728 0.44423255 0.33012571 0.51414579 0.44504409 0.455653  0.57170911 0.33231794 0.66787314 0.26651974
0.77045293 0.38261378 0.11810865 0.13503757 0.33883886 0.48945744  0.34555663 0.43957064 0.56631317 0.37898498 0.25354133 0.50240491  0.4553934  0.28566417 0.47715708 0.3362237 
0.77045293 0.38261378 0.11810865 0.13503757 0.33883886 0.48945744  0.34555663 0.43957064 0.56631317 0.37898498 0.25354133 0.50240491  0.4553934  0.28566417 0.47715708 0.3362237 
0.64406464 0.65158544 0.14052768 0.21438709 0.27048557 0.62760784  0.58246004 0.71211702 0.39398847 0.41458778 0.39603572 0.46056742  0.46755687 0.27538087 0.62001548 0.49921205
0.56265312 0.75853302 0.11896204 0.35542771 0.30337977 0.66467479  0.61525401 0.44266246 0.39885977 0.45381417 0.39191818 0.47438603  0.54930794 0.37711694 0.45054643 0.47569566
0.4749549  0.80718357 0.13376073 0.52685367 0.29961137 0.66355778  0.43777804 0.38786347 0.48553549 0.48902596 0.4024248  0.48510761  0.40618235 0.30470372 0.37246765 0.47599331
0.40116047 0.77688013 0.16518684 0.59560554 0.31265447 0.59520375  0.28822717 0.46790645 0.55965126 0.47251518 0.32871101 0.49127026  0.52094666 0.37541982 0.48015644 0.48948072
0.39832616 0.75268643 0.1999727  0.61212885 0.28385944 0.62541017  0.19022592 0.50984919 0.58225863 0.48185573 0.31352624 0.48844492  0.60547938 0.40965267 0.46274672 0.44070206
0.41733766 0.76806429 0.19358415 0.60417217 0.27386951 0.66387663  0.2011164  0.49542812 0.60990346 0.4770932  0.38165379 0.47335493  0.57657471 0.40294495 0.43408915 0.41574759
0.4684613  0.78614017 0.27807128 0.58977915 0.20789106 0.75205572  0.16006031 0.46766678 0.60101812 0.38440762 0.36307625 0.48680248  0.64365873 0.43383042 0.29644423 0.5092723 
0.51772056 0.82544624 0.49844294 0.64656717 0.21575778 0.72022176  0.15659357 0.37240115 0.51111187 0.21404126 0.37711904 0.46947437  0.69616961 0.44756935 0.40544133 0.42252934
0.5795444  0.80254256 0.69496057 0.71622689 0.18863542 0.62161676  0.18995016 0.40371461 0.48879711 0.33804935 0.38406036 0.45368985  0.56473028 0.33842406 0.59039274 0.27274974
0.59497897 0.77526266 0.70165758 0.69590419 0.17954979 0.6045381  0.16105374 0.46447927 0.48575227 0.3454895  0.3669253  0.46110287  0.47254811 0.2766679  0.6428626  0.27477778
0.59497897 0.77526266 0.70165758 0.69590419 0.17954979 0.6045381  0.16105374 0.46447927 0.48575227 0.3454895  0.3669253  0.46110287  0.47254811 0.2766679  0.6428626  0.27477778
0.59497897 0.77526266 0.70165758 0.69590419 0.17954979 0.6045381  0.16105374 0.46447927 0.48575227 0.3454895  0.3669253  0.46110287  0.47254811 0.2766679  0.6428626  0.27477778
0.59497897 0.77526266 0.70165758 0.69590419 0.17954979 0.6045381  0.16105374 0.46447927 0.48575227 0.3454895  0.3669253  0.46110287  0.47254811 0.2766679  0.6428626  0.27477778
0.61102873 0.74916756 0.70282115 0.66282078 0.17992584 0.58534913  0.14734814 0.52100819 0.50896816 0.32728684 0.37373981 0.46314375  0.45439122 0.25373609 0.70419691 0.28705789
0.61102873 0.74916756 0.70282115 0.66282078 0.17992584 0.58534913  0.14734814 0.52100819 0.50896816 0.32728684 0.37373981 0.46314375  0.45439122 0.25373609 0.70419691 0.28705789
0.61102873 0.74916756 0.70282115 0.66282078 0.17992584 0.58534913  0.14734814 0.52100819 0.50896816 0.32728684 0.37373981 0.46314375  0.45439122 0.25373609 0.70419691 0.28705789
0.62971346 0.75791776 0.69326281 0.64325232 0.18112583 0.58913023  0.20605269 0.50136673 0.46369212 0.31896034 0.40915054 0.45100286  0.38120884 0.22831331 0.66219779 0.24234711
0.66559928 0.7570105  0.67455676 0.59135938 0.19614457 0.56265522  0.31820679 0.47715451 0.37709841 0.31700634 0.39860637 0.45239095  0.33767114 0.22506042 0.68354864 0.21782036
0.66559928 0.7570105  0.67455676 0.59135938 0.19614457 0.56265522  0.31820679 0.47715451 0.37709841 0.31700634 0.39860637 0.45239095  0.33767114 0.22506042 0.68354864 0.21782036
0.68417728 0.75757315 0.66933137 0.55753088 0.19338186 0.57848169  0.37540965 0.47597387 0.35243088 0.29552454 0.44370922 0.43181358  0.34100965 0.22873865 0.65529089 0.19264339
0.70096797 0.73635927 0.66561865 0.51458991 0.1999627  0.56200443  0.39511598 0.51694854 0.37605457 0.273766   0.46204534 0.42724851  0.39903891 0.25982089 0.72411204 0.20668007
0.70096797 0.73635927 0.66561865 0.51458991 0.1999627  0.56200443  0.39511598 0.51694854 0.37605457 0.273766   0.46204534 0.42724851  0.39903891 0.25982089 0.72411204 0.20668007
0.70685971 0.74905031 0.69985575 0.51129334 0.19584261 0.54822944  0.41062814 0.50690125 0.38865935 0.24923099 0.43467206 0.38724792  0.36170063 0.27933133 0.70764875 0.22988514
0.70390919 0.73651488 0.67401176 0.5269884  0.14884392 0.53930483  0.42154609 0.50844482 0.39709677 0.25415491 0.43945534 0.39271189  0.3745245  0.27990084 0.7016197  0.25029932
0.70075493 0.72089723 0.64453714 0.54004263 0.10678261 0.52355692  0.43917404 0.51175685 0.41021624 0.26608486 0.44569751 0.40368577  0.39484616 0.27273615 0.70668613 0.27309897
0.69496129 0.70788506 0.6101097  0.53805859 0.10470921 0.52282118  0.45032849 0.53528159 0.41719757 0.33450286 0.44659191 0.40340004  0.4261204  0.25783512 0.71129105 0.21593625
0.59765203 0.7629803  0.38454715 0.54219633 0.13425948 0.65820031  0.43494858 0.42060606 0.42319026 0.33616105 0.48172474 0.47147677  0.67761041 0.40197449 0.3635287  0.28313612
0.59765203 0.7629803  0.38454715 0.54219633 0.13425948 0.65820031  0.43494858 0.42060606 0.42319026 0.33616105 0.48172474 0.47147677  0.67761041 0.40197449 0.3635287  0.28313612
0.52116486 0.77976397 0.21228617 0.53789596 0.20892429 0.76378717  0.33382814 0.45137217 0.42463214 0.46478104 0.42501711 0.46465583  0.54149558 0.33175684 0.22670385 0.26623246
0.40282306 0.80259549 0.14499372 0.60475963 0.32888474 0.5937457  0.33398747 0.42719821 0.60764083 0.4659098  0.47891518 0.46894402  0.44610233 0.38481592 0.49526559 0.46485732
0.27202355 0.71031313 0.18764818 0.65294398 0.38306183 0.42903256  0.24366773 0.49723215 0.62100167 0.47887543 0.35455404 0.50217282  0.50451415 0.48774628 0.71528892 0.52473743
0.08862557 0.49385355 0.28356657 0.5215325  0.39584062 0.34978265  0.39259025 0.5385717  0.44824257 0.37709802 0.33155718 0.45651863  0.63406829 0.43388237 0.45981921 0.49760793
0.00039479 0.36283831 0.35232302 0.39930133 0.34523319 0.50234819  0.48417291 0.45702496 0.47508945 0.39693445 0.45000532 0.44589633  0.47476172 0.42761975 0.50206904 0.41641874
0.00039479 0.36283831 0.35232302 0.39930133 0.34523319 0.50234819  0.48417291 0.45702496 0.47508945 0.39693445 0.45000532 0.44589633  0.47476172 0.42761975 0.50206904 0.41641874
0.00039479 0.36283831 0.35232302 0.39930133 0.34523319 0.50234819  0.48417291 0.45702496 0.47508945 0.39693445 0.45000532 0.44589633  0.47476172 0.42761975 0.50206904 0.41641874
0.00039479 0.36283831 0.35232302 0.39930133 0.34523319 0.50234819  0.48417291 0.45702496 0.47508945 0.39693445 0.45000532 0.44589633  0.47476172 0.42761975 0.50206904 0.41641874
0.00039479 0.36283831 0.35232302 0.39930133 0.34523319 0.50234819  0.48417291 0.45702496 0.47508945 0.39693445 0.45000532 0.44589633  0.47476172 0.42761975 0.50206904 0.41641874
0.00039479 0.36283831 0.35232302 0.39930133 0.34523319 0.50234819  0.48417291 0.45702496 0.47508945 0.39693445 0.45000532 0.44589633  0.47476172 0.42761975 0.50206904 0.41641874
0.00039479 0.36283831 0.35232302 0.39930133 0.34523319 0.50234819  0.48417291 0.45702496 0.47508945 0.39693445 0.45000532 0.44589633  0.47476172 0.42761975 0.50206904 0.41641874
0.00039479 0.36283831 0.35232302 0.39930133 0.34523319 0.50234819  0.48417291 0.45702496 0.47508945 0.39693445 0.45000532 0.44589633  0.47476172 0.42761975 0.50206904 0.41641874
0.00039479 0.36283831 0.35232302 0.39930133 0.34523319 0.50234819  0.48417291 0.45702496 0.47508945 0.39693445 0.45000532 0.44589633  0.47476172 0.42761975 0.50206904 0.41641874
0.00039479 0.36283831 0.35232302 0.39930133 0.34523319 0.50234819  0.48417291 0.45702496 0.47508945 0.39693445 0.45000532 0.44589633  0.47476172 0.42761975 0.50206904 0.41641874
0.00039479 0.36283831 0.35232302 0.39930133 0.34523319 0.50234819  0.48417291 0.45702496 0.47508945 0.39693445 0.45000532 0.44589633  0.47476172 0.42761975 0.50206904 0.41641874
0.00039479 0.36283831 0.35232302 0.39930133 0.34523319 0.50234819  0.48417291 0.45702496 0.47508945 0.39693445 0.45000532 0.44589633  0.47476172 0.42761975 0.50206904 0.41641874
0.00039479 0.36283831 0.35232302 0.39930133 0.34523319 0.50234819  0.48417291 0.45702496 0.47508945 0.39693445 0.45000532 0.44589633  0.47476172 0.42761975 0.50206904 0.41641874
0.00039479 0.36283831 0.35232302 0.39930133 0.34523319 0.50234819  0.48417291 0.45702496 0.47508945 0.39693445 0.45000532 0.44589633  0.47476172 0.42761975 0.50206904 0.41641874
0.00039479 0.36283831 0.35232302 0.39930133 0.34523319 0.50234819  0.48417291 0.45702496 0.47508945 0.39693445 0.45000532 0.44589633  0.47476172 0.42761975 0.50206904 0.41641874
0.00039479 0.36283831 0.35232302 0.39930133 0.34523319 0.50234819  0.48417291 0.45702496 0.47508945 0.39693445 0.45000532 0.44589633  0.47476172 0.42761975 0.50206904 0.41641874
0.00039479 0.36283831 0.35232302 0.39930133 0.34523319 0.50234819  0.48417291 0.45702496 0.47508945 0.39693445 0.45000532 0.44589633  0.47476172 0.42761975 0.50206904 0.41641874
0.00039479 0.36283831 0.35232302 0.39930133 0.34523319 0.50234819  0.48417291 0.45702496 0.47508945 0.39693445 0.45000532 0.44589633  0.47476172 0.42761975 0.50206904 0.41641874
0.00039479 0.36283831 0.35232302 0.39930133 0.34523319 0.50234819  0.48417291 0.45702496 0.47508945 0.39693445 0.45000532 0.44589633  0.47476172 0.42761975 0.50206904 0.41641874
0.00039479 0.36283831 0.35232302 0.39930133 0.34523319 0.50234819  0.48417291 0.45702496 0.47508945 0.39693445 0.45000532 0.44589633  0.47476172 0.42761975 0.50206904 0.41641874
0.00039479 0.36283831 0.35232302 0.39930133 0.34523319 0.50234819  0.48417291 0.45702496 0.47508945 0.39693445 0.45000532 0.44589633  0.47476172 0.42761975 0.50206904 0.41641874
0.00039479 0.36283831 0.35232302 0.39930133 0.34523319 0.50234819  0.48417291 0.45702496 0.47508945 0.39693445 0.45000532 0.44589633  0.47476172 0.42761975 0.50206904 0.41641874
0.00039479 0.36283831 0.35232302 0.39930133 0.34523319 0.50234819  0.48417291 0.45702496 0.47508945 0.39693445 0.45000532 0.44589633  0.47476172 0.42761975 0.50206904 0.41641874
0.00039479 0.36283831 0.35232302 0.39930133 0.34523319 0.50234819  0.48417291 0.45702496 0.47508945 0.39693445 0.45000532 0.44589633  0.47476172 0.42761975 0.50206904 0.41641874
0.00039479 0.36283831 0.35232302 0.39930133 0.34523319 0.50234819  0.48417291 0.45702496 0.47508945 0.39693445 0.45000532 0.44589633  0.47476172 0.42761975 0.50206904 0.41641874
