0.00039479 0.36283831 0.35232302 0.39930133 0.34523319 0.50234819  0.48417291 0.45702496 0.47508945 0.39693445 0.45000532 0.44589633  0.47476172 0.42761975 0.50206904 0.41641874
0.00039479 0.36283831 0.35232302 0.39930133 0.34523319 0.50234819  0.48417291 0.45702496 0.47508945 0.39693445 0.45000532 0.44589633  0.47476172 0.42761975 0.50206904 0.41641874
0.00039479 0.36283831 0.35232302 0.39930133 0.34523319 0.50234819  0.48417291 0.45702496 0.47508945 0.39693445 0.45000532 0.44589633  0.47476172 0.42761975 0.50206904 0.41641874
0.00039479 0.36283831 0.35232302 0.39930133 0.34523319 0.50234819  0.48417291 0.45702496 0.47508945 0.39693445 0.45000532 0.44589633  0.47476172 0.42761975 0.50206904 0.41641874
0.00039479 0.36283831 0.35232302 0.39930133 0.34523319 0.50234819  0.48417291 0.45702496 0.47508945 0.39693445 0.45000532 0.44589633  0.47476172 0.42761975 0.50206904 0.41641874
0.00039479 0.36283831 0.35232302 0.39930133 0.34523319 0.50234819  0.48417291 0.45702496 0.47508945 0.39693445 0.45000532 0.44589633  0.47476172 0.42761975 0.50206904 0.41641874
0.00039479 0.36283831 0.35232302 0.39930133 0.34523319 0.50234819  0.48417291 0.45702496 0.47508945 0.39693445 0.45000532 0.44589633  0.47476172 0.42761975 0.50206904 0.41641874
0.00039479 0.36283831 0.35232302 0.39930133 0.34523319 0.50234819  0.48417291 0.45702496 0.47508945 0.39693445 0.45000532 0.44589633  0.47476172 0.42761975 0.50206904 0.41641874
0.00039479 0.36283831 0.35232302 0.39930133 0.34523319 0.50234819  0.48417291 0.45702496 0.47508945 0.39693445 0.45000532 0.44589633  0.47476172 0.42761975 0.50206904 0.41641874
0.00039479 0.36283831 0.35232302 0.39930133 0.34523319 0.50234819  0.48417291 0.45702496 0.47508945 0.39693445 0.45000532 0.44589633  0.47476172 0.42761975 0.50206904 0.41641874
0.00039479 0.36283831 0.35232302 0.39930133 0.34523319 0.50234819  0.48417291 0.45702496 0.47508945 0.39693445 0.45000532 0.44589633  0.47476172 0.42761975 0.50206904 0.41641874
0.00039479 0.36283831 0.35232302 0.39930133 0.34523319 0.50234819  0.48417291 0.45702496 0.47508945 0.39693445 0.45000532 0.44589633  0.47476172 0.42761975 0.50206904 0.41641874
0.00039479 0.36283831 0.35232302 0.39930133 0.34523319 0.50234819  0.48417291 0.45702496 0.47508945 0.39693445 0.45000532 0.44589633  0.47476172 0.42761975 0.50206904 0.41641874
0.00039479 0.36283831 0.35232302 0.39930133 0.34523319 0.50234819  0.48417291 0.45702496 0.47508945 0.39693445 0.45000532 0.44589633  0.47476172 0.42761975 0.50206904 0.41641874
0.00039479 0.36283831 0.35232302 0.39930133 0.34523319 0.50234819  0.48417291 0.45702496 0.47508945 0.39693445 0.45000532 0.44589633  0.47476172 0.42761975 0.50206904 0.41641874
0.00039479 0.36283831 0.35232302 0.39930133 0.34523319 0.50234819  0.48417291 0.45702496 0.47508945 0.39693445 0.45000532 0.44589633  0.47476172 0.42761975 0.50206904 0.41641874
0.00039479 0.36283831 0.35232302 0.39930133 0.34523319 0.50234819  0.48417291 0.45702496 0.47508945 0.39693445 0.45000532 0.44589633  0.47476172 0.42761975 0.50206904 0.41641874
0.00039479 0.36283831 0.35232302 0.39930133 0.34523319 0.50234819  0.48417291 0.45702496 0.47508945 0.39693445 0.45000532 0.44589633  0.47476172 0.42761975 0.50206904 0.41641874
0.00039479 0.36283831 0.35232302 0.39930133 0.34523319 0.50234819  0.48417291 0.45702496 0.47508945 0.39693445 0.45000532 0.44589633  0.47476172 0.42761975 0.50206904 0.41641874
0.00039479 0.36283831 0.35232302 0.39930133 0.34523319 0.50234819  0.48417291 0.45702496 0.47508945 0.39693445 0.45000532 0.44589633  0.47476172 0.42761975 0.50206904 0.41641874
0.00039479 0.36283831 0.35232302 0.39930133 0.34523319 0.50234819  0.48417291 0.45702496 0.47508945 0.39693445 0.45000532 0.44589633  0.47476172 0.42761975 0.50206904 0.41641874
0.00039479 0.36283831 0.35232302 0.39930133 0.34523319 0.50234819  0.48417291 0.45702496 0.47508945 0.39693445 0.45000532 0.44589633  0.47476172 0.42761975 0.50206904 0.41641874
0.00039479 0.36283831 0.35232302 0.39930133 0.34523319 0.50234819  0.48417291 0.45702496 0.47508945 0.39693445 0.45000532 0.44589633  0.47476172 0.42761975 0.50206904 0.41641874
0.00039479 0.36283831 0.35232302 0.39930133 0.34523319 0.50234819  0.48417291 0.45702496 0.47508945 0.39693445 0.45000532 0.44589633  0.47476172 0.42761975 0.50206904 0.41641874
0.00039479 0.36283831 0.35232302 0.39930133 0.34523319 0.50234819  0.48417291 0.45702496 0.47508945 0.39693445 0.45000532 0.44589633  0.47476172 0.42761975 0.50206904 0.41641874
0.00039479 0.36283831 0.35232302 0.39930133 0.34523319 0.50234819  0.48417291 0.45702496 0.47508945 0.39693445 0.45000532 0.44589633  0.47476172 0.42761975 0.50206904 0.41641874
0.00039479 0.36283831 0.35232302 0.39930133 0.34523319 0.50234819  0.48417291 0.45702496 0.47508945 0.39693445 0.45000532 0.44589633  0.47476172 0.42761975 0.50206904 0.41641874
0.00039479 0.36283831 0.35232302 0.39930133 0.34523319 0.50234819  0.48417291 0.45702496 0.47508945 0.39693445 0.45000532 0.44589633  0.47476172 0.42761975 0.50206904 0.41641874
0.00039479 0.36283831 0.35232302 0.39930133 0.34523319 0.50234819  0.48417291 0.45702496 0.47508945 0.39693445 0.45000532 0.44589633  0.47476172 0.42761975 0.50206904 0.41641874
0.00039479 0.36283831 0.35232302 0.39930133 0.34523319 0.50234819  0.48417291 0.45702496 0.47508945 0.39693445 0.45000532 0.44589633  0.47476172 0.42761975 0.50206904 0.41641874
0.00039479 0.36283831 0.35232302 0.39930133 0.34523319 0.50234819  0.48417291 0.45702496 0.47508945 0.39693445 0.45000532 0.44589633  0.47476172 0.42761975 0.50206904 0.41641874
0.00039479 0.36283831 0.35232302 0.39930133 0.34523319 0.50234819  0.48417291 0.45702496 0.47508945 0.39693445 0.45000532 0.44589633  0.47476172 0.42761975 0.50206904 0.41641874
0.00039479 0.36283831 0.35232302 0.39930133 0.34523319 0.50234819  0.48417291 0.45702496 0.47508945 0.39693445 0.45000532 0.44589633  0.47476172 0.42761975 0.50206904 0.41641874
0.00039479 0.36283831 0.35232302 0.39930133 0.34523319 0.50234819  0.48417291 0.45702496 0.47508945 0.39693445 0.45000532 0.44589633  0.47476172 0.42761975 0.50206904 0.41641874
0.00039479 0.36283831 0.35232302 0.39930133 0.34523319 0.50234819  0.48417291 0.45702496 0.47508945 0.39693445 0.45000532 0.44589633  0.47476172 0.42761975 0.50206904 0.41641874
0.00039479 0.36283831 0.35232302 0.39930133 0.34523319 0.50234819  0.48417291 0.45702496 0.47508945 0.39693445 0.45000532 0.44589633  0.47476172 0.42761975 0.50206904 0.41641874
0.00039479 0.36283831 0.35232302 0.39930133 0.34523319 0.50234819  0.48417291 0.45702496 0.47508945 0.39693445 0.45000532 0.44589633  0.47476172 0.42761975 0.50206904 0.41641874
0.00039479 0.36283831 0.35232302 0.39930133 0.34523319 0.50234819  0.48417291 0.45702496 0.47508945 0.39693445 0.45000532 0.44589633  0.47476172 0.42761975 0.50206904 0.41641874
0.00039479 0.36283831 0.35232302 0.39930133 0.34523319 0.50234819  0.48417291 0.45702496 0.47508945 0.39693445 0.45000532 0.44589633  0.47476172 0.42761975 0.50206904 0.41641874
0.00039479 0.36283831 0.35232302 0.39930133 0.34523319 0.50234819  0.48417291 0.45702496 0.47508945 0.39693445 0.45000532 0.44589633  0.47476172 0.42761975 0.50206904 0.41641874
0.00039479 0.36283831 0.35232302 0.39930133 0.34523319 0.50234819  0.48417291 0.45702496 0.47508945 0.39693445 0.45000532 0.44589633  0.47476172 0.42761975 0.50206904 0.41641874
0.00039479 0.36283831 0.35232302 0.39930133 0.34523319 0.50234819  0.48417291 0.45702496 0.47508945 0.39693445 0.45000532 0.44589633  0.47476172 0.42761975 0.50206904 0.41641874
0.00039479 0.36283831 0.35232302 0.39930133 0.34523319 0.50234819  0.48417291 0.45702496 0.47508945 0.39693445 0.45000532 0.44589633  0.47476172 0.42761975 0.50206904 0.41641874
0.00039479 0.36283831 0.35232302 0.39930133 0.34523319 0.50234819  0.48417291 0.45702496 0.47508945 0.39693445 0.45000532 0.44589633  0.47476172 0.42761975 0.50206904 0.41641874
0.00039479 0.36283831 0.35232302 0.39930133 0.34523319 0.50234819  0.48417291 0.45702496 0.47508945 0.39693445 0.45000532 0.44589633  0.47476172 0.42761975 0.50206904 0.41641874
0.01790387 0.3898545  0.33817562 0.42642862 0.35681041 0.46717525  0.46152885 0.47694295 0.46991849 0.39350101 0.41724602 0.4497633  0.51968443 0.43336993 0.49846349 0.44236435
0.12566857 0.54718036 0.25786784 0.56473162 0.4089453  0.32752439  0.34753433 0.55634546 0.49768331 0.38369996 0.3629677  0.45854459  0.607057   0.48587387 0.57781529 0.47362142
0.32886441 0.74440647 0.15695094 0.60004916 0.38313668 0.44092126  0.41239004 0.45038823 0.49128697 0.43278121 0.49178805 0.45368705  0.31321941 0.35252613 0.45750962 0.41026741
0.476184   0.81808372 0.11473078 0.51013595 0.32306887 0.63945974  0.52985071 0.36039565 0.48121269 0.46570131 0.52960427 0.45729399  0.36358119 0.32448577 0.38797662 0.45114741
0.58108692 0.75256055 0.12394235 0.31353641 0.28926624 0.69493698  0.64085643 0.51238524 0.37699323 0.42387175 0.40951623 0.44861004  0.63806581 0.39214551 0.40029533 0.49172826
0.6828905  0.61936034 0.23150019 0.28182943 0.17995148 0.61343832  0.52331531 0.72986589 0.23452332 0.53851881 0.41965634 0.53652929  0.45483712 0.36284012 0.50402353 0.35912048
0.74337585 0.50135749 0.21535198 0.18363929 0.20629682 0.52126918  0.47059233 0.65323487 0.37334466 0.50105304 0.31937104 0.59501897  0.47356308 0.5428652  0.64447072 0.38670549
0.76089861 0.48149055 0.25972758 0.23855313 0.17171468 0.48586185  0.48415421 0.62939702 0.36889565 0.52759267 0.43438579 0.64075859  0.52276527 0.60413882 0.5751959  0.48653929
0.78413008 0.49314093 0.35695453 0.26550531 0.14924291 0.448046  0.50171416 0.6000554  0.33961955 0.48825449 0.44445949 0.62174693  0.47412878 0.64745218 0.61410733 0.49837943
0.81173761 0.50525933 0.47061628 0.30192656 0.13139213 0.40178793  0.53840528 0.57801955 0.35480791 0.55010833 0.42833104 0.54666514  0.54226715 0.6801618  0.62556342 0.39443965
0.81801881 0.50869947 0.50129473 0.31213327 0.13212506 0.37503249  0.57986972 0.58181338 0.41965708 0.57915899 0.4045989  0.52389528  0.53014536 0.62353999 0.65288465 0.41599051
0.81801881 0.50869947 0.50129473 0.31213327 0.13212506 0.37503249  0.57986972 0.58181338 0.41965708 0.57915899 0.4045989  0.52389528  0.53014536 0.62353999 0.65288465 0.41599051
0.82541752 0.51624167 0.53773622 0.32667949 0.12400116 0.36296013  0.59340879 0.55547195 0.43016672 0.52045826 0.39739333 0.51679307  0.5456121  0.59041379 0.69485278 0.43527615
0.82541752 0.51624167 0.53773622 0.32667949 0.12400116 0.36296013  0.59340879 0.55547195 0.43016672 0.52045826 0.39739333 0.51679307  0.5456121  0.59041379 0.69485278 0.43527615
0.82541752 0.51624167 0.53773622 0.32667949 0.12400116 0.36296013  0.59340879 0.55547195 0.43016672 0.52045826 0.39739333 0.51679307  0.5456121  0.59041379 0.69485278 0.43527615
0.85089939 0.44552674 0.52394755 0.32844418 0.15852676 0.31389985  0.52078533 0.49429061 0.49340914 0.47136785 0.48281652 0.47837981  0.52017896 0.49138031 0.52671412 0.37294886
0.85089939 0.44552674 0.52394755 0.32844418 0.15852676 0.31389985  0.52078533 0.49429061 0.49340914 0.47136785 0.48281652 0.47837981  0.52017896 0.49138031 0.52671412 0.37294886
0.85089939 0.44552674 0.52394755 0.32844418 0.15852676 0.31389985  0.52078533 0.49429061 0.49340914 0.47136785 0.48281652 0.47837981  0.52017896 0.49138031 0.52671412 0.37294886
0.88027572 0.3673346  0.51274333 0.35827263 0.19931504 0.27543732  0.50896689 0.33632829 0.6216062  0.50922335 0.42924456 0.50628643  0.58030392 0.35379834 0.47932199 0.3844166 
0.88027572 0.3673346  0.51274333 0.35827263 0.19931504 0.27543732  0.50896689 0.33632829 0.6216062  0.50922335 0.42924456 0.50628643  0.58030392 0.35379834 0.47932199 0.3844166 
0.89133357 0.32544683 0.51499076 0.44010874 0.22422458 0.29170557  0.54614884 0.33919742 0.63043195 0.53622625 0.4778745  0.49180549  0.60129687 0.32730667 0.43854779 0.51136236
0.90203831 0.25164302 0.47524432 0.54163404 0.25731582 0.34735605  0.54321027 0.34226669 0.5363869  0.53845501 0.53925696 0.44328855  0.63402853 0.30750395 0.48838741 0.63398156
0.90400587 0.20852643 0.43349005 0.58309505 0.28200093 0.38066618  0.54745134 0.36004483 0.49978715 0.60102851 0.54015837 0.38712208  0.6822689  0.2702386  0.54892421 0.59685834
0.90162758 0.20449007 0.41874034 0.59160258 0.27278495 0.40082047  0.52929931 0.34970662 0.45653063 0.54260509 0.55757263 0.43235468  0.69828784 0.25179139 0.57267216 0.57893675
0.9122229  0.15966268 0.40857145 0.68330397 0.32713281 0.47723807  0.56879626 0.38382817 0.42530916 0.51353329 0.50915578 0.38043522  0.70687916 0.26863284 0.67917434 0.54767779
0.90482419 0.15212048 0.37212996 0.66875775 0.33525671 0.48931043  0.55525718 0.4101696  0.41479951 0.57223403 0.51636135 0.38753744  0.69141242 0.30175904 0.63720622 0.52839215
0.90482419 0.15212048 0.37212996 0.66875775 0.33525671 0.48931043  0.55525718 0.4101696  0.41479951 0.57223403 0.51636135 0.38753744  0.69141242 0.30175904 0.63720622 0.52839215
0.90628107 0.145321   0.37280103 0.69194275 0.34292038 0.50101663  0.58245244 0.42729199 0.44158298 0.55513875 0.49737365 0.42063565  0.67158935 0.32472706 0.60281272 0.50975094
0.91020302 0.12862365 0.37030375 0.72957473 0.36433659 0.52943409  0.60736387 0.44836793 0.44969581 0.54511191 0.47031067 0.41473031  0.65439876 0.36352004 0.59909405 0.49875229
0.90923984 0.09316243 0.33365914 0.79870352 0.40042844 0.58995945  0.65763129 0.51091344 0.48775882 0.53064153 0.43396751 0.51667384  0.65257545 0.39188415 0.57598239 0.3855371 
0.90923984 0.09316243 0.33365914 0.79870352 0.40042844 0.58995945  0.65763129 0.51091344 0.48775882 0.53064153 0.43396751 0.51667384  0.65257545 0.39188415 0.57598239 0.3855371 
0.90923984 0.09316243 0.33365914 0.79870352 0.40042844 0.58995945  0.65763129 0.51091344 0.48775882 0.53064153 0.43396751 0.51667384  0.65257545 0.39188415 0.57598239 0.3855371 
0.90923984 0.09316243 0.33365914 0.79870352 0.40042844 0.58995945  0.65763129 0.51091344 0.48775882 0.53064153 0.43396751 0.51667384  0.65257545 0.39188415 0.57598239 0.3855371 
0.90923984 0.09316243 0.33365914 0.79870352 0.40042844 0.58995945  0.65763129 0.51091344 0.48775882 0.53064153 0.43396751 0.51667384  0.65257545 0.39188415 0.57598239 0.3855371 
0.90295863 0.08972229 0.30298069 0.78849681 0.39969552 0.61671489  0.61616685 0.50711961 0.42290965 0.50159087 0.45769965 0.5394437  0.66469724 0.44850596 0.54866117 0.36398625
0.90479634 0.08096164 0.30229487 0.8153573  0.41241081 0.63606549  0.64557012 0.53291947 0.45029344 0.4834339  0.42711833 0.5749152  0.63950438 0.47430474 0.51575923 0.31757501
0.90479634 0.08096164 0.30229487 0.8153573  0.41241081 0.63606549  0.64557012 0.53291947 0.45029344 0.4834339  0.42711833 0.5749152  0.63950438 0.47430474 0.51575923 0.31757501
0.90600882 0.07519946 0.30233657 0.8343764  0.42043937 0.64814079  0.66829765 0.55053251 0.47421321 0.46870279 0.40491974 0.60318349  0.61579133 0.49985572 0.48219174 0.29073796
0.90600882 0.07519946 0.30233657 0.8343764  0.42043937 0.64814079  0.66829765 0.55053251 0.47421321 0.46870279 0.40491974 0.60318349  0.61579133 0.49985572 0.48219174 0.29073796
0.90600882 0.07519946 0.30233657 0.8343764  0.42043937 0.64814079  0.66829765 0.55053251 0.47421321 0.46870279 0.40491974 0.60318349  0.61579133 0.49985572 0.48219174 0.29073796
0.90600882 0.07519946 0.30233657 0.8343764  0.42043937 0.64814079  0.66829765 0.55053251 0.47421321 0.46870279 0.40491974 0.60318349  0.61579133 0.49985572 0.48219174 0.29073796
0.90600882 0.07519946 0.30233657 0.8343764  0.42043937 0.64814079  0.66829765 0.55053251 0.47421321 0.46870279 0.40491974 0.60318349  0.61579133 0.49985572 0.48219174 0.29073796
0.90600882 0.07519946 0.30233657 0.8343764  0.42043937 0.64814079  0.66829765 0.55053251 0.47421321 0.46870279 0.40491974 0.60318349  0.61579133 0.49985572 0.48219174 0.29073796
0.90600882 0.07519946 0.30233657 0.8343764  0.42043937 0.64814079  0.66829765 0.55053251 0.47421321 0.46870279 0.40491974 0.60318349  0.61579133 0.49985572 0.48219174 0.29073796
0.90600882 0.07519946 0.30233657 0.8343764  0.42043937 0.64814079  0.66829765 0.55053251 0.47421321 0.46870279 0.40491974 0.60318349  0.61579133 0.49985572 0.48219174 0.29073796
0.88784161 0.06939371 0.22934771 0.79182571 0.46318148 0.68004626  0.64160334 0.59445007 0.47336509 0.50489817 0.37808999 0.57907803  0.53288895 0.48655879 0.46718861 0.2883304 
0.88784161 0.06939371 0.22934771 0.79182571 0.46318148 0.68004626  0.64160334 0.59445007 0.47336509 0.50489817 0.37808999 0.57907803  0.53288895 0.48655879 0.46718861 0.2883304 
0.88376541 0.07991955 0.21924106 0.76450921 0.46022125 0.6995105  0.59534903 0.59128728 0.39237938 0.46409709 0.36667914 0.56027223  0.51014805 0.56045029 0.49604934 0.21709977
0.88376541 0.07991955 0.21924106 0.76450921 0.46022125 0.6995105  0.59534903 0.59128728 0.39237938 0.46409709 0.36667914 0.56027223  0.51014805 0.56045029 0.49604934 0.21709977
0.86843793 0.10029846 0.18304916 0.6990165  0.47900802 0.70337523  0.56203242 0.59733159 0.39398177 0.44845752 0.33066026 0.50851235  0.42086898 0.59080785 0.50992696 0.25113911
0.85705775 0.10529009 0.14855895 0.67224237 0.50935999 0.71882558  0.56187421 0.61176242 0.4291744  0.42808993 0.28959203 0.47424758  0.37454662 0.53608083 0.53490891 0.28638768
0.84405478 0.1261424  0.11932546 0.62079265 0.5221214  0.73189598  0.5214767  0.59040961 0.43729048 0.39157038 0.27023836 0.42044617  0.37439367 0.50421093 0.50932276 0.37355654
0.81627812 0.15415332 0.06853182 0.58686735 0.57603132 0.73576633  0.57206484 0.57433255 0.53517124 0.32316555 0.26733942 0.38635921  0.39651893 0.47222218 0.55972061 0.47819563
0.8024689  0.20520608 0.06240434 0.47026271 0.55342578 0.70834289  0.47314104 0.50080158 0.45388958 0.31822459 0.24520803 0.2539498  0.44756472 0.38565794 0.69014112 0.5057549 
0.8024689  0.20520608 0.06240434 0.47026271 0.55342578 0.70834289  0.47314104 0.50080158 0.45388958 0.31822459 0.24520803 0.2539498  0.44756472 0.38565794 0.69014112 0.5057549 
0.77993993 0.26111415 0.0515652  0.42675577 0.54978717 0.70737822  0.5112569  0.46554263 0.52018223 0.2791342  0.22989023 0.29579228  0.57073802 0.42372839 0.6759031  0.44455003
0.66953273 0.44046665 0.02223201 0.32058061 0.52901085 0.44847202  0.56564978 0.19965895 0.62208693 0.27731891 0.50706115 0.36199148  0.59820753 0.46809479 0.68013957 0.3724501 
0.63331589 0.53203668 0.03490346 0.305776   0.48587315 0.45719432  0.62372319 0.16339396 0.61752699 0.3284283  0.43754239 0.44038218  0.61944538 0.57531052 0.65689796 0.36718607
0.52951117 0.66231043 0.05446101 0.41902939 0.45032811 0.40775007  0.61413873 0.10190644 0.49723877 0.42278487 0.42019609 0.497183  0.41331556 0.48388673 0.57356058 0.32563448
0.42684442 0.67393426 0.08595934 0.46767742 0.47746684 0.27448979  0.6691959  0.27358539 0.32124036 0.39929187 0.40253317 0.47369963  0.38097413 0.44146132 0.55331904 0.31336946
0.23320092 0.60297986 0.18407512 0.50863345 0.45663759 0.2126023  0.61855198 0.45239427 0.17652874 0.41301538 0.23365114 0.4963067  0.44559847 0.32385208 0.36338519 0.48518004
0.23320092 0.60297986 0.18407512 0.50863345 0.45663759 0.2126023  0.61855198 0.45239427 0.17652874 0.41301538 0.23365114 0.4963067  0.44559847 0.32385208 0.36338519 0.48518004
0.10758213 0.46983746 0.27356623 0.44628074 0.39570202 0.3518136  0.5838685  0.42386726 0.2384855  0.41493913 0.25361832 0.48862951  0.44957482 0.27461446 0.27160208 0.49178811
0.07057186 0.4363202  0.29688016 0.44476643 0.38823898 0.36908819  0.52491791 0.46269653 0.31979163 0.40788175 0.2630435  0.48417518  0.57287142 0.33420379 0.33510928 0.53324894
0.05336775 0.43914143 0.31083182 0.46832666 0.37416152 0.39938838  0.45143619 0.50292086 0.40448693 0.37548598 0.33684065 0.45259001  0.60541605 0.3574237  0.32371238 0.49045415
0.01779563 0.38669558 0.33863985 0.42004769 0.35385851 0.46460162  0.48109267 0.47190843 0.43452283 0.38595027 0.3992976  0.44733029  0.52908455 0.38078184 0.39373238 0.44873962
0.00039479 0.36283831 0.35232302 0.39930133 0.34523319 0.50234819  0.48417291 0.45702496 0.47508945 0.39693445 0.45000532 0.44589633  0.47476172 0.42761975 0.50206904 0.41641874
0.00039479 0.36283831 0.35232302 0.39930133 0.34523319 0.50234819  0.48417291 0.45702496 0.47508945 0.39693445 0.45000532 0.44589633  0.47476172 0.42761975 0.50206904 0.41641874
0.00039479 0.36283831 0.35232302 0.39930133 0.34523319 0.50234819  0.48417291 0.45702496 0.47508945 0.39693445 0.45000532 0.44589633  0.47476172 0.42761975 0.50206904 0.41641874
0.00039479 0.36283831 0.35232302 0.39930133 0.34523319 0.50234819  0.48417291 0.45702496 0.47508945 0.39693445 0.45000532 0.44589633  0.47476172 0.42761975 0.50206904 0.41641874
0.00039479 0.36283831 0.35232302 0.39930133 0.34523319 0.50234819  0.48417291 0.45702496 0.47508945 0.39693445 0.45000532 0.44589633  0.47476172 0.42761975 0.50206904 0.41641874
0.00039479 0.36283831 0.35232302 0.39930133 0.34523319 0.50234819  0.48417291 0.45702496 0.47508945 0.39693445 0.45000532 0.44589633  0.47476172 0.42761975 0.50206904 0.41641874
0.00039479 0.36283831 0.35232302 0.39930133 0.34523319 0.50234819  0.48417291 0.45702496 0.47508945 0.39693445 0.45000532 0.44589633  0.47476172 0.42761975 0.50206904 0.41641874
0.00039479 0.36283831 0.35232302 0.39930133 0.34523319 0.50234819  0.48417291 0.45702496 0.47508945 0.39693445 0.45000532 0.44589633  0.47476172 0.42761975 0.50206904 0.41641874
0.00039479 0.36283831 0.35232302 0.39930133 0.34523319 0.50234819  0.48417291 0.45702496 0.47508945 0.39693445 0.45000532 0.44589633  0.47476172 0.42761975 0.50206904 0.41641874
0.00039479 0.36283831 0.35232302 0.39930133 0.34523319 0.50234819  0.48417291 0.45702496 0.47508945 0.39693445 0.45000532 0.44589633  0.47476172 0.42761975 0.50206904 0.41641874
0.00039479 0.36283831 0.35232302 0.39930133 0.34523319 0.50234819  0.48417291 0.45702496 0.47508945 0.39693445 0.45000532 0.44589633  0.47476172 0.42761975 0.50206904 0.41641874
0.00039479 0.36283831 0.35232302 0.39930133 0.34523319 0.50234819  0.48417291 0.45702496 0.47508945 0.39693445 0.45000532 0.44589633  0.47476172 0.42761975 0.50206904 0.41641874
0.00039479 0.36283831 0.35232302 0.39930133 0.34523319 0.50234819  0.48417291 0.45702496 0.47508945 0.39693445 0.45000532 0.44589633  0.47476172 0.42761975 0.50206904 0.41641874
0.00039479 0.36283831 0.35232302 0.39930133 0.34523319 0.50234819  0.48417291 0.45702496 0.47508945 0.39693445 0.45000532 0.44589633  0.47476172 0.42761975 0.50206904 0.41641874
0.00039479 0.36283831 0.35232302 0.39930133 0.34523319 0.50234819  0.48417291 0.45702496 0.47508945 0.39693445 0.45000532 0.44589633  0.47476172 0.42761975 0.50206904 0.41641874
0.00039479 0.36283831 0.35232302 0.39930133 0.34523319 0.50234819  0.48417291 0.45702496 0.47508945 0.39693445 0.45000532 0.44589633  0.47476172 0.42761975 0.50206904 0.41641874
0.00039479 0.36283831 0.35232302 0.39930133 0.34523319 0.50234819  0.48417291 0.45702496 0.47508945 0.39693445 0.45000532 0.44589633  0.47476172 0.42761975 0.50206904 0.41641874
0.00039479 0.36283831 0.35232302 0.39930133 0.34523319 0.50234819  0.48417291 0.45702496 0.47508945 0.39693445 0.45000532 0.44589633  0.47476172 0.42761975 0.50206904 0.41641874
