0.00039479 0.36283831 0.35232302 0.39930133 0.34523319 0.50234819  0.48417291 0.45702496 0.47508945 0.39693445 0.45000532 0.44589633  0.47476172 0.42761975 0.50206904 0.41641874
0.00039479 0.36283831 0.35232302 0.39930133 0.34523319 0.50234819  0.48417291 0.45702496 0.47508945 0.39693445 0.45000532 0.44589633  0.47476172 0.42761975 0.50206904 0.41641874
0.00039479 0.36283831 0.35232302 0.39930133 0.34523319 0.50234819  0.48417291 0.45702496 0.47508945 0.39693445 0.45000532 0.44589633  0.47476172 0.42761975 0.50206904 0.41641874
0.00039479 0.36283831 0.35232302 0.39930133 0.34523319 0.50234819  0.48417291 0.45702496 0.47508945 0.39693445 0.45000532 0.44589633  0.47476172 0.42761975 0.50206904 0.41641874
0.00039479 0.36283831 0.35232302 0.39930133 0.34523319 0.50234819  0.48417291 0.45702496 0.47508945 0.39693445 0.45000532 0.44589633  0.47476172 0.42761975 0.50206904 0.41641874
0.00039479 0.36283831 0.35232302 0.39930133 0.34523319 0.50234819  0.48417291 0.45702496 0.47508945 0.39693445 0.45000532 0.44589633  0.47476172 0.42761975 0.50206904 0.41641874
0.00039479 0.36283831 0.35232302 0.39930133 0.34523319 0.50234819  0.48417291 0.45702496 0.47508945 0.39693445 0.45000532 0.44589633  0.47476172 0.42761975 0.50206904 0.41641874
0.00039479 0.36283831 0.35232302 0.39930133 0.34523319 0.50234819  0.48417291 0.45702496 0.47508945 0.39693445 0.45000532 0.44589633  0.47476172 0.42761975 0.50206904 0.41641874
0.00039479 0.36283831 0.35232302 0.39930133 0.34523319 0.50234819  0.48417291 0.45702496 0.47508945 0.39693445 0.45000532 0.44589633  0.47476172 0.42761975 0.50206904 0.41641874
0.00039479 0.36283831 0.35232302 0.39930133 0.34523319 0.50234819  0.48417291 0.45702496 0.47508945 0.39693445 0.45000532 0.44589633  0.47476172 0.42761975 0.50206904 0.41641874
0.00039479 0.36283831 0.35232302 0.39930133 0.34523319 0.50234819  0.48417291 0.45702496 0.47508945 0.39693445 0.45000532 0.44589633  0.47476172 0.42761975 0.50206904 0.41641874
0.00039479 0.36283831 0.35232302 0.39930133 0.34523319 0.50234819  0.48417291 0.45702496 0.47508945 0.39693445 0.45000532 0.44589633  0.47476172 0.42761975 0.50206904 0.41641874
0.00039479 0.36283831 0.35232302 0.39930133 0.34523319 0.50234819  0.48417291 0.45702496 0.47508945 0.39693445 0.45000532 0.44589633  0.47476172 0.42761975 0.50206904 0.41641874
0.00039479 0.36283831 0.35232302 0.39930133 0.34523319 0.50234819  0.48417291 0.45702496 0.47508945 0.39693445 0.45000532 0.44589633  0.47476172 0.42761975 0.50206904 0.41641874
0.00039479 0.36283831 0.35232302 0.39930133 0.34523319 0.50234819  0.48417291 0.45702496 0.47508945 0.39693445 0.45000532 0.44589633  0.47476172 0.42761975 0.50206904 0.41641874
0.00039479 0.36283831 0.35232302 0.39930133 0.34523319 0.50234819  0.48417291 0.45702496 0.47508945 0.39693445 0.45000532 0.44589633  0.47476172 0.42761975 0.50206904 0.41641874
0.00039479 0.36283831 0.35232302 0.39930133 0.34523319 0.50234819  0.48417291 0.45702496 0.47508945 0.39693445 0.45000532 0.44589633  0.47476172 0.42761975 0.50206904 0.41641874
0.00039479 0.36283831 0.35232302 0.39930133 0.34523319 0.50234819  0.48417291 0.45702496 0.47508945 0.39693445 0.45000532 0.44589633  0.47476172 0.42761975 0.50206904 0.41641874
0.00039479 0.36283831 0.35232302 0.39930133 0.34523319 0.50234819  0.48417291 0.45702496 0.47508945 0.39693445 0.45000532 0.44589633  0.47476172 0.42761975 0.50206904 0.41641874
0.00039479 0.36283831 0.35232302 0.39930133 0.34523319 0.50234819  0.48417291 0.45702496 0.47508945 0.39693445 0.45000532 0.44589633  0.47476172 0.42761975 0.50206904 0.41641874
0.00039479 0.36283831 0.35232302 0.39930133 0.34523319 0.50234819  0.48417291 0.45702496 0.47508945 0.39693445 0.45000532 0.44589633  0.47476172 0.42761975 0.50206904 0.41641874
0.00039479 0.36283831 0.35232302 0.39930133 0.34523319 0.50234819  0.48417291 0.45702496 0.47508945 0.39693445 0.45000532 0.44589633  0.47476172 0.42761975 0.50206904 0.41641874
0.00039479 0.36283831 0.35232302 0.39930133 0.34523319 0.50234819  0.48417291 0.45702496 0.47508945 0.39693445 0.45000532 0.44589633  0.47476172 0.42761975 0.50206904 0.41641874
0.00039479 0.36283831 0.35232302 0.39930133 0.34523319 0.50234819  0.48417291 0.45702496 0.47508945 0.39693445 0.45000532 0.44589633  0.47476172 0.42761975 0.50206904 0.41641874
0.00039479 0.36283831 0.35232302 0.39930133 0.34523319 0.50234819  0.48417291 0.45702496 0.47508945 0.39693445 0.45000532 0.44589633  0.47476172 0.42761975 0.50206904 0.41641874
0.00039479 0.36283831 0.35232302 0.39930133 0.34523319 0.50234819  0.48417291 0.45702496 0.47508945 0.39693445 0.45000532 0.44589633  0.47476172 0.42761975 0.50206904 0.41641874
0.00039479 0.36283831 0.35232302 0.39930133 0.34523319 0.50234819  0.48417291 0.45702496 0.47508945 0.39693445 0.45000532 0.44589633  0.47476172 0.42761975 0.50206904 0.41641874
0.00039479 0.36283831 0.35232302 0.39930133 0.34523319 0.50234819  0.48417291 0.45702496 0.47508945 0.39693445 0.45000532 0.44589633  0.47476172 0.42761975 0.50206904 0.41641874
0.00039479 0.36283831 0.35232302 0.39930133 0.34523319 0.50234819  0.48417291 0.45702496 0.47508945 0.39693445 0.45000532 0.44589633  0.47476172 0.42761975 0.50206904 0.41641874
0.00039479 0.36283831 0.35232302 0.39930133 0.34523319 0.50234819  0.48417291 0.45702496 0.47508945 0.39693445 0.45000532 0.44589633  0.47476172 0.42761975 0.50206904 0.41641874
0.00039479 0.36283831 0.35232302 0.39930133 0.34523319 0.50234819  0.48417291 0.45702496 0.47508945 0.39693445 0.45000532 0.44589633  0.47476172 0.42761975 0.50206904 0.41641874
0.00039479 0.36283831 0.35232302 0.39930133 0.34523319 0.50234819  0.48417291 0.45702496 0.47508945 0.39693445 0.45000532 0.44589633  0.47476172 0.42761975 0.50206904 0.41641874
0.00039479 0.36283831 0.35232302 0.39930133 0.34523319 0.50234819  0.48417291 0.45702496 0.47508945 0.39693445 0.45000532 0.44589633  0.47476172 0.42761975 0.50206904 0.41641874
0.00039479 0.36283831 0.35232302 0.39930133 0.34523319 0.50234819  0.48417291 0.45702496 0.47508945 0.39693445 0.45000532 0.44589633  0.47476172 0.42761975 0.50206904 0.41641874
0.00039479 0.36283831 0.35232302 0.39930133 0.34523319 0.50234819  0.48417291 0.45702496 0.47508945 0.39693445 0.45000532 0.44589633  0.47476172 0.42761975 0.50206904 0.41641874
0.00039479 0.36283831 0.35232302 0.39930133 0.34523319 0.50234819  0.48417291 0.45702496 0.47508945 0.39693445 0.45000532 0.44589633  0.47476172 0.42761975 0.50206904 0.41641874
0.00039479 0.36283831 0.35232302 0.39930133 0.34523319 0.50234819  0.48417291 0.45702496 0.47508945 0.39693445 0.45000532 0.44589633  0.47476172 0.42761975 0.50206904 0.41641874
0.00039479 0.36283831 0.35232302 0.39930133 0.34523319 0.50234819  0.48417291 0.45702496 0.47508945 0.39693445 0.45000532 0.44589633  0.47476172 0.42761975 0.50206904 0.41641874
0.00039479 0.36283831 0.35232302 0.39930133 0.34523319 0.50234819  0.48417291 0.45702496 0.47508945 0.39693445 0.45000532 0.44589633  0.47476172 0.42761975 0.50206904 0.41641874
0.00039479 0.36283831 0.35232302 0.39930133 0.34523319 0.50234819  0.48417291 0.45702496 0.47508945 0.39693445 0.45000532 0.44589633  0.47476172 0.42761975 0.50206904 0.41641874
0.00039479 0.36283831 0.35232302 0.39930133 0.34523319 0.50234819  0.48417291 0.45702496 0.47508945 0.39693445 0.45000532 0.44589633  0.47476172 0.42761975 0.50206904 0.41641874
0.00039479 0.36283831 0.35232302 0.39930133 0.34523319 0.50234819  0.48417291 0.45702496 0.47508945 0.39693445 0.45000532 0.44589633  0.47476172 0.42761975 0.50206904 0.41641874
0.00039479 0.36283831 0.35232302 0.39930133 0.34523319 0.50234819  0.48417291 0.45702496 0.47508945 0.39693445 0.45000532 0.44589633  0.47476172 0.42761975 0.50206904 0.41641874
0.00039479 0.36283831 0.35232302 0.39930133 0.34523319 0.50234819  0.48417291 0.45702496 0.47508945 0.39693445 0.45000532 0.44589633  0.47476172 0.42761975 0.50206904 0.41641874
0.00039479 0.36283831 0.35232302 0.39930133 0.34523319 0.50234819  0.48417291 0.45702496 0.47508945 0.39693445 0.45000532 0.44589633  0.47476172 0.42761975 0.50206904 0.41641874
0.00039479 0.36283831 0.35232302 0.39930133 0.34523319 0.50234819  0.48417291 0.45702496 0.47508945 0.39693445 0.45000532 0.44589633  0.47476172 0.42761975 0.50206904 0.41641874
0.00039479 0.36283831 0.35232302 0.39930133 0.34523319 0.50234819  0.48417291 0.45702496 0.47508945 0.39693445 0.45000532 0.44589633  0.47476172 0.42761975 0.50206904 0.41641874
0.00039479 0.36283831 0.35232302 0.39930133 0.34523319 0.50234819  0.48417291 0.45702496 0.47508945 0.39693445 0.45000532 0.44589633  0.47476172 0.42761975 0.50206904 0.41641874
0.00039479 0.36283831 0.35232302 0.39930133 0.34523319 0.50234819  0.48417291 0.45702496 0.47508945 0.39693445 0.45000532 0.44589633  0.47476172 0.42761975 0.50206904 0.41641874
0.00039479 0.36283831 0.35232302 0.39930133 0.34523319 0.50234819  0.48417291 0.45702496 0.47508945 0.39693445 0.45000532 0.44589633  0.47476172 0.42761975 0.50206904 0.41641874
0.00039479 0.36283831 0.35232302 0.39930133 0.34523319 0.50234819  0.48417291 0.45702496 0.47508945 0.39693445 0.45000532 0.44589633  0.47476172 0.42761975 0.50206904 0.41641874
0.00039479 0.36283831 0.35232302 0.39930133 0.34523319 0.50234819  0.48417291 0.45702496 0.47508945 0.39693445 0.45000532 0.44589633  0.47476172 0.42761975 0.50206904 0.41641874
0.00039479 0.36283831 0.35232302 0.39930133 0.34523319 0.50234819  0.48417291 0.45702496 0.47508945 0.39693445 0.45000532 0.44589633  0.47476172 0.42761975 0.50206904 0.41641874
0.39622376 0.60983477 0.18505163 0.35567838 0.35680472 0.46881569  0.4418454  0.80161944 0.66694102 0.25096093 0.76182003 0.34296319  0.68335753 0.50807644 0.60457394 0.39159241
0.48372622 0.62675044 0.14937348 0.30856487 0.37287389 0.39098812  0.52097878 0.87040252 0.56630043 0.22046706 0.75723871 0.32885109  0.61764768 0.42005759 0.56862816 0.35087529
0.55890673 0.58003144 0.13457969 0.30322728 0.35900553 0.41163194  0.5476024  0.82744473 0.59062573 0.29953907 0.88407197 0.36709807  0.60271006 0.37490213 0.5166703  0.47045379
0.55890673 0.58003144 0.13457969 0.30322728 0.35900553 0.41163194  0.5476024  0.82744473 0.59062573 0.29953907 0.88407197 0.36709807  0.60271006 0.37490213 0.5166703  0.47045379
0.62770307 0.56956859 0.14680138 0.2760476  0.30331831 0.48505241  0.51446349 0.82673227 0.49924124 0.38391819 0.73541282 0.41581729  0.39155628 0.2502369  0.51565044 0.47478576
0.63264609 0.59460162 0.16711414 0.25449385 0.26109498 0.54855614  0.51704809 0.86753677 0.45397139 0.41282326 0.59063896 0.44760437  0.45754303 0.29605268 0.56590829 0.50151027
0.63264609 0.59460162 0.16711414 0.25449385 0.26109498 0.54855614  0.51704809 0.86753677 0.45397139 0.41282326 0.59063896 0.44760437  0.45754303 0.29605268 0.56590829 0.50151027
0.65071679 0.60774619 0.16759449 0.26018419 0.23734014 0.61568479  0.49549053 0.8104175  0.44778016 0.47297729 0.49327865 0.4900328  0.43243839 0.25759205 0.57027188 0.58309305
0.6681585  0.60090828 0.15448121 0.22519469 0.25336087 0.58888667  0.57355615 0.7886858  0.39602716 0.48595731 0.48096665 0.50161017  0.42523607 0.26980979 0.60194828 0.59355247
0.65978342 0.62626779 0.14737991 0.18804659 0.26458943 0.61357004  0.56003964 0.78474859 0.39081261 0.43154374 0.38250368 0.47021844  0.41248313 0.25319255 0.64073763 0.51128825
0.64508072 0.65265402 0.13494245 0.19084885 0.28124137 0.6281543  0.59554035 0.74328506 0.41761212 0.40830666 0.40399976 0.4631499  0.53068227 0.31635145 0.6036428  0.53214929
0.49162723 0.78039386 0.11277685 0.45504688 0.34759341 0.55477035  0.5901883  0.4152079  0.39349727 0.45447339 0.44643097 0.46987159  0.44176283 0.36148326 0.42910667 0.43791962
0.43701468 0.78014568 0.0949218  0.51106731 0.41768424 0.39479653  0.62691438 0.38661433 0.37746451 0.44536107 0.50827417 0.46761516  0.31566438 0.40591863 0.57008427 0.38068809
0.30640984 0.70688782 0.14138277 0.60049927 0.45821416 0.2226686  0.48601103 0.46472108 0.31548507 0.45137294 0.24612324 0.516731  0.45428724 0.41669259 0.56943963 0.48492866
0.21651824 0.62119257 0.19635811 0.56825371 0.43616367 0.24320121  0.48531674 0.49178042 0.29233374 0.38957971 0.27381054 0.47669017  0.50615196 0.34938707 0.35574935 0.43727336
0.14369593 0.56706478 0.24538004 0.57526727 0.41270399 0.29560488  0.36558842 0.56472234 0.43787613 0.35473573 0.33201989 0.44729503  0.66941868 0.41758454 0.38968574 0.46111465
0.08882806 0.49345488 0.28334452 0.52123111 0.3947029  0.34505669  0.39625697 0.54252357 0.4331847  0.36941719 0.31962047 0.45497179  0.66447481 0.41104819 0.39977746 0.49749831
0.03586559 0.41638048 0.32486804 0.45000799 0.36578163 0.44573866  0.43850148 0.49222857 0.48455114 0.39045192 0.41985611 0.44931621  0.53362129 0.4567371  0.53339765 0.43544581
0.0177474  0.38984345 0.33852207 0.42635267 0.35697043 0.47086435  0.45750391 0.47765391 0.48169648 0.39463854 0.42895995 0.44917931  0.51265071 0.44991576 0.53083289 0.43501917
0.0177474  0.38984345 0.33852207 0.42635267 0.35697043 0.47086435  0.45750391 0.47765391 0.48169648 0.39463854 0.42895995 0.44917931  0.51265071 0.44991576 0.53083289 0.43501917
0.0177474  0.38984345 0.33852207 0.42635267 0.35697043 0.47086435  0.45750391 0.47765391 0.48169648 0.39463854 0.42895995 0.44917931  0.51265071 0.44991576 0.53083289 0.43501917
0.0177474  0.38984345 0.33852207 0.42635267 0.35697043 0.47086435  0.45750391 0.47765391 0.48169648 0.39463854 0.42895995 0.44917931  0.51265071 0.44991576 0.53083289 0.43501917
0.03565626 0.41571439 0.3246957  0.44976734 0.36608739 0.43915495  0.4433969  0.49382068 0.46699367 0.38664484 0.40137087 0.45016838  0.55406586 0.43756751 0.48973724 0.44760095
0.18016984 0.60287751 0.22219712 0.58550317 0.41906367 0.28598776  0.38889998 0.54221769 0.41708298 0.37339208 0.33903575 0.45483767  0.55082923 0.41918475 0.45375122 0.43535728
0.18016984 0.60287751 0.22219712 0.58550317 0.41906367 0.28598776  0.38889998 0.54221769 0.41708298 0.37339208 0.33903575 0.45483767  0.55082923 0.41918475 0.45375122 0.43535728
0.5349484  0.70613879 0.06546414 0.41411908 0.41017975 0.49208797  0.62985307 0.1400336  0.4927197  0.46882209 0.40636501 0.51762799  0.39940587 0.5107325  0.62770054 0.40623383
0.77045293 0.38261378 0.11810865 0.13503757 0.33883886 0.48945744  0.34555663 0.43957064 0.56631317 0.37898498 0.25354133 0.50240491  0.4553934  0.28566417 0.47715708 0.3362237 
0.79432375 0.35391506 0.17432463 0.18940653 0.28857736 0.44388436  0.35294017 0.44958967 0.48409151 0.48226429 0.33708458 0.55214495  0.45916766 0.33431612 0.54276226 0.23133622
0.82945161 0.26360191 0.20247688 0.34137049 0.29893526 0.4674574  0.35284641 0.43329976 0.36160108 0.54572031 0.49075526 0.50792837  0.54807932 0.36106568 0.57385266 0.32552211
0.84050946 0.22171414 0.20472431 0.42320659 0.3238448  0.48372565  0.39002836 0.43616889 0.37042683 0.57272322 0.5393852  0.49344743  0.56907227 0.33457401 0.53307845 0.45246787
0.84541083 0.20036419 0.20079128 0.46991909 0.34846681 0.52045747  0.41217574 0.45867046 0.35595207 0.55934833 0.51981413 0.47686836  0.57102339 0.34665874 0.57458188 0.43654066
0.86866933 0.14163667 0.23255785 0.59953782 0.40552465 0.53957494  0.5195312  0.47925246 0.4512679  0.62847443 0.49270205 0.38610278  0.58253636 0.24772912 0.6346266  0.58169872
0.88007281 0.13077942 0.26794271 0.65789971 0.39922637 0.53907434  0.57945662 0.48929083 0.48654313 0.60356848 0.47942835 0.43313824  0.61409667 0.23496691 0.65495347 0.5299615 
0.88007281 0.13077942 0.26794271 0.65789971 0.39922637 0.53907434  0.57945662 0.48929083 0.48654313 0.60356848 0.47942835 0.43313824  0.61409667 0.23496691 0.65495347 0.5299615 
0.88007281 0.13077942 0.26794271 0.65789971 0.39922637 0.53907434  0.57945662 0.48929083 0.48654313 0.60356848 0.47942835 0.43313824  0.61409667 0.23496691 0.65495347 0.5299615 
0.88707115 0.10575591 0.262077   0.70071255 0.41662537 0.58408927  0.57123863 0.51139125 0.43422301 0.60635306 0.46629023 0.43480512  0.61376491 0.3263419  0.60978598 0.45520567
0.88078994 0.10231577 0.23139856 0.69050584 0.41589244 0.61084472  0.52977419 0.50759742 0.36937385 0.5773024  0.49002237 0.45757498  0.6258867  0.38296372 0.58246475 0.43365481
0.88078994 0.10231577 0.23139856 0.69050584 0.41589244 0.61084472  0.52977419 0.50759742 0.36937385 0.5773024  0.49002237 0.45757498  0.6258867  0.38296372 0.58246475 0.43365481
0.85323765 0.12584623 0.15445554 0.60644942 0.46668994 0.65034335  0.48984215 0.53398348 0.37350204 0.51164375 0.41334047 0.38717462  0.49351148 0.38090564 0.63226766 0.47659194
0.85000607 0.13821216 0.15060979 0.57092251 0.46207095 0.64962403  0.45004506 0.52490977 0.32518316 0.50049416 0.40152441 0.35274453  0.46754437 0.43248576 0.65018505 0.43171208
0.85000607 0.13821216 0.15060979 0.57092251 0.46207095 0.64962403  0.45004506 0.52490977 0.32518316 0.50049416 0.40152441 0.35274453  0.46754437 0.43248576 0.65018505 0.43171208
0.85000607 0.13821216 0.15060979 0.57092251 0.46207095 0.64962403  0.45004506 0.52490977 0.32518316 0.50049416 0.40152441 0.35274453  0.46754437 0.43248576 0.65018505 0.43171208
0.83607603 0.16343542 0.12237709 0.50908085 0.46940579 0.65371972  0.40356633 0.49449849 0.33531914 0.46346385 0.3867347  0.29476344  0.46246116 0.40498663 0.61536715 0.53681494
0.83215408 0.18013276 0.12487438 0.47144887 0.44798957 0.62530225  0.37865489 0.47342255 0.32720631 0.47349069 0.41379768 0.30066878  0.47965175 0.36619364 0.61908581 0.54781359
0.79642084 0.2778244  0.09450049 0.3147807  0.44512516 0.6295818  0.3712851  0.4678959  0.44257934 0.33858804 0.21926397 0.34061237  0.49382107 0.25791092 0.67852096 0.35213498
0.77821413 0.35250937 0.11078182 0.17848262 0.36559738 0.52350332  0.33864324 0.43382403 0.52273208 0.37314048 0.25354835 0.44652416  0.47235953 0.26329985 0.53308895 0.3562632 
0.77045293 0.38261378 0.11810865 0.13503757 0.33883886 0.48945744  0.34555663 0.43957064 0.56631317 0.37898498 0.25354133 0.50240491  0.4553934  0.28566417 0.47715708 0.3362237 
0.69026932 0.58254672 0.16508702 0.17151241 0.24844325 0.60709313  0.50458742 0.7480325  0.37926145 0.44491726 0.29555178 0.49751071  0.42636961 0.32449988 0.62312954 0.45254983
0.62936194 0.67797168 0.12809022 0.21718934 0.28713751 0.64219209  0.61796075 0.6706535  0.42078798 0.3913507  0.4175318  0.45349888  0.58575601 0.33853978 0.58292065 0.52007308
0.57870288 0.73243792 0.12012561 0.3223443  0.30375583 0.64548582  0.60154842 0.49919139 0.42207566 0.43561151 0.39873268 0.4764269  0.53115105 0.35418513 0.51188074 0.48797577
0.50984272 0.78602215 0.14101343 0.46718667 0.28354091 0.6921237  0.46027921 0.42460013 0.45165661 0.4840745  0.3407912  0.4879511  0.49514249 0.33013873 0.37830663 0.47637654
0.49049094 0.78721431 0.18516541 0.54175865 0.23509275 0.75254475  0.28310577 0.46767083 0.49922095 0.48177286 0.35571143 0.46790342  0.47484512 0.30685605 0.25092183 0.37032862
0.47535897 0.79200327 0.22628582 0.53740668 0.27243253 0.78157293  0.212246   0.4960131  0.55926749 0.46044311 0.37658742 0.44905408  0.54497967 0.35601491 0.28446906 0.36702957
0.54952374 0.89583682 0.71017135 0.58475254 0.51349846 0.71422585  0.19350367 0.36692519 0.61803308 0.37661686 0.34556611 0.3983285  0.79438961 0.37748057 0.4099096  0.30178693
0.59802766 0.86622229 0.6867518  0.46171239 0.61918845 0.71321032  0.27696164 0.44286285 0.55423217 0.40520904 0.46963677 0.47591391  0.78624698 0.32222734 0.50875437 0.24564541
0.61041318 0.85959018 0.73239401 0.46981481 0.68114766 0.71206875  0.26357215 0.45452017 0.49134842 0.4703904  0.57157441 0.59291587  0.82718891 0.29362797 0.58339555 0.21205791
0.6997263  0.84097488 0.7605875  0.37216126 0.67175155 0.63676809  0.48147221 0.43666952 0.33066823 0.47465934 0.61341181 0.5762625  0.7373581  0.35787251 0.60618393 0.17872167
0.76758947 0.78368741 0.75460045 0.24344607 0.66921068 0.60317416  0.57136626 0.5679073  0.24468525 0.4627943  0.55841378 0.58491964  0.75941843 0.31900724 0.68862074 0.25361379
0.79881362 0.73422903 0.77981871 0.21005327 0.65701316 0.56909752  0.52186792 0.68809608 0.23399933 0.5391914  0.51402783 0.57790986  0.5922952  0.2354777  0.7265331  0.24238952
0.7986887  0.73100005 0.77266959 0.21845558 0.6179899  0.55540963  0.53593627 0.6851624  0.24778208 0.53301817 0.48109968 0.52934102  0.58059039 0.25301954 0.72229627 0.224515  
0.79819264 0.72665567 0.76270984 0.23006783 0.57009897 0.54183798  0.5517428  0.68221008 0.26177017 0.52549405 0.44536482 0.47705129  0.56783621 0.26978392 0.71841625 0.20673921
0.8017162  0.72928824 0.77470556 0.24990322 0.5138226  0.53327715  0.54797677 0.6474606  0.2568057  0.43033898 0.42518607 0.45889757  0.53816262 0.29684178 0.72265582 0.24563912
0.80023688 0.71972285 0.75290613 0.27500943 0.41810031 0.50937911  0.57536105 0.64032764 0.286003   0.41555232 0.3619994  0.36268777  0.5106843  0.33521395 0.70767511 0.21921865
0.82732959 0.57229212 0.62009466 0.27607679 0.28742118 0.41257092  0.52948854 0.55315641 0.38896527 0.36173688 0.37302586 0.43907919  0.52041964 0.38912874 0.70266738 0.19954447
0.8382717  0.39158725 0.3950711  0.31555482 0.1512836  0.37233229  0.42186964 0.40711865 0.38500557 0.32619275 0.4686249  0.62130879  0.64623018 0.38763293 0.63676831 0.20709557
0.82681936 0.34122362 0.27687556 0.2709314  0.2154311  0.40266845  0.37326685 0.40389832 0.40948928 0.49880042 0.41263361 0.61349707  0.6152551  0.37890624 0.56730868 0.10200643
0.81779984 0.34091044 0.24116099 0.24614646 0.23481963 0.42384997  0.3466179  0.42004082 0.39897761 0.50712186 0.40235564 0.60373951  0.56880198 0.41026569 0.52182008 0.11716846
0.81418086 0.31579766 0.19934395 0.26281738 0.29193013 0.4733462  0.3395463  0.42872505 0.39058915 0.48090977 0.36129443 0.51359399  0.53944575 0.33317436 0.6027339  0.17245652
0.82179226 0.28594008 0.19323151 0.30741407 0.31711006 0.50300708  0.33269121 0.42867536 0.34165789 0.47542914 0.37542689 0.45960165  0.55231597 0.31094399 0.64166373 0.19958727
0.82179226 0.28594008 0.19323151 0.30741407 0.31711006 0.50300708  0.33269121 0.42867536 0.34165789 0.47542914 0.37542689 0.45960165  0.55231597 0.31094399 0.64166373 0.19958727
0.84370017 0.16607993 0.15343679 0.49971359 0.42756449 0.60052565  0.39185715 0.47765297 0.29230676 0.52710552 0.45213906 0.32137197  0.49962778 0.37509553 0.67906545 0.47928594
0.81145427 0.22013817 0.09011951 0.40819653 0.48905456 0.67078211  0.3709571  0.46369673 0.36931387 0.36941263 0.27013284 0.2402402  0.48310058 0.30982634 0.65224962 0.50190921
0.81399887 0.20853841 0.0880417  0.4404518  0.50793607 0.69685156  0.40346018 0.49001408 0.39521809 0.34699177 0.22996808 0.26490525  0.45883182 0.33910363 0.6378364  0.4484743 
0.81399887 0.20853841 0.0880417  0.4404518  0.50793607 0.69685156  0.40346018 0.49001408 0.39521809 0.34699177 0.22996808 0.26490525  0.45883182 0.33910363 0.6378364  0.4484743 
0.81583658 0.19977777 0.08735589 0.46731228 0.52065136 0.71620216  0.43286345 0.51581394 0.42260189 0.32883479 0.19938676 0.30037675  0.43363896 0.36490241 0.60493446 0.40206306
0.81583658 0.19977777 0.08735589 0.46731228 0.52065136 0.71620216  0.43286345 0.51581394 0.42260189 0.32883479 0.19938676 0.30037675  0.43363896 0.36490241 0.60493446 0.40206306
0.81583658 0.19977777 0.08735589 0.46731228 0.52065136 0.71620216  0.43286345 0.51581394 0.42260189 0.32883479 0.19938676 0.30037675  0.43363896 0.36490241 0.60493446 0.40206306
0.81583658 0.19977777 0.08735589 0.46731228 0.52065136 0.71620216  0.43286345 0.51581394 0.42260189 0.32883479 0.19938676 0.30037675  0.43363896 0.36490241 0.60493446 0.40206306
0.80038466 0.21314278 0.06421582 0.45949122 0.54472486 0.69927603  0.47763288 0.5055255  0.47316054 0.31009445 0.24168969 0.29532663  0.43956245 0.37266374 0.66095784 0.47034232
0.79648034 0.22596727 0.06331685 0.450814   0.54585052 0.71214457  0.50515946 0.53280602 0.52076651 0.2842143  0.17781283 0.33833232  0.42734602 0.38636827 0.68009599 0.37727775
0.71598714 0.32471403 0.00921262 0.53386653 0.6300721  0.67616013  0.66326792 0.3023645  0.59458264 0.22833594 0.39026021 0.29763263  0.60481979 0.56288174 0.6677014  0.37895625
0.70302033 0.37833641 0.0151784  0.42226743 0.57230175 0.60274068  0.60666607 0.2534833  0.59285835 0.24154848 0.43384952 0.31952762  0.65294958 0.47146301 0.70773653 0.36865783
0.69540894 0.40819399 0.02129084 0.37767074 0.54712182 0.5730798  0.61352117 0.25353298 0.64178961 0.24702911 0.41971705 0.37351996  0.64007935 0.49369339 0.6688067  0.34152709
0.64466684 0.50688672 0.02810991 0.40088821 0.51159428 0.57384059  0.63100379 0.12290359 0.60522918 0.32799427 0.36219559 0.42535188  0.60962121 0.55073099 0.651285   0.35423862
0.5487223  0.56167834 0.0366817  0.46832078 0.54236938 0.37514031  0.64205455 0.13991056 0.5401265  0.34367632 0.34827496 0.4785971  0.42846283 0.52725479 0.66728217 0.22224976
0.4766861  0.67717466 0.06198211 0.48260636 0.48049371 0.31916719  0.60533008 0.16383795 0.41377975 0.43586119 0.39537869 0.49289131  0.33612223 0.4365443  0.62899    0.28878131
0.3554207  0.6777238  0.10585831 0.54671126 0.50511561 0.16231308  0.59203854 0.39935449 0.26871062 0.3873992  0.3314616  0.47070455  0.44578977 0.40944451 0.55887117 0.32905085
0.16015505 0.55069521 0.23151966 0.52881424 0.430026   0.24779993  0.50579968 0.49241705 0.24410745 0.3976655  0.17662878 0.4952244  0.59524824 0.32291135 0.30193154 0.53675129
0.14280244 0.52369007 0.24532061 0.50176289 0.41828875 0.27928377  0.53246868 0.4717881  0.23750042 0.39996142 0.19767415 0.49194142  0.55735925 0.30061533 0.27316769 0.51815087
0.10660735 0.48699044 0.27079277 0.48705048 0.40445027 0.32427345  0.49334387 0.48727563 0.32536924 0.39855532 0.25238139 0.48307689  0.60640032 0.35495776 0.35287701 0.52506968
0.08822462 0.46366638 0.28286618 0.47182852 0.39941799 0.33786217  0.49986066 0.48194129 0.32369463 0.40582488 0.24110466 0.48740772  0.60798696 0.34770104 0.3509214  0.55039879
0.03585866 0.41212524 0.32497922 0.44119937 0.36258431 0.43456132  0.47408025 0.48300288 0.40965789 0.37891942 0.36959995 0.44872305  0.56049334 0.35167352 0.32731793 0.46450854
0.03585866 0.41212524 0.32497922 0.44119937 0.36258431 0.43456132  0.47408025 0.48300288 0.40965789 0.37891942 0.36959995 0.44872305  0.56049334 0.35167352 0.32731793 0.46450854
0.01779563 0.38669558 0.33863985 0.42004769 0.35385851 0.46460162  0.48109267 0.47190843 0.43452283 0.38595027 0.3992976  0.44733029  0.52908455 0.38078184 0.39373238 0.44873962
0.01779563 0.38669558 0.33863985 0.42004769 0.35385851 0.46460162  0.48109267 0.47190843 0.43452283 0.38595027 0.3992976  0.44733029  0.52908455 0.38078184 0.39373238 0.44873962
0.01779563 0.38669558 0.33863985 0.42004769 0.35385851 0.46460162  0.48109267 0.47190843 0.43452283 0.38595027 0.3992976  0.44733029  0.52908455 0.38078184 0.39373238 0.44873962
0.00039479 0.36283831 0.35232302 0.39930133 0.34523319 0.50234819  0.48417291 0.45702496 0.47508945 0.39693445 0.45000532 0.44589633  0.47476172 0.42761975 0.50206904 0.41641874
0.00039479 0.36283831 0.35232302 0.39930133 0.34523319 0.50234819  0.48417291 0.45702496 0.47508945 0.39693445 0.45000532 0.44589633  0.47476172 0.42761975 0.50206904 0.41641874
0.00039479 0.36283831 0.35232302 0.39930133 0.34523319 0.50234819  0.48417291 0.45702496 0.47508945 0.39693445 0.45000532 0.44589633  0.47476172 0.42761975 0.50206904 0.41641874
0.00039479 0.36283831 0.35232302 0.39930133 0.34523319 0.50234819  0.48417291 0.45702496 0.47508945 0.39693445 0.45000532 0.44589633  0.47476172 0.42761975 0.50206904 0.41641874
0.00039479 0.36283831 0.35232302 0.39930133 0.34523319 0.50234819  0.48417291 0.45702496 0.47508945 0.39693445 0.45000532 0.44589633  0.47476172 0.42761975 0.50206904 0.41641874
0.00039479 0.36283831 0.35232302 0.39930133 0.34523319 0.50234819  0.48417291 0.45702496 0.47508945 0.39693445 0.45000532 0.44589633  0.47476172 0.42761975 0.50206904 0.41641874
0.00039479 0.36283831 0.35232302 0.39930133 0.34523319 0.50234819  0.48417291 0.45702496 0.47508945 0.39693445 0.45000532 0.44589633  0.47476172 0.42761975 0.50206904 0.41641874
0.00039479 0.36283831 0.35232302 0.39930133 0.34523319 0.50234819  0.48417291 0.45702496 0.47508945 0.39693445 0.45000532 0.44589633  0.47476172 0.42761975 0.50206904 0.41641874
0.00039479 0.36283831 0.35232302 0.39930133 0.34523319 0.50234819  0.48417291 0.45702496 0.47508945 0.39693445 0.45000532 0.44589633  0.47476172 0.42761975 0.50206904 0.41641874
0.00039479 0.36283831 0.35232302 0.39930133 0.34523319 0.50234819  0.48417291 0.45702496 0.47508945 0.39693445 0.45000532 0.44589633  0.47476172 0.42761975 0.50206904 0.41641874
0.00039479 0.36283831 0.35232302 0.39930133 0.34523319 0.50234819  0.48417291 0.45702496 0.47508945 0.39693445 0.45000532 0.44589633  0.47476172 0.42761975 0.50206904 0.41641874
0.00039479 0.36283831 0.35232302 0.39930133 0.34523319 0.50234819  0.48417291 0.45702496 0.47508945 0.39693445 0.45000532 0.44589633  0.47476172 0.42761975 0.50206904 0.41641874
0.00039479 0.36283831 0.35232302 0.39930133 0.34523319 0.50234819  0.48417291 0.45702496 0.47508945 0.39693445 0.45000532 0.44589633  0.47476172 0.42761975 0.50206904 0.41641874
0.00039479 0.36283831 0.35232302 0.39930133 0.34523319 0.50234819  0.48417291 0.45702496 0.47508945 0.39693445 0.45000532 0.44589633  0.47476172 0.42761975 0.50206904 0.41641874
0.00039479 0.36283831 0.35232302 0.39930133 0.34523319 0.50234819  0.48417291 0.45702496 0.47508945 0.39693445 0.45000532 0.44589633  0.47476172 0.42761975 0.50206904 0.41641874
