0.00039479 0.36283831 0.35232302 0.39930133 0.34523319 0.50234819  0.48417291 0.45702496 0.47508945 0.39693445 0.45000532 0.44589633  0.47476172 0.42761975 0.50206904 0.41641874
0.00039479 0.36283831 0.35232302 0.39930133 0.34523319 0.50234819  0.48417291 0.45702496 0.47508945 0.39693445 0.45000532 0.44589633  0.47476172 0.42761975 0.50206904 0.41641874
0.00039479 0.36283831 0.35232302 0.39930133 0.34523319 0.50234819  0.48417291 0.45702496 0.47508945 0.39693445 0.45000532 0.44589633  0.47476172 0.42761975 0.50206904 0.41641874
0.00039479 0.36283831 0.35232302 0.39930133 0.34523319 0.50234819  0.48417291 0.45702496 0.47508945 0.39693445 0.45000532 0.44589633  0.47476172 0.42761975 0.50206904 0.41641874
0.00039479 0.36283831 0.35232302 0.39930133 0.34523319 0.50234819  0.48417291 0.45702496 0.47508945 0.39693445 0.45000532 0.44589633  0.47476172 0.42761975 0.50206904 0.41641874
0.00039479 0.36283831 0.35232302 0.39930133 0.34523319 0.50234819  0.48417291 0.45702496 0.47508945 0.39693445 0.45000532 0.44589633  0.47476172 0.42761975 0.50206904 0.41641874
0.00039479 0.36283831 0.35232302 0.39930133 0.34523319 0.50234819  0.48417291 0.45702496 0.47508945 0.39693445 0.45000532 0.44589633  0.47476172 0.42761975 0.50206904 0.41641874
0.00039479 0.36283831 0.35232302 0.39930133 0.34523319 0.50234819  0.48417291 0.45702496 0.47508945 0.39693445 0.45000532 0.44589633  0.47476172 0.42761975 0.50206904 0.41641874
0.00039479 0.36283831 0.35232302 0.39930133 0.34523319 0.50234819  0.48417291 0.45702496 0.47508945 0.39693445 0.45000532 0.44589633  0.47476172 0.42761975 0.50206904 0.41641874
0.00039479 0.36283831 0.35232302 0.39930133 0.34523319 0.50234819  0.48417291 0.45702496 0.47508945 0.39693445 0.45000532 0.44589633  0.47476172 0.42761975 0.50206904 0.41641874
0.00039479 0.36283831 0.35232302 0.39930133 0.34523319 0.50234819  0.48417291 0.45702496 0.47508945 0.39693445 0.45000532 0.44589633  0.47476172 0.42761975 0.50206904 0.41641874
0.00039479 0.36283831 0.35232302 0.39930133 0.34523319 0.50234819  0.48417291 0.45702496 0.47508945 0.39693445 0.45000532 0.44589633  0.47476172 0.42761975 0.50206904 0.41641874
0.00039479 0.36283831 0.35232302 0.39930133 0.34523319 0.50234819  0.48417291 0.45702496 0.47508945 0.39693445 0.45000532 0.44589633  0.47476172 0.42761975 0.50206904 0.41641874
0.00039479 0.36283831 0.35232302 0.39930133 0.34523319 0.50234819  0.48417291 0.45702496 0.47508945 0.39693445 0.45000532 0.44589633  0.47476172 0.42761975 0.50206904 0.41641874
0.00039479 0.36283831 0.35232302 0.39930133 0.34523319 0.50234819  0.48417291 0.45702496 0.47508945 0.39693445 0.45000532 0.44589633  0.47476172 0.42761975 0.50206904 0.41641874
0.00039479 0.36283831 0.35232302 0.39930133 0.34523319 0.50234819  0.48417291 0.45702496 0.47508945 0.39693445 0.45000532 0.44589633  0.47476172 0.42761975 0.50206904 0.41641874
0.00039479 0.36283831 0.35232302 0.39930133 0.34523319 0.50234819  0.48417291 0.45702496 0.47508945 0.39693445 0.45000532 0.44589633  0.47476172 0.42761975 0.50206904 0.41641874
0.00039479 0.36283831 0.35232302 0.39930133 0.34523319 0.50234819  0.48417291 0.45702496 0.47508945 0.39693445 0.45000532 0.44589633  0.47476172 0.42761975 0.50206904 0.41641874
0.00039479 0.36283831 0.35232302 0.39930133 0.34523319 0.50234819  0.48417291 0.45702496 0.47508945 0.39693445 0.45000532 0.44589633  0.47476172 0.42761975 0.50206904 0.41641874
0.00039479 0.36283831 0.35232302 0.39930133 0.34523319 0.50234819  0.48417291 0.45702496 0.47508945 0.39693445 0.45000532 0.44589633  0.47476172 0.42761975 0.50206904 0.41641874
0.00039479 0.36283831 0.35232302 0.39930133 0.34523319 0.50234819  0.48417291 0.45702496 0.47508945 0.39693445 0.45000532 0.44589633  0.47476172 0.42761975 0.50206904 0.41641874
0.00039479 0.36283831 0.35232302 0.39930133 0.34523319 0.50234819  0.48417291 0.45702496 0.47508945 0.39693445 0.45000532 0.44589633  0.47476172 0.42761975 0.50206904 0.41641874
0.00039479 0.36283831 0.35232302 0.39930133 0.34523319 0.50234819  0.48417291 0.45702496 0.47508945 0.39693445 0.45000532 0.44589633  0.47476172 0.42761975 0.50206904 0.41641874
0.00039479 0.36283831 0.35232302 0.39930133 0.34523319 0.50234819  0.48417291 0.45702496 0.47508945 0.39693445 0.45000532 0.44589633  0.47476172 0.42761975 0.50206904 0.41641874
0.00039479 0.36283831 0.35232302 0.39930133 0.34523319 0.50234819  0.48417291 0.45702496 0.47508945 0.39693445 0.45000532 0.44589633  0.47476172 0.42761975 0.50206904 0.41641874
0.00039479 0.36283831 0.35232302 0.39930133 0.34523319 0.50234819  0.48417291 0.45702496 0.47508945 0.39693445 0.45000532 0.44589633  0.47476172 0.42761975 0.50206904 0.41641874
0.00039479 0.36283831 0.35232302 0.39930133 0.34523319 0.50234819  0.48417291 0.45702496 0.47508945 0.39693445 0.45000532 0.44589633  0.47476172 0.42761975 0.50206904 0.41641874
0.00039479 0.36283831 0.35232302 0.39930133 0.34523319 0.50234819  0.48417291 0.45702496 0.47508945 0.39693445 0.45000532 0.44589633  0.47476172 0.42761975 0.50206904 0.41641874
0.00039479 0.36283831 0.35232302 0.39930133 0.34523319 0.50234819  0.48417291 0.45702496 0.47508945 0.39693445 0.45000532 0.44589633  0.47476172 0.42761975 0.50206904 0.41641874
0.00039479 0.36283831 0.35232302 0.39930133 0.34523319 0.50234819  0.48417291 0.45702496 0.47508945 0.39693445 0.45000532 0.44589633  0.47476172 0.42761975 0.50206904 0.41641874
0.00039479 0.36283831 0.35232302 0.39930133 0.34523319 0.50234819  0.48417291 0.45702496 0.47508945 0.39693445 0.45000532 0.44589633  0.47476172 0.42761975 0.50206904 0.41641874
0.00039479 0.36283831 0.35232302 0.39930133 0.34523319 0.50234819  0.48417291 0.45702496 0.47508945 0.39693445 0.45000532 0.44589633  0.47476172 0.42761975 0.50206904 0.41641874
0.00039479 0.36283831 0.35232302 0.39930133 0.34523319 0.50234819  0.48417291 0.45702496 0.47508945 0.39693445 0.45000532 0.44589633  0.47476172 0.42761975 0.50206904 0.41641874
0.00039479 0.36283831 0.35232302 0.39930133 0.34523319 0.50234819  0.48417291 0.45702496 0.47508945 0.39693445 0.45000532 0.44589633  0.47476172 0.42761975 0.50206904 0.41641874
0.01865742 0.3880557  0.34025579 0.41843982 0.3494262  0.49750935  0.46205159 0.46401308 0.50597385 0.40376969 0.46950961 0.4478266  0.44969389 0.45506031 0.57557814 0.40855754
0.03631018 0.41540188 0.32624181 0.4455019  0.36060521 0.46628334  0.43699433 0.48325785 0.50987685 0.40171282 0.44757077 0.45105915  0.48480944 0.46855757 0.59139026 0.42570739
0.1447883  0.554073   0.26300333 0.54903189 0.36814984 0.46678347  0.31677601 0.48968473 0.61310225 0.46689982 0.40514516 0.49194824  0.46496185 0.53206942 0.81188389 0.49291519
0.21819913 0.63710957 0.22588234 0.59490528 0.36529421 0.48644341  0.2843766  0.46184914 0.61522893 0.49719881 0.36526843 0.51114635  0.45082444 0.49390006 0.7703354  0.52314372
0.30913033 0.75632575 0.16390663 0.6783825  0.39083563 0.41144953  0.2428697  0.49539152 0.61453616 0.46926347 0.38352375 0.49442087  0.47008713 0.47740784 0.69235099 0.47744809
0.3661066  0.79108975 0.15156986 0.63533951 0.34955576 0.54521948  0.28753473 0.4537974  0.67253362 0.45100407 0.5336416  0.45762606  0.47236909 0.44257352 0.57230233 0.44591881
0.38500068 0.80008635 0.1500423  0.61767303 0.33122515 0.60162614  0.29400884 0.44804128 0.70074437 0.44820811 0.57761426 0.44710914  0.49223646 0.42720784 0.52387333 0.45930185
0.38500068 0.80008635 0.1500423  0.61767303 0.33122515 0.60162614  0.29400884 0.44804128 0.70074437 0.44820811 0.57761426 0.44710914  0.49223646 0.42720784 0.52387333 0.45930185
0.38500068 0.80008635 0.1500423  0.61767303 0.33122515 0.60162614  0.29400884 0.44804128 0.70074437 0.44820811 0.57761426 0.44710914  0.49223646 0.42720784 0.52387333 0.45930185
0.40343091 0.8007634  0.15511196 0.5957954  0.3058326  0.66343265  0.28722977 0.45309638 0.70901758 0.45371406 0.550006   0.45055164  0.55642592 0.41144441 0.48545025 0.49774096
0.40343091 0.8007634  0.15511196 0.5957954  0.3058326  0.66343265  0.28722977 0.45309638 0.70901758 0.45371406 0.550006   0.45055164  0.55642592 0.41144441 0.48545025 0.49774096
0.40343091 0.8007634  0.15511196 0.5957954  0.3058326  0.66343265  0.28722977 0.45309638 0.70901758 0.45371406 0.550006   0.45055164  0.55642592 0.41144441 0.48545025 0.49774096
0.44069365 0.81007625 0.14032823 0.54239843 0.30426988 0.68304022  0.40313717 0.43227428 0.639074   0.42390576 0.63051958 0.41783338  0.48658205 0.38969986 0.41519338 0.42785322
0.44069365 0.81007625 0.14032823 0.54239843 0.30426988 0.68304022  0.40313717 0.43227428 0.639074   0.42390576 0.63051958 0.41783338  0.48658205 0.38969986 0.41519338 0.42785322
0.5464411  0.76221968 0.15100729 0.37208614 0.25916806 0.7520353  0.48930909 0.57434127 0.51344154 0.37849597 0.49562538 0.40544751  0.67781277 0.40314769 0.35722203 0.43847405
0.59787761 0.73134667 0.12022963 0.27059545 0.29584709 0.67845973  0.66056277 0.55335991 0.40061692 0.40211321 0.42785235 0.44404497  0.69609507 0.42322775 0.46911648 0.50576494
0.61392737 0.70525158 0.1213932  0.23751204 0.29622314 0.65927076  0.64685717 0.60988884 0.42383282 0.38391055 0.43466685 0.44608585  0.67793819 0.40029594 0.53045078 0.51804505
0.62964615 0.67993392 0.12824543 0.21117154 0.29032701 0.64523296  0.62443677 0.6825204  0.42065696 0.40086651 0.42113481 0.45573688  0.62286445 0.37810761 0.55117293 0.53012125
0.70606592 0.77474933 0.49038229 0.21483875 0.41293423 0.65683483  0.55247747 0.57193065 0.32638994 0.1940328  0.30895462 0.33269274  0.5568421  0.44181813 0.50647297 0.42065197
0.77665223 0.78279885 0.76107744 0.20138767 0.65620111 0.5969807  0.55767847 0.60829183 0.29563293 0.35549455 0.46585732 0.5172507  0.67756741 0.28951172 0.6948756  0.34133802
0.79148847 0.75384827 0.76331174 0.17093352 0.70528452 0.57796973  0.52297264 0.59471157 0.32843591 0.33775752 0.50385646 0.57070701  0.68909381 0.32158076 0.67953086 0.35801423
0.82073796 0.712596   0.79757928 0.16556301 0.6992711  0.52097795  0.52417437 0.56329564 0.36108322 0.44664792 0.48793143 0.58447899  0.70614413 0.44251325 0.68898866 0.32763377
0.85000604 0.65360865 0.79590361 0.15246342 0.65157771 0.47582754  0.49504491 0.53218401 0.37807867 0.47372573 0.36598538 0.57229785  0.59349145 0.47117356 0.78212581 0.29586059
0.86241193 0.61823812 0.78939541 0.1569064  0.66758083 0.45224832  0.45759049 0.51766669 0.40300379 0.44666351 0.42868262 0.54774702  0.57344436 0.40925396 0.68810124 0.26880501
0.88597213 0.54009916 0.75042385 0.17213125 0.64065349 0.4122807  0.38783673 0.38149656 0.44561738 0.34721953 0.41010757 0.52107754  0.55600939 0.35692193 0.61519331 0.18796703
0.88520734 0.53472552 0.73855512 0.18547747 0.58829223 0.3983298  0.40269762 0.37885683 0.46061322 0.33782617 0.377589   0.47259766  0.53779216 0.37533469 0.61063731 0.17861217
0.89381335 0.48081186 0.68193618 0.23224964 0.45418641 0.35583808  0.41734221 0.28277159 0.51775099 0.31870848 0.26111789 0.37368652  0.54000061 0.37202297 0.61171901 0.12982348
0.86424026 0.39697935 0.47571262 0.30133996 0.23623235 0.37044293  0.38540083 0.29317063 0.40999307 0.24389662 0.38459898 0.57464881  0.59434466 0.35432096 0.66366592 0.2078129 
0.8564944  0.3716336  0.41787207 0.32087943 0.17284827 0.36777692  0.38533045 0.2992226  0.39396545 0.2601281  0.42479178 0.62871969  0.63819264 0.36871223 0.64312887 0.23584734
0.85070077 0.35862143 0.38344463 0.31889539 0.17077486 0.36704118  0.39648491 0.32274735 0.40094679 0.3285461  0.42568617 0.62843396  0.66946688 0.3538112  0.64773379 0.17868462
0.84330206 0.35107923 0.34700314 0.30434917 0.17889876 0.37911354  0.38294584 0.34908878 0.39043715 0.38724684 0.43289174 0.63553618  0.65400014 0.3869374  0.60576566 0.15939897
0.83458057 0.3111192  0.26954873 0.31437645 0.24218961 0.43671433  0.36635346 0.39815172 0.36590819 0.49295593 0.41264063 0.55761633  0.63222124 0.35654192 0.62324056 0.12204593
0.82961853 0.25641824 0.19163319 0.35372327 0.3374006  0.518556  0.33007606 0.42247078 0.30216475 0.49128245 0.41224078 0.41069063  0.54734181 0.33603244 0.61880692 0.28165318
0.80574771 0.28511697 0.13541721 0.29935431 0.38766211 0.56412908  0.32269252 0.41245175 0.3843864  0.38800313 0.32869753 0.36095059  0.54356755 0.28738048 0.55320174 0.38654066
0.7936518  0.29312995 0.10307106 0.26938851 0.41106786 0.56871313  0.329173   0.42756977 0.43430768 0.38351315 0.3044947  0.3436208  0.4802556  0.26615792 0.54916196 0.46545985
0.78582552 0.32265179 0.10466938 0.22307931 0.39077731 0.5531642  0.33178815 0.43377435 0.47380082 0.36765984 0.26768082 0.39253183  0.48522975 0.24106947 0.57201878 0.38339394
0.74029831 0.42236503 0.08253112 0.13001876 0.3795643  0.48711557  0.42582677 0.38781866 0.64367133 0.33700756 0.31734034 0.49028625  0.57951604 0.35658439 0.49608563 0.425364  
0.70914496 0.47496259 0.06898187 0.17668195 0.39454607 0.51823203  0.47714359 0.25442244 0.64989203 0.31261145 0.34800744 0.47322221  0.72677195 0.44052888 0.42289362 0.41125976
0.67945084 0.51975859 0.06117711 0.18871529 0.40491061 0.5000506  0.55101912 0.23964519 0.64541809 0.33327134 0.36351779 0.48844219  0.70477741 0.51575475 0.57104372 0.43290596
0.61167312 0.684321   0.10164729 0.22963311 0.33051813 0.59410707  0.6725955  0.53358972 0.4832915  0.3721414  0.46822548 0.45899716  0.65570653 0.49267085 0.62299162 0.52217651
0.54585538 0.76698681 0.08965354 0.34547207 0.35390861 0.59149901  0.72032369 0.43166193 0.43851868 0.41619343 0.58055577 0.44022078  0.54140279 0.43690875 0.55830019 0.48269548
0.51063446 0.78752363 0.0882966  0.41029067 0.37272032 0.54616975  0.70739643 0.38563215 0.40662178 0.43244602 0.58982791 0.44134334  0.41918407 0.42158995 0.52790212 0.43021969
0.51063446 0.78752363 0.0882966  0.41029067 0.37272032 0.54616975  0.70739643 0.38563215 0.40662178 0.43244602 0.58982791 0.44134334  0.41918407 0.42158995 0.52790212 0.43021969
0.49279506 0.79883281 0.08948759 0.4538334  0.37477935 0.53766039  0.67361769 0.34105092 0.40775879 0.46182159 0.56147453 0.45894149  0.33910793 0.39120822 0.51804061 0.41814157
0.52906469 0.78820068 0.09336626 0.38841304 0.34732777 0.60797626  0.70061735 0.39068725 0.41489499 0.43795197 0.56221965 0.44478585  0.48337353 0.40582652 0.48947905 0.4686588 
0.52906469 0.78820068 0.09336626 0.38841304 0.34732777 0.60797626  0.70061735 0.39068725 0.41489499 0.43795197 0.56221965 0.44478585  0.48337353 0.40582652 0.48947905 0.4686588 
0.56324047 0.75110964 0.09211211 0.30418254 0.34843496 0.59677457  0.7318537  0.49777815 0.44141285 0.39386804 0.58813656 0.42747788  0.60811379 0.45263783 0.56700873 0.50068664
0.56324047 0.75110964 0.09211211 0.30418254 0.34843496 0.59677457  0.7318537  0.49777815 0.44141285 0.39386804 0.58813656 0.42747788  0.60811379 0.45263783 0.56700873 0.50068664
0.64468013 0.64957787 0.12281247 0.18681629 0.29825433 0.62182992  0.61375398 0.63551588 0.45966445 0.39549969 0.37648584 0.47797903  0.64267442 0.45717626 0.58958823 0.53966209
0.70259229 0.52540186 0.11035018 0.12306383 0.32573312 0.52969307  0.52135393 0.56346111 0.57153485 0.36701537 0.31962591 0.50573627  0.56217907 0.48219447 0.60864159 0.51218248
0.73274692 0.48565061 0.14592772 0.12808264 0.28500768 0.53203495  0.44108379 0.61521308 0.49417669 0.40899279 0.2558269  0.51785492  0.43805643 0.41127425 0.58971304 0.42304218
0.78172878 0.39594207 0.1918789  0.18457536 0.2591592  0.45850173  0.36528086 0.51529972 0.46785721 0.4466637  0.38275016 0.55858135  0.4622773  0.41396298 0.44683519 0.29302626
0.78172878 0.39594207 0.1918789  0.18457536 0.2591592  0.45850173  0.36528086 0.51529972 0.46785721 0.4466637  0.38275016 0.55858135  0.4622773  0.41396298 0.44683519 0.29302626
0.90933026 0.3305714  0.58525911 0.45637657 0.26234674 0.2847558  0.54696409 0.31038621 0.60437912 0.50965345 0.43193234 0.32749152  0.55429721 0.35738056 0.50191807 0.56283206
0.90933026 0.3305714  0.58525911 0.45637657 0.26234674 0.2847558  0.54696409 0.31038621 0.60437912 0.50965345 0.43193234 0.32749152  0.55429721 0.35738056 0.50191807 0.56283206
0.92696044 0.3742751  0.70662063 0.42908772 0.45890456 0.31213483  0.56044766 0.31302818 0.66475948 0.54933262 0.39151675 0.26593621  0.56338576 0.33172152 0.45089666 0.51747048
0.92696044 0.3742751  0.70662063 0.42908772 0.45890456 0.31213483  0.56044766 0.31302818 0.66475948 0.54933262 0.39151675 0.26593621  0.56338576 0.33172152 0.45089666 0.51747048
0.91767321 0.33627935 0.6296854  0.45822008 0.35999423 0.27749036  0.60518617 0.33366122 0.71442326 0.65757208 0.40293513 0.26575588  0.63913526 0.34323305 0.40270545 0.54173436
0.91767321 0.33627935 0.6296854  0.45822008 0.35999423 0.27749036  0.60518617 0.33366122 0.71442326 0.65757208 0.40293513 0.26575588  0.63913526 0.34323305 0.40270545 0.54173436
0.90197287 0.29238299 0.52268086 0.49376385 0.24850693 0.29099799  0.58692731 0.34749307 0.6352143  0.60052862 0.48005231 0.4102428  0.64256267 0.30472116 0.47409759 0.55816945
0.90197287 0.29238299 0.52268086 0.49376385 0.24850693 0.29099799  0.58692731 0.34749307 0.6352143  0.60052862 0.48005231 0.4102428  0.64256267 0.30472116 0.47409759 0.55816945
0.89052405 0.27223811 0.45897624 0.48793381 0.24595816 0.30416717  0.57892306 0.3756411  0.63326143 0.67694637 0.50954096 0.45948813  0.66587467 0.31694707 0.41947947 0.54612663
0.87485531 0.24796851 0.37354794 0.48519169 0.24898617 0.35016881  0.53171981 0.40169162 0.56689049 0.7017587  0.56153406 0.55182353  0.70376514 0.31211563 0.41772258 0.48571433
0.86381685 0.23872625 0.32422672 0.47454545 0.25644406 0.37368502  0.5139712  0.41966668 0.53559212 0.66503991 0.56146021 0.57498266  0.65387377 0.26534547 0.4827911  0.47170622
0.86058527 0.25109218 0.32038097 0.43901854 0.25182508 0.3729657  0.4741741  0.41059298 0.48727323 0.65389033 0.54964415 0.54055258  0.62790666 0.31692559 0.50070849 0.42682636
0.85430407 0.24765204 0.28970253 0.42881183 0.25109215 0.39972114  0.43270967 0.40679915 0.42242407 0.62483967 0.57337629 0.56332244  0.64002846 0.3735474  0.47338727 0.40527551
0.83390437 0.2523305  0.21949775 0.37725276 0.30083266 0.43635301  0.4059025  0.43737248 0.44710503 0.61279351 0.52203009 0.5193001  0.54725297 0.35017984 0.45288062 0.4556861 
0.81773226 0.27086932 0.17704495 0.31997046 0.32127818 0.46040129  0.36612868 0.4493277  0.41604059 0.56750245 0.48641642 0.48316451  0.46120011 0.40284878 0.47770157 0.46337466
0.81773226 0.27086932 0.17704495 0.31997046 0.32127818 0.46040129  0.36612868 0.4493277  0.41604059 0.56750245 0.48641642 0.48316451  0.46120011 0.40284878 0.47770157 0.46337466
0.82165421 0.25417197 0.17454766 0.35760244 0.34269439 0.48881876  0.39104011 0.47040365 0.42415342 0.55747562 0.45935344 0.47725917  0.44400952 0.44164176 0.47398291 0.452376  
0.82165421 0.25417197 0.17454766 0.35760244 0.34269439 0.48881876  0.39104011 0.47040365 0.42415342 0.55747562 0.45935344 0.47725917  0.44400952 0.44164176 0.47398291 0.452376  
0.79778339 0.2828707  0.11833168 0.30323348 0.3929559  0.53439184  0.38365658 0.46038461 0.50637508 0.4541963  0.37581019 0.42751913  0.44023526 0.39298981 0.40837773 0.55726348
0.79778339 0.2828707  0.11833168 0.30323348 0.3929559  0.53439184  0.38365658 0.46038461 0.50637508 0.4541963  0.37581019 0.42751913  0.44023526 0.39298981 0.40837773 0.55726348
0.80554459 0.25276628 0.11100485 0.34667853 0.41971441 0.56843772  0.37674319 0.45463801 0.46279399 0.4483518  0.37581721 0.37163838  0.45720139 0.37062549 0.4643096  0.57730298
0.80554459 0.25276628 0.11100485 0.34667853 0.41971441 0.56843772  0.37674319 0.45463801 0.46279399 0.4483518  0.37581721 0.37163838  0.45720139 0.37062549 0.4643096  0.57730298
0.79716951 0.2781258  0.10390354 0.30953043 0.43094298 0.5931211  0.36322667 0.4507008  0.45757945 0.39393823 0.27735424 0.34024666  0.44444845 0.35400825 0.50309895 0.49503877
0.79716951 0.2781258  0.10390354 0.30953043 0.43094298 0.5931211  0.36322667 0.4507008  0.45757945 0.39393823 0.27735424 0.34024666  0.44444845 0.35400825 0.50309895 0.49503877
0.8047809  0.24826821 0.0977911  0.35412712 0.45612291 0.62278197  0.35637158 0.45065112 0.40864818 0.38845759 0.29148671 0.28625432  0.45731867 0.33177787 0.54202877 0.52216951
0.79502292 0.23815579 0.06841517 0.39129495 0.50992226 0.64554162  0.41849058 0.45198265 0.44246011 0.35402034 0.30494387 0.24586382  0.46988236 0.34429591 0.66305091 0.57511703
0.79502292 0.23815579 0.06841517 0.39129495 0.50992226 0.64554162  0.41849058 0.45198265 0.44246011 0.35402034 0.30494387 0.24586382  0.46988236 0.34429591 0.66305091 0.57511703
0.79502292 0.23815579 0.06841517 0.39129495 0.50992226 0.64554162  0.41849058 0.45198265 0.44246011 0.35402034 0.30494387 0.24586382  0.46988236 0.34429591 0.66305091 0.57511703
0.79502292 0.23815579 0.06841517 0.39129495 0.50992226 0.64554162  0.41849058 0.45198265 0.44246011 0.35402034 0.30494387 0.24586382  0.46988236 0.34429591 0.66305091 0.57511703
0.76488255 0.32392144 0.06368847 0.30319132 0.48110372 0.61491606  0.46346153 0.41677338 0.55768402 0.32041059 0.2754936  0.34169865  0.58018544 0.40459674 0.60988307 0.48678141
0.70923382 0.41410886 0.03860894 0.31922418 0.49881431 0.5786205  0.54891232 0.25207717 0.61812824 0.27464087 0.3703133  0.36676489  0.69114606 0.47502052 0.59423111 0.39955949
0.67842977 0.47802821 0.03836707 0.24790102 0.46855015 0.46496434  0.57334596 0.21991662 0.69880078 0.29433944 0.48122867 0.45074977  0.62160007 0.50873194 0.5170672  0.3951828 
0.58244955 0.63891525 0.05087603 0.32680677 0.43303835 0.47041291  0.65065014 0.1488357  0.54647652 0.41238904 0.43101044 0.49744041  0.55165864 0.54232772 0.67688632 0.40099669
0.54781946 0.67143831 0.05577974 0.41329046 0.42851654 0.4783808  0.59716507 0.0632798  0.52398983 0.46352315 0.38432094 0.51960363  0.41355324 0.48086376 0.59820366 0.37488189
0.51991442 0.73649484 0.0708971  0.43847433 0.40225243 0.51549101  0.64053586 0.18703813 0.45371221 0.47418891 0.45101398 0.49538584  0.37959591 0.43166385 0.58928523 0.39669299
0.46381504 0.71187514 0.07166651 0.48343498 0.46215692 0.33287437  0.63801808 0.24059176 0.38250962 0.44116014 0.41742276 0.49091567  0.32197487 0.46641304 0.65848687 0.32013325
0.34305935 0.7017891  0.12601173 0.52921541 0.466156   0.22826835  0.61970328 0.43708687 0.24956459 0.43385743 0.31583609 0.49525209  0.39247223 0.40590275 0.55198689 0.42926647
0.28855788 0.67568081 0.14802833 0.55638299 0.46821564 0.19552742  0.58174669 0.46412674 0.23228544 0.40714085 0.30982269 0.48162591  0.39168041 0.36611064 0.43544225 0.42033749
0.2514786  0.6291557  0.17025788 0.5308128  0.46549877 0.18649268  0.60453152 0.46575079 0.17638075 0.40161249 0.23586335 0.48977464  0.4667586  0.3316208  0.34680797 0.4666444 
0.17881184 0.57585018 0.21881397 0.54405291 0.43522386 0.24045817  0.50390313 0.48677931 0.24267339 0.40152663 0.19104812 0.49493995  0.551051   0.30961656 0.3001988  0.5272926 
0.17881184 0.57585018 0.21881397 0.54405291 0.43522386 0.24045817  0.50390313 0.48677931 0.24267339 0.40152663 0.19104812 0.49493995  0.551051   0.30961656 0.3001988  0.5272926 
0.1600878  0.55316161 0.23048211 0.53383635 0.43248235 0.24445247  0.49818437 0.49395429 0.25081351 0.40386903 0.17335514 0.49836107  0.58389138 0.32721171 0.32509234 0.54925283
0.08822462 0.46366638 0.28286618 0.47182852 0.39941799 0.33786217  0.49986066 0.48194129 0.32369463 0.40582488 0.24110466 0.48740772  0.60798696 0.34770104 0.3509214  0.55039879
0.07102051 0.46648761 0.29681783 0.49538875 0.38534053 0.36816237  0.42637893 0.52216562 0.40838993 0.37342912 0.31490181 0.45582256  0.6405316  0.37092096 0.3395245  0.50760399
0.07102051 0.46648761 0.29681783 0.49538875 0.38534053 0.36816237  0.42637893 0.52216562 0.40838993 0.37342912 0.31490181 0.45582256  0.6405316  0.37092096 0.3395245  0.50760399
0.07102051 0.46648761 0.29681783 0.49538875 0.38534053 0.36816237  0.42637893 0.52216562 0.40838993 0.37342912 0.31490181 0.45582256  0.6405316  0.37092096 0.3395245  0.50760399
0.05336775 0.43914143 0.31083182 0.46832666 0.37416152 0.39938838  0.45143619 0.50292086 0.40448693 0.37548598 0.33684065 0.45259001  0.60541605 0.3574237  0.32371238 0.49045415
0.05336775 0.43914143 0.31083182 0.46832666 0.37416152 0.39938838  0.45143619 0.50292086 0.40448693 0.37548598 0.33684065 0.45259001  0.60541605 0.3574237  0.32371238 0.49045415
0.05336775 0.43914143 0.31083182 0.46832666 0.37416152 0.39938838  0.45143619 0.50292086 0.40448693 0.37548598 0.33684065 0.45259001  0.60541605 0.3574237  0.32371238 0.49045415
0.05336775 0.43914143 0.31083182 0.46832666 0.37416152 0.39938838  0.45143619 0.50292086 0.40448693 0.37548598 0.33684065 0.45259001  0.60541605 0.3574237  0.32371238 0.49045415
0.03585866 0.41212524 0.32497922 0.44119937 0.36258431 0.43456132  0.47408025 0.48300288 0.40965789 0.37891942 0.36959995 0.44872305  0.56049334 0.35167352 0.32731793 0.46450854
0.03585866 0.41212524 0.32497922 0.44119937 0.36258431 0.43456132  0.47408025 0.48300288 0.40965789 0.37891942 0.36959995 0.44872305  0.56049334 0.35167352 0.32731793 0.46450854
0.01779563 0.38669558 0.33863985 0.42004769 0.35385851 0.46460162  0.48109267 0.47190843 0.43452283 0.38595027 0.3992976  0.44733029  0.52908455 0.38078184 0.39373238 0.44873962
0.01779563 0.38669558 0.33863985 0.42004769 0.35385851 0.46460162  0.48109267 0.47190843 0.43452283 0.38595027 0.3992976  0.44733029  0.52908455 0.38078184 0.39373238 0.44873962
0.01779563 0.38669558 0.33863985 0.42004769 0.35385851 0.46460162  0.48109267 0.47190843 0.43452283 0.38595027 0.3992976  0.44733029  0.52908455 0.38078184 0.39373238 0.44873962
0.01779563 0.38669558 0.33863985 0.42004769 0.35385851 0.46460162  0.48109267 0.47190843 0.43452283 0.38595027 0.3992976  0.44733029  0.52908455 0.38078184 0.39373238 0.44873962
