0.00039479 0.36283831 0.35232302 0.39930133 0.34523319 0.50234819  0.48417291 0.45702496 0.47508945 0.39693445 0.45000532 0.44589633  0.47476172 0.42761975 0.50206904 0.41641874
0.00039479 0.36283831 0.35232302 0.39930133 0.34523319 0.50234819  0.48417291 0.45702496 0.47508945 0.39693445 0.45000532 0.44589633  0.47476172 0.42761975 0.50206904 0.41641874
0.00039479 0.36283831 0.35232302 0.39930133 0.34523319 0.50234819  0.48417291 0.45702496 0.47508945 0.39693445 0.45000532 0.44589633  0.47476172 0.42761975 0.50206904 0.41641874
0.00039479 0.36283831 0.35232302 0.39930133 0.34523319 0.50234819  0.48417291 0.45702496 0.47508945 0.39693445 0.45000532 0.44589633  0.47476172 0.42761975 0.50206904 0.41641874
0.00039479 0.36283831 0.35232302 0.39930133 0.34523319 0.50234819  0.48417291 0.45702496 0.47508945 0.39693445 0.45000532 0.44589633  0.47476172 0.42761975 0.50206904 0.41641874
0.00039479 0.36283831 0.35232302 0.39930133 0.34523319 0.50234819  0.48417291 0.45702496 0.47508945 0.39693445 0.45000532 0.44589633  0.47476172 0.42761975 0.50206904 0.41641874
0.00039479 0.36283831 0.35232302 0.39930133 0.34523319 0.50234819  0.48417291 0.45702496 0.47508945 0.39693445 0.45000532 0.44589633  0.47476172 0.42761975 0.50206904 0.41641874
0.00039479 0.36283831 0.35232302 0.39930133 0.34523319 0.50234819  0.48417291 0.45702496 0.47508945 0.39693445 0.45000532 0.44589633  0.47476172 0.42761975 0.50206904 0.41641874
0.00039479 0.36283831 0.35232302 0.39930133 0.34523319 0.50234819  0.48417291 0.45702496 0.47508945 0.39693445 0.45000532 0.44589633  0.47476172 0.42761975 0.50206904 0.41641874
0.00039479 0.36283831 0.35232302 0.39930133 0.34523319 0.50234819  0.48417291 0.45702496 0.47508945 0.39693445 0.45000532 0.44589633  0.47476172 0.42761975 0.50206904 0.41641874
0.00039479 0.36283831 0.35232302 0.39930133 0.34523319 0.50234819  0.48417291 0.45702496 0.47508945 0.39693445 0.45000532 0.44589633  0.47476172 0.42761975 0.50206904 0.41641874
0.00039479 0.36283831 0.35232302 0.39930133 0.34523319 0.50234819  0.48417291 0.45702496 0.47508945 0.39693445 0.45000532 0.44589633  0.47476172 0.42761975 0.50206904 0.41641874
0.00039479 0.36283831 0.35232302 0.39930133 0.34523319 0.50234819  0.48417291 0.45702496 0.47508945 0.39693445 0.45000532 0.44589633  0.47476172 0.42761975 0.50206904 0.41641874
0.00039479 0.36283831 0.35232302 0.39930133 0.34523319 0.50234819  0.48417291 0.45702496 0.47508945 0.39693445 0.45000532 0.44589633  0.47476172 0.42761975 0.50206904 0.41641874
0.00039479 0.36283831 0.35232302 0.39930133 0.34523319 0.50234819  0.48417291 0.45702496 0.47508945 0.39693445 0.45000532 0.44589633  0.47476172 0.42761975 0.50206904 0.41641874
0.00039479 0.36283831 0.35232302 0.39930133 0.34523319 0.50234819  0.48417291 0.45702496 0.47508945 0.39693445 0.45000532 0.44589633  0.47476172 0.42761975 0.50206904 0.41641874
0.00039479 0.36283831 0.35232302 0.39930133 0.34523319 0.50234819  0.48417291 0.45702496 0.47508945 0.39693445 0.45000532 0.44589633  0.47476172 0.42761975 0.50206904 0.41641874
0.00039479 0.36283831 0.35232302 0.39930133 0.34523319 0.50234819  0.48417291 0.45702496 0.47508945 0.39693445 0.45000532 0.44589633  0.47476172 0.42761975 0.50206904 0.41641874
0.00039479 0.36283831 0.35232302 0.39930133 0.34523319 0.50234819  0.48417291 0.45702496 0.47508945 0.39693445 0.45000532 0.44589633  0.47476172 0.42761975 0.50206904 0.41641874
0.00039479 0.36283831 0.35232302 0.39930133 0.34523319 0.50234819  0.48417291 0.45702496 0.47508945 0.39693445 0.45000532 0.44589633  0.47476172 0.42761975 0.50206904 0.41641874
0.00039479 0.36283831 0.35232302 0.39930133 0.34523319 0.50234819  0.48417291 0.45702496 0.47508945 0.39693445 0.45000532 0.44589633  0.47476172 0.42761975 0.50206904 0.41641874
0.00039479 0.36283831 0.35232302 0.39930133 0.34523319 0.50234819  0.48417291 0.45702496 0.47508945 0.39693445 0.45000532 0.44589633  0.47476172 0.42761975 0.50206904 0.41641874
0.00039479 0.36283831 0.35232302 0.39930133 0.34523319 0.50234819  0.48417291 0.45702496 0.47508945 0.39693445 0.45000532 0.44589633  0.47476172 0.42761975 0.50206904 0.41641874
0.00039479 0.36283831 0.35232302 0.39930133 0.34523319 0.50234819  0.48417291 0.45702496 0.47508945 0.39693445 0.45000532 0.44589633  0.47476172 0.42761975 0.50206904 0.41641874
0.00039479 0.36283831 0.35232302 0.39930133 0.34523319 0.50234819  0.48417291 0.45702496 0.47508945 0.39693445 0.45000532 0.44589633  0.47476172 0.42761975 0.50206904 0.41641874
0.00039479 0.36283831 0.35232302 0.39930133 0.34523319 0.50234819  0.48417291 0.45702496 0.47508945 0.39693445 0.45000532 0.44589633  0.47476172 0.42761975 0.50206904 0.41641874
0.00039479 0.36283831 0.35232302 0.39930133 0.34523319 0.50234819  0.48417291 0.45702496 0.47508945 0.39693445 0.45000532 0.44589633  0.47476172 0.42761975 0.50206904 0.41641874
0.00039479 0.36283831 0.35232302 0.39930133 0.34523319 0.50234819  0.48417291 0.45702496 0.47508945 0.39693445 0.45000532 0.44589633  0.47476172 0.42761975 0.50206904 0.41641874
0.00039479 0.36283831 0.35232302 0.39930133 0.34523319 0.50234819  0.48417291 0.45702496 0.47508945 0.39693445 0.45000532 0.44589633  0.47476172 0.42761975 0.50206904 0.41641874
0.00039479 0.36283831 0.35232302 0.39930133 0.34523319 0.50234819  0.48417291 0.45702496 0.47508945 0.39693445 0.45000532 0.44589633  0.47476172 0.42761975 0.50206904 0.41641874
0.00039479 0.36283831 0.35232302 0.39930133 0.34523319 0.50234819  0.48417291 0.45702496 0.47508945 0.39693445 0.45000532 0.44589633  0.47476172 0.42761975 0.50206904 0.41641874
0.00039479 0.36283831 0.35232302 0.39930133 0.34523319 0.50234819  0.48417291 0.45702496 0.47508945 0.39693445 0.45000532 0.44589633  0.47476172 0.42761975 0.50206904 0.41641874
0.00039479 0.36283831 0.35232302 0.39930133 0.34523319 0.50234819  0.48417291 0.45702496 0.47508945 0.39693445 0.45000532 0.44589633  0.47476172 0.42761975 0.50206904 0.41641874
0.00039479 0.36283831 0.35232302 0.39930133 0.34523319 0.50234819  0.48417291 0.45702496 0.47508945 0.39693445 0.45000532 0.44589633  0.47476172 0.42761975 0.50206904 0.41641874
0.00039479 0.36283831 0.35232302 0.39930133 0.34523319 0.50234819  0.48417291 0.45702496 0.47508945 0.39693445 0.45000532 0.44589633  0.47476172 0.42761975 0.50206904 0.41641874
0.00039479 0.36283831 0.35232302 0.39930133 0.34523319 0.50234819  0.48417291 0.45702496 0.47508945 0.39693445 0.45000532 0.44589633  0.47476172 0.42761975 0.50206904 0.41641874
0.00039479 0.36283831 0.35232302 0.39930133 0.34523319 0.50234819  0.48417291 0.45702496 0.47508945 0.39693445 0.45000532 0.44589633  0.47476172 0.42761975 0.50206904 0.41641874
0.00039479 0.36283831 0.35232302 0.39930133 0.34523319 0.50234819  0.48417291 0.45702496 0.47508945 0.39693445 0.45000532 0.44589633  0.47476172 0.42761975 0.50206904 0.41641874
0.00039479 0.36283831 0.35232302 0.39930133 0.34523319 0.50234819  0.48417291 0.45702496 0.47508945 0.39693445 0.45000532 0.44589633  0.47476172 0.42761975 0.50206904 0.41641874
0.00039479 0.36283831 0.35232302 0.39930133 0.34523319 0.50234819  0.48417291 0.45702496 0.47508945 0.39693445 0.45000532 0.44589633  0.47476172 0.42761975 0.50206904 0.41641874
0.00039479 0.36283831 0.35232302 0.39930133 0.34523319 0.50234819  0.48417291 0.45702496 0.47508945 0.39693445 0.45000532 0.44589633  0.47476172 0.42761975 0.50206904 0.41641874
0.00039479 0.36283831 0.35232302 0.39930133 0.34523319 0.50234819  0.48417291 0.45702496 0.47508945 0.39693445 0.45000532 0.44589633  0.47476172 0.42761975 0.50206904 0.41641874
0.00039479 0.36283831 0.35232302 0.39930133 0.34523319 0.50234819  0.48417291 0.45702496 0.47508945 0.39693445 0.45000532 0.44589633  0.47476172 0.42761975 0.50206904 0.41641874
0.00039479 0.36283831 0.35232302 0.39930133 0.34523319 0.50234819  0.48417291 0.45702496 0.47508945 0.39693445 0.45000532 0.44589633  0.47476172 0.42761975 0.50206904 0.41641874
0.00039479 0.36283831 0.35232302 0.39930133 0.34523319 0.50234819  0.48417291 0.45702496 0.47508945 0.39693445 0.45000532 0.44589633  0.47476172 0.42761975 0.50206904 0.41641874
0.00039479 0.36283831 0.35232302 0.39930133 0.34523319 0.50234819  0.48417291 0.45702496 0.47508945 0.39693445 0.45000532 0.44589633  0.47476172 0.42761975 0.50206904 0.41641874
0.00039479 0.36283831 0.35232302 0.39930133 0.34523319 0.50234819  0.48417291 0.45702496 0.47508945 0.39693445 0.45000532 0.44589633  0.47476172 0.42761975 0.50206904 0.41641874
0.00039479 0.36283831 0.35232302 0.39930133 0.34523319 0.50234819  0.48417291 0.45702496 0.47508945 0.39693445 0.45000532 0.44589633  0.47476172 0.42761975 0.50206904 0.41641874
0.00039479 0.36283831 0.35232302 0.39930133 0.34523319 0.50234819  0.48417291 0.45702496 0.47508945 0.39693445 0.45000532 0.44589633  0.47476172 0.42761975 0.50206904 0.41641874
0.03525649 0.41685964 0.32437467 0.45347996 0.36854765 0.43569141  0.43485985 0.4975719  0.47652552 0.39120509 0.39620065 0.45304628  0.55757342 0.45566594 0.52722734 0.46096477
0.05351912 0.44207702 0.31230744 0.47261846 0.37274067 0.43085257  0.41273853 0.50456002 0.50740993 0.39804033 0.41570494 0.45497655  0.53250559 0.48310651 0.60073645 0.45310357
0.08948736 0.49521366 0.28518251 0.51992462 0.39140831 0.38269037  0.37354917 0.53067635 0.51969359 0.39491743 0.40176919 0.45701493  0.55467763 0.50816085 0.64166497 0.45742585
0.29131437 0.74805556 0.15908228 0.6753636  0.42004641 0.3197609  0.28518274 0.55941337 0.5863977  0.37842273 0.50936378 0.43246587  0.48548483 0.47992898 0.58442582 0.36396198
0.38438991 0.80441982 0.1389571  0.63052601 0.35570899 0.5327666  0.33422335 0.42555785 0.61133757 0.46252145 0.5250024  0.46241813  0.36426426 0.40157421 0.53067538 0.42587196
0.45769011 0.81091681 0.14822078 0.55104837 0.28538645 0.69569411  0.36274502 0.43109521 0.57012433 0.46118968 0.48009098 0.45561706  0.43482895 0.33072119 0.35071193 0.43893896
0.52884152 0.77395563 0.15806754 0.41527683 0.24887085 0.76523002  0.4303868  0.5668992  0.52686922 0.38984976 0.47905139 0.41193488  0.63089425 0.36440641 0.29725751 0.44350019
0.54429344 0.76059061 0.18120761 0.42309789 0.22479735 0.78215615  0.38561738 0.57718764 0.47631058 0.4085901  0.43674845 0.41698499  0.62497076 0.35664509 0.24123413 0.37522093
0.61665328 0.72130382 0.22908587 0.34651661 0.20399058 0.69951175  0.5425152  0.5616668  0.38989739 0.38095142 0.51696658 0.4661226  0.80548784 0.53806974 0.34622877 0.37701189
0.72041756 0.59220427 0.37903537 0.34500595 0.09494558 0.57068995  0.45840728 0.7779092  0.26055492 0.49361624 0.55199071 0.5193653  0.55162384 0.45741949 0.57103159 0.2219336 
0.74996444 0.61743486 0.51847216 0.40197317 0.0563278  0.52534085  0.49707446 0.68486604 0.26520632 0.27449643 0.55787506 0.52999759  0.58456524 0.37120965 0.72282584 0.3230429 
0.75624565 0.620875   0.54915061 0.41217988 0.05706072 0.49858541  0.5385389  0.68865987 0.33005549 0.30354709 0.53414292 0.50722773  0.57244345 0.31458784 0.75014706 0.34459376
0.75624565 0.620875   0.54915061 0.41217988 0.05706072 0.49858541  0.5385389  0.68865987 0.33005549 0.30354709 0.53414292 0.50722773  0.57244345 0.31458784 0.75014706 0.34459376
0.75624565 0.620875   0.54915061 0.41217988 0.05706072 0.49858541  0.5385389  0.68865987 0.33005549 0.30354709 0.53414292 0.50722773  0.57244345 0.31458784 0.75014706 0.34459376
0.76104098 0.63368531 0.58114717 0.40833547 0.07344611 0.4923268  0.54952723 0.68415147 0.35452053 0.29223952 0.4987334  0.45862081  0.54141933 0.30076608 0.76465507 0.3369735 
0.76104098 0.63368531 0.58114717 0.40833547 0.07344611 0.4923268  0.54952723 0.68415147 0.35452053 0.29223952 0.4987334  0.45862081  0.54141933 0.30076608 0.76465507 0.3369735 
0.76104098 0.63368531 0.58114717 0.40833547 0.07344611 0.4923268  0.54952723 0.68415147 0.35452053 0.29223952 0.4987334  0.45862081  0.54141933 0.30076608 0.76465507 0.3369735 
0.77824509 0.63086409 0.56719551 0.38477524 0.08752357 0.46202661  0.62300896 0.64392713 0.26982523 0.32463529 0.42493625 0.49020597  0.50887469 0.27754616 0.77605197 0.3797683 
0.77344976 0.61805377 0.53519895 0.38861965 0.07113818 0.46828522  0.61202062 0.64843554 0.24536019 0.33594286 0.46034577 0.53881289  0.53989881 0.29136792 0.76154396 0.38738855
0.76137492 0.60160146 0.47009306 0.37642891 0.06833185 0.49430492  0.58171064 0.66816645 0.18749236 0.3753102  0.48497231 0.56129702  0.58329484 0.33308869 0.73882766 0.30867497
0.75578343 0.54664913 0.36112822 0.32517199 0.10168191 0.50958019  0.53234301 0.68458513 0.212774   0.53685876 0.47119584 0.62295077  0.62268057 0.46239833 0.68279568 0.23590214
0.73761623 0.54084338 0.28813936 0.2826213  0.14442402 0.54148566  0.50564869 0.72850269 0.21192589 0.57305414 0.44436608 0.59884531  0.53977819 0.4491014  0.66779255 0.23349458
0.70236523 0.57453374 0.19743317 0.20147822 0.2250375  0.60250909  0.49810694 0.73291449 0.32934017 0.44940724 0.31975461 0.5148405  0.48968156 0.34572243 0.62716932 0.37363064
0.74409158 0.49833614 0.21320791 0.18683097 0.21324305 0.53213548  0.46395364 0.65254768 0.35861601 0.48517544 0.30250564 0.57808398  0.49055267 0.50936074 0.67349244 0.34303487
0.75563766 0.48428331 0.24177032 0.21509569 0.19281796 0.50735888  0.47715589 0.6567781  0.32371646 0.53879027 0.34084702 0.59878717  0.5105287  0.51826263 0.73347208 0.27450721
0.77942373 0.44392115 0.26975234 0.24631279 0.17846911 0.46832932  0.43985969 0.62782994 0.31344896 0.53209563 0.44461249 0.60850112  0.53680397 0.51107004 0.61446557 0.21220307
0.81374585 0.34851675 0.25988876 0.27995398 0.2040998  0.4044577  0.38551914 0.50834933 0.38825093 0.55918207 0.54375734 0.62800606  0.55831822 0.46070466 0.47206526 0.22784363
0.85937555 0.26367046 0.31687017 0.41926108 0.22477835 0.40846143  0.38650073 0.3758613  0.3317748  0.55616464 0.57851723 0.55886453  0.65373681 0.49209528 0.47176253 0.35161445
0.87944626 0.26498415 0.40525827 0.46392878 0.22450872 0.32925649  0.50200512 0.36612164 0.51147762 0.60076015 0.55248803 0.51735908  0.65063276 0.34340395 0.51541751 0.50214049
0.90776651 0.30539516 0.5571083  0.49574789 0.25058034 0.29173373  0.57577285 0.32396832 0.62823297 0.53211062 0.47915791 0.41052853  0.61128843 0.3196222  0.46949267 0.61533217
0.91350096 0.32051136 0.59585601 0.4872974  0.27850852 0.27825912  0.59668605 0.32611961 0.67673897 0.56192493 0.43460709 0.33585472  0.58492423 0.30672342 0.45891658 0.61131465
0.91813975 0.33579049 0.63178772 0.4601789  0.36302347 0.2740662  0.61330126 0.33723446 0.73281059 0.66722982 0.39989565 0.26389996  0.63307842 0.33648412 0.38626072 0.55664016
0.91813975 0.33579049 0.63178772 0.4601789  0.36302347 0.2740662  0.61330126 0.33723446 0.73281059 0.66722982 0.39989565 0.26389996  0.63307842 0.33648412 0.38626072 0.55664016
0.91383105 0.31996212 0.59713575 0.48961225 0.28034552 0.27659637  0.60329903 0.32912685 0.69037478 0.56666485 0.43135109 0.33633635  0.58035714 0.3008692  0.44765133 0.62017828
0.90776651 0.30539516 0.5571083  0.49574789 0.25058034 0.29173373  0.57577285 0.32396832 0.62823297 0.53211062 0.47915791 0.41052853  0.61128843 0.3196222  0.46949267 0.61533217
0.88792953 0.27614633 0.44704304 0.46567068 0.28660682 0.34359945  0.54886895 0.41287122 0.59388719 0.72173256 0.4446725  0.36931838  0.58164246 0.46484569 0.37738574 0.44318234
0.85089162 0.28234363 0.32088108 0.45245008 0.23019143 0.46045811  0.44886658 0.41145457 0.31496251 0.57320002 0.48875701 0.57751002  0.65659331 0.59280786 0.56206843 0.36767137
0.85089162 0.28234363 0.32088108 0.45245008 0.23019143 0.46045811  0.44886658 0.41145457 0.31496251 0.57320002 0.48875701 0.57751002  0.65659331 0.59280786 0.56206843 0.36767137
0.78932716 0.32895484 0.14539214 0.28774665 0.35834492 0.56185795  0.40177577 0.47675334 0.42891329 0.47650944 0.25985185 0.44971508  0.43132764 0.47804224 0.54681718 0.46569502
0.60179916 0.58692423 0.05338616 0.32789963 0.44887923 0.47906012  0.65694234 0.222221   0.56196771 0.34265277 0.40653    0.46926658  0.60692316 0.60263796 0.53040732 0.3819459 
0.45660243 0.74887616 0.08632839 0.54325058 0.43545405 0.43618433  0.63586608 0.3328408  0.41631966 0.43733778 0.46069719 0.47385559  0.25449644 0.4849208  0.53540921 0.35595474
0.28439213 0.6234688  0.15138367 0.52881109 0.47846288 0.15700963  0.58533566 0.40266179 0.21107022 0.41157317 0.16830221 0.52143193  0.48223368 0.4122075  0.42818471 0.46723995
0.28439213 0.6234688  0.15138367 0.52881109 0.47846288 0.15700963  0.58533566 0.40266179 0.21107022 0.41157317 0.16830221 0.52143193  0.48223368 0.4122075  0.42818471 0.46723995
0.17827324 0.57723224 0.21786563 0.55246956 0.43883719 0.22267424  0.48679725 0.50699171 0.24696211 0.39347889 0.16752494 0.4953613  0.61621882 0.32973268 0.30449631 0.53717793
0.15989052 0.55390819 0.22993903 0.53724759 0.4338049  0.23626297  0.49331404 0.50165737 0.24528749 0.40074845 0.15624821 0.49969213  0.61780546 0.32247596 0.3025407  0.56250704
0.12440017 0.54590072 0.25553648 0.56951008 0.41500592 0.27984344  0.36660049 0.573536   0.4031488  0.35895289 0.25716352 0.46023151  0.74080632 0.38769006 0.32975746 0.53921284
0.08821896 0.49393403 0.28285114 0.52470308 0.39746893 0.33500943  0.39261534 0.5478669  0.42515909 0.37017036 0.29596501 0.45870186  0.68842695 0.40997704 0.39360715 0.52301728
0.08969624 0.49460038 0.28321282 0.51842151 0.39450369 0.34123745  0.39757937 0.5447689  0.42337881 0.36721875 0.30241782 0.47401987  0.64136394 0.42533697 0.35512807 0.56357586
0.08969624 0.49460038 0.28321282 0.51842151 0.39450369 0.34123745  0.39757937 0.5447689  0.42337881 0.36721875 0.30241782 0.47401987  0.64136394 0.42533697 0.35512807 0.56357586
0.10775926 0.52003003 0.26955219 0.53957319 0.40322949 0.31119715  0.39056695 0.55586335 0.39851387 0.3601879  0.27272017 0.47541262  0.67277273 0.39622865 0.28871362 0.57934478
0.10775926 0.52003003 0.26955219 0.53957319 0.40322949 0.31119715  0.39056695 0.55586335 0.39851387 0.3601879  0.27272017 0.47541262  0.67277273 0.39622865 0.28871362 0.57934478
0.18041225 0.62324025 0.21812959 0.62368037 0.43033315 0.25237334  0.31211693 0.59473779 0.4695637  0.36351919 0.30910905 0.47464259  0.64499866 0.4771115  0.45751837 0.54898238
0.32968022 0.77325066 0.14205058 0.65025547 0.41264288 0.34633253  0.358081   0.51132899 0.5266116  0.37841734 0.53236002 0.4444837  0.35578123 0.44820459 0.47460506 0.38123907
0.44018761 0.81831951 0.11488823 0.56296727 0.3506267  0.56195445  0.47833614 0.3580933  0.49687508 0.48085531 0.50572749 0.49284251  0.26313519 0.35860681 0.42942571 0.49516706
0.51247697 0.80141212 0.10042823 0.42872891 0.33643314 0.62129868  0.64060427 0.38481728 0.42759075 0.4484839  0.53926347 0.46968686  0.40353697 0.38912108 0.4042828  0.53096674
0.64466349 0.64699887 0.10899795 0.19158234 0.31153485 0.61911715  0.62738648 0.49481494 0.49212058 0.38773584 0.31611387 0.51606083  0.68208139 0.5756778  0.60391351 0.59183005
0.67480939 0.58753941 0.11078015 0.1492078  0.31250937 0.56933962  0.57785257 0.53906566 0.53566148 0.37126574 0.3040498  0.52836132  0.58972082 0.56353251 0.63680181 0.59265977
0.70194538 0.52778045 0.10600419 0.12908269 0.32670192 0.54988302  0.53113824 0.52575381 0.54915878 0.39139691 0.25396122 0.52672387  0.59080181 0.48548661 0.69372116 0.51904323
0.70194538 0.52778045 0.10600419 0.12908269 0.32670192 0.54988302  0.53113824 0.52575381 0.54915878 0.39139691 0.25396122 0.52672387  0.59080181 0.48548661 0.69372116 0.51904323
0.72789242 0.45773556 0.08903931 0.12557578 0.36356117 0.51069479  0.46328119 0.40233599 0.6187462  0.36406978 0.2546431  0.51483709  0.59956313 0.418504   0.5901102  0.45241958
0.72789242 0.45773556 0.08903931 0.12557578 0.36356117 0.51069479  0.46328119 0.40233599 0.6187462  0.36406978 0.2546431  0.51483709  0.59956313 0.418504   0.5901102  0.45241958
0.72789242 0.45773556 0.08903931 0.12557578 0.36356117 0.51069479  0.46328119 0.40233599 0.6187462  0.36406978 0.2546431  0.51483709  0.59956313 0.418504   0.5901102  0.45241958
0.74259513 0.43134932 0.10147678 0.12277353 0.34690923 0.49611053  0.42778048 0.44379952 0.59194669 0.38730686 0.23314702 0.52190563  0.48136398 0.35534509 0.62720503 0.43155854
0.77045293 0.38261378 0.11810865 0.13503757 0.33883886 0.48945744  0.34555663 0.43957064 0.56631317 0.37898498 0.25354133 0.50240491  0.4553934  0.28566417 0.47715708 0.3362237 
0.7782792  0.35309195 0.11651033 0.18134677 0.35912941 0.50500637  0.34294148 0.43336606 0.52682003 0.39483829 0.29035522 0.45349388  0.45041924 0.31075262 0.45430026 0.41828961
0.8675335  0.29599983 0.37956973 0.40637327 0.25831728 0.42282368  0.35446655 0.33245386 0.315974   0.38218582 0.55038854 0.53517932  0.55502186 0.48894055 0.49096111 0.45973535
0.89258276 0.27335196 0.44272034 0.48694018 0.2561347  0.421566  0.37894298 0.29336446 0.26352744 0.28315167 0.5809057  0.53700898  0.5760178  0.41159394 0.62437159 0.59363781
0.8915709  0.27187646 0.44271862 0.48981499 0.25673213 0.42143831  0.38003378 0.29179235 0.26425937 0.28397353 0.58728789 0.51859533  0.60893584 0.38955809 0.64960332 0.53635603
0.8915709  0.27187646 0.44271862 0.48981499 0.25673213 0.42143831  0.38003378 0.29179235 0.26425937 0.28397353 0.58728789 0.51859533  0.60893584 0.38955809 0.64960332 0.53635603
0.89926062 0.24071405 0.43469831 0.53485197 0.27768843 0.45251796  0.37698064 0.28348059 0.22458474 0.27885961 0.57851234 0.44275501  0.63360712 0.37636118 0.70025386 0.53156653
0.8952755  0.22862587 0.40715312 0.5394851  0.25748755 0.44800061  0.38475048 0.29316435 0.23340218 0.33404113 0.5882631  0.44986617  0.67006144 0.3926502  0.67292988 0.51505602
0.88948186 0.2156137  0.37272568 0.53750107 0.25541414 0.44726487  0.39590494 0.3166891  0.24038352 0.40245913 0.5891575  0.44958044  0.70133568 0.37774916 0.6775348  0.45789329
0.87474814 0.20370846 0.3034309  0.50730282 0.2767168  0.47216819  0.37273224 0.37006501 0.23926245 0.5448395  0.59265672 0.44899145  0.68357316 0.44750059 0.56662423 0.39878469
0.85658094 0.1979027  0.23044204 0.46475213 0.31945891 0.50407366  0.34603793 0.41398257 0.23841434 0.58103488 0.56582696 0.42488599  0.60067078 0.43420366 0.5516211  0.39637713
0.83682568 0.22825385 0.18885052 0.40082991 0.36103945 0.54420738  0.33236321 0.42447619 0.26839242 0.50625373 0.42629577 0.35922949  0.54159548 0.3628594  0.61539239 0.34936149
0.81295486 0.25695258 0.13263454 0.34646095 0.41130095 0.58978046  0.32497967 0.41445716 0.35061407 0.40297441 0.34275252 0.30948945  0.53782122 0.31420745 0.54978721 0.45424897
0.80085895 0.26496556 0.10028839 0.31649515 0.4347067  0.59436451  0.33146015 0.42957517 0.40053535 0.39848443 0.31854969 0.29215966  0.47450926 0.29298489 0.54574744 0.53316816
0.73172471 0.3868362  0.05275993 0.31183033 0.47012336 0.60759016  0.46566225 0.25063156 0.52360735 0.31625759 0.37620191 0.31188798  0.75086197 0.42276115 0.51434079 0.52613831
0.57560677 0.60391434 0.04358445 0.38856033 0.45709915 0.42020087  0.54135853 0.00010185 0.60889287 0.41758472 0.41211787 0.51062868  0.40798878 0.49336076 0.50450801 0.33841186
0.43011325 0.72586943 0.08501909 0.51009131 0.46416503 0.31128617  0.6348247  0.32465431 0.32485258 0.4359087  0.41681703 0.47668649  0.33362827 0.3988434  0.62686529 0.33812534
0.12411956 0.50002497 0.25760704 0.48653019 0.41381471 0.29261466  0.53737373 0.46783795 0.23852984 0.40699193 0.18729089 0.49632269  0.56171934 0.30215737 0.28416382 0.54493055
0.00039479 0.36283831 0.35232302 0.39930133 0.34523319 0.50234819  0.48417291 0.45702496 0.47508945 0.39693445 0.45000532 0.44589633  0.47476172 0.42761975 0.50206904 0.41641874
0.00039479 0.36283831 0.35232302 0.39930133 0.34523319 0.50234819  0.48417291 0.45702496 0.47508945 0.39693445 0.45000532 0.44589633  0.47476172 0.42761975 0.50206904 0.41641874
0.00039479 0.36283831 0.35232302 0.39930133 0.34523319 0.50234819  0.48417291 0.45702496 0.47508945 0.39693445 0.45000532 0.44589633  0.47476172 0.42761975 0.50206904 0.41641874
0.00039479 0.36283831 0.35232302 0.39930133 0.34523319 0.50234819  0.48417291 0.45702496 0.47508945 0.39693445 0.45000532 0.44589633  0.47476172 0.42761975 0.50206904 0.41641874
0.00039479 0.36283831 0.35232302 0.39930133 0.34523319 0.50234819  0.48417291 0.45702496 0.47508945 0.39693445 0.45000532 0.44589633  0.47476172 0.42761975 0.50206904 0.41641874
0.00039479 0.36283831 0.35232302 0.39930133 0.34523319 0.50234819  0.48417291 0.45702496 0.47508945 0.39693445 0.45000532 0.44589633  0.47476172 0.42761975 0.50206904 0.41641874
0.00039479 0.36283831 0.35232302 0.39930133 0.34523319 0.50234819  0.48417291 0.45702496 0.47508945 0.39693445 0.45000532 0.44589633  0.47476172 0.42761975 0.50206904 0.41641874
0.00039479 0.36283831 0.35232302 0.39930133 0.34523319 0.50234819  0.48417291 0.45702496 0.47508945 0.39693445 0.45000532 0.44589633  0.47476172 0.42761975 0.50206904 0.41641874
0.00039479 0.36283831 0.35232302 0.39930133 0.34523319 0.50234819  0.48417291 0.45702496 0.47508945 0.39693445 0.45000532 0.44589633  0.47476172 0.42761975 0.50206904 0.41641874
0.00039479 0.36283831 0.35232302 0.39930133 0.34523319 0.50234819  0.48417291 0.45702496 0.47508945 0.39693445 0.45000532 0.44589633  0.47476172 0.42761975 0.50206904 0.41641874
0.00039479 0.36283831 0.35232302 0.39930133 0.34523319 0.50234819  0.48417291 0.45702496 0.47508945 0.39693445 0.45000532 0.44589633  0.47476172 0.42761975 0.50206904 0.41641874
0.00039479 0.36283831 0.35232302 0.39930133 0.34523319 0.50234819  0.48417291 0.45702496 0.47508945 0.39693445 0.45000532 0.44589633  0.47476172 0.42761975 0.50206904 0.41641874
0.0177474  0.38984345 0.33852207 0.42635267 0.35697043 0.47086435  0.45750391 0.47765391 0.48169648 0.39463854 0.42895995 0.44917931  0.51265071 0.44991576 0.53083289 0.43501917
0.14397391 0.56172925 0.25362669 0.56298432 0.38959611 0.38881544  0.33000775 0.5355798  0.56853051 0.41438129 0.41619894 0.46406225  0.51797587 0.513004   0.70072508 0.45870171
0.29031368 0.73501802 0.17406896 0.6719508  0.39231177 0.39757594  0.2435332  0.5040037  0.58951587 0.47057034 0.3290687  0.50449987  0.52009749 0.47035857 0.67722582 0.51589379
0.3661066  0.79108975 0.15156986 0.63533951 0.34955576 0.54521948  0.28753473 0.4537974  0.67253362 0.45100407 0.5336416  0.45762606  0.47236909 0.44257352 0.57230233 0.44591881
0.38500068 0.80008635 0.1500423  0.61767303 0.33122515 0.60162614  0.29400884 0.44804128 0.70074437 0.44820811 0.57761426 0.44710914  0.49223646 0.42720784 0.52387333 0.45930185
0.38500068 0.80008635 0.1500423  0.61767303 0.33122515 0.60162614  0.29400884 0.44804128 0.70074437 0.44820811 0.57761426 0.44710914  0.49223646 0.42720784 0.52387333 0.45930185
0.38500068 0.80008635 0.1500423  0.61767303 0.33122515 0.60162614  0.29400884 0.44804128 0.70074437 0.44820811 0.57761426 0.44710914  0.49223646 0.42720784 0.52387333 0.45930185
0.3661066  0.79108975 0.15156986 0.63533951 0.34955576 0.54521948  0.28753473 0.4537974  0.67253362 0.45100407 0.5336416  0.45762606  0.47236909 0.44257352 0.57230233 0.44591881
0.29150708 0.73676473 0.16927367 0.6553684  0.39608728 0.39413176  0.28711738 0.51068164 0.60022233 0.42721142 0.46461877 0.46205979  0.46510674 0.46140804 0.61977693 0.43302569
0.21665205 0.66462521 0.19911646 0.64671021 0.42440097 0.28214937  0.29820147 0.57028963 0.49982093 0.39523335 0.33877753 0.46919403  0.58044572 0.4411731  0.5454593  0.4852117 
0.16240812 0.5948056  0.23325384 0.59578129 0.41755812 0.30293409  0.33613883 0.56423567 0.49434146 0.37404886 0.37588885 0.45256802  0.603697   0.47276133 0.54107681 0.45024705
0.0536628  0.44240702 0.31244086 0.47255325 0.37234245 0.4347995  0.41032534 0.5038868  0.51648388 0.39941691 0.4265254  0.45434213  0.52269843 0.49085358 0.62015411 0.44430781
0.0536628  0.44240702 0.31244086 0.47255325 0.37234245 0.4347995  0.41032534 0.5038868  0.51648388 0.39941691 0.4265254  0.45434213  0.52269843 0.49085358 0.62015411 0.44430781
0.0536628  0.44240702 0.31244086 0.47255325 0.37234245 0.4347995  0.41032534 0.5038868  0.51648388 0.39941691 0.4265254  0.45434213  0.52269843 0.49085358 0.62015411 0.44430781
0.18276773 0.57240724 0.26301041 0.52144938 0.32608286 0.60737463  0.314378   0.4312029  0.67726042 0.51030017 0.44809849 0.50128047  0.41678162 0.51671801 0.82064374 0.52246941
0.33051224 0.6694353  0.23407838 0.48382799 0.24588536 0.81941807  0.29825402 0.4280893  0.73478912 0.49686633 0.53178921 0.46762587  0.48736663 0.4480183  0.59467256 0.50032829
0.42943629 0.71335686 0.26820356 0.55490545 0.18146813 0.81438045  0.18142027 0.47855784 0.64790194 0.51908219 0.46889246 0.50360691  0.59907445 0.50494624 0.48130378 0.35120163
0.54238423 0.81622984 0.70017247 0.60309139 0.4182665  0.66707975  0.26397429 0.43980221 0.70077969 0.8117823  0.42034514 0.31454929  0.78847977 0.54995739 0.42930293 0.05608763
0.69116388 0.74617593 0.80589153 0.41668247 0.40349298 0.58553301  0.25947037 0.75233536 0.62430438 0.60891136 0.36730734 0.24441227  0.60424946 0.40099577 0.48915549 0.19570244
0.70337776 0.74225862 0.85478003 0.45540094 0.403625   0.54778321  0.32378106 0.73455735 0.71519096 0.60223686 0.37306671 0.24717994  0.6354358  0.29229674 0.50933258 0.30431661
0.774739   0.72888769 0.82280292 0.34099857 0.42642457 0.50861205  0.51434605 0.73167835 0.6069449  0.57019782 0.41626939 0.23186207  0.57674499 0.2947033  0.55750546 0.24911576
0.79218071 0.72204978 0.80968964 0.30600908 0.44244529 0.48181392  0.59241167 0.70994665 0.5551919  0.58317784 0.40395739 0.24343944  0.56954267 0.30692104 0.58918186 0.25957518
0.79053958 0.71342778 0.79113102 0.32407937 0.38020847 0.46931162  0.6041064  0.707857   0.56088069 0.5576331  0.3897353  0.22730183  0.55002522 0.30349712 0.60078293 0.2769653 
0.81296452 0.6696294  0.75480606 0.35072146 0.34099605 0.39858015  0.70873259 0.6748819  0.49451941 0.65637239 0.42064328 0.30125261  0.55055518 0.28972975 0.57845691 0.42482396
0.79553681 0.6136788  0.62527837 0.40694078 0.1576073  0.38171444  0.73480632 0.69897053 0.48076463 0.66956782 0.45069362 0.36276204  0.57432879 0.26642986 0.61280988 0.42928343
0.7882018  0.60931576 0.59242508 0.39128876 0.17078607 0.3945454  0.7251727  0.72600502 0.49015321 0.75324746 0.44698727 0.35507083  0.57203301 0.30305509 0.54386743 0.38946047
0.77846233 0.52016646 0.43632941 0.38651966 0.12139098 0.39643476  0.65947883 0.74610775 0.45562013 0.76559678 0.57316528 0.55028412  0.62348742 0.33960547 0.52613896 0.41456881
0.78197034 0.48028147 0.37887245 0.35290619 0.1434559  0.40390996  0.63059865 0.71654007 0.46103465 0.72968049 0.52937878 0.60341098  0.62286708 0.35557053 0.61878769 0.38861849
0.78007956 0.47653179 0.36682552 0.3600257  0.12756022 0.41670222  0.6128954  0.70674008 0.42007273 0.66508776 0.54585671 0.64091801  0.60942496 0.35345675 0.65337073 0.39217995
0.78673041 0.41951503 0.28452032 0.28389702 0.19685879 0.40010846  0.54986079 0.62169511 0.52781183 0.656905   0.46658004 0.62928741  0.51152511 0.40075714 0.59000742 0.45795184
0.7804492  0.41607489 0.25384187 0.27369031 0.19612586 0.4268639  0.50839635 0.61790128 0.46296266 0.62785434 0.49031218 0.65205727  0.5236469  0.45737896 0.56268619 0.43640098
0.76906902 0.42106653 0.21935166 0.24691619 0.22647784 0.44231425  0.50823814 0.63233211 0.49815529 0.60748675 0.44924395 0.6177925  0.47732453 0.40265194 0.58766814 0.47164955
0.78194008 0.38636605 0.20966726 0.24608757 0.24481463 0.42860707  0.47555013 0.5555783  0.52942543 0.60218781 0.42719988 0.61976813  0.4914719  0.3727832  0.55817127 0.44029761
0.78194008 0.38636605 0.20966726 0.24608757 0.24481463 0.42860707  0.47555013 0.5555783  0.52942543 0.60218781 0.42719988 0.61976813  0.4914719  0.3727832  0.55817127 0.44029761
0.79436915 0.35340023 0.19804079 0.24942814 0.26430589 0.42331596  0.4501654  0.471207   0.54536665 0.60454116 0.38426115 0.62689331  0.51470859 0.33896147 0.56913675 0.41188665
0.80677503 0.3180297  0.19153259 0.25387112 0.28030902 0.39973675  0.41271099 0.45668967 0.57029177 0.57747894 0.44695839 0.60234248  0.4946615  0.27704186 0.47511218 0.38483107
0.80269883 0.32855554 0.18142593 0.22655462 0.27734879 0.41920099  0.36645668 0.45352688 0.48930606 0.53667786 0.43554755 0.58353668  0.4719206  0.35093336 0.50397291 0.31360044
0.80269883 0.32855554 0.18142593 0.22655462 0.27734879 0.41920099  0.36645668 0.45352688 0.48930606 0.53667786 0.43554755 0.58353668  0.4719206  0.35093336 0.50397291 0.31360044
0.80269883 0.32855554 0.18142593 0.22655462 0.27734879 0.41920099  0.36645668 0.45352688 0.48930606 0.53667786 0.43554755 0.58353668  0.4719206  0.35093336 0.50397291 0.31360044
0.80269883 0.32855554 0.18142593 0.22655462 0.27734879 0.41920099  0.36645668 0.45352688 0.48930606 0.53667786 0.43554755 0.58353668  0.4719206  0.35093336 0.50397291 0.31360044
0.79037409 0.34320144 0.15377236 0.20045038 0.3071852  0.43999747  0.3722754  0.44773827 0.53662817 0.48701338 0.39034568 0.55449983  0.48812237 0.31118329 0.49834737 0.34996027
0.79037409 0.34320144 0.15377236 0.20045038 0.3071852  0.43999747  0.3722754  0.44773827 0.53662817 0.48701338 0.39034568 0.55449983  0.48812237 0.31118329 0.49834737 0.34996027
0.77045293 0.38261378 0.11810865 0.13503757 0.33883886 0.48945744  0.34555663 0.43957064 0.56631317 0.37898498 0.25354133 0.50240491  0.4553934  0.28566417 0.47715708 0.3362237 
0.77045293 0.38261378 0.11810865 0.13503757 0.33883886 0.48945744  0.34555663 0.43957064 0.56631317 0.37898498 0.25354133 0.50240491  0.4553934  0.28566417 0.47715708 0.3362237 
0.75500101 0.3959788  0.09496858 0.12721651 0.36291236 0.47253131  0.39032606 0.42928219 0.61687182 0.36024464 0.29584427 0.49735479  0.46131689 0.29342549 0.53318046 0.40450296
0.75500101 0.3959788  0.09496858 0.12721651 0.36291236 0.47253131  0.39032606 0.42928219 0.61687182 0.36024464 0.29584427 0.49735479  0.46131689 0.29342549 0.53318046 0.40450296
0.72530689 0.4407748  0.08716382 0.13924984 0.3732769  0.45434989  0.4642016  0.41450494 0.61239788 0.38090453 0.31135462 0.51257477  0.43932236 0.36865136 0.68133056 0.42614917
0.63431462 0.59762004 0.05956784 0.23055619 0.4025482  0.51830601  0.64169548 0.27653595 0.58085979 0.37736693 0.41779747 0.49018089  0.66440221 0.51936156 0.70850609 0.46970706
0.50522413 0.76586699 0.07786112 0.45717397 0.39427061 0.53236928  0.64823296 0.25667961 0.42370001 0.46417495 0.5185358  0.46606667  0.36234463 0.35738649 0.52900609 0.38973061
0.3815066  0.77000854 0.1089312  0.58376992 0.43713927 0.31394553  0.5440843  0.40276418 0.34700658 0.46639094 0.39807892 0.49662605  0.26013455 0.39024562 0.58419305 0.39673942
0.3815066  0.77000854 0.1089312  0.58376992 0.43713927 0.31394553  0.5440843  0.40276418 0.34700658 0.46639094 0.39807892 0.49662605  0.26013455 0.39024562 0.58419305 0.39673942
0.28896813 0.71372573 0.15449605 0.63548877 0.44219343 0.24946672  0.40794542 0.48645278 0.36723808 0.43839292 0.25843523 0.50515364  0.46148956 0.40447485 0.53776323 0.47446925
0.17859096 0.59098545 0.21784946 0.5753049  0.4360179  0.24071011  0.42367966 0.53312482 0.34119779 0.39584149 0.22056364 0.49032583  0.65035347 0.37431555 0.38976994 0.55218621
0.12440017 0.54590072 0.25553648 0.56951008 0.41500592 0.27984344  0.36660049 0.573536   0.4031488  0.35895289 0.25716352 0.46023151  0.74080632 0.38769006 0.32975746 0.53921284
0.05335725 0.43991271 0.3107995  0.47052444 0.37415446 0.40166621  0.4419284  0.50731996 0.42372301 0.37589972 0.34976968 0.45155191  0.60561524 0.38193084 0.36844884 0.47847125
0.00039479 0.36283831 0.35232302 0.39930133 0.34523319 0.50234819  0.48417291 0.45702496 0.47508945 0.39693445 0.45000532 0.44589633  0.47476172 0.42761975 0.50206904 0.41641874
0.00039479 0.36283831 0.35232302 0.39930133 0.34523319 0.50234819  0.48417291 0.45702496 0.47508945 0.39693445 0.45000532 0.44589633  0.47476172 0.42761975 0.50206904 0.41641874
0.00039479 0.36283831 0.35232302 0.39930133 0.34523319 0.50234819  0.48417291 0.45702496 0.47508945 0.39693445 0.45000532 0.44589633  0.47476172 0.42761975 0.50206904 0.41641874
0.00039479 0.36283831 0.35232302 0.39930133 0.34523319 0.50234819  0.48417291 0.45702496 0.47508945 0.39693445 0.45000532 0.44589633  0.47476172 0.42761975 0.50206904 0.41641874
0.00039479 0.36283831 0.35232302 0.39930133 0.34523319 0.50234819  0.48417291 0.45702496 0.47508945 0.39693445 0.45000532 0.44589633  0.47476172 0.42761975 0.50206904 0.41641874
0.00039479 0.36283831 0.35232302 0.39930133 0.34523319 0.50234819  0.48417291 0.45702496 0.47508945 0.39693445 0.45000532 0.44589633  0.47476172 0.42761975 0.50206904 0.41641874
0.00039479 0.36283831 0.35232302 0.39930133 0.34523319 0.50234819  0.48417291 0.45702496 0.47508945 0.39693445 0.45000532 0.44589633  0.47476172 0.42761975 0.50206904 0.41641874
0.00039479 0.36283831 0.35232302 0.39930133 0.34523319 0.50234819  0.48417291 0.45702496 0.47508945 0.39693445 0.45000532 0.44589633  0.47476172 0.42761975 0.50206904 0.41641874
0.00039479 0.36283831 0.35232302 0.39930133 0.34523319 0.50234819  0.48417291 0.45702496 0.47508945 0.39693445 0.45000532 0.44589633  0.47476172 0.42761975 0.50206904 0.41641874
0.00039479 0.36283831 0.35232302 0.39930133 0.34523319 0.50234819  0.48417291 0.45702496 0.47508945 0.39693445 0.45000532 0.44589633  0.47476172 0.42761975 0.50206904 0.41641874
0.00039479 0.36283831 0.35232302 0.39930133 0.34523319 0.50234819  0.48417291 0.45702496 0.47508945 0.39693445 0.45000532 0.44589633  0.47476172 0.42761975 0.50206904 0.41641874
0.00039479 0.36283831 0.35232302 0.39930133 0.34523319 0.50234819  0.48417291 0.45702496 0.47508945 0.39693445 0.45000532 0.44589633  0.47476172 0.42761975 0.50206904 0.41641874
0.00039479 0.36283831 0.35232302 0.39930133 0.34523319 0.50234819  0.48417291 0.45702496 0.47508945 0.39693445 0.45000532 0.44589633  0.47476172 0.42761975 0.50206904 0.41641874
0.00039479 0.36283831 0.35232302 0.39930133 0.34523319 0.50234819  0.48417291 0.45702496 0.47508945 0.39693445 0.45000532 0.44589633  0.47476172 0.42761975 0.50206904 0.41641874
0.00039479 0.36283831 0.35232302 0.39930133 0.34523319 0.50234819  0.48417291 0.45702496 0.47508945 0.39693445 0.45000532 0.44589633  0.47476172 0.42761975 0.50206904 0.41641874
0.00039479 0.36283831 0.35232302 0.39930133 0.34523319 0.50234819  0.48417291 0.45702496 0.47508945 0.39693445 0.45000532 0.44589633  0.47476172 0.42761975 0.50206904 0.41641874
0.00039479 0.36283831 0.35232302 0.39930133 0.34523319 0.50234819  0.48417291 0.45702496 0.47508945 0.39693445 0.45000532 0.44589633  0.47476172 0.42761975 0.50206904 0.41641874
0.00039479 0.36283831 0.35232302 0.39930133 0.34523319 0.50234819  0.48417291 0.45702496 0.47508945 0.39693445 0.45000532 0.44589633  0.47476172 0.42761975 0.50206904 0.41641874
0.00039479 0.36283831 0.35232302 0.39930133 0.34523319 0.50234819  0.48417291 0.45702496 0.47508945 0.39693445 0.45000532 0.44589633  0.47476172 0.42761975 0.50206904 0.41641874
0.00039479 0.36283831 0.35232302 0.39930133 0.34523319 0.50234819  0.48417291 0.45702496 0.47508945 0.39693445 0.45000532 0.44589633  0.47476172 0.42761975 0.50206904 0.41641874
0.00039479 0.36283831 0.35232302 0.39930133 0.34523319 0.50234819  0.48417291 0.45702496 0.47508945 0.39693445 0.45000532 0.44589633  0.47476172 0.42761975 0.50206904 0.41641874
0.00039479 0.36283831 0.35232302 0.39930133 0.34523319 0.50234819  0.48417291 0.45702496 0.47508945 0.39693445 0.45000532 0.44589633  0.47476172 0.42761975 0.50206904 0.41641874
0.00039479 0.36283831 0.35232302 0.39930133 0.34523319 0.50234819  0.48417291 0.45702496 0.47508945 0.39693445 0.45000532 0.44589633  0.47476172 0.42761975 0.50206904 0.41641874
0.00039479 0.36283831 0.35232302 0.39930133 0.34523319 0.50234819  0.48417291 0.45702496 0.47508945 0.39693445 0.45000532 0.44589633  0.47476172 0.42761975 0.50206904 0.41641874
