0.00039479 0.36283831 0.35232302 0.39930133 0.34523319 0.50234819  0.48417291 0.45702496 0.47508945 0.39693445 0.45000532 0.44589633  0.47476172 0.42761975 0.50206904 0.41641874
0.00039479 0.36283831 0.35232302 0.39930133 0.34523319 0.50234819  0.48417291 0.45702496 0.47508945 0.39693445 0.45000532 0.44589633  0.47476172 0.42761975 0.50206904 0.41641874
0.00039479 0.36283831 0.35232302 0.39930133 0.34523319 0.50234819  0.48417291 0.45702496 0.47508945 0.39693445 0.45000532 0.44589633  0.47476172 0.42761975 0.50206904 0.41641874
0.00039479 0.36283831 0.35232302 0.39930133 0.34523319 0.50234819  0.48417291 0.45702496 0.47508945 0.39693445 0.45000532 0.44589633  0.47476172 0.42761975 0.50206904 0.41641874
0.00039479 0.36283831 0.35232302 0.39930133 0.34523319 0.50234819  0.48417291 0.45702496 0.47508945 0.39693445 0.45000532 0.44589633  0.47476172 0.42761975 0.50206904 0.41641874
0.00039479 0.36283831 0.35232302 0.39930133 0.34523319 0.50234819  0.48417291 0.45702496 0.47508945 0.39693445 0.45000532 0.44589633  0.47476172 0.42761975 0.50206904 0.41641874
0.00039479 0.36283831 0.35232302 0.39930133 0.34523319 0.50234819  0.48417291 0.45702496 0.47508945 0.39693445 0.45000532 0.44589633  0.47476172 0.42761975 0.50206904 0.41641874
0.00039479 0.36283831 0.35232302 0.39930133 0.34523319 0.50234819  0.48417291 0.45702496 0.47508945 0.39693445 0.45000532 0.44589633  0.47476172 0.42761975 0.50206904 0.41641874
0.00039479 0.36283831 0.35232302 0.39930133 0.34523319 0.50234819  0.48417291 0.45702496 0.47508945 0.39693445 0.45000532 0.44589633  0.47476172 0.42761975 0.50206904 0.41641874
0.00039479 0.36283831 0.35232302 0.39930133 0.34523319 0.50234819  0.48417291 0.45702496 0.47508945 0.39693445 0.45000532 0.44589633  0.47476172 0.42761975 0.50206904 0.41641874
0.00039479 0.36283831 0.35232302 0.39930133 0.34523319 0.50234819  0.48417291 0.45702496 0.47508945 0.39693445 0.45000532 0.44589633  0.47476172 0.42761975 0.50206904 0.41641874
0.00039479 0.36283831 0.35232302 0.39930133 0.34523319 0.50234819  0.48417291 0.45702496 0.47508945 0.39693445 0.45000532 0.44589633  0.47476172 0.42761975 0.50206904 0.41641874
0.00039479 0.36283831 0.35232302 0.39930133 0.34523319 0.50234819  0.48417291 0.45702496 0.47508945 0.39693445 0.45000532 0.44589633  0.47476172 0.42761975 0.50206904 0.41641874
0.00039479 0.36283831 0.35232302 0.39930133 0.34523319 0.50234819  0.48417291 0.45702496 0.47508945 0.39693445 0.45000532 0.44589633  0.47476172 0.42761975 0.50206904 0.41641874
0.00039479 0.36283831 0.35232302 0.39930133 0.34523319 0.50234819  0.48417291 0.45702496 0.47508945 0.39693445 0.45000532 0.44589633  0.47476172 0.42761975 0.50206904 0.41641874
0.00039479 0.36283831 0.35232302 0.39930133 0.34523319 0.50234819  0.48417291 0.45702496 0.47508945 0.39693445 0.45000532 0.44589633  0.47476172 0.42761975 0.50206904 0.41641874
0.00039479 0.36283831 0.35232302 0.39930133 0.34523319 0.50234819  0.48417291 0.45702496 0.47508945 0.39693445 0.45000532 0.44589633  0.47476172 0.42761975 0.50206904 0.41641874
0.00039479 0.36283831 0.35232302 0.39930133 0.34523319 0.50234819  0.48417291 0.45702496 0.47508945 0.39693445 0.45000532 0.44589633  0.47476172 0.42761975 0.50206904 0.41641874
0.00039479 0.36283831 0.35232302 0.39930133 0.34523319 0.50234819  0.48417291 0.45702496 0.47508945 0.39693445 0.45000532 0.44589633  0.47476172 0.42761975 0.50206904 0.41641874
0.00039479 0.36283831 0.35232302 0.39930133 0.34523319 0.50234819  0.48417291 0.45702496 0.47508945 0.39693445 0.45000532 0.44589633  0.47476172 0.42761975 0.50206904 0.41641874
0.00039479 0.36283831 0.35232302 0.39930133 0.34523319 0.50234819  0.48417291 0.45702496 0.47508945 0.39693445 0.45000532 0.44589633  0.47476172 0.42761975 0.50206904 0.41641874
0.00039479 0.36283831 0.35232302 0.39930133 0.34523319 0.50234819  0.48417291 0.45702496 0.47508945 0.39693445 0.45000532 0.44589633  0.47476172 0.42761975 0.50206904 0.41641874
0.00039479 0.36283831 0.35232302 0.39930133 0.34523319 0.50234819  0.48417291 0.45702496 0.47508945 0.39693445 0.45000532 0.44589633  0.47476172 0.42761975 0.50206904 0.41641874
0.00039479 0.36283831 0.35232302 0.39930133 0.34523319 0.50234819  0.48417291 0.45702496 0.47508945 0.39693445 0.45000532 0.44589633  0.47476172 0.42761975 0.50206904 0.41641874
0.00039479 0.36283831 0.35232302 0.39930133 0.34523319 0.50234819  0.48417291 0.45702496 0.47508945 0.39693445 0.45000532 0.44589633  0.47476172 0.42761975 0.50206904 0.41641874
0.00039479 0.36283831 0.35232302 0.39930133 0.34523319 0.50234819  0.48417291 0.45702496 0.47508945 0.39693445 0.45000532 0.44589633  0.47476172 0.42761975 0.50206904 0.41641874
0.00039479 0.36283831 0.35232302 0.39930133 0.34523319 0.50234819  0.48417291 0.45702496 0.47508945 0.39693445 0.45000532 0.44589633  0.47476172 0.42761975 0.50206904 0.41641874
0.00039479 0.36283831 0.35232302 0.39930133 0.34523319 0.50234819  0.48417291 0.45702496 0.47508945 0.39693445 0.45000532 0.44589633  0.47476172 0.42761975 0.50206904 0.41641874
0.00039479 0.36283831 0.35232302 0.39930133 0.34523319 0.50234819  0.48417291 0.45702496 0.47508945 0.39693445 0.45000532 0.44589633  0.47476172 0.42761975 0.50206904 0.41641874
0.00039479 0.36283831 0.35232302 0.39930133 0.34523319 0.50234819  0.48417291 0.45702496 0.47508945 0.39693445 0.45000532 0.44589633  0.47476172 0.42761975 0.50206904 0.41641874
0.00039479 0.36283831 0.35232302 0.39930133 0.34523319 0.50234819  0.48417291 0.45702496 0.47508945 0.39693445 0.45000532 0.44589633  0.47476172 0.42761975 0.50206904 0.41641874
0.00039479 0.36283831 0.35232302 0.39930133 0.34523319 0.50234819  0.48417291 0.45702496 0.47508945 0.39693445 0.45000532 0.44589633  0.47476172 0.42761975 0.50206904 0.41641874
0.00039479 0.36283831 0.35232302 0.39930133 0.34523319 0.50234819  0.48417291 0.45702496 0.47508945 0.39693445 0.45000532 0.44589633  0.47476172 0.42761975 0.50206904 0.41641874
0.00039479 0.36283831 0.35232302 0.39930133 0.34523319 0.50234819  0.48417291 0.45702496 0.47508945 0.39693445 0.45000532 0.44589633  0.47476172 0.42761975 0.50206904 0.41641874
0.00039479 0.36283831 0.35232302 0.39930133 0.34523319 0.50234819  0.48417291 0.45702496 0.47508945 0.39693445 0.45000532 0.44589633  0.47476172 0.42761975 0.50206904 0.41641874
0.00039479 0.36283831 0.35232302 0.39930133 0.34523319 0.50234819  0.48417291 0.45702496 0.47508945 0.39693445 0.45000532 0.44589633  0.47476172 0.42761975 0.50206904 0.41641874
0.00039479 0.36283831 0.35232302 0.39930133 0.34523319 0.50234819  0.48417291 0.45702496 0.47508945 0.39693445 0.45000532 0.44589633  0.47476172 0.42761975 0.50206904 0.41641874
0.00039479 0.36283831 0.35232302 0.39930133 0.34523319 0.50234819  0.48417291 0.45702496 0.47508945 0.39693445 0.45000532 0.44589633  0.47476172 0.42761975 0.50206904 0.41641874
0.00039479 0.36283831 0.35232302 0.39930133 0.34523319 0.50234819  0.48417291 0.45702496 0.47508945 0.39693445 0.45000532 0.44589633  0.47476172 0.42761975 0.50206904 0.41641874
0.00039479 0.36283831 0.35232302 0.39930133 0.34523319 0.50234819  0.48417291 0.45702496 0.47508945 0.39693445 0.45000532 0.44589633  0.47476172 0.42761975 0.50206904 0.41641874
0.00039479 0.36283831 0.35232302 0.39930133 0.34523319 0.50234819  0.48417291 0.45702496 0.47508945 0.39693445 0.45000532 0.44589633  0.47476172 0.42761975 0.50206904 0.41641874
0.03525649 0.41685964 0.32437467 0.45347996 0.36854765 0.43569141  0.43485985 0.4975719  0.47652552 0.39120509 0.39620065 0.45304628  0.55757342 0.45566594 0.52722734 0.46096477
0.03525649 0.41685964 0.32437467 0.45347996 0.36854765 0.43569141  0.43485985 0.4975719  0.47652552 0.39120509 0.39620065 0.45304628  0.55757342 0.45566594 0.52722734 0.46096477
0.05367861 0.44171583 0.31214423 0.47114249 0.37279065 0.42986862  0.4177205  0.50334188 0.50440728 0.39082405 0.42702098 0.4483076  0.53269514 0.48405389 0.58159446 0.43414129
0.08978282 0.49248272 0.28672035 0.51316099 0.38604887 0.39750282  0.37593433 0.52940928 0.54054731 0.38529553 0.44180906 0.4443118  0.55335148 0.52870875 0.64794989 0.4187707 
0.14474365 0.56681461 0.24946877 0.56776552 0.40276281 0.36213908  0.33316412 0.54860332 0.58148699 0.38379517 0.48059317 0.44071708  0.5137535  0.57496312 0.74853102 0.37275283
0.1807707  0.61922259 0.22198837 0.61483551 0.42069095 0.30530399  0.30005467 0.57934475 0.56963884 0.37161487 0.44390026 0.44184305  0.57613922 0.56943621 0.71000013 0.38576126
0.23505122 0.68981724 0.18448225 0.66316525 0.43656593 0.25139071  0.28929851 0.59671048 0.52922757 0.35229296 0.41794994 0.43459076  0.61186048 0.50053926 0.5503742  0.39540535
0.23505122 0.68981724 0.18448225 0.66316525 0.43656593 0.25139071  0.28929851 0.59671048 0.52922757 0.35229296 0.41794994 0.43459076  0.61186048 0.50053926 0.5503742  0.39540535
0.23505122 0.68981724 0.18448225 0.66316525 0.43656593 0.25139071  0.28929851 0.59671048 0.52922757 0.35229296 0.41794994 0.43459076  0.61186048 0.50053926 0.5503742  0.39540535
0.40366336 0.81053736 0.12751943 0.59514124 0.35895824 0.52149623  0.42291887 0.43537216 0.55555124 0.40854312 0.62178199 0.42042306  0.32836019 0.36281386 0.41861745 0.34584307
0.40366336 0.81053736 0.12751943 0.59514124 0.35895824 0.52149623  0.42291887 0.43537216 0.55555124 0.40854312 0.62178199 0.42042306  0.32836019 0.36281386 0.41861745 0.34584307
0.40366336 0.81053736 0.12751943 0.59514124 0.35895824 0.52149623  0.42291887 0.43537216 0.55555124 0.40854312 0.62178199 0.42042306  0.32836019 0.36281386 0.41861745 0.34584307
0.51101079 0.79536864 0.10407608 0.43385692 0.33361595 0.61793718  0.61944634 0.40478017 0.43235385 0.45635594 0.52487306 0.45612846  0.42308987 0.35243259 0.42836156 0.47959798
0.56324047 0.75110964 0.09211211 0.30418254 0.34843496 0.59677457  0.7318537  0.49777815 0.44141285 0.39386804 0.58813656 0.42747788  0.60811379 0.45263783 0.56700873 0.50068664
0.64468013 0.64957787 0.12281247 0.18681629 0.29825433 0.62182992  0.61375398 0.63551588 0.45966445 0.39549969 0.37648584 0.47797903  0.64267442 0.45717626 0.58958823 0.53966209
0.6601147  0.62229797 0.12950949 0.1664936  0.28916869 0.60475126  0.58485756 0.69628053 0.45661961 0.40293984 0.35935079 0.48539205  0.55049224 0.3954201  0.6420581  0.54169013
0.717295   0.49901562 0.12278765 0.12026158 0.30908118 0.51510882  0.48585321 0.60492464 0.54473534 0.39025245 0.29812983 0.51280481  0.44397992 0.41903557 0.64573643 0.49132145
0.75802386 0.4155796  0.12973512 0.131697   0.3193476  0.49474856  0.37094136 0.52394194 0.55037195 0.37663162 0.29648006 0.49527973  0.4321567  0.3194859  0.4661916  0.36463466
0.76092659 0.32608681 0.13031128 0.15429542 0.34739216 0.53649021  0.36961048 0.41273711 0.520213   0.3971342  0.31140059 0.4502109  0.41253025 0.28845661 0.42553641 0.39968919
0.7816264  0.2860814  0.16506616 0.21754776 0.30632718 0.49101035  0.37730828 0.42246293 0.47810543 0.50121226 0.45506542 0.51063947  0.40908142 0.34482391 0.3923726  0.44559357
0.82155877 0.22496015 0.13504327 0.37974748 0.39364172 0.54888465  0.33915795 0.439301   0.35842779 0.50256249 0.46221453 0.35258824  0.47106043 0.3493522  0.51258363 0.57907255
0.83310485 0.21090732 0.16360568 0.4080122  0.37321663 0.52410805  0.3523602  0.44353142 0.32352824 0.55617732 0.50055591 0.37329143  0.49103646 0.35825409 0.57256327 0.5105449 
0.83310485 0.21090732 0.16360568 0.4080122  0.37321663 0.52410805  0.3523602  0.44353142 0.32352824 0.55617732 0.50055591 0.37329143  0.49103646 0.35825409 0.57256327 0.5105449 
0.83310485 0.21090732 0.16360568 0.4080122  0.37321663 0.52410805  0.3523602  0.44353142 0.32352824 0.55617732 0.50055591 0.37329143  0.49103646 0.35825409 0.57256327 0.5105449 
0.83800622 0.18955737 0.15967265 0.45472469 0.39783864 0.56083988  0.37450758 0.46603299 0.30905349 0.54280243 0.48098483 0.35671236  0.49298758 0.37033881 0.6140667  0.49461768
0.83800622 0.18955737 0.15967265 0.45472469 0.39783864 0.56083988  0.37450758 0.46603299 0.30905349 0.54280243 0.48098483 0.35671236  0.49298758 0.37033881 0.6140667  0.49461768
0.83800622 0.18955737 0.15967265 0.45472469 0.39783864 0.56083988  0.37450758 0.46603299 0.30905349 0.54280243 0.48098483 0.35671236  0.49298758 0.37033881 0.6140667  0.49461768
0.82646014 0.2036102  0.13111024 0.42645998 0.41826373 0.58561648  0.36130532 0.46180257 0.34395303 0.4891876  0.44264345 0.33600916  0.47301156 0.36143693 0.55408706 0.56314534
0.82646014 0.2036102  0.13111024 0.42645998 0.41826373 0.58561648  0.36130532 0.46180257 0.34395303 0.4891876  0.44264345 0.33600916  0.47301156 0.36143693 0.55408706 0.56314534
0.80085895 0.26496556 0.10028839 0.31649515 0.4347067  0.59436451  0.33146015 0.42957517 0.40053535 0.39848443 0.31854969 0.29215966  0.47450926 0.29298489 0.54574744 0.53316816
0.7703736  0.3360168  0.08152931 0.21525825 0.41485081 0.53623807  0.37655758 0.42348591 0.52435947 0.3489195  0.30998375 0.38748171  0.49115325 0.2488308  0.62804216 0.45167321
0.7556709  0.36240303 0.06909185 0.2180605  0.43150275 0.55082233  0.41205829 0.38202238 0.55115898 0.32568243 0.33147983 0.38041317  0.60935239 0.3119897  0.59094733 0.47253424
0.69673908 0.51033311 0.07549007 0.17223897 0.37854294 0.54181124  0.514598   0.26893977 0.6249669  0.33967367 0.28531019 0.49777304  0.74681904 0.50244848 0.51691819 0.43831534
0.66210193 0.53009608 0.04737255 0.20582606 0.43113082 0.46012609  0.58588894 0.21335801 0.66576282 0.3314285  0.4455944  0.48120594  0.65883775 0.53185857 0.61481044 0.43323704
0.6053938  0.65841562 0.06808867 0.26446823 0.38383536 0.55120216  0.68808908 0.29676084 0.52637376 0.40086854 0.43302704 0.48616438  0.66841173 0.57216212 0.67666865 0.4887789 
0.47018228 0.70227885 0.10349714 0.36715158 0.3954022  0.47338929  0.73991869 0.34246033 0.37597128 0.41246293 0.5101776  0.45980104  0.45224352 0.46047596 0.51103926 0.4457842 
0.40023642 0.72194478 0.11509567 0.45014804 0.42663086 0.36665455  0.71526864 0.41650772 0.30182307 0.39139815 0.54568966 0.43106919  0.36194018 0.37838329 0.43168981 0.37353018
0.29022582 0.63452904 0.16878195 0.45980376 0.42402076 0.34637624  0.6793638  0.39631253 0.25689456 0.42669257 0.43451898 0.46595748  0.26397619 0.34391271 0.45029343 0.39949245
0.19702943 0.55189153 0.20996872 0.46608029 0.44332763 0.24915054  0.65478031 0.42923938 0.16034715 0.41417384 0.24173593 0.49338735  0.42925116 0.30875976 0.33097173 0.48045945
0.1258976  0.49562792 0.26045528 0.46652482 0.40319065 0.33487742  0.5697364  0.43073883 0.24686617 0.4138731  0.26162141 0.48743535  0.43663131 0.28617154 0.29671849 0.47896054
0.08996945 0.47576057 0.28607508 0.47986849 0.38637169 0.36917192  0.49053591 0.47813814 0.33970159 0.38381973 0.31772558 0.4592713  0.50201633 0.32698662 0.31021512 0.45812598
0.05336775 0.43914143 0.31083182 0.46832666 0.37416152 0.39938838  0.45143619 0.50292086 0.40448693 0.37548598 0.33684065 0.45259001  0.60541605 0.3574237  0.32371238 0.49045415
0.0359669  0.41528416 0.32451498 0.4475803  0.3655362  0.43713495  0.45451643 0.48803739 0.44505355 0.38647016 0.38754837 0.45115605  0.55109323 0.40426161 0.43204904 0.45813327
0.01790387 0.3898545  0.33817562 0.42642862 0.35681041 0.46717525  0.46152885 0.47694295 0.46991849 0.39350101 0.41724602 0.4497633  0.51968443 0.43336993 0.49846349 0.44236435
0.01790387 0.3898545  0.33817562 0.42642862 0.35681041 0.46717525  0.46152885 0.47694295 0.46991849 0.39350101 0.41724602 0.4497633  0.51968443 0.43336993 0.49846349 0.44236435
0.00039479 0.36283831 0.35232302 0.39930133 0.34523319 0.50234819  0.48417291 0.45702496 0.47508945 0.39693445 0.45000532 0.44589633  0.47476172 0.42761975 0.50206904 0.41641874
0.00039479 0.36283831 0.35232302 0.39930133 0.34523319 0.50234819  0.48417291 0.45702496 0.47508945 0.39693445 0.45000532 0.44589633  0.47476172 0.42761975 0.50206904 0.41641874
0.00039479 0.36283831 0.35232302 0.39930133 0.34523319 0.50234819  0.48417291 0.45702496 0.47508945 0.39693445 0.45000532 0.44589633  0.47476172 0.42761975 0.50206904 0.41641874
0.00039479 0.36283831 0.35232302 0.39930133 0.34523319 0.50234819  0.48417291 0.45702496 0.47508945 0.39693445 0.45000532 0.44589633  0.47476172 0.42761975 0.50206904 0.41641874
0.00039479 0.36283831 0.35232302 0.39930133 0.34523319 0.50234819  0.48417291 0.45702496 0.47508945 0.39693445 0.45000532 0.44589633  0.47476172 0.42761975 0.50206904 0.41641874
0.00039479 0.36283831 0.35232302 0.39930133 0.34523319 0.50234819  0.48417291 0.45702496 0.47508945 0.39693445 0.45000532 0.44589633  0.47476172 0.42761975 0.50206904 0.41641874
0.00039479 0.36283831 0.35232302 0.39930133 0.34523319 0.50234819  0.48417291 0.45702496 0.47508945 0.39693445 0.45000532 0.44589633  0.47476172 0.42761975 0.50206904 0.41641874
0.00039479 0.36283831 0.35232302 0.39930133 0.34523319 0.50234819  0.48417291 0.45702496 0.47508945 0.39693445 0.45000532 0.44589633  0.47476172 0.42761975 0.50206904 0.41641874
0.00039479 0.36283831 0.35232302 0.39930133 0.34523319 0.50234819  0.48417291 0.45702496 0.47508945 0.39693445 0.45000532 0.44589633  0.47476172 0.42761975 0.50206904 0.41641874
0.00039479 0.36283831 0.35232302 0.39930133 0.34523319 0.50234819  0.48417291 0.45702496 0.47508945 0.39693445 0.45000532 0.44589633  0.47476172 0.42761975 0.50206904 0.41641874
0.00039479 0.36283831 0.35232302 0.39930133 0.34523319 0.50234819  0.48417291 0.45702496 0.47508945 0.39693445 0.45000532 0.44589633  0.47476172 0.42761975 0.50206904 0.41641874
