0.00039479 0.36283831 0.35232302 0.39930133 0.34523319 0.50234819  0.48417291 0.45702496 0.47508945 0.39693445 0.45000532 0.44589633  0.47476172 0.42761975 0.50206904 0.41641874
0.00039479 0.36283831 0.35232302 0.39930133 0.34523319 0.50234819  0.48417291 0.45702496 0.47508945 0.39693445 0.45000532 0.44589633  0.47476172 0.42761975 0.50206904 0.41641874
0.00039479 0.36283831 0.35232302 0.39930133 0.34523319 0.50234819  0.48417291 0.45702496 0.47508945 0.39693445 0.45000532 0.44589633  0.47476172 0.42761975 0.50206904 0.41641874
0.00039479 0.36283831 0.35232302 0.39930133 0.34523319 0.50234819  0.48417291 0.45702496 0.47508945 0.39693445 0.45000532 0.44589633  0.47476172 0.42761975 0.50206904 0.41641874
0.00039479 0.36283831 0.35232302 0.39930133 0.34523319 0.50234819  0.48417291 0.45702496 0.47508945 0.39693445 0.45000532 0.44589633  0.47476172 0.42761975 0.50206904 0.41641874
0.00039479 0.36283831 0.35232302 0.39930133 0.34523319 0.50234819  0.48417291 0.45702496 0.47508945 0.39693445 0.45000532 0.44589633  0.47476172 0.42761975 0.50206904 0.41641874
0.00039479 0.36283831 0.35232302 0.39930133 0.34523319 0.50234819  0.48417291 0.45702496 0.47508945 0.39693445 0.45000532 0.44589633  0.47476172 0.42761975 0.50206904 0.41641874
0.00039479 0.36283831 0.35232302 0.39930133 0.34523319 0.50234819  0.48417291 0.45702496 0.47508945 0.39693445 0.45000532 0.44589633  0.47476172 0.42761975 0.50206904 0.41641874
0.00039479 0.36283831 0.35232302 0.39930133 0.34523319 0.50234819  0.48417291 0.45702496 0.47508945 0.39693445 0.45000532 0.44589633  0.47476172 0.42761975 0.50206904 0.41641874
0.00039479 0.36283831 0.35232302 0.39930133 0.34523319 0.50234819  0.48417291 0.45702496 0.47508945 0.39693445 0.45000532 0.44589633  0.47476172 0.42761975 0.50206904 0.41641874
0.00039479 0.36283831 0.35232302 0.39930133 0.34523319 0.50234819  0.48417291 0.45702496 0.47508945 0.39693445 0.45000532 0.44589633  0.47476172 0.42761975 0.50206904 0.41641874
0.00039479 0.36283831 0.35232302 0.39930133 0.34523319 0.50234819  0.48417291 0.45702496 0.47508945 0.39693445 0.45000532 0.44589633  0.47476172 0.42761975 0.50206904 0.41641874
0.00039479 0.36283831 0.35232302 0.39930133 0.34523319 0.50234819  0.48417291 0.45702496 0.47508945 0.39693445 0.45000532 0.44589633  0.47476172 0.42761975 0.50206904 0.41641874
0.00039479 0.36283831 0.35232302 0.39930133 0.34523319 0.50234819  0.48417291 0.45702496 0.47508945 0.39693445 0.45000532 0.44589633  0.47476172 0.42761975 0.50206904 0.41641874
0.00039479 0.36283831 0.35232302 0.39930133 0.34523319 0.50234819  0.48417291 0.45702496 0.47508945 0.39693445 0.45000532 0.44589633  0.47476172 0.42761975 0.50206904 0.41641874
0.00039479 0.36283831 0.35232302 0.39930133 0.34523319 0.50234819  0.48417291 0.45702496 0.47508945 0.39693445 0.45000532 0.44589633  0.47476172 0.42761975 0.50206904 0.41641874
0.00039479 0.36283831 0.35232302 0.39930133 0.34523319 0.50234819  0.48417291 0.45702496 0.47508945 0.39693445 0.45000532 0.44589633  0.47476172 0.42761975 0.50206904 0.41641874
0.00039479 0.36283831 0.35232302 0.39930133 0.34523319 0.50234819  0.48417291 0.45702496 0.47508945 0.39693445 0.45000532 0.44589633  0.47476172 0.42761975 0.50206904 0.41641874
0.00039479 0.36283831 0.35232302 0.39930133 0.34523319 0.50234819  0.48417291 0.45702496 0.47508945 0.39693445 0.45000532 0.44589633  0.47476172 0.42761975 0.50206904 0.41641874
0.00039479 0.36283831 0.35232302 0.39930133 0.34523319 0.50234819  0.48417291 0.45702496 0.47508945 0.39693445 0.45000532 0.44589633  0.47476172 0.42761975 0.50206904 0.41641874
0.00039479 0.36283831 0.35232302 0.39930133 0.34523319 0.50234819  0.48417291 0.45702496 0.47508945 0.39693445 0.45000532 0.44589633  0.47476172 0.42761975 0.50206904 0.41641874
0.00039479 0.36283831 0.35232302 0.39930133 0.34523319 0.50234819  0.48417291 0.45702496 0.47508945 0.39693445 0.45000532 0.44589633  0.47476172 0.42761975 0.50206904 0.41641874
0.00039479 0.36283831 0.35232302 0.39930133 0.34523319 0.50234819  0.48417291 0.45702496 0.47508945 0.39693445 0.45000532 0.44589633  0.47476172 0.42761975 0.50206904 0.41641874
0.00039479 0.36283831 0.35232302 0.39930133 0.34523319 0.50234819  0.48417291 0.45702496 0.47508945 0.39693445 0.45000532 0.44589633  0.47476172 0.42761975 0.50206904 0.41641874
0.00039479 0.36283831 0.35232302 0.39930133 0.34523319 0.50234819  0.48417291 0.45702496 0.47508945 0.39693445 0.45000532 0.44589633  0.47476172 0.42761975 0.50206904 0.41641874
0.00039479 0.36283831 0.35232302 0.39930133 0.34523319 0.50234819  0.48417291 0.45702496 0.47508945 0.39693445 0.45000532 0.44589633  0.47476172 0.42761975 0.50206904 0.41641874
0.00039479 0.36283831 0.35232302 0.39930133 0.34523319 0.50234819  0.48417291 0.45702496 0.47508945 0.39693445 0.45000532 0.44589633  0.47476172 0.42761975 0.50206904 0.41641874
0.00039479 0.36283831 0.35232302 0.39930133 0.34523319 0.50234819  0.48417291 0.45702496 0.47508945 0.39693445 0.45000532 0.44589633  0.47476172 0.42761975 0.50206904 0.41641874
0.00039479 0.36283831 0.35232302 0.39930133 0.34523319 0.50234819  0.48417291 0.45702496 0.47508945 0.39693445 0.45000532 0.44589633  0.47476172 0.42761975 0.50206904 0.41641874
0.00039479 0.36283831 0.35232302 0.39930133 0.34523319 0.50234819  0.48417291 0.45702496 0.47508945 0.39693445 0.45000532 0.44589633  0.47476172 0.42761975 0.50206904 0.41641874
0.00039479 0.36283831 0.35232302 0.39930133 0.34523319 0.50234819  0.48417291 0.45702496 0.47508945 0.39693445 0.45000532 0.44589633  0.47476172 0.42761975 0.50206904 0.41641874
0.00039479 0.36283831 0.35232302 0.39930133 0.34523319 0.50234819  0.48417291 0.45702496 0.47508945 0.39693445 0.45000532 0.44589633  0.47476172 0.42761975 0.50206904 0.41641874
0.00039479 0.36283831 0.35232302 0.39930133 0.34523319 0.50234819  0.48417291 0.45702496 0.47508945 0.39693445 0.45000532 0.44589633  0.47476172 0.42761975 0.50206904 0.41641874
0.00039479 0.36283831 0.35232302 0.39930133 0.34523319 0.50234819  0.48417291 0.45702496 0.47508945 0.39693445 0.45000532 0.44589633  0.47476172 0.42761975 0.50206904 0.41641874
0.00039479 0.36283831 0.35232302 0.39930133 0.34523319 0.50234819  0.48417291 0.45702496 0.47508945 0.39693445 0.45000532 0.44589633  0.47476172 0.42761975 0.50206904 0.41641874
0.00039479 0.36283831 0.35232302 0.39930133 0.34523319 0.50234819  0.48417291 0.45702496 0.47508945 0.39693445 0.45000532 0.44589633  0.47476172 0.42761975 0.50206904 0.41641874
0.00039479 0.36283831 0.35232302 0.39930133 0.34523319 0.50234819  0.48417291 0.45702496 0.47508945 0.39693445 0.45000532 0.44589633  0.47476172 0.42761975 0.50206904 0.41641874
0.00039479 0.36283831 0.35232302 0.39930133 0.34523319 0.50234819  0.48417291 0.45702496 0.47508945 0.39693445 0.45000532 0.44589633  0.47476172 0.42761975 0.50206904 0.41641874
0.00039479 0.36283831 0.35232302 0.39930133 0.34523319 0.50234819  0.48417291 0.45702496 0.47508945 0.39693445 0.45000532 0.44589633  0.47476172 0.42761975 0.50206904 0.41641874
0.00039479 0.36283831 0.35232302 0.39930133 0.34523319 0.50234819  0.48417291 0.45702496 0.47508945 0.39693445 0.45000532 0.44589633  0.47476172 0.42761975 0.50206904 0.41641874
0.00039479 0.36283831 0.35232302 0.39930133 0.34523319 0.50234819  0.48417291 0.45702496 0.47508945 0.39693445 0.45000532 0.44589633  0.47476172 0.42761975 0.50206904 0.41641874
0.00039479 0.36283831 0.35232302 0.39930133 0.34523319 0.50234819  0.48417291 0.45702496 0.47508945 0.39693445 0.45000532 0.44589633  0.47476172 0.42761975 0.50206904 0.41641874
0.00039479 0.36283831 0.35232302 0.39930133 0.34523319 0.50234819  0.48417291 0.45702496 0.47508945 0.39693445 0.45000532 0.44589633  0.47476172 0.42761975 0.50206904 0.41641874
0.00039479 0.36283831 0.35232302 0.39930133 0.34523319 0.50234819  0.48417291 0.45702496 0.47508945 0.39693445 0.45000532 0.44589633  0.47476172 0.42761975 0.50206904 0.41641874
0.00039479 0.36283831 0.35232302 0.39930133 0.34523319 0.50234819  0.48417291 0.45702496 0.47508945 0.39693445 0.45000532 0.44589633  0.47476172 0.42761975 0.50206904 0.41641874
0.00039479 0.36283831 0.35232302 0.39930133 0.34523319 0.50234819  0.48417291 0.45702496 0.47508945 0.39693445 0.45000532 0.44589633  0.47476172 0.42761975 0.50206904 0.41641874
0.00039479 0.36283831 0.35232302 0.39930133 0.34523319 0.50234819  0.48417291 0.45702496 0.47508945 0.39693445 0.45000532 0.44589633  0.47476172 0.42761975 0.50206904 0.41641874
0.00039479 0.36283831 0.35232302 0.39930133 0.34523319 0.50234819  0.48417291 0.45702496 0.47508945 0.39693445 0.45000532 0.44589633  0.47476172 0.42761975 0.50206904 0.41641874
0.00039479 0.36283831 0.35232302 0.39930133 0.34523319 0.50234819  0.48417291 0.45702496 0.47508945 0.39693445 0.45000532 0.44589633  0.47476172 0.42761975 0.50206904 0.41641874
0.00039479 0.36283831 0.35232302 0.39930133 0.34523319 0.50234819  0.48417291 0.45702496 0.47508945 0.39693445 0.45000532 0.44589633  0.47476172 0.42761975 0.50206904 0.41641874
0.00039479 0.36283831 0.35232302 0.39930133 0.34523319 0.50234819  0.48417291 0.45702496 0.47508945 0.39693445 0.45000532 0.44589633  0.47476172 0.42761975 0.50206904 0.41641874
0.00039479 0.36283831 0.35232302 0.39930133 0.34523319 0.50234819  0.48417291 0.45702496 0.47508945 0.39693445 0.45000532 0.44589633  0.47476172 0.42761975 0.50206904 0.41641874
0.11156293 0.47875457 0.30178706 0.43236015 0.32010573 0.60810067  0.43951362 0.43535266 0.61644817 0.42396457 0.60124038 0.43484283  0.37877978 0.45623118 0.62004488 0.39170784
0.30745025 0.54892039 0.23969077 0.35573627 0.3122163  0.60142694  0.4047036  0.69212249 0.71815196 0.34936562 0.75729348 0.38547139  0.45407172 0.48155735 0.71218561 0.39642815
0.46699889 0.62672786 0.17740163 0.33863848 0.31808772 0.53385284  0.3789281  0.85707247 0.71150943 0.28987217 0.73394675 0.3658741  0.58914757 0.44150617 0.70817908 0.42220179
0.50199932 0.63884918 0.15665821 0.31619417 0.33701025 0.48291156  0.43477014 0.87939801 0.65751511 0.2675342  0.69981302 0.3608207  0.69038892 0.43340954 0.65980694 0.44949651
0.52889357 0.62800984 0.16087657 0.35414341 0.30839255 0.51775255  0.43383775 0.84351894 0.69176189 0.3672877  0.77643867 0.4166568  0.6586018  0.44382089 0.6756421  0.57104496
0.5608845  0.59219814 0.18762699 0.33486484 0.26537293 0.54492894  0.36191592 0.91427706 0.64451118 0.3969271  0.676735   0.43305619  0.58244428 0.36735572 0.6586114  0.5555933 
0.59654171 0.59098852 0.20275028 0.31201514 0.21734116 0.65548417  0.31007244 0.90193759 0.65091752 0.43950823 0.55878323 0.46271307  0.62862162 0.34822893 0.63948777 0.60450963
0.59762686 0.61147467 0.2002522  0.33563736 0.20824395 0.67245999  0.3098547  0.87485405 0.61906916 0.44253552 0.57761997 0.45705955  0.50852072 0.28406487 0.53752412 0.56482501
0.60157652 0.62218828 0.22080446 0.3245935  0.1896361  0.67634688  0.29051948 0.87670546 0.5665325  0.43778644 0.52435887 0.45470467  0.47956602 0.30719769 0.58193901 0.44620096
0.60619924 0.65551173 0.20835789 0.34054904 0.1935397  0.71726647  0.28509425 0.80857631 0.46650626 0.43802062 0.39139979 0.44315846  0.34135882 0.18660989 0.41285528 0.38074424
0.62379883 0.64377579 0.20129764 0.29735835 0.2038369  0.70407175  0.34401653 0.81601839 0.45307857 0.42666683 0.40797378 0.43667109  0.38827733 0.22535117 0.4728198  0.3757181 
0.67523534 0.61290278 0.17051998 0.19586766 0.24051593 0.63049618  0.51527021 0.79503703 0.34025396 0.45028408 0.34020075 0.47526855  0.40655964 0.24543123 0.58471424 0.44300899
0.67523534 0.61290278 0.17051998 0.19586766 0.24051593 0.63049618  0.51527021 0.79503703 0.34025396 0.45028408 0.34020075 0.47526855  0.40655964 0.24543123 0.58471424 0.44300899
0.67523534 0.61290278 0.17051998 0.19586766 0.24051593 0.63049618  0.51527021 0.79503703 0.34025396 0.45028408 0.34020075 0.47526855  0.40655964 0.24543123 0.58471424 0.44300899
0.70495961 0.55317457 0.15812301 0.15281277 0.25642507 0.59021487  0.49689032 0.67839102 0.40927365 0.45493122 0.22802996 0.52682988  0.44362088 0.39877724 0.68340869 0.45951221
0.7321     0.4880292  0.14158173 0.1341015  0.28597647 0.5522249  0.4508681  0.57750578 0.47180062 0.43337432 0.19016221 0.53884252  0.46667918 0.41456639 0.6747926  0.42990293
0.77037179 0.40333841 0.15227042 0.15669883 0.29299932 0.49224018  0.37719233 0.45987658 0.49406593 0.45571168 0.23604596 0.55599259  0.45923872 0.38733384 0.57680718 0.32691945
0.79115275 0.34260838 0.15286352 0.19828991 0.29777387 0.44397759  0.35325443 0.44929646 0.5242056  0.48306303 0.39720617 0.56283348  0.45194457 0.34203147 0.44399327 0.38212809
0.79115275 0.34260838 0.15286352 0.19828991 0.29777387 0.44397759  0.35325443 0.44929646 0.5242056  0.48306303 0.39720617 0.56283348  0.45194457 0.34203147 0.44399327 0.38212809
0.80076864 0.30243359 0.14413038 0.28091078 0.34891593 0.51208082  0.39551543 0.48199238 0.51557171 0.45733928 0.34129742 0.52158776  0.44139418 0.38558117 0.50527336 0.35579769
0.815737   0.24416479 0.13402088 0.37146247 0.39931329 0.57177808  0.39088919 0.47825117 0.4382183  0.46646606 0.35535942 0.41424587  0.45261398 0.39004382 0.55779071 0.4435455 
0.83489447 0.20025437 0.15647085 0.44432387 0.40406814 0.57666236  0.39723635 0.48243191 0.35438749 0.51460025 0.40783327 0.38095673  0.48546022 0.37671533 0.65670017 0.40214859
0.83489447 0.20025437 0.15647085 0.44432387 0.40406814 0.57666236  0.39723635 0.48243191 0.35438749 0.51460025 0.40783327 0.38095673  0.48546022 0.37671533 0.65670017 0.40214859
0.84272075 0.17073254 0.15487253 0.49063307 0.42435869 0.59221129  0.3946212  0.47622733 0.31489435 0.53045356 0.44464715 0.33204571  0.48048607 0.40180378 0.63384336 0.4842145 
0.84272075 0.17073254 0.15487253 0.49063307 0.42435869 0.59221129  0.3946212  0.47622733 0.31489435 0.53045356 0.44464715 0.33204571  0.48048607 0.40180378 0.63384336 0.4842145 
0.82334839 0.2143072  0.12790844 0.41605916 0.42449322 0.60143896  0.38403409 0.47820149 0.38928703 0.46098542 0.36949189 0.36025354  0.4654842  0.36781345 0.59672053 0.47067624
0.79503718 0.2841702  0.099266   0.30821013 0.44037828 0.61725794  0.38319139 0.46852535 0.48032586 0.362388   0.21169459 0.3538173  0.4560628  0.33367651 0.59095452 0.39764111
0.72789242 0.45773556 0.08903931 0.12557578 0.36356117 0.51069479  0.46328119 0.40233599 0.6187462  0.36406978 0.2546431  0.51483709  0.59956313 0.418504   0.5901102  0.45241958
0.72789242 0.45773556 0.08903931 0.12557578 0.36356117 0.51069479  0.46328119 0.40233599 0.6187462  0.36406978 0.2546431  0.51483709  0.59956313 0.418504   0.5901102  0.45241958
0.58800872 0.67429278 0.06563009 0.30575776 0.38930901 0.54592659  0.67655907 0.23064462 0.5234796  0.42319393 0.42544625 0.49890728  0.60170073 0.55643304 0.66796011 0.47078774
0.56054567 0.73761466 0.08268952 0.32677243 0.36189043 0.57462075  0.71262659 0.36202045 0.46853089 0.42620739 0.51303395 0.46953994  0.55865407 0.51118612 0.61857934 0.48965786
0.52906469 0.78820068 0.09336626 0.38841304 0.34732777 0.60797626  0.70061735 0.39068725 0.41489499 0.43795197 0.56221965 0.44478585  0.48337353 0.40582652 0.48947905 0.4686588 
0.51122529 0.79950986 0.09455724 0.43195576 0.3493868  0.5994669  0.66683861 0.34610602 0.416032   0.46732754 0.53386627 0.462384  0.40329739 0.37544479 0.47961754 0.45658068
0.51122529 0.79950986 0.09455724 0.43195576 0.3493868  0.5994669  0.66683861 0.34610602 0.416032   0.46732754 0.53386627 0.462384  0.40329739 0.37544479 0.47961754 0.45658068
0.51122529 0.79950986 0.09455724 0.43195576 0.3493868  0.5994669  0.66683861 0.34610602 0.416032   0.46732754 0.53386627 0.462384  0.40329739 0.37544479 0.47961754 0.45658068
0.54375498 0.75882854 0.08640224 0.36971339 0.35530959 0.591098  0.69292025 0.32104577 0.4449072  0.44796593 0.49469783 0.47410501  0.50062481 0.48010388 0.54975819 0.47562118
0.54375498 0.75882854 0.08640224 0.36971339 0.35530959 0.591098  0.69292025 0.32104577 0.4449072  0.44796593 0.49469783 0.47410501  0.50062481 0.48010388 0.54975819 0.47562118
0.64365164 0.64552337 0.10899623 0.19445715 0.31213228 0.61898945  0.62847728 0.49324283 0.49285251 0.3885577  0.32249606 0.49764718  0.71499943 0.55364195 0.62914523 0.53454827
0.72789242 0.45773556 0.08903931 0.12557578 0.36356117 0.51069479  0.46328119 0.40233599 0.6187462  0.36406978 0.2546431  0.51483709  0.59956313 0.418504   0.5901102  0.45241958
0.72789242 0.45773556 0.08903931 0.12557578 0.36356117 0.51069479  0.46328119 0.40233599 0.6187462  0.36406978 0.2546431  0.51483709  0.59956313 0.418504   0.5901102  0.45241958
0.77045293 0.38261378 0.11810865 0.13503757 0.33883886 0.48945744  0.34555663 0.43957064 0.56631317 0.37898498 0.25354133 0.50240491  0.4553934  0.28566417 0.47715708 0.3362237 
0.83435489 0.41755855 0.37886336 0.21145875 0.2876333  0.44027305  0.31856138 0.35003773 0.42805902 0.328012   0.3128612  0.48975894  0.47073326 0.51199566 0.39089601 0.23305369
0.8984012  0.50713334 0.73879738 0.17547182 0.66014475 0.40698959  0.362452   0.29712525 0.4615586  0.34957289 0.36716884 0.52820272  0.57924608 0.3231002  0.62615879 0.15955607
0.90560835 0.47896896 0.73601471 0.22257846 0.6837836  0.43264097  0.36473915 0.29913066 0.42778627 0.36454417 0.38122382 0.47674158  0.57349975 0.34992717 0.62274426 0.22726438
0.90560835 0.47896896 0.73601471 0.22257846 0.6837836  0.43264097  0.36473915 0.29913066 0.42778627 0.36454417 0.38122382 0.47674158  0.57349975 0.34992717 0.62274426 0.22726438
0.90987742 0.486755   0.76281135 0.20695142 0.70889526 0.39969442  0.40059442 0.31926885 0.51200472 0.48756031 0.34733165 0.39400195  0.57092293 0.37048816 0.56441326 0.2416245 
0.90526693 0.4692109  0.71968974 0.24240649 0.59931879 0.39114664  0.41311446 0.30115986 0.50505035 0.42921052 0.30358515 0.34858587  0.57647494 0.38442822 0.57254508 0.19364583
0.90526693 0.4692109  0.71968974 0.24240649 0.59931879 0.39114664  0.41311446 0.30115986 0.50505035 0.42921052 0.30358515 0.34858587  0.57647494 0.38442822 0.57254508 0.19364583
0.9045524  0.46501915 0.70975906 0.25416648 0.55595776 0.3811995  0.42563786 0.29666664 0.5192518  0.42381723 0.27291705 0.30085596  0.56721384 0.40438763 0.56212037 0.17658021
0.88861287 0.40894908 0.58610502 0.32324473 0.35921889 0.37984049  0.41902635 0.28746669 0.43901884 0.28103443 0.34957407 0.45870947  0.54359508 0.35512472 0.65669544 0.27233954
0.86085844 0.34299247 0.40650595 0.35030697 0.2414124  0.40161717  0.38785411 0.32320919 0.35873704 0.33859347 0.43495788 0.57150886  0.65089668 0.38006865 0.65034831 0.22597875
0.87349539 0.27083079 0.37173681 0.45575628 0.24146278 0.44228736  0.38924352 0.31280157 0.28410023 0.3535262  0.47656206 0.47218105  0.67571252 0.3833623  0.67739433 0.34849834
0.88110678 0.24097321 0.36562437 0.50035297 0.26664271 0.47194824  0.38238843 0.31275189 0.23516897 0.34804556 0.49069453 0.41818872  0.68858274 0.36113192 0.71632415 0.37562908
0.89072268 0.20079842 0.35689123 0.58297384 0.31778476 0.54005148  0.42464943 0.3454478  0.22653508 0.3223218  0.43478577 0.37694299  0.67803234 0.40468162 0.77760424 0.34929868
0.89909776 0.17543891 0.36399253 0.62012194 0.3065562  0.5153681  0.43816594 0.34938501 0.23174962 0.37673537 0.53324874 0.40833472  0.69078528 0.42129886 0.73881489 0.4315629 
0.88926541 0.14218372 0.29076472 0.63663619 0.35248086 0.57700325  0.43714063 0.4252625  0.21615381 0.50574087 0.51717689 0.39116665  0.67497389 0.50313501 0.66940774 0.35652708
0.88011773 0.13669114 0.25349043 0.61887044 0.37583444 0.5877272  0.43709526 0.45303756 0.22581736 0.53361481 0.50062511 0.37681876  0.63852463 0.45847863 0.69989321 0.3389575 
0.88011773 0.13669114 0.25349043 0.61887044 0.37583444 0.5877272  0.43709526 0.45303756 0.22581736 0.53361481 0.50062511 0.37681876  0.63852463 0.45847863 0.69989321 0.3389575 
0.85971803 0.1413696  0.18328565 0.56731137 0.42557495 0.62435907  0.4102881  0.48361089 0.25049832 0.52156866 0.44927891 0.33279642  0.54574915 0.43511107 0.67938656 0.38936809
0.82747212 0.19542784 0.11996836 0.47579432 0.48706502 0.69461553  0.38938805 0.46965465 0.32750543 0.36387577 0.26727269 0.25166465  0.52922195 0.36984188 0.65257073 0.41199136
0.81537622 0.20344082 0.08762222 0.44582851 0.51047077 0.69919957  0.39586853 0.48477267 0.3774267  0.35938579 0.24306986 0.23433486  0.46590999 0.34861932 0.64853095 0.49091055
0.79209802 0.24632768 0.06608046 0.39169825 0.51425372 0.66672452  0.44325311 0.4806888  0.46747849 0.32479214 0.24855892 0.27819578  0.47680764 0.33129219 0.72741115 0.4771239 
0.75375345 0.36878318 0.06896842 0.2184527  0.43604866 0.56084722  0.43626295 0.39369204 0.58334352 0.31546615 0.28850159 0.39906513  0.60312236 0.33897679 0.61701626 0.43007176
0.57437292 0.55935126 0.04496795 0.31445048 0.49207905 0.29870549  0.61227503 0.20308338 0.5530479  0.33421587 0.45245339 0.47371516  0.50801065 0.50067069 0.68789245 0.31537464
0.45559268 0.78070833 0.08969641 0.47723881 0.41492153 0.410623  0.68411723 0.38543368 0.35279698 0.42387927 0.55337702 0.44703778  0.31900288 0.40959687 0.54182653 0.35551113
0.17916562 0.57519662 0.22057312 0.53977674 0.43029992 0.26732873  0.49588882 0.47760067 0.2882606  0.41635555 0.23814149 0.49588115  0.48456802 0.34940538 0.41480356 0.50684961
0.03544839 0.41404176 0.32462587 0.44710978 0.36503751 0.43337561  0.45603541 0.49115319 0.43842582 0.38389341 0.37735876 0.45056284  0.56420009 0.3942791  0.4095445  0.46588946
0.00039479 0.36283831 0.35232302 0.39930133 0.34523319 0.50234819  0.48417291 0.45702496 0.47508945 0.39693445 0.45000532 0.44589633  0.47476172 0.42761975 0.50206904 0.41641874
0.00039479 0.36283831 0.35232302 0.39930133 0.34523319 0.50234819  0.48417291 0.45702496 0.47508945 0.39693445 0.45000532 0.44589633  0.47476172 0.42761975 0.50206904 0.41641874
0.00039479 0.36283831 0.35232302 0.39930133 0.34523319 0.50234819  0.48417291 0.45702496 0.47508945 0.39693445 0.45000532 0.44589633  0.47476172 0.42761975 0.50206904 0.41641874
0.00039479 0.36283831 0.35232302 0.39930133 0.34523319 0.50234819  0.48417291 0.45702496 0.47508945 0.39693445 0.45000532 0.44589633  0.47476172 0.42761975 0.50206904 0.41641874
0.00039479 0.36283831 0.35232302 0.39930133 0.34523319 0.50234819  0.48417291 0.45702496 0.47508945 0.39693445 0.45000532 0.44589633  0.47476172 0.42761975 0.50206904 0.41641874
0.00039479 0.36283831 0.35232302 0.39930133 0.34523319 0.50234819  0.48417291 0.45702496 0.47508945 0.39693445 0.45000532 0.44589633  0.47476172 0.42761975 0.50206904 0.41641874
0.01865742 0.3880557  0.34025579 0.41843982 0.3494262  0.49750935  0.46205159 0.46401308 0.50597385 0.40376969 0.46950961 0.4478266  0.44969389 0.45506031 0.57557814 0.40855754
0.03631018 0.41540188 0.32624181 0.4455019  0.36060521 0.46628334  0.43699433 0.48325785 0.50987685 0.40171282 0.44757077 0.45105915  0.48480944 0.46855757 0.59139026 0.42570739
0.19795733 0.64050115 0.21160515 0.63378754 0.41949568 0.29082666  0.29289315 0.57851727 0.51231633 0.39448513 0.32699113 0.4701255  0.62370517 0.46153791 0.56652903 0.50147498
0.29082203 0.74719787 0.16258789 0.68412143 0.4126472  0.34081881  0.25984336 0.53401816 0.58778509 0.42852519 0.41939891 0.47200023  0.46984945 0.48043082 0.66770791 0.42820069
0.34720959 0.78459453 0.15213045 0.65689475 0.36931807 0.48964022  0.27451741 0.46296826 0.65629284 0.45591761 0.5081479  0.4650596  0.4348531  0.45893406 0.61771805 0.43198952
0.40343091 0.8007634  0.15511196 0.5957954  0.3058326  0.66343265  0.28722977 0.45309638 0.70901758 0.45371406 0.550006   0.45055164  0.55642592 0.41144441 0.48545025 0.49774096
0.40343091 0.8007634  0.15511196 0.5957954  0.3058326  0.66343265  0.28722977 0.45309638 0.70901758 0.45371406 0.550006   0.45055164  0.55642592 0.41144441 0.48545025 0.49774096
0.40343091 0.8007634  0.15511196 0.5957954  0.3058326  0.66343265  0.28722977 0.45309638 0.70901758 0.45371406 0.550006   0.45055164  0.55642592 0.41144441 0.48545025 0.49774096
0.40343091 0.8007634  0.15511196 0.5957954  0.3058326  0.66343265  0.28722977 0.45309638 0.70901758 0.45371406 0.550006   0.45055164  0.55642592 0.41144441 0.48545025 0.49774096
0.40343091 0.8007634  0.15511196 0.5957954  0.3058326  0.66343265  0.28722977 0.45309638 0.70901758 0.45371406 0.550006   0.45055164  0.55642592 0.41144441 0.48545025 0.49774096
0.40343091 0.8007634  0.15511196 0.5957954  0.3058326  0.66343265  0.28722977 0.45309638 0.70901758 0.45371406 0.550006   0.45055164  0.55642592 0.41144441 0.48545025 0.49774096
0.40343091 0.8007634  0.15511196 0.5957954  0.3058326  0.66343265  0.28722977 0.45309638 0.70901758 0.45371406 0.550006   0.45055164  0.55642592 0.41144441 0.48545025 0.49774096
0.40343091 0.8007634  0.15511196 0.5957954  0.3058326  0.66343265  0.28722977 0.45309638 0.70901758 0.45371406 0.550006   0.45055164  0.55642592 0.41144441 0.48545025 0.49774096
0.45037    0.80211066 0.24997838 0.56691983 0.27195246 0.75014175  0.19835625 0.47759106 0.64543863 0.42215533 0.40003141 0.47049275  0.6605348  0.4338554  0.3520061  0.49758919
0.47329875 0.83453503 0.36830599 0.56778572 0.32163825 0.74759123  0.17403589 0.44061158 0.60891733 0.40691153 0.42123234 0.46424433  0.6694926  0.53130668 0.29649384 0.47433308
0.56914047 0.86957187 0.75291818 0.61470686 0.48126966 0.6621297  0.20845531 0.41680823 0.58214605 0.60313888 0.40411237 0.38883364  0.75388163 0.4856432  0.38932851 0.18634544
0.58034163 0.89159437 0.82957757 0.58652091 0.62759979 0.67397617  0.19260136 0.40965901 0.57053402 0.60636275 0.49026232 0.50751734  0.80985202 0.39599521 0.44254864 0.26680321
0.61088803 0.84311946 0.85601638 0.54897586 0.64407498 0.65904201  0.1206119  0.52668778 0.52677589 0.65272901 0.48816236 0.57280575  0.64828395 0.29310614 0.50460244 0.27589291
0.65975744 0.7738673  0.86633554 0.45428022 0.62989175 0.62804994  0.0895399  0.71009758 0.54984111 0.61964111 0.4854226  0.56951676  0.60465589 0.22414725 0.62711515 0.30819221
0.7551416  0.75161218 0.87382495 0.2679123  0.63902796 0.61271991  0.33336681 0.77222617 0.50156131 0.50280991 0.6018264  0.46814732  0.68249766 0.32211839 0.67904216 0.28259819
0.75501668 0.74838321 0.86667583 0.27631461 0.60000469 0.59903202  0.34743516 0.7692925  0.51534406 0.49663668 0.56889824 0.41957847  0.67079285 0.33966023 0.67480534 0.26472366
0.77276501 0.73944642 0.84953136 0.24868731 0.57848505 0.55320766  0.44973007 0.75070216 0.4968686  0.53829664 0.51149356 0.35513677  0.65698601 0.37046003 0.6826971  0.25496785
0.79364813 0.73018388 0.8261928  0.29240776 0.49044452 0.49656509  0.57660048 0.7150777  0.53388559 0.57371085 0.43259957 0.28560823  0.56179237 0.29294653 0.60024199 0.28027741
0.81085224 0.72736265 0.81224115 0.26884753 0.50452198 0.4662649  0.6500822  0.67485336 0.44919029 0.60610662 0.35880242 0.31719339  0.52924773 0.26972661 0.61163889 0.32307221
0.80375857 0.69851838 0.74963417 0.30515226 0.37408504 0.43449408  0.68535797 0.67731642 0.48500283 0.64521039 0.3256889  0.26599816  0.5539349  0.29656622 0.58485585 0.30324958
0.79848733 0.62621423 0.65112236 0.39124572 0.20460599 0.39063905  0.72388837 0.69742697 0.47232721 0.66464391 0.44591034 0.35729808  0.56150493 0.26586035 0.61883892 0.40886925
0.7882018  0.60931576 0.59242508 0.39128876 0.17078607 0.3945454  0.7251727  0.72600502 0.49015321 0.75324746 0.44698727 0.35507083  0.57203301 0.30305509 0.54386743 0.38946047
0.8118753  0.52600996 0.54937846 0.3763806  0.18364115 0.33670369  0.67099554 0.66394062 0.56371479 0.70004714 0.5079792  0.40303242  0.59207634 0.29115278 0.4644961  0.38077058
0.8281015  0.41942058 0.45519062 0.39615944 0.16434279 0.31091577  0.63148182 0.6369483  0.61879369 0.69775414 0.59838228 0.52854253  0.60649308 0.28757097 0.36203492 0.42986729
0.81068379 0.39720061 0.36892952 0.39019779 0.18260048 0.355569  0.59777227 0.66443244 0.57259595 0.69173968 0.62661803 0.59942781  0.62340104 0.20495694 0.43273164 0.37117106
0.82537407 0.36782846 0.3619655  0.37149815 0.1905823  0.33869074  0.59007517 0.59479096 0.60260816 0.70175364 0.55909621 0.62874698  0.64065232 0.27923431 0.49301078 0.37813344
0.83824514 0.33312798 0.3522811  0.37066953 0.20891909 0.32498357  0.55738717 0.51803715 0.63387829 0.6964547  0.53705214 0.63072262  0.65479968 0.24936556 0.46351391 0.34678149
0.83635436 0.32937829 0.34023418 0.37778904 0.19302341 0.33777582  0.53968393 0.50823716 0.59291636 0.63186197 0.55353007 0.66822965  0.64135756 0.24725178 0.49809696 0.35034296
0.84878343 0.29641247 0.32860771 0.38112961 0.21251467 0.33248471  0.5142992  0.42386586 0.60885759 0.63421532 0.51059134 0.67535483  0.66459426 0.21343005 0.50906243 0.321932  
0.84878343 0.29641247 0.32860771 0.38112961 0.21251467 0.33248471  0.5142992  0.42386586 0.60885759 0.63421532 0.51059134 0.67535483  0.66459426 0.21343005 0.50906243 0.321932  
0.83668752 0.30442546 0.29626156 0.3511638  0.23592042 0.33706876  0.52077968 0.43898388 0.65877886 0.62972535 0.48638851 0.65802504  0.6012823  0.19220749 0.50502266 0.40085119
0.83040631 0.30098532 0.26558312 0.3409571  0.23518749 0.3638242  0.47931524 0.43519005 0.5939297  0.60067469 0.51012065 0.6807949  0.61340409 0.2488293  0.47770143 0.37930033
0.81902613 0.30597695 0.2310929  0.31418297 0.26553947 0.37927455  0.47915703 0.44962088 0.62912232 0.5803071  0.46905242 0.64653013  0.56708173 0.19410229 0.50268338 0.4145489 
0.81000661 0.30566378 0.19537834 0.28939803 0.284928   0.40045607  0.45250808 0.46576338 0.61861065 0.58862853 0.45877445 0.63677257  0.52062861 0.22546175 0.45719478 0.42971093
0.81000661 0.30566378 0.19537834 0.28939803 0.284928   0.40045607  0.45250808 0.46576338 0.61861065 0.58862853 0.45877445 0.63677257  0.52062861 0.22546175 0.45719478 0.42971093
0.81000661 0.30566378 0.19537834 0.28939803 0.284928   0.40045607  0.45250808 0.46576338 0.61861065 0.58862853 0.45877445 0.63677257  0.52062861 0.22546175 0.45719478 0.42971093
0.81000661 0.30566378 0.19537834 0.28939803 0.284928   0.40045607  0.45250808 0.46576338 0.61861065 0.58862853 0.45877445 0.63677257  0.52062861 0.22546175 0.45719478 0.42971093
0.81776781 0.27555936 0.18805151 0.33284308 0.31168652 0.43450195  0.44559469 0.46001677 0.57502957 0.58278403 0.45878147 0.58089182  0.53759474 0.20309743 0.51312666 0.44975043
0.8253792  0.24570178 0.18193907 0.37743977 0.33686645 0.46416283  0.4387396  0.45996709 0.52609831 0.5773034  0.47291393 0.52689949  0.55046496 0.18086705 0.55205648 0.47688117
0.83107315 0.22222434 0.17570321 0.42242866 0.3665923  0.5038486  0.45608917 0.47158707 0.50935158 0.56160648 0.44406816 0.4915591  0.55710516 0.18562377 0.61705524 0.46154943
0.81144063 0.259762   0.13409723 0.33348101 0.3888495  0.54339  0.37585648 0.45356196 0.4273691  0.45999132 0.37563939 0.40928637  0.52459891 0.27134532 0.65820782 0.38179876
0.80306555 0.28512152 0.12699593 0.29633292 0.40007807 0.56807338  0.36233997 0.44962475 0.42215455 0.40557775 0.27717643 0.37789464  0.51184598 0.25472808 0.69699717 0.29953455
0.80306555 0.28512152 0.12699593 0.29633292 0.40007807 0.56807338  0.36233997 0.44962475 0.42215455 0.40557775 0.27717643 0.37789464  0.51184598 0.25472808 0.69699717 0.29953455
0.79151947 0.29917435 0.09843352 0.2680682  0.42050315 0.59284998  0.34913772 0.44539433 0.4570541  0.35196292 0.23883505 0.35719145  0.49186995 0.24582619 0.63701753 0.3680622 
0.76845616 0.34239695 0.08140589 0.21565045 0.41939672 0.54626296  0.40076224 0.43515556 0.55654401 0.33870322 0.26700551 0.40613367  0.48492322 0.27581789 0.65411109 0.40921072
0.76845616 0.34239695 0.08140589 0.21565045 0.41939672 0.54626296  0.40076224 0.43515556 0.55654401 0.33870322 0.26700551 0.40613367  0.48492322 0.27581789 0.65411109 0.40921072
0.76845616 0.34239695 0.08140589 0.21565045 0.41939672 0.54626296  0.40076224 0.43515556 0.55654401 0.33870322 0.26700551 0.40613367  0.48492322 0.27581789 0.65411109 0.40921072
0.72074644 0.40352631 0.04780324 0.26126951 0.46831247 0.53312437  0.49510446 0.29176588 0.60697057 0.29210786 0.38024122 0.38008325  0.61615448 0.37447138 0.65041965 0.41258618
0.64379364 0.5209682  0.04605382 0.21156499 0.45294239 0.38949537  0.6028626  0.25198465 0.63901176 0.29069022 0.48146956 0.45878531  0.65860008 0.53488154 0.59016735 0.38398963
0.54524717 0.62079077 0.05108485 0.35021218 0.47318053 0.34337552  0.66114968 0.19321847 0.49151471 0.37444672 0.42291293 0.4855367  0.53155358 0.56071637 0.70067223 0.33836625
0.3888622  0.63532947 0.10708302 0.47230378 0.47735226 0.26164626  0.64023864 0.26042238 0.28063415 0.45835869 0.22525137 0.53224396  0.39654638 0.42534127 0.62820938 0.42493574
0.32556526 0.70884073 0.13795915 0.56468204 0.44234469 0.28118388  0.55719534 0.40817374 0.27277595 0.47882696 0.27403507 0.52286435  0.30580139 0.34246612 0.52525798 0.47658744
0.10787831 0.50163152 0.27224871 0.50328315 0.39548864 0.33746252  0.4764289  0.49430491 0.32499878 0.37582604 0.29013651 0.46026038  0.54343148 0.31463836 0.26911947 0.47070776
0.05336775 0.43914143 0.31083182 0.46832666 0.37416152 0.39938838  0.45143619 0.50292086 0.40448693 0.37548598 0.33684065 0.45259001  0.60541605 0.3574237  0.32371238 0.49045415
0.03530472 0.41371177 0.32449245 0.44717499 0.36543573 0.42942868  0.4584486  0.49182641 0.42935187 0.38251683 0.3665383  0.45119726  0.57400726 0.38653202 0.39012683 0.47468522
0.01790387 0.3898545  0.33817562 0.42642862 0.35681041 0.46717525  0.46152885 0.47694295 0.46991849 0.39350101 0.41724602 0.4497633  0.51968443 0.43336993 0.49846349 0.44236435
0.00039479 0.36283831 0.35232302 0.39930133 0.34523319 0.50234819  0.48417291 0.45702496 0.47508945 0.39693445 0.45000532 0.44589633  0.47476172 0.42761975 0.50206904 0.41641874
0.00039479 0.36283831 0.35232302 0.39930133 0.34523319 0.50234819  0.48417291 0.45702496 0.47508945 0.39693445 0.45000532 0.44589633  0.47476172 0.42761975 0.50206904 0.41641874
0.00039479 0.36283831 0.35232302 0.39930133 0.34523319 0.50234819  0.48417291 0.45702496 0.47508945 0.39693445 0.45000532 0.44589633  0.47476172 0.42761975 0.50206904 0.41641874
0.00039479 0.36283831 0.35232302 0.39930133 0.34523319 0.50234819  0.48417291 0.45702496 0.47508945 0.39693445 0.45000532 0.44589633  0.47476172 0.42761975 0.50206904 0.41641874
0.00039479 0.36283831 0.35232302 0.39930133 0.34523319 0.50234819  0.48417291 0.45702496 0.47508945 0.39693445 0.45000532 0.44589633  0.47476172 0.42761975 0.50206904 0.41641874
0.00039479 0.36283831 0.35232302 0.39930133 0.34523319 0.50234819  0.48417291 0.45702496 0.47508945 0.39693445 0.45000532 0.44589633  0.47476172 0.42761975 0.50206904 0.41641874
0.00039479 0.36283831 0.35232302 0.39930133 0.34523319 0.50234819  0.48417291 0.45702496 0.47508945 0.39693445 0.45000532 0.44589633  0.47476172 0.42761975 0.50206904 0.41641874
0.00039479 0.36283831 0.35232302 0.39930133 0.34523319 0.50234819  0.48417291 0.45702496 0.47508945 0.39693445 0.45000532 0.44589633  0.47476172 0.42761975 0.50206904 0.41641874
0.00039479 0.36283831 0.35232302 0.39930133 0.34523319 0.50234819  0.48417291 0.45702496 0.47508945 0.39693445 0.45000532 0.44589633  0.47476172 0.42761975 0.50206904 0.41641874
0.00039479 0.36283831 0.35232302 0.39930133 0.34523319 0.50234819  0.48417291 0.45702496 0.47508945 0.39693445 0.45000532 0.44589633  0.47476172 0.42761975 0.50206904 0.41641874
0.00039479 0.36283831 0.35232302 0.39930133 0.34523319 0.50234819  0.48417291 0.45702496 0.47508945 0.39693445 0.45000532 0.44589633  0.47476172 0.42761975 0.50206904 0.41641874
0.00039479 0.36283831 0.35232302 0.39930133 0.34523319 0.50234819  0.48417291 0.45702496 0.47508945 0.39693445 0.45000532 0.44589633  0.47476172 0.42761975 0.50206904 0.41641874
0.00039479 0.36283831 0.35232302 0.39930133 0.34523319 0.50234819  0.48417291 0.45702496 0.47508945 0.39693445 0.45000532 0.44589633  0.47476172 0.42761975 0.50206904 0.41641874
0.00039479 0.36283831 0.35232302 0.39930133 0.34523319 0.50234819  0.48417291 0.45702496 0.47508945 0.39693445 0.45000532 0.44589633  0.47476172 0.42761975 0.50206904 0.41641874
0.00039479 0.36283831 0.35232302 0.39930133 0.34523319 0.50234819  0.48417291 0.45702496 0.47508945 0.39693445 0.45000532 0.44589633  0.47476172 0.42761975 0.50206904 0.41641874
0.00039479 0.36283831 0.35232302 0.39930133 0.34523319 0.50234819  0.48417291 0.45702496 0.47508945 0.39693445 0.45000532 0.44589633  0.47476172 0.42761975 0.50206904 0.41641874
0.00039479 0.36283831 0.35232302 0.39930133 0.34523319 0.50234819  0.48417291 0.45702496 0.47508945 0.39693445 0.45000532 0.44589633  0.47476172 0.42761975 0.50206904 0.41641874
0.00039479 0.36283831 0.35232302 0.39930133 0.34523319 0.50234819  0.48417291 0.45702496 0.47508945 0.39693445 0.45000532 0.44589633  0.47476172 0.42761975 0.50206904 0.41641874
0.00039479 0.36283831 0.35232302 0.39930133 0.34523319 0.50234819  0.48417291 0.45702496 0.47508945 0.39693445 0.45000532 0.44589633  0.47476172 0.42761975 0.50206904 0.41641874
0.00039479 0.36283831 0.35232302 0.39930133 0.34523319 0.50234819  0.48417291 0.45702496 0.47508945 0.39693445 0.45000532 0.44589633  0.47476172 0.42761975 0.50206904 0.41641874
