0.00039479 0.36283831 0.35232302 0.39930133 0.34523319 0.50234819  0.48417291 0.45702496 0.47508945 0.39693445 0.45000532 0.44589633  0.47476172 0.42761975 0.50206904 0.41641874
0.00039479 0.36283831 0.35232302 0.39930133 0.34523319 0.50234819  0.48417291 0.45702496 0.47508945 0.39693445 0.45000532 0.44589633  0.47476172 0.42761975 0.50206904 0.41641874
0.00039479 0.36283831 0.35232302 0.39930133 0.34523319 0.50234819  0.48417291 0.45702496 0.47508945 0.39693445 0.45000532 0.44589633  0.47476172 0.42761975 0.50206904 0.41641874
0.00039479 0.36283831 0.35232302 0.39930133 0.34523319 0.50234819  0.48417291 0.45702496 0.47508945 0.39693445 0.45000532 0.44589633  0.47476172 0.42761975 0.50206904 0.41641874
0.00039479 0.36283831 0.35232302 0.39930133 0.34523319 0.50234819  0.48417291 0.45702496 0.47508945 0.39693445 0.45000532 0.44589633  0.47476172 0.42761975 0.50206904 0.41641874
0.00039479 0.36283831 0.35232302 0.39930133 0.34523319 0.50234819  0.48417291 0.45702496 0.47508945 0.39693445 0.45000532 0.44589633  0.47476172 0.42761975 0.50206904 0.41641874
0.00039479 0.36283831 0.35232302 0.39930133 0.34523319 0.50234819  0.48417291 0.45702496 0.47508945 0.39693445 0.45000532 0.44589633  0.47476172 0.42761975 0.50206904 0.41641874
0.00039479 0.36283831 0.35232302 0.39930133 0.34523319 0.50234819  0.48417291 0.45702496 0.47508945 0.39693445 0.45000532 0.44589633  0.47476172 0.42761975 0.50206904 0.41641874
0.00039479 0.36283831 0.35232302 0.39930133 0.34523319 0.50234819  0.48417291 0.45702496 0.47508945 0.39693445 0.45000532 0.44589633  0.47476172 0.42761975 0.50206904 0.41641874
0.00039479 0.36283831 0.35232302 0.39930133 0.34523319 0.50234819  0.48417291 0.45702496 0.47508945 0.39693445 0.45000532 0.44589633  0.47476172 0.42761975 0.50206904 0.41641874
0.00039479 0.36283831 0.35232302 0.39930133 0.34523319 0.50234819  0.48417291 0.45702496 0.47508945 0.39693445 0.45000532 0.44589633  0.47476172 0.42761975 0.50206904 0.41641874
0.00039479 0.36283831 0.35232302 0.39930133 0.34523319 0.50234819  0.48417291 0.45702496 0.47508945 0.39693445 0.45000532 0.44589633  0.47476172 0.42761975 0.50206904 0.41641874
0.00039479 0.36283831 0.35232302 0.39930133 0.34523319 0.50234819  0.48417291 0.45702496 0.47508945 0.39693445 0.45000532 0.44589633  0.47476172 0.42761975 0.50206904 0.41641874
0.00039479 0.36283831 0.35232302 0.39930133 0.34523319 0.50234819  0.48417291 0.45702496 0.47508945 0.39693445 0.45000532 0.44589633  0.47476172 0.42761975 0.50206904 0.41641874
0.00039479 0.36283831 0.35232302 0.39930133 0.34523319 0.50234819  0.48417291 0.45702496 0.47508945 0.39693445 0.45000532 0.44589633  0.47476172 0.42761975 0.50206904 0.41641874
0.00039479 0.36283831 0.35232302 0.39930133 0.34523319 0.50234819  0.48417291 0.45702496 0.47508945 0.39693445 0.45000532 0.44589633  0.47476172 0.42761975 0.50206904 0.41641874
0.00039479 0.36283831 0.35232302 0.39930133 0.34523319 0.50234819  0.48417291 0.45702496 0.47508945 0.39693445 0.45000532 0.44589633  0.47476172 0.42761975 0.50206904 0.41641874
0.00039479 0.36283831 0.35232302 0.39930133 0.34523319 0.50234819  0.48417291 0.45702496 0.47508945 0.39693445 0.45000532 0.44589633  0.47476172 0.42761975 0.50206904 0.41641874
0.00039479 0.36283831 0.35232302 0.39930133 0.34523319 0.50234819  0.48417291 0.45702496 0.47508945 0.39693445 0.45000532 0.44589633  0.47476172 0.42761975 0.50206904 0.41641874
0.00039479 0.36283831 0.35232302 0.39930133 0.34523319 0.50234819  0.48417291 0.45702496 0.47508945 0.39693445 0.45000532 0.44589633  0.47476172 0.42761975 0.50206904 0.41641874
0.00039479 0.36283831 0.35232302 0.39930133 0.34523319 0.50234819  0.48417291 0.45702496 0.47508945 0.39693445 0.45000532 0.44589633  0.47476172 0.42761975 0.50206904 0.41641874
0.00039479 0.36283831 0.35232302 0.39930133 0.34523319 0.50234819  0.48417291 0.45702496 0.47508945 0.39693445 0.45000532 0.44589633  0.47476172 0.42761975 0.50206904 0.41641874
0.00039479 0.36283831 0.35232302 0.39930133 0.34523319 0.50234819  0.48417291 0.45702496 0.47508945 0.39693445 0.45000532 0.44589633  0.47476172 0.42761975 0.50206904 0.41641874
0.00039479 0.36283831 0.35232302 0.39930133 0.34523319 0.50234819  0.48417291 0.45702496 0.47508945 0.39693445 0.45000532 0.44589633  0.47476172 0.42761975 0.50206904 0.41641874
0.00039479 0.36283831 0.35232302 0.39930133 0.34523319 0.50234819  0.48417291 0.45702496 0.47508945 0.39693445 0.45000532 0.44589633  0.47476172 0.42761975 0.50206904 0.41641874
0.00039479 0.36283831 0.35232302 0.39930133 0.34523319 0.50234819  0.48417291 0.45702496 0.47508945 0.39693445 0.45000532 0.44589633  0.47476172 0.42761975 0.50206904 0.41641874
0.00039479 0.36283831 0.35232302 0.39930133 0.34523319 0.50234819  0.48417291 0.45702496 0.47508945 0.39693445 0.45000532 0.44589633  0.47476172 0.42761975 0.50206904 0.41641874
0.00039479 0.36283831 0.35232302 0.39930133 0.34523319 0.50234819  0.48417291 0.45702496 0.47508945 0.39693445 0.45000532 0.44589633  0.47476172 0.42761975 0.50206904 0.41641874
0.00039479 0.36283831 0.35232302 0.39930133 0.34523319 0.50234819  0.48417291 0.45702496 0.47508945 0.39693445 0.45000532 0.44589633  0.47476172 0.42761975 0.50206904 0.41641874
0.00039479 0.36283831 0.35232302 0.39930133 0.34523319 0.50234819  0.48417291 0.45702496 0.47508945 0.39693445 0.45000532 0.44589633  0.47476172 0.42761975 0.50206904 0.41641874
0.00039479 0.36283831 0.35232302 0.39930133 0.34523319 0.50234819  0.48417291 0.45702496 0.47508945 0.39693445 0.45000532 0.44589633  0.47476172 0.42761975 0.50206904 0.41641874
0.00039479 0.36283831 0.35232302 0.39930133 0.34523319 0.50234819  0.48417291 0.45702496 0.47508945 0.39693445 0.45000532 0.44589633  0.47476172 0.42761975 0.50206904 0.41641874
0.00039479 0.36283831 0.35232302 0.39930133 0.34523319 0.50234819  0.48417291 0.45702496 0.47508945 0.39693445 0.45000532 0.44589633  0.47476172 0.42761975 0.50206904 0.41641874
0.00039479 0.36283831 0.35232302 0.39930133 0.34523319 0.50234819  0.48417291 0.45702496 0.47508945 0.39693445 0.45000532 0.44589633  0.47476172 0.42761975 0.50206904 0.41641874
0.00039479 0.36283831 0.35232302 0.39930133 0.34523319 0.50234819  0.48417291 0.45702496 0.47508945 0.39693445 0.45000532 0.44589633  0.47476172 0.42761975 0.50206904 0.41641874
0.00039479 0.36283831 0.35232302 0.39930133 0.34523319 0.50234819  0.48417291 0.45702496 0.47508945 0.39693445 0.45000532 0.44589633  0.47476172 0.42761975 0.50206904 0.41641874
0.00039479 0.36283831 0.35232302 0.39930133 0.34523319 0.50234819  0.48417291 0.45702496 0.47508945 0.39693445 0.45000532 0.44589633  0.47476172 0.42761975 0.50206904 0.41641874
0.00039479 0.36283831 0.35232302 0.39930133 0.34523319 0.50234819  0.48417291 0.45702496 0.47508945 0.39693445 0.45000532 0.44589633  0.47476172 0.42761975 0.50206904 0.41641874
0.00039479 0.36283831 0.35232302 0.39930133 0.34523319 0.50234819  0.48417291 0.45702496 0.47508945 0.39693445 0.45000532 0.44589633  0.47476172 0.42761975 0.50206904 0.41641874
0.00039479 0.36283831 0.35232302 0.39930133 0.34523319 0.50234819  0.48417291 0.45702496 0.47508945 0.39693445 0.45000532 0.44589633  0.47476172 0.42761975 0.50206904 0.41641874
0.00039479 0.36283831 0.35232302 0.39930133 0.34523319 0.50234819  0.48417291 0.45702496 0.47508945 0.39693445 0.45000532 0.44589633  0.47476172 0.42761975 0.50206904 0.41641874
0.00039479 0.36283831 0.35232302 0.39930133 0.34523319 0.50234819  0.48417291 0.45702496 0.47508945 0.39693445 0.45000532 0.44589633  0.47476172 0.42761975 0.50206904 0.41641874
0.00039479 0.36283831 0.35232302 0.39930133 0.34523319 0.50234819  0.48417291 0.45702496 0.47508945 0.39693445 0.45000532 0.44589633  0.47476172 0.42761975 0.50206904 0.41641874
0.00039479 0.36283831 0.35232302 0.39930133 0.34523319 0.50234819  0.48417291 0.45702496 0.47508945 0.39693445 0.45000532 0.44589633  0.47476172 0.42761975 0.50206904 0.41641874
0.00039479 0.36283831 0.35232302 0.39930133 0.34523319 0.50234819  0.48417291 0.45702496 0.47508945 0.39693445 0.45000532 0.44589633  0.47476172 0.42761975 0.50206904 0.41641874
0.00039479 0.36283831 0.35232302 0.39930133 0.34523319 0.50234819  0.48417291 0.45702496 0.47508945 0.39693445 0.45000532 0.44589633  0.47476172 0.42761975 0.50206904 0.41641874
0.00039479 0.36283831 0.35232302 0.39930133 0.34523319 0.50234819  0.48417291 0.45702496 0.47508945 0.39693445 0.45000532 0.44589633  0.47476172 0.42761975 0.50206904 0.41641874
0.00039479 0.36283831 0.35232302 0.39930133 0.34523319 0.50234819  0.48417291 0.45702496 0.47508945 0.39693445 0.45000532 0.44589633  0.47476172 0.42761975 0.50206904 0.41641874
0.00039479 0.36283831 0.35232302 0.39930133 0.34523319 0.50234819  0.48417291 0.45702496 0.47508945 0.39693445 0.45000532 0.44589633  0.47476172 0.42761975 0.50206904 0.41641874
0.00039479 0.36283831 0.35232302 0.39930133 0.34523319 0.50234819  0.48417291 0.45702496 0.47508945 0.39693445 0.45000532 0.44589633  0.47476172 0.42761975 0.50206904 0.41641874
0.00039479 0.36283831 0.35232302 0.39930133 0.34523319 0.50234819  0.48417291 0.45702496 0.47508945 0.39693445 0.45000532 0.44589633  0.47476172 0.42761975 0.50206904 0.41641874
0.00039479 0.36283831 0.35232302 0.39930133 0.34523319 0.50234819  0.48417291 0.45702496 0.47508945 0.39693445 0.45000532 0.44589633  0.47476172 0.42761975 0.50206904 0.41641874
0.00039479 0.36283831 0.35232302 0.39930133 0.34523319 0.50234819  0.48417291 0.45702496 0.47508945 0.39693445 0.45000532 0.44589633  0.47476172 0.42761975 0.50206904 0.41641874
0.00039479 0.36283831 0.35232302 0.39930133 0.34523319 0.50234819  0.48417291 0.45702496 0.47508945 0.39693445 0.45000532 0.44589633  0.47476172 0.42761975 0.50206904 0.41641874
0.00039479 0.36283831 0.35232302 0.39930133 0.34523319 0.50234819  0.48417291 0.45702496 0.47508945 0.39693445 0.45000532 0.44589633  0.47476172 0.42761975 0.50206904 0.41641874
0.00039479 0.36283831 0.35232302 0.39930133 0.34523319 0.50234819  0.48417291 0.45702496 0.47508945 0.39693445 0.45000532 0.44589633  0.47476172 0.42761975 0.50206904 0.41641874
0.00039479 0.36283831 0.35232302 0.39930133 0.34523319 0.50234819  0.48417291 0.45702496 0.47508945 0.39693445 0.45000532 0.44589633  0.47476172 0.42761975 0.50206904 0.41641874
0.00039479 0.36283831 0.35232302 0.39930133 0.34523319 0.50234819  0.48417291 0.45702496 0.47508945 0.39693445 0.45000532 0.44589633  0.47476172 0.42761975 0.50206904 0.41641874
0.00039479 0.36283831 0.35232302 0.39930133 0.34523319 0.50234819  0.48417291 0.45702496 0.47508945 0.39693445 0.45000532 0.44589633  0.47476172 0.42761975 0.50206904 0.41641874
0.00039479 0.36283831 0.35232302 0.39930133 0.34523319 0.50234819  0.48417291 0.45702496 0.47508945 0.39693445 0.45000532 0.44589633  0.47476172 0.42761975 0.50206904 0.41641874
0.00039479 0.36283831 0.35232302 0.39930133 0.34523319 0.50234819  0.48417291 0.45702496 0.47508945 0.39693445 0.45000532 0.44589633  0.47476172 0.42761975 0.50206904 0.41641874
0.00039479 0.36283831 0.35232302 0.39930133 0.34523319 0.50234819  0.48417291 0.45702496 0.47508945 0.39693445 0.45000532 0.44589633  0.47476172 0.42761975 0.50206904 0.41641874
0.00039479 0.36283831 0.35232302 0.39930133 0.34523319 0.50234819  0.48417291 0.45702496 0.47508945 0.39693445 0.45000532 0.44589633  0.47476172 0.42761975 0.50206904 0.41641874
0.00039479 0.36283831 0.35232302 0.39930133 0.34523319 0.50234819  0.48417291 0.45702496 0.47508945 0.39693445 0.45000532 0.44589633  0.47476172 0.42761975 0.50206904 0.41641874
0.00039479 0.36283831 0.35232302 0.39930133 0.34523319 0.50234819  0.48417291 0.45702496 0.47508945 0.39693445 0.45000532 0.44589633  0.47476172 0.42761975 0.50206904 0.41641874
0.0177474  0.38984345 0.33852207 0.42635267 0.35697043 0.47086435  0.45750391 0.47765391 0.48169648 0.39463854 0.42895995 0.44917931  0.51265071 0.44991576 0.53083289 0.43501917
0.03525649 0.41685964 0.32437467 0.45347996 0.36854765 0.43569141  0.43485985 0.4975719  0.47652552 0.39120509 0.39620065 0.45304628  0.55757342 0.45566594 0.52722734 0.46096477
0.10804545 0.5177001  0.27465313 0.53229948 0.39024189 0.39266398  0.35381301 0.53639741 0.57143171 0.39213077 0.46131335 0.44624208  0.52828365 0.55614932 0.721459   0.4109095 
0.21623457 0.66850952 0.19464458 0.65673355 0.43804207 0.23751713  0.28996202 0.60532266 0.50420728 0.35359983 0.36349489 0.44466976  0.66187085 0.49348998 0.53524902 0.43385105
0.27230287 0.73267769 0.16547083 0.68332028 0.43003633 0.28129444  0.27429226 0.57383444 0.55875287 0.38318526 0.44123623 0.44755586  0.5143895  0.4866367  0.6130834  0.38891645
0.27230287 0.73267769 0.16547083 0.68332028 0.43003633 0.28129444  0.27429226 0.57383444 0.55875287 0.38318526 0.44123623 0.44755586  0.5143895  0.4866367  0.6130834  0.38891645
0.32811976 0.77340442 0.14455354 0.66746248 0.4073788  0.36600498  0.32396566 0.48794279 0.54226391 0.43316245 0.4604083  0.4647857  0.35048856 0.43172892 0.60043666 0.38374561
0.43917576 0.81684401 0.11488651 0.56584208 0.35122413 0.56182676  0.47942694 0.35652119 0.49760701 0.48167717 0.51210968 0.47442886  0.29605323 0.33657096 0.45465744 0.43788527
0.47519548 0.81056876 0.09654784 0.49702408 0.36448215 0.55085511  0.61469541 0.33360884 0.42118648 0.47317538 0.54490054 0.46542886  0.29218941 0.35246694 0.45807609 0.42316772
0.52861038 0.7836327  0.09701582 0.39066623 0.34391315 0.60474246  0.67836863 0.41222224 0.41892616 0.44500215 0.54144705 0.4496411  0.47000839 0.39117387 0.48832608 0.47457184
0.56324047 0.75110964 0.09211211 0.30418254 0.34843496 0.59677457  0.7318537  0.49777815 0.44141285 0.39386804 0.58813656 0.42747788  0.60811379 0.45263783 0.56700873 0.50068664
0.68203296 0.53069736 0.07581822 0.16568754 0.38034454 0.51333  0.56221647 0.36194817 0.60381848 0.37681497 0.33112882 0.51405024  0.65119169 0.53347785 0.65552114 0.48599433
0.74029831 0.42236503 0.08253112 0.13001876 0.3795643  0.48711557  0.42582677 0.38781866 0.64367133 0.33700756 0.31734034 0.49028625  0.57951604 0.35658439 0.49608563 0.425364  
0.74029831 0.42236503 0.08253112 0.13001876 0.3795643  0.48711557  0.42582677 0.38781866 0.64367133 0.33700756 0.31734034 0.49028625  0.57951604 0.35658439 0.49608563 0.425364  
0.77003444 0.33829257 0.09058759 0.22063234 0.40684176 0.51373162  0.38999806 0.42508302 0.54360635 0.39106923 0.34671314 0.39698263  0.4505964  0.34534091 0.50690913 0.55427719
0.84448503 0.20591568 0.19809589 0.43478632 0.34286466 0.5086577  0.35251841 0.42910058 0.28833561 0.5765449  0.54162413 0.4075562  0.53735883 0.4129811  0.54758132 0.47529633
0.84448503 0.20591568 0.19809589 0.43478632 0.34286466 0.5086577  0.35251841 0.42910058 0.28833561 0.5765449  0.54162413 0.4075562  0.53735883 0.4129811  0.54758132 0.47529633
0.90141134 0.21243465 0.42155685 0.56083193 0.32264959 0.42009847  0.51739723 0.39727494 0.46041291 0.6458147  0.47528991 0.29695233  0.5980367  0.41813721 0.50683048 0.49391404
0.9318454  0.26823624 0.59785617 0.5554864  0.41283423 0.38168752  0.55882879 0.33006717 0.54074293 0.56047778 0.39467351 0.1530544  0.6123718  0.38689768 0.54634892 0.53658756
0.94758015 0.28359672 0.68856512 0.57829085 0.59877469 0.42659731  0.62969574 0.38067686 0.65763371 0.61712067 0.34606759 0.20417225  0.59987785 0.39646899 0.41750266 0.46407591
0.94791024 0.28304748 0.68984486 0.58060569 0.60061168 0.42493456  0.63630873 0.3836841  0.67126952 0.62186059 0.34281159 0.20465388  0.59531076 0.39061476 0.4062374  0.47293954
0.94791024 0.28304748 0.68984486 0.58060569 0.60061168 0.42493456  0.63630873 0.3836841  0.67126952 0.62186059 0.34281159 0.20465388  0.59531076 0.39061476 0.4062374  0.47293954
0.9233289  0.27917945 0.58921912 0.545614   0.42900489 0.35917688  0.64144351 0.40128435 0.71704715 0.71493091 0.3613894  0.22694696  0.60643828 0.4164505  0.32791032 0.49673761
0.91244753 0.30711519 0.57829227 0.49656554 0.35270473 0.31782682  0.62221504 0.38100738 0.72182075 0.68559954 0.3829873  0.28742783  0.59143044 0.39361368 0.35639698 0.52658507
0.89595643 0.27659071 0.48288535 0.49735318 0.30761119 0.33806017  0.59965438 0.41743652 0.6666711  0.72157458 0.42107903 0.35514155  0.57658545 0.39944381 0.37397636 0.48044193
0.8911611  0.2637804  0.45088879 0.50119759 0.2912258  0.34431878  0.58866604 0.42194492 0.64220607 0.73288215 0.45648855 0.40374847  0.60760957 0.41326557 0.35946835 0.48806219
0.88192494 0.2566148  0.40414479 0.48261216 0.2549836  0.35672993  0.53279509 0.40418477 0.54158381 0.64987795 0.49434542 0.46376195  0.59380811 0.43833259 0.42629311 0.47452394
0.86055918 0.25010007 0.30933676 0.44231482 0.26631602 0.43130497  0.42622765 0.41687357 0.39422513 0.5835099  0.51744414 0.52043177  0.5779713  0.50562591 0.44987649 0.37732868
0.83303439 0.24918033 0.20903787 0.38437656 0.31234242 0.47336841  0.39119833 0.45597281 0.38896079 0.5778432  0.50042167 0.51152395  0.49033188 0.49636877 0.44900096 0.41712743
0.79288107 0.35348504 0.18148068 0.26821157 0.3077024  0.53085868  0.40454913 0.46852709 0.43321381 0.48102371 0.2641062  0.53289088  0.48262416 0.5076808  0.54469205 0.34838054
0.75804705 0.41798431 0.12461685 0.13059459 0.32283573 0.51303666  0.38301105 0.45408797 0.54138804 0.4060472  0.19084409 0.52695574  0.47544049 0.34758377 0.57118164 0.36327928
0.74497106 0.45332872 0.13189733 0.13327288 0.30431326 0.53851772  0.4181801  0.50075198 0.50307075 0.42807538 0.16811814 0.54081816  0.48082654 0.38469764 0.64529573 0.39855099
0.67408174 0.58802617 0.11093365 0.14606481 0.31629629 0.5722528  0.58541939 0.54936046 0.5362624  0.3816034  0.31403501 0.51218567  0.65974729 0.5810645  0.63028581 0.54542615
0.62496429 0.64977641 0.08911328 0.22259949 0.34803657 0.56555505  0.65641521 0.39391279 0.53656709 0.38100726 0.40282916 0.49325752  0.68703825 0.64228845 0.59199608 0.52140092
0.61025297 0.68195596 0.09402809 0.24465134 0.33797643 0.59825391  0.6770527  0.41042673 0.48998134 0.40491751 0.39775817 0.48837005  0.68721666 0.59267758 0.61157765 0.52259923
0.59346228 0.70316984 0.09774082 0.2875923  0.33139558 0.61473117  0.65734636 0.36945205 0.46635765 0.42667605 0.37942206 0.49293512  0.6291874  0.56159534 0.5427565  0.50856255
0.59346228 0.70316984 0.09774082 0.2875923  0.33139558 0.61473117  0.65734636 0.36945205 0.46635765 0.42667605 0.37942206 0.49293512  0.6291874  0.56159534 0.5427565  0.50856255
0.59346228 0.70316984 0.09774082 0.2875923  0.33139558 0.61473117  0.65734636 0.36945205 0.46635765 0.42667605 0.37942206 0.49293512  0.6291874  0.56159534 0.5427565  0.50856255
0.6423132  0.63943891 0.10291784 0.20548871 0.32181637 0.60547956  0.62154539 0.42019997 0.51622236 0.38285011 0.32075254 0.50049377  0.73297791 0.62618464 0.54822936 0.52106984
0.65803198 0.61412126 0.10977007 0.17914822 0.31592023 0.59144177  0.59912499 0.49283154 0.5130465  0.39980607 0.3072205  0.51014479  0.67790418 0.60399631 0.56895151 0.53314605
0.65803198 0.61412126 0.10977007 0.17914822 0.31592023 0.59144177  0.59912499 0.49283154 0.5130465  0.39980607 0.3072205  0.51014479  0.67790418 0.60399631 0.56895151 0.53314605
0.67408174 0.58802617 0.11093365 0.14606481 0.31629629 0.5722528  0.58541939 0.54936046 0.5362624  0.3816034  0.31403501 0.51218567  0.65974729 0.5810645  0.63028581 0.54542615
0.67408174 0.58802617 0.11093365 0.14606481 0.31629629 0.5722528  0.58541939 0.54936046 0.5362624  0.3816034  0.31403501 0.51218567  0.65974729 0.5810645  0.63028581 0.54542615
0.6423132  0.63943891 0.10291784 0.20548871 0.32181637 0.60547956  0.62154539 0.42019997 0.51622236 0.38285011 0.32075254 0.50049377  0.73297791 0.62618464 0.54822936 0.52106984
0.59556268 0.71132811 0.10099211 0.26335098 0.32999461 0.61513218  0.6847498  0.48006821 0.45996914 0.39490355 0.46527999 0.45905088  0.66996538 0.51840021 0.5512985  0.51563685
0.56373801 0.76289804 0.11013779 0.33064719 0.31548645 0.65501247  0.67572625 0.48609806 0.39733796 0.42202891 0.49159284 0.4413738  0.59212615 0.40824933 0.44406205 0.49205933
0.51146511 0.79993663 0.10042651 0.43160372 0.33703057 0.62117098  0.64169506 0.38324518 0.42832268 0.44930576 0.54564566 0.45127321  0.43645501 0.36708524 0.42951453 0.47368495
0.45897988 0.82090494 0.12868243 0.53369618 0.30899141 0.66975993  0.45636899 0.40061998 0.56590799 0.43330554 0.60340142 0.42570883  0.39612583 0.34770569 0.37657972 0.40835261
0.44054965 0.82022789 0.12361278 0.55557381 0.33438396 0.60795342  0.46314807 0.39556488 0.55763478 0.4277996  0.63100969 0.42226633  0.33193637 0.36346912 0.41500279 0.3699135 
0.42197165 0.81966524 0.12883817 0.58940231 0.33714667 0.59212695  0.40594522 0.39674552 0.58230231 0.4492814  0.58590683 0.4428437  0.32859787 0.35979088 0.44326054 0.39509047
0.38500068 0.80008635 0.1500423  0.61767303 0.33122515 0.60162614  0.29400884 0.44804128 0.70074437 0.44820811 0.57761426 0.44710914  0.49223646 0.42720784 0.52387333 0.45930185
0.38500068 0.80008635 0.1500423  0.61767303 0.33122515 0.60162614  0.29400884 0.44804128 0.70074437 0.44820811 0.57761426 0.44710914  0.49223646 0.42720784 0.52387333 0.45930185
0.45730024 0.79289852 0.31679013 0.68010617 0.20672121 0.65033618  0.22502898 0.38253617 0.55670014 0.40102002 0.58863151 0.52182994  0.66531176 0.53919008 0.3733943  0.39002624
0.49015702 0.80188985 0.44745109 0.73571961 0.16509989 0.5959476  0.25776891 0.34472732 0.54174079 0.39092422 0.60371078 0.4965856  0.68542208 0.5388538  0.45215225 0.33000988
0.55057104 0.79994215 0.59628063 0.72370531 0.15126656 0.63559  0.23450505 0.40051289 0.54224006 0.45859735 0.41638412 0.45150523  0.72991183 0.45506672 0.45100244 0.25769148
0.55790605 0.80430518 0.62913392 0.73935733 0.13808779 0.62275904  0.24413867 0.37347841 0.53285148 0.37491771 0.42009047 0.45919644  0.73220761 0.4184415  0.51994488 0.29751444
0.55790605 0.80430518 0.62913392 0.73935733 0.13808779 0.62275904  0.24413867 0.37347841 0.53285148 0.37491771 0.42009047 0.45919644  0.73220761 0.4184415  0.51994488 0.29751444
0.55790605 0.80430518 0.62913392 0.73935733 0.13808779 0.62275904  0.24413867 0.37347841 0.53285148 0.37491771 0.42009047 0.45919644  0.73220761 0.4184415  0.51994488 0.29751444
0.55790605 0.80430518 0.62913392 0.73935733 0.13808779 0.62275904  0.24413867 0.37347841 0.53285148 0.37491771 0.42009047 0.45919644  0.73220761 0.4184415  0.51994488 0.29751444
0.56189117 0.81639336 0.65667911 0.7347242  0.15828868 0.6272764  0.23636882 0.36379465 0.52403403 0.31973619 0.41033971 0.45208527  0.69575329 0.40215248 0.54726886 0.31402496
0.56189117 0.81639336 0.65667911 0.7347242  0.15828868 0.6272764  0.23636882 0.36379465 0.52403403 0.31973619 0.41033971 0.45208527  0.69575329 0.40215248 0.54726886 0.31402496
0.5795444  0.80254256 0.69496057 0.71622689 0.18863542 0.62161676  0.18995016 0.40371461 0.48879711 0.33804935 0.38406036 0.45368985  0.56473028 0.33842406 0.59039274 0.27274974
0.5795444  0.80254256 0.69496057 0.71622689 0.18863542 0.62161676  0.18995016 0.40371461 0.48879711 0.33804935 0.38406036 0.45368985  0.56473028 0.33842406 0.59039274 0.27274974
0.5795444  0.80254256 0.69496057 0.71622689 0.18863542 0.62161676  0.18995016 0.40371461 0.48879711 0.33804935 0.38406036 0.45368985  0.56473028 0.33842406 0.59039274 0.27274974
0.5795444  0.80254256 0.69496057 0.71622689 0.18863542 0.62161676  0.18995016 0.40371461 0.48879711 0.33804935 0.38406036 0.45368985  0.56473028 0.33842406 0.59039274 0.27274974
0.58543614 0.8152336  0.72919766 0.71293031 0.18451534 0.60784177  0.20546231 0.39366732 0.50140189 0.31351434 0.35668708 0.41368926  0.52739201 0.3579345  0.57392944 0.29595481
0.60401415 0.81579625 0.72397227 0.67910181 0.18175263 0.62366824  0.26266516 0.39248667 0.47673436 0.29203254 0.40178993 0.39311189  0.53073051 0.36161274 0.5456717  0.27077784
0.61973292 0.79047859 0.73082451 0.65276131 0.17585649 0.60963044  0.24024476 0.46511824 0.4735585  0.3089885  0.38825789 0.40276291  0.47565677 0.33942441 0.56639384 0.28285405
0.61973292 0.79047859 0.73082451 0.65276131 0.17585649 0.60963044  0.24024476 0.46511824 0.4735585  0.3089885  0.38825789 0.40276291  0.47565677 0.33942441 0.56639384 0.28285405
0.67169163 0.76063971 0.72677219 0.56932743 0.16591182 0.60484225  0.30383163 0.55082266 0.4241006  0.27872659 0.43488695 0.38043689  0.39036836 0.28262719 0.5867261  0.25224943
0.67169163 0.76063971 0.72677219 0.56932743 0.16591182 0.60484225  0.30383163 0.55082266 0.4241006  0.27872659 0.43488695 0.38043689  0.39036836 0.28262719 0.5867261  0.25224943
0.67169163 0.76063971 0.72677219 0.56932743 0.16591182 0.60484225  0.30383163 0.55082266 0.4241006  0.27872659 0.43488695 0.38043689  0.39036836 0.28262719 0.5867261  0.25224943
0.72341271 0.72949614 0.71874855 0.48625223 0.16553575 0.57764856  0.35488787 0.64181351 0.37704465 0.24759832 0.42216408 0.37761033  0.34846625 0.23343029 0.61815527 0.26302009
0.72046218 0.71696071 0.69290456 0.50194729 0.11853706 0.56872394  0.36580582 0.64335708 0.38548207 0.25252224 0.42694736 0.38307429  0.36129012 0.2339998  0.61212623 0.28343427
0.72046218 0.71696071 0.69290456 0.50194729 0.11853706 0.56872394  0.36580582 0.64335708 0.38548207 0.25252224 0.42694736 0.38307429  0.36129012 0.2339998  0.61212623 0.28343427
0.73326775 0.68365865 0.66164664 0.46363945 0.10491702 0.54772933  0.393282   0.69401552 0.4179232  0.28594522 0.45503424 0.38562038  0.4557737  0.28137106 0.6536234  0.28096044
0.73011349 0.66804101 0.63217203 0.47669368 0.06285571 0.53198143  0.41090995 0.69732755 0.43104267 0.29787517 0.46127641 0.39659427  0.47609536 0.27420637 0.65868983 0.30376009
0.73011349 0.66804101 0.63217203 0.47669368 0.06285571 0.53198143  0.41090995 0.69732755 0.43104267 0.29787517 0.46127641 0.39659427  0.47609536 0.27420637 0.65868983 0.30376009
0.67758915 0.7075171  0.47712793 0.5206877  0.07187179 0.59816989  0.48895708 0.49604067 0.2380851  0.38275216 0.49996215 0.52969661  0.67542142 0.44053223 0.43911306 0.29419712
0.62642894 0.77126016 0.38873627 0.53208049 0.14139758 0.63002655  0.56356669 0.34630736 0.22342622 0.42561528 0.44523303 0.52957878  0.66241302 0.46247368 0.30857127 0.31056392
0.60336337 0.75054859 0.28558152 0.50661891 0.17379624 0.65851615  0.55905079 0.39431023 0.25299541 0.4982007  0.43243248 0.53502886  0.68470317 0.3733352  0.35462144 0.2654447 
0.60336337 0.75054859 0.28558152 0.50661891 0.17379624 0.65851615  0.55905079 0.39431023 0.25299541 0.4982007  0.43243248 0.53502886  0.68470317 0.3733352  0.35462144 0.2654447 
0.57365009 0.75879567 0.18403025 0.4358035  0.23696344 0.71519822  0.51915422 0.43399736 0.28704684 0.48078125 0.36726134 0.49022021  0.58182476 0.35113639 0.27963866 0.33156479
0.52875335 0.79051115 0.11473947 0.4151274  0.31066289 0.66293163  0.60527394 0.41253976 0.40787149 0.45570809 0.46743806 0.46060406  0.47849664 0.35377897 0.37538899 0.47909433
0.51146511 0.79993663 0.10042651 0.43160372 0.33703057 0.62117098  0.64169506 0.38324518 0.42832268 0.44930576 0.54564566 0.45127321  0.43645501 0.36708524 0.42951453 0.47368495
0.51146511 0.79993663 0.10042651 0.43160372 0.33703057 0.62117098  0.64169506 0.38324518 0.42832268 0.44930576 0.54564566 0.45127321  0.43645501 0.36708524 0.42951453 0.47368495
0.47519548 0.81056876 0.09654784 0.49702408 0.36448215 0.55085511  0.61469541 0.33360884 0.42118648 0.47317538 0.54490054 0.46542886  0.29218941 0.35246694 0.45807609 0.42316772
0.47519548 0.81056876 0.09654784 0.49702408 0.36448215 0.55085511  0.61469541 0.33360884 0.42118648 0.47317538 0.54490054 0.46542886  0.29218941 0.35246694 0.45807609 0.42316772
0.45629848 0.80407354 0.09710843 0.51857932 0.38424446 0.49527585  0.60167809 0.3427797  0.40494569 0.47808893 0.51940683 0.4728624  0.25467343 0.36882748 0.50349181 0.40923842
0.43799019 0.79494566 0.0957897  0.52431825 0.40605603 0.42464512  0.61865175 0.38140634 0.37819463 0.43735065 0.55528199 0.45044176  0.25443575 0.37185045 0.47884873 0.35999102
0.36406745 0.76537587 0.11870109 0.58970414 0.43728267 0.29578799  0.52780369 0.46671263 0.35859281 0.39040998 0.48896205 0.43920822  0.2926401  0.39297033 0.48695219 0.31736843
0.32708839 0.72178329 0.13745425 0.56480926 0.44447456 0.26302975  0.56525762 0.47559106 0.28869036 0.36064694 0.44664182 0.43005035  0.37172991 0.35812013 0.34880614 0.33441753
0.27111616 0.68251872 0.1611416  0.59137249 0.45219491 0.22232555  0.50368108 0.48585844 0.28403845 0.39416083 0.32213469 0.47004854  0.39888272 0.3538929  0.40376585 0.40987808
0.27111616 0.68251872 0.1611416  0.59137249 0.45219491 0.22232555  0.50368108 0.48585844 0.28403845 0.39416083 0.32213469 0.47004854  0.39888272 0.3538929  0.40376585 0.40987808
0.23443141 0.63244514 0.18543927 0.55457147 0.4437589  0.23298717  0.54294175 0.47310033 0.22527229 0.38770664 0.27181006 0.47285695  0.44882884 0.29806439 0.27588962 0.44456276
0.23443141 0.63244514 0.18543927 0.55457147 0.4437589  0.23298717  0.54294175 0.47310033 0.22527229 0.38770664 0.27181006 0.47285695  0.44882884 0.29806439 0.27588962 0.44456276
0.14288369 0.55598284 0.24443377 0.55739658 0.41840489 0.27475266  0.42470265 0.53417862 0.33550881 0.37147326 0.24715229 0.46677591  0.61643602 0.35043163 0.31369544 0.50645803
0.14288369 0.55598284 0.24443377 0.55739658 0.41840489 0.27475266  0.42470265 0.53417862 0.33550881 0.37147326 0.24715229 0.46677591  0.61643602 0.35043163 0.31369544 0.50645803
0.14288369 0.55598284 0.24443377 0.55739658 0.41840489 0.27475266  0.42470265 0.53417862 0.33550881 0.37147326 0.24715229 0.46677591  0.61643602 0.35043163 0.31369544 0.50645803
0.14288369 0.55598284 0.24443377 0.55739658 0.41840489 0.27475266  0.42470265 0.53417862 0.33550881 0.37147326 0.24715229 0.46677591  0.61643602 0.35043163 0.31369544 0.50645803
