0.00039479 0.36283831 0.35232302 0.39930133 0.34523319 0.50234819  0.48417291 0.45702496 0.47508945 0.39693445 0.45000532 0.44589633  0.47476172 0.42761975 0.50206904 0.41641874
0.00039479 0.36283831 0.35232302 0.39930133 0.34523319 0.50234819  0.48417291 0.45702496 0.47508945 0.39693445 0.45000532 0.44589633  0.47476172 0.42761975 0.50206904 0.41641874
0.00039479 0.36283831 0.35232302 0.39930133 0.34523319 0.50234819  0.48417291 0.45702496 0.47508945 0.39693445 0.45000532 0.44589633  0.47476172 0.42761975 0.50206904 0.41641874
0.00039479 0.36283831 0.35232302 0.39930133 0.34523319 0.50234819  0.48417291 0.45702496 0.47508945 0.39693445 0.45000532 0.44589633  0.47476172 0.42761975 0.50206904 0.41641874
0.00039479 0.36283831 0.35232302 0.39930133 0.34523319 0.50234819  0.48417291 0.45702496 0.47508945 0.39693445 0.45000532 0.44589633  0.47476172 0.42761975 0.50206904 0.41641874
0.00039479 0.36283831 0.35232302 0.39930133 0.34523319 0.50234819  0.48417291 0.45702496 0.47508945 0.39693445 0.45000532 0.44589633  0.47476172 0.42761975 0.50206904 0.41641874
0.00039479 0.36283831 0.35232302 0.39930133 0.34523319 0.50234819  0.48417291 0.45702496 0.47508945 0.39693445 0.45000532 0.44589633  0.47476172 0.42761975 0.50206904 0.41641874
0.00039479 0.36283831 0.35232302 0.39930133 0.34523319 0.50234819  0.48417291 0.45702496 0.47508945 0.39693445 0.45000532 0.44589633  0.47476172 0.42761975 0.50206904 0.41641874
0.00039479 0.36283831 0.35232302 0.39930133 0.34523319 0.50234819  0.48417291 0.45702496 0.47508945 0.39693445 0.45000532 0.44589633  0.47476172 0.42761975 0.50206904 0.41641874
0.00039479 0.36283831 0.35232302 0.39930133 0.34523319 0.50234819  0.48417291 0.45702496 0.47508945 0.39693445 0.45000532 0.44589633  0.47476172 0.42761975 0.50206904 0.41641874
0.00039479 0.36283831 0.35232302 0.39930133 0.34523319 0.50234819  0.48417291 0.45702496 0.47508945 0.39693445 0.45000532 0.44589633  0.47476172 0.42761975 0.50206904 0.41641874
0.00039479 0.36283831 0.35232302 0.39930133 0.34523319 0.50234819  0.48417291 0.45702496 0.47508945 0.39693445 0.45000532 0.44589633  0.47476172 0.42761975 0.50206904 0.41641874
0.00039479 0.36283831 0.35232302 0.39930133 0.34523319 0.50234819  0.48417291 0.45702496 0.47508945 0.39693445 0.45000532 0.44589633  0.47476172 0.42761975 0.50206904 0.41641874
0.00039479 0.36283831 0.35232302 0.39930133 0.34523319 0.50234819  0.48417291 0.45702496 0.47508945 0.39693445 0.45000532 0.44589633  0.47476172 0.42761975 0.50206904 0.41641874
0.00039479 0.36283831 0.35232302 0.39930133 0.34523319 0.50234819  0.48417291 0.45702496 0.47508945 0.39693445 0.45000532 0.44589633  0.47476172 0.42761975 0.50206904 0.41641874
0.00039479 0.36283831 0.35232302 0.39930133 0.34523319 0.50234819  0.48417291 0.45702496 0.47508945 0.39693445 0.45000532 0.44589633  0.47476172 0.42761975 0.50206904 0.41641874
0.00039479 0.36283831 0.35232302 0.39930133 0.34523319 0.50234819  0.48417291 0.45702496 0.47508945 0.39693445 0.45000532 0.44589633  0.47476172 0.42761975 0.50206904 0.41641874
0.00039479 0.36283831 0.35232302 0.39930133 0.34523319 0.50234819  0.48417291 0.45702496 0.47508945 0.39693445 0.45000532 0.44589633  0.47476172 0.42761975 0.50206904 0.41641874
0.00039479 0.36283831 0.35232302 0.39930133 0.34523319 0.50234819  0.48417291 0.45702496 0.47508945 0.39693445 0.45000532 0.44589633  0.47476172 0.42761975 0.50206904 0.41641874
0.00039479 0.36283831 0.35232302 0.39930133 0.34523319 0.50234819  0.48417291 0.45702496 0.47508945 0.39693445 0.45000532 0.44589633  0.47476172 0.42761975 0.50206904 0.41641874
0.00039479 0.36283831 0.35232302 0.39930133 0.34523319 0.50234819  0.48417291 0.45702496 0.47508945 0.39693445 0.45000532 0.44589633  0.47476172 0.42761975 0.50206904 0.41641874
0.00039479 0.36283831 0.35232302 0.39930133 0.34523319 0.50234819  0.48417291 0.45702496 0.47508945 0.39693445 0.45000532 0.44589633  0.47476172 0.42761975 0.50206904 0.41641874
0.00039479 0.36283831 0.35232302 0.39930133 0.34523319 0.50234819  0.48417291 0.45702496 0.47508945 0.39693445 0.45000532 0.44589633  0.47476172 0.42761975 0.50206904 0.41641874
0.00039479 0.36283831 0.35232302 0.39930133 0.34523319 0.50234819  0.48417291 0.45702496 0.47508945 0.39693445 0.45000532 0.44589633  0.47476172 0.42761975 0.50206904 0.41641874
0.00039479 0.36283831 0.35232302 0.39930133 0.34523319 0.50234819  0.48417291 0.45702496 0.47508945 0.39693445 0.45000532 0.44589633  0.47476172 0.42761975 0.50206904 0.41641874
0.00039479 0.36283831 0.35232302 0.39930133 0.34523319 0.50234819  0.48417291 0.45702496 0.47508945 0.39693445 0.45000532 0.44589633  0.47476172 0.42761975 0.50206904 0.41641874
0.00039479 0.36283831 0.35232302 0.39930133 0.34523319 0.50234819  0.48417291 0.45702496 0.47508945 0.39693445 0.45000532 0.44589633  0.47476172 0.42761975 0.50206904 0.41641874
0.00039479 0.36283831 0.35232302 0.39930133 0.34523319 0.50234819  0.48417291 0.45702496 0.47508945 0.39693445 0.45000532 0.44589633  0.47476172 0.42761975 0.50206904 0.41641874
0.00039479 0.36283831 0.35232302 0.39930133 0.34523319 0.50234819  0.48417291 0.45702496 0.47508945 0.39693445 0.45000532 0.44589633  0.47476172 0.42761975 0.50206904 0.41641874
0.00039479 0.36283831 0.35232302 0.39930133 0.34523319 0.50234819  0.48417291 0.45702496 0.47508945 0.39693445 0.45000532 0.44589633  0.47476172 0.42761975 0.50206904 0.41641874
0.00039479 0.36283831 0.35232302 0.39930133 0.34523319 0.50234819  0.48417291 0.45702496 0.47508945 0.39693445 0.45000532 0.44589633  0.47476172 0.42761975 0.50206904 0.41641874
0.00039479 0.36283831 0.35232302 0.39930133 0.34523319 0.50234819  0.48417291 0.45702496 0.47508945 0.39693445 0.45000532 0.44589633  0.47476172 0.42761975 0.50206904 0.41641874
0.00039479 0.36283831 0.35232302 0.39930133 0.34523319 0.50234819  0.48417291 0.45702496 0.47508945 0.39693445 0.45000532 0.44589633  0.47476172 0.42761975 0.50206904 0.41641874
0.00039479 0.36283831 0.35232302 0.39930133 0.34523319 0.50234819  0.48417291 0.45702496 0.47508945 0.39693445 0.45000532 0.44589633  0.47476172 0.42761975 0.50206904 0.41641874
0.03601004 0.41506083 0.32645484 0.44549117 0.36116345 0.46602551  0.43538259 0.48464203 0.51258088 0.40147377 0.44846424 0.45110959  0.48758288 0.47735633 0.604342   0.42715797
0.18208118 0.58519752 0.25388226 0.54901953 0.34570336 0.5547943  0.30359874 0.43369016 0.66604435 0.51254242 0.43492541 0.50544847  0.37085601 0.53806181 0.8780276  0.49615964
0.23810496 0.63610903 0.23231212 0.54705168 0.32619401 0.62454174  0.30196091 0.42808763 0.72475459 0.50079732 0.53792179 0.47997845  0.38278929 0.52280975 0.80350579 0.48501485
0.41736745 0.73446078 0.51586548 0.55955042 0.31521528 0.71730097  0.13224542 0.44014342 0.56712144 0.54006877 0.36825598 0.44718648  0.51054177 0.68237812 0.4346515  0.34975916
0.5546675  0.90113806 0.65462832 0.4843596  0.53687331 0.74147879  0.20633516 0.42881656 0.57954328 0.47828804 0.3727519  0.30323499  0.60226254 0.5666887  0.20777823 0.32543156
0.65986207 0.89230364 0.85905752 0.44723995 0.64390043 0.6726911  0.36684607 0.48530871 0.50269409 0.55157171 0.52273781 0.42928356  0.83028024 0.40550995 0.36638503 0.30345879
0.71304449 0.83882411 0.87889553 0.42584523 0.62551258 0.62838591  0.41388382 0.58292513 0.50842839 0.62423933 0.53453127 0.45266804  0.60656589 0.22084844 0.35334215 0.32119381
0.72860397 0.81477318 0.89274166 0.39712023 0.65545021 0.62499513  0.37091905 0.64662346 0.49160079 0.63785271 0.55032437 0.50864991  0.52608852 0.14155044 0.41004885 0.34109638
0.77983432 0.76362579 0.88110844 0.28416737 0.68272537 0.56484397  0.45251083 0.72533604 0.47862508 0.59480356 0.5668202  0.53749373  0.53512388 0.15007023 0.5822819  0.41540795
0.82301309 0.72370911 0.86719783 0.25456455 0.69587146 0.49666568  0.59843135 0.69649099 0.38571664 0.67025911 0.60806001 0.59398326  0.5622507  0.18220884 0.61485397 0.53544082
0.82288818 0.72048013 0.86004871 0.26296685 0.65684819 0.48297778  0.6124997  0.69355732 0.39949939 0.66408588 0.57513185 0.54541442  0.55054589 0.19975068 0.61061714 0.51756629
0.82144393 0.71313626 0.84605975 0.27651809 0.60465974 0.46709296  0.63078081 0.68766432 0.42154978 0.67262972 0.53573979 0.47333404  0.56142641 0.22836343 0.59633593 0.46225513
0.83247123 0.66168949 0.79792448 0.29754509 0.45535433 0.39413149  0.65877241 0.65714559 0.52229689 0.64607692 0.43369419 0.3113038  0.54957256 0.34992924 0.54220785 0.38343587
0.82583759 0.62906455 0.73110634 0.34772739 0.29038264 0.35735258  0.69610537 0.65651182 0.54264153 0.60288131 0.41744657 0.29687394  0.52559829 0.33541715 0.5682228  0.44876359
0.79365488 0.60549056 0.5734543  0.34240986 0.12045382 0.4080995  0.63004858 0.6601626  0.37799027 0.43482833 0.38029237 0.39263857  0.49834382 0.35510252 0.72300305 0.3115487 
0.74074946 0.57700519 0.36656118 0.34952724 0.09375459 0.53298323  0.5430258  0.73158966 0.17376652 0.54222558 0.51584481 0.60070861  0.6028706  0.38332968 0.64438038 0.2263613 
0.72022159 0.57650425 0.29479667 0.30498737 0.14746014 0.55915753  0.54282222 0.77379555 0.2186227  0.54973194 0.4582248  0.55209594  0.52009898 0.28394628 0.6998478  0.24404029
0.5968057  0.7272429  0.13079458 0.28719592 0.28337011 0.68089919  0.61843603 0.5850168  0.37381738 0.44082771 0.39598419 0.45826107  0.58299208 0.36995719 0.42101748 0.50380447
0.5968057  0.7272429  0.13079458 0.28719592 0.28337011 0.68089919  0.61843603 0.5850168  0.37381738 0.44082771 0.39598419 0.45826107  0.58299208 0.36995719 0.42101748 0.50380447
0.54613843 0.77463399 0.11719805 0.37383787 0.30518924 0.66820719  0.61680396 0.47865598 0.41076565 0.4333827  0.47501885 0.44786116  0.54520764 0.36950805 0.38409753 0.49708548
0.54613843 0.77463399 0.11719805 0.37383787 0.30518924 0.66820719  0.61680396 0.47865598 0.41076565 0.4333827  0.47501885 0.44786116  0.54520764 0.36950805 0.38409753 0.49708548
0.54613843 0.77463399 0.11719805 0.37383787 0.30518924 0.66820719  0.61680396 0.47865598 0.41076565 0.4333827  0.47501885 0.44786116  0.54520764 0.36950805 0.38409753 0.49708548
0.54613843 0.77463399 0.11719805 0.37383787 0.30518924 0.66820719  0.61680396 0.47865598 0.41076565 0.4333827  0.47501885 0.44786116  0.54520764 0.36950805 0.38409753 0.49708548
0.56373801 0.76289804 0.11013779 0.33064719 0.31548645 0.65501247  0.67572625 0.48609806 0.39733796 0.42202891 0.49159284 0.4413738  0.59212615 0.40824933 0.44406205 0.49205933
0.57945679 0.73758039 0.11699002 0.30430669 0.30959032 0.64097468  0.65330585 0.55872963 0.39416211 0.43898487 0.47806081 0.45102482  0.53705242 0.386061   0.4647842  0.50413554
0.62652997 0.66751469 0.11839761 0.24414103 0.29927925 0.64061788  0.60005614 0.46837079 0.44283707 0.44547486 0.2838134  0.50982239  0.62005332 0.5233032  0.51971193 0.52030769
0.62652997 0.66751469 0.11839761 0.24414103 0.29927925 0.64061788  0.60005614 0.46837079 0.44283707 0.44547486 0.2838134  0.50982239  0.62005332 0.5233032  0.51971193 0.52030769
0.65803198 0.61412126 0.10977007 0.17914822 0.31592023 0.59144177  0.59912499 0.49283154 0.5130465  0.39980607 0.3072205  0.51014479  0.67790418 0.60399631 0.56895151 0.53314605
0.65803198 0.61412126 0.10977007 0.17914822 0.31592023 0.59144177  0.59912499 0.49283154 0.5130465  0.39980607 0.3072205  0.51014479  0.67790418 0.60399631 0.56895151 0.53314605
0.65803198 0.61412126 0.10977007 0.17914822 0.31592023 0.59144177  0.59912499 0.49283154 0.5130465  0.39980607 0.3072205  0.51014479  0.67790418 0.60399631 0.56895151 0.53314605
0.6734839  0.60075624 0.13291015 0.18696928 0.29184673 0.6083679  0.55435557 0.50311998 0.46248785 0.41854641 0.26491757 0.5151949  0.67198068 0.59623499 0.51292812 0.46486678
0.65669321 0.62197012 0.13662287 0.22991025 0.28526589 0.62484515  0.53464923 0.4621453  0.43886416 0.44030495 0.24658145 0.51975997  0.61395142 0.56515275 0.44410698 0.4508301 
0.68277643 0.60636895 0.21351637 0.27428108 0.23429348 0.56844403  0.54714075 0.46384128 0.39960594 0.56876043 0.31543729 0.53782899  0.62805308 0.67807704 0.40100261 0.39714329
0.69194422 0.58827976 0.22732906 0.31105333 0.20465241 0.56382172  0.54219098 0.4577335  0.32144988 0.56395185 0.37119292 0.60376479  0.66404805 0.66853172 0.48473021 0.31069405
0.66901795 0.60732423 0.16427644 0.25601449 0.25542947 0.60404867  0.52883051 0.46793391 0.39154205 0.48996943 0.29178332 0.54879682  0.59774966 0.60490282 0.44973252 0.41447028
0.64198189 0.65414968 0.14153768 0.25196209 0.27520574 0.65754401  0.55528672 0.47865924 0.39227842 0.4642152  0.24151047 0.5148725  0.61412983 0.51554188 0.46368854 0.45202842
0.62652997 0.66751469 0.11839761 0.24414103 0.29927925 0.64061788  0.60005614 0.46837079 0.44283707 0.44547486 0.2838134  0.50982239  0.62005332 0.5233032  0.51971193 0.52030769
0.62652997 0.66751469 0.11839761 0.24414103 0.29927925 0.64061788  0.60005614 0.46837079 0.44283707 0.44547486 0.2838134  0.50982239  0.62005332 0.5233032  0.51971193 0.52030769
0.59321161 0.70456829 0.11860563 0.31367221 0.29487817 0.6678504  0.56355425 0.38829715 0.45944061 0.43987269 0.28077145 0.50665873  0.62820854 0.50675024 0.43902526 0.51325763
0.47098877 0.77470139 0.09014441 0.49987968 0.39222627 0.47839758  0.59398099 0.27313822 0.4349579  0.4881029  0.45188501 0.50218156  0.27192471 0.44310484 0.56377096 0.4162008 
0.36299888 0.74907479 0.11934016 0.57438787 0.43659776 0.31382756  0.55094647 0.39952265 0.32830254 0.47368339 0.37298296 0.50303567  0.25201844 0.36414634 0.55096753 0.42480948
0.36299888 0.74907479 0.11934016 0.57438787 0.43659776 0.31382756  0.55094647 0.39952265 0.32830254 0.47368339 0.37298296 0.50303567  0.25201844 0.36414634 0.55096753 0.42480948
0.27111616 0.68251872 0.1611416  0.59137249 0.45219491 0.22232555  0.50368108 0.48585844 0.28403845 0.39416083 0.32213469 0.47004854  0.39888272 0.3538929  0.40376585 0.40987808
0.19693003 0.60238721 0.20515994 0.56770823 0.44403505 0.21533248  0.4849007  0.50135397 0.24552805 0.39734001 0.18194428 0.49507685  0.57202158 0.3164379  0.30276357 0.52771924
0.12497483 0.53011189 0.25826014 0.53398192 0.40928794 0.30646206  0.43880966 0.51801185 0.35021162 0.37946695 0.27474137 0.46578683  0.57502087 0.36277988 0.35479109 0.49387625
0.12497483 0.53011189 0.25826014 0.53398192 0.40928794 0.30646206  0.43880966 0.51801185 0.35021162 0.37946695 0.27474137 0.46578683  0.57502087 0.36277988 0.35479109 0.49387625
0.1069118  0.50468223 0.27192077 0.51283024 0.40056215 0.33650236  0.44582207 0.5069174  0.37507656 0.38649781 0.30443902 0.46439408  0.54361207 0.3918882  0.42120554 0.47810733
0.1069118  0.50468223 0.27192077 0.51283024 0.40056215 0.33650236  0.44582207 0.5069174  0.37507656 0.38649781 0.30443902 0.46439408  0.54361207 0.3918882  0.42120554 0.47810733
0.18047622 0.6014932  0.22380015 0.57721463 0.41624782 0.30967403  0.39888548 0.52215778 0.43399807 0.38461427 0.37952104 0.45289942  0.4750644  0.42565767 0.49779249 0.42074586
0.18047622 0.6014932  0.22380015 0.57721463 0.41624782 0.30967403  0.39888548 0.52215778 0.43399807 0.38461427 0.37952104 0.45289942  0.4750644  0.42565767 0.49779249 0.42074586
0.36638363 0.78071809 0.14015343 0.60147452 0.37368826 0.47950569  0.41641835 0.43920869 0.53763584 0.42072623 0.58501156 0.43218744  0.29243085 0.37191768 0.46207756 0.35724288
0.45629848 0.80407354 0.09710843 0.51857932 0.38424446 0.49527585  0.60167809 0.3427797  0.40494569 0.47808893 0.51940683 0.4728624  0.25467343 0.36882748 0.50349181 0.40923842
0.54035873 0.72779543 0.07589963 0.36723578 0.38862945 0.50588845  0.68901654 0.26898614 0.47564147 0.43709317 0.47765712 0.49290466  0.45624531 0.57493596 0.62659657 0.44672291
0.62496429 0.64977641 0.08911328 0.22259949 0.34803657 0.56555505  0.65641521 0.39391279 0.53656709 0.38100726 0.40282916 0.49325752  0.68703825 0.64228845 0.59199608 0.52140092
0.6423132  0.63943891 0.10291784 0.20548871 0.32181637 0.60547956  0.62154539 0.42019997 0.51622236 0.38285011 0.32075254 0.50049377  0.73297791 0.62618464 0.54822936 0.52106984
0.67123403 0.57864334 0.09439701 0.17157668 0.34052921 0.57258342  0.57515178 0.39997508 0.57070839 0.3593485  0.30552297 0.50451028  0.72896839 0.57338408 0.5800668  0.50199801
0.71725324 0.5092551  0.13037553 0.11477395 0.47694495 0.55602365  0.46285492 0.34034896 0.60298279 0.37024441 0.27975808 0.51258778  0.69094109 0.49084876 0.52097283 0.41020177
0.71725324 0.5092551  0.13037553 0.11477395 0.47694495 0.55602365  0.46285492 0.34034896 0.60298279 0.37024441 0.27975808 0.51258778  0.69094109 0.49084876 0.52097283 0.41020177
0.85718039 0.58625656 0.71466516 0.21723427 0.55126934 0.39063597  0.54335429 0.21728858 0.60119988 0.46365436 0.2173817  0.31715376  0.78736964 0.58284254 0.54624681 0.17268206
0.86720798 0.54684967 0.69340725 0.23018478 0.55805649 0.38721104  0.48774784 0.19243305 0.58286849 0.37816872 0.29749319 0.33783553  0.78334149 0.50247573 0.4759702  0.12770489
0.90517152 0.4636617  0.7109434  0.25336904 0.55260946 0.37109705  0.42073556 0.28845665 0.51353099 0.42469926 0.29567594 0.30340607  0.56798602 0.40264911 0.54267808 0.1909378 
0.9104879  0.43174763 0.69611381 0.30759518 0.56035263 0.40954069  0.40531947 0.28066207 0.43879673 0.37507781 0.32620886 0.28945196  0.54879757 0.4273623  0.5738466  0.26220758
0.9104879  0.43174763 0.69611381 0.30759518 0.56035263 0.40954069  0.40531947 0.28066207 0.43879673 0.37507781 0.32620886 0.28945196  0.54879757 0.4273623  0.5738466  0.26220758
0.90042427 0.39151542 0.61205189 0.3649208  0.39971033 0.39990677  0.40864136 0.27157835 0.39070826 0.24170622 0.3766372  0.40268728  0.5021666  0.36392415 0.66116261 0.37091597
0.87348004 0.32628095 0.43690419 0.39277176 0.27808834 0.41090749  0.39622729 0.31249621 0.34370894 0.34313921 0.43636224 0.47399091  0.6148984  0.39133534 0.64199951 0.3004244 
0.86573419 0.30093521 0.37906364 0.41231123 0.21470426 0.40824148  0.39615691 0.31854817 0.32768132 0.35937069 0.47655504 0.5280618  0.65874638 0.40572662 0.62146245 0.32845884
0.85839918 0.29657217 0.34621036 0.39665921 0.22788302 0.42107244  0.38652329 0.34558266 0.3370699  0.44305033 0.47284869 0.52037059  0.6564506  0.44235184 0.55252001 0.28863588
0.84023198 0.29076642 0.27322149 0.35410852 0.27062513 0.45297792  0.35982898 0.38950022 0.33622178 0.47924571 0.44601894 0.49626513  0.57354823 0.42905491 0.53751688 0.28622832
0.809907   0.30226868 0.17372738 0.28452346 0.32952609 0.50527722  0.33292944 0.42604206 0.39580431 0.46396403 0.3738149  0.44839938  0.4917831  0.39855221 0.46055105 0.3707189 
0.78548636 0.32492756 0.11372766 0.22845341 0.38276825 0.53065775  0.34522863 0.43537146 0.4930477  0.40980957 0.3044102  0.40203274  0.44467291 0.33757959 0.45088574 0.48599792
0.78548636 0.32492756 0.11372766 0.22845341 0.38276825 0.53065775  0.34522863 0.43537146 0.4930477  0.40980957 0.3044102  0.40203274  0.44467291 0.33757959 0.45088574 0.48599792
0.78548636 0.32492756 0.11372766 0.22845341 0.38276825 0.53065775  0.34522863 0.43537146 0.4930477  0.40980957 0.3044102  0.40203274  0.44467291 0.33757959 0.45088574 0.48599792
0.77003444 0.33829257 0.09058759 0.22063234 0.40684176 0.51373162  0.38999806 0.42508302 0.54360635 0.39106923 0.34671314 0.39698263  0.4505964  0.34534091 0.50690913 0.55427719
0.75500101 0.3959788  0.09496858 0.12721651 0.36291236 0.47253131  0.39032606 0.42928219 0.61687182 0.36024464 0.29584427 0.49735479  0.46131689 0.29342549 0.53318046 0.40450296
0.74029831 0.42236503 0.08253112 0.13001876 0.3795643  0.48711557  0.42582677 0.38781866 0.64367133 0.33700756 0.31734034 0.49028625  0.57951604 0.35658439 0.49608563 0.425364  
0.74029831 0.42236503 0.08253112 0.13001876 0.3795643  0.48711557  0.42582677 0.38781866 0.64367133 0.33700756 0.31734034 0.49028625  0.57951604 0.35658439 0.49608563 0.425364  
0.74029831 0.42236503 0.08253112 0.13001876 0.3795643  0.48711557  0.42582677 0.38781866 0.64367133 0.33700756 0.31734034 0.49028625  0.57951604 0.35658439 0.49608563 0.425364  
0.74029831 0.42236503 0.08253112 0.13001876 0.3795643  0.48711557  0.42582677 0.38781866 0.64367133 0.33700756 0.31734034 0.49028625  0.57951604 0.35658439 0.49608563 0.425364  
0.74029831 0.42236503 0.08253112 0.13001876 0.3795643  0.48711557  0.42582677 0.38781866 0.64367133 0.33700756 0.31734034 0.49028625  0.57951604 0.35658439 0.49608563 0.425364  
0.75533173 0.36467881 0.07815013 0.2234346  0.4234937  0.52831587  0.42549877 0.38361949 0.57040586 0.36783215 0.36820921 0.38991409  0.56879554 0.40849981 0.4698143  0.57513822
0.77078365 0.35131379 0.1012902  0.23125566 0.39942019 0.545242  0.38072935 0.39390793 0.51984721 0.38657249 0.32590628 0.3949642  0.56287205 0.40073849 0.41379091 0.50685896
0.78310839 0.33666789 0.12894377 0.2573599  0.36958378 0.52444552  0.37491063 0.39969654 0.4725251  0.43623698 0.37110815 0.42400105  0.54667029 0.44048856 0.41941645 0.47049913
0.7978111  0.31028166 0.14138123 0.25455765 0.35293184 0.50986127  0.33940992 0.44116007 0.44572559 0.45947405 0.34961207 0.43106959  0.42847114 0.37732965 0.45651128 0.44963809
0.81833896 0.3107826  0.21314574 0.29909752 0.29922629 0.48368697  0.3396135  0.39895418 0.4008694  0.45196769 0.40723208 0.47968226  0.51124276 0.47671305 0.40104386 0.4319591 
0.86966552 0.32497935 0.42028545 0.37069362 0.25756326 0.37212186  0.44648346 0.37489529 0.45861217 0.57195202 0.37833959 0.36253322  0.54989709 0.48121318 0.48333753 0.3042476 
0.91454201 0.35387307 0.63173132 0.42875501 0.34749971 0.30011758  0.53269216 0.30978779 0.61149755 0.54726661 0.41215839 0.28176081  0.55982622 0.38406146 0.46300265 0.50989126
0.91759588 0.36426292 0.65531426 0.40963895 0.39743655 0.29251894  0.54776112 0.32127548 0.65298491 0.63449253 0.38487691 0.22035191  0.59284649 0.40197786 0.41555641 0.47405486
0.92151784 0.34756558 0.65281697 0.44727092 0.41885276 0.32093641  0.57267256 0.34235142 0.66109774 0.62446569 0.35781393 0.21444657  0.5756559  0.44077084 0.41183774 0.4630562 
0.92159516 0.319582   0.62718811 0.49585206 0.38141044 0.30590783  0.6300976  0.35473716 0.72253609 0.64754524 0.37587215 0.25985054  0.62194466 0.38202603 0.39898678 0.53073571
0.91953766 0.31189798 0.61019052 0.5104194  0.33831878 0.30629394  0.62674158 0.35202355 0.70229819 0.59800212 0.38940393 0.29460737  0.59609399 0.36250981 0.43283577 0.56087686
0.91648379 0.30150813 0.58660757 0.52953546 0.28838194 0.31389259  0.61167261 0.34053586 0.66081083 0.51077621 0.41668541 0.35601627  0.56307373 0.34459342 0.48028201 0.59671326
0.88792953 0.27614633 0.44704304 0.46567068 0.28660682 0.34359945  0.54886895 0.41287122 0.59388719 0.72173256 0.4446725  0.36931838  0.58164246 0.46484569 0.37738574 0.44318234
0.87792398 0.24767345 0.38195462 0.47878923 0.27499937 0.35771266  0.53498618 0.42403206 0.56994096 0.73900569 0.50524078 0.4662555  0.64458851 0.42093593 0.40817336 0.44775741
0.86450722 0.23439483 0.31788369 0.47665052 0.27324129 0.40138316  0.49908554 0.43166892 0.49538607 0.64386349 0.52258117 0.53464724  0.61071607 0.35571857 0.49698982 0.41582771
0.82165421 0.25417197 0.17454766 0.35760244 0.34269439 0.48881876  0.39104011 0.47040365 0.42415342 0.55747562 0.45935344 0.47725917  0.44400952 0.44164176 0.47398291 0.452376  
0.78940831 0.30823021 0.11123037 0.26608538 0.40418446 0.55907522  0.37014007 0.4564474  0.50116053 0.39978273 0.27734723 0.3961274  0.42748232 0.37637257 0.44716707 0.47499927
0.76613011 0.35111706 0.08968862 0.21195512 0.40796742 0.52660016  0.41752464 0.45236354 0.59121232 0.36518908 0.28283628 0.43998831  0.43837997 0.35904544 0.52604727 0.46121262
0.67323104 0.48523434 0.0420926  0.29056468 0.47618587 0.51419494  0.61308752 0.23643936 0.64010333 0.33637294 0.43258641 0.42383946  0.63590083 0.59747851 0.60767725 0.48994669
0.63689814 0.57483823 0.05099217 0.27921973 0.4336485  0.53321359  0.65967502 0.22456904 0.61234247 0.36163251 0.38899096 0.48712214  0.6651901  0.63069723 0.62387155 0.44522998
0.53284732 0.64574436 0.05481001 0.46858892 0.46826336 0.4503916  0.61560238 0.09011186 0.50389192 0.45629227 0.31328529 0.52421522  0.37649527 0.53502241 0.642914   0.3505002 
0.35191067 0.61651414 0.11507889 0.49309244 0.50096672 0.17242525  0.62249109 0.31350036 0.25557735 0.39360837 0.22925441 0.50305978  0.52118127 0.43374894 0.50750646 0.38647526
0.31524332 0.61535917 0.12752677 0.54981418 0.50219715 0.14589574  0.54281157 0.32406047 0.25489319 0.41354549 0.15618382 0.52381842  0.4805921  0.40677372 0.49351731 0.41200551
0.19605627 0.56975885 0.20515761 0.51247466 0.45256714 0.20547054  0.57709842 0.4727507  0.18539437 0.41138607 0.16162919 0.50784838  0.57776276 0.31709855 0.30932356 0.55100622
0.19605627 0.56975885 0.20515761 0.51247466 0.45256714 0.20547054  0.57709842 0.4727507  0.18539437 0.41138607 0.16162919 0.50784838  0.57776276 0.31709855 0.30932356 0.55100622
0.17861456 0.57659676 0.21827089 0.54746416 0.43654641 0.23226866  0.4990328  0.4944824  0.23714737 0.39840605 0.17394119 0.49627101  0.58496508 0.30488081 0.27764716 0.54054681
0.19703668 0.60145295 0.20604045 0.56512668 0.44078941 0.22644588  0.48189345 0.50025238 0.26502913 0.39802501 0.20476153 0.49153232  0.56008681 0.33326876 0.33201428 0.51372332
0.23286112 0.6179391  0.18085377 0.54535914 0.46184243 0.18605904  0.55344227 0.48385502 0.21495074 0.40373547 0.20372626 0.49877886  0.55129784 0.35274321 0.36564629 0.49885363
0.30657541 0.70111784 0.13470736 0.58012967 0.47680328 0.16692532  0.55916449 0.4848959  0.2411768  0.39770651 0.30337129 0.48014574  0.42564492 0.39747569 0.472816   0.40093366
0.39005051 0.69563735 0.09222272 0.57318408 0.48353919 0.23099402  0.51558462 0.29214879 0.37746076 0.43723912 0.32108665 0.50780731  0.32258725 0.44196547 0.61813095 0.33155624
0.54735269 0.66562014 0.06140999 0.41296807 0.4228863  0.48460805  0.57736867 0.07750576 0.51602226 0.47394264 0.33121897 0.53047968  0.44022671 0.48146086 0.60519631 0.39939171
0.62866709 0.57206834 0.0437504  0.280199   0.43622841 0.4740395  0.58806453 0.09071287 0.63965277 0.37195655 0.43119911 0.49190796  0.61028364 0.5390613  0.54476759 0.40296577
0.76668416 0.34917704 0.08514446 0.20829353 0.41108709 0.53499466  0.4083241  0.44461153 0.58140356 0.3443733  0.26878831 0.43556871  0.46109243 0.30985415 0.58539367 0.41354381
0.81047484 0.22479077 0.09155524 0.39911602 0.48584876 0.66246775  0.37372115 0.46227109 0.39190146 0.37276068 0.26264094 0.25091394  0.46395887 0.33653459 0.60702753 0.50683777
0.81884992 0.19943126 0.09865655 0.43626411 0.47462019 0.63778437  0.38723766 0.4662083  0.39711601 0.42717425 0.36110391 0.28230567  0.47671181 0.35315183 0.56823818 0.58910198
0.86223388 0.13202502 0.18927546 0.59964659 0.42324771 0.61421209  0.45672389 0.49337178 0.31354585 0.54859586 0.47796036 0.38416149  0.55472666 0.41703541 0.63244744 0.47791857
0.87332956 0.12860048 0.2288324  0.65198862 0.40798044 0.6151218  0.504734   0.48793895 0.36438154 0.49116099 0.46969798 0.46145984  0.57393764 0.44889467 0.5519775  0.49301173
0.8903526  0.10639367 0.272571   0.72374213 0.39065364 0.59479541  0.56544104 0.48463457 0.42389856 0.52543605 0.49485139 0.52147708  0.65240224 0.38487614 0.50693872 0.49272871
0.89419344 0.08842377 0.27291237 0.78050408 0.41140758 0.62718252  0.62591278 0.52793782 0.47544559 0.49175625 0.45231202 0.59185319  0.61768634 0.42644141 0.44738349 0.4375123 
0.89419344 0.08842377 0.27291237 0.78050408 0.41140758 0.62718252  0.62591278 0.52793782 0.47544559 0.49175625 0.45231202 0.59185319  0.61768634 0.42644141 0.44738349 0.4375123 
0.89334251 0.09209176 0.27162657 0.76603287 0.40828885 0.62346062  0.60497956 0.51928697 0.44699301 0.50277225 0.46277228 0.56797154  0.62527461 0.437791   0.46760132 0.43010676
0.89334251 0.09209176 0.27162657 0.76603287 0.40828885 0.62346062  0.60497956 0.51928697 0.44699301 0.50277225 0.46277228 0.56797154  0.62527461 0.437791   0.46760132 0.43010676
0.8913945  0.10100887 0.26934393 0.7314566  0.40020255 0.61182696  0.55701482 0.49694475 0.38649376 0.53233317 0.48758645 0.50502109  0.64251288 0.45058812 0.51758579 0.43258318
0.88408673 0.12390064 0.25539152 0.6686132  0.39262333 0.63057188  0.47096342 0.48470825 0.25718916 0.4803825  0.46435955 0.4517852  0.59380487 0.57605973 0.56436392 0.31647269
0.88024589 0.14187054 0.25505016 0.61185124 0.3718694  0.59818477  0.41049168 0.441405   0.20564214 0.5140623  0.50689892 0.38140909  0.62852076 0.53449447 0.62391914 0.3716891 
0.87187081 0.16723006 0.24794885 0.57470314 0.38309797 0.62286815  0.39697517 0.43746779 0.20042759 0.45964873 0.40843595 0.35001736  0.61576783 0.51787723 0.66270849 0.28942489
0.89598877 0.21430683 0.38767854 0.57619559 0.32706778 0.54739895  0.412704   0.33964282 0.19906129 0.28472149 0.42121558 0.33365662  0.61309481 0.44551104 0.75978999 0.40545227
0.91957929 0.36834549 0.6519961  0.38543021 0.61155816 0.50000289  0.35008655 0.27107195 0.28143522 0.33470201 0.36408048 0.20234874  0.59075571 0.43938942 0.64138708 0.28782696
0.90704723 0.47612723 0.72767385 0.22458236 0.65701028 0.42844442  0.36159589 0.29589524 0.42243909 0.33519997 0.35953874 0.47343324  0.54188459 0.32325683 0.63793785 0.2574012 
0.90204113 0.51392625 0.7557639  0.16110618 0.69108705 0.39593842  0.37363082 0.31023814 0.49813083 0.41066664 0.35959645 0.53764846  0.55171758 0.32764158 0.57484969 0.24377462
0.90441943 0.51796261 0.77051362 0.15259865 0.70030303 0.37578414  0.39178285 0.32057634 0.54138734 0.46909005 0.3421822  0.49241586  0.53569864 0.34608878 0.55110173 0.2616962 
0.90441943 0.51796261 0.77051362 0.15259865 0.70030303 0.37578414  0.39178285 0.32057634 0.54138734 0.46909005 0.3421822  0.49241586  0.53569864 0.34608878 0.55110173 0.2616962 
0.90441943 0.51796261 0.77051362 0.15259865 0.70030303 0.37578414  0.39178285 0.32057634 0.54138734 0.46909005 0.3421822  0.49241586  0.53569864 0.34608878 0.55110173 0.2616962 
0.88961207 0.54689207 0.76739037 0.15776561 0.67159579 0.40122954  0.39901555 0.39460944 0.48218961 0.40831328 0.40253518 0.53052328  0.52848088 0.36146331 0.56388421 0.27218558
0.90204113 0.51392625 0.7557639  0.16110618 0.69108705 0.39593842  0.37363082 0.31023814 0.49813083 0.41066664 0.35959645 0.53764846  0.55171758 0.32764158 0.57484969 0.24377462
0.89941306 0.50860884 0.7387991  0.17259701 0.65954733 0.40711728  0.3613612  0.29869736 0.46082667 0.34875103 0.36078664 0.54661637  0.54632805 0.34513605 0.60092706 0.21683786
0.89545448 0.48943386 0.7004948  0.21417935 0.51642324 0.36834038  0.40564747 0.28486124 0.5120622  0.34425322 0.27533999 0.38982413  0.55951806 0.37544688 0.60011794 0.11243336
0.89320327 0.48128951 0.68284042 0.22904536 0.47683695 0.37048443  0.39900127 0.27946724 0.48986429 0.29323136 0.29326365 0.42750369  0.53264744 0.35934818 0.62765956 0.14583033
0.85698197 0.36206157 0.41412308 0.3291021  0.17150779 0.34028574  0.43794935 0.32654118 0.46579595 0.35759676 0.40195403 0.6056641  0.65734509 0.29718939 0.67505501 0.20023547
0.87334558 0.27107762 0.3729512  0.45690792 0.23988419 0.43790236  0.38930182 0.31849849 0.27875005 0.35389006 0.49068751 0.47406946  0.67161661 0.38349624 0.66039228 0.35558958
0.88110678 0.24097321 0.36562437 0.50035297 0.26664271 0.47194824  0.38238843 0.31275189 0.23516897 0.34804556 0.49069453 0.41818872  0.68858274 0.36113192 0.71632415 0.37562908
0.88110678 0.24097321 0.36562437 0.50035297 0.26664271 0.47194824  0.38238843 0.31275189 0.23516897 0.34804556 0.49069453 0.41818872  0.68858274 0.36113192 0.71632415 0.37562908
0.87515571 0.18311104 0.2817397  0.55974239 0.35246803 0.57116215  0.40830094 0.40098992 0.2031014  0.40554844 0.43293147 0.35902358  0.64525807 0.36644318 0.81134367 0.3075149 
0.8678207  0.178748   0.24888641 0.54409037 0.3656468  0.58399312  0.39866732 0.42802441 0.21248998 0.48922808 0.42922512 0.35133237  0.64296228 0.40306841 0.74240123 0.26769194
0.86717626 0.15307531 0.22027315 0.55645352 0.37380676 0.58049126  0.38553488 0.44810412 0.20719286 0.55196308 0.51741012 0.37296653  0.6092621  0.4510451  0.65812328 0.36511818
0.87364281 0.1247782  0.21569806 0.62634076 0.41410448 0.63497817  0.4429494  0.49549741 0.24120991 0.51951538 0.45018237 0.39172624  0.56780275 0.51911538 0.63999139 0.30068461
0.87786448 0.10484714 0.21468254 0.68677819 0.43991002 0.67500969  0.50562914 0.54747813 0.29335727 0.48477389 0.39604938 0.46447563  0.52771707 0.56351141 0.58192772 0.21769817
0.87786448 0.10484714 0.21468254 0.68677819 0.43991002 0.67500969  0.50562914 0.54747813 0.29335727 0.48477389 0.39604938 0.46447563  0.52771707 0.56351141 0.58192772 0.21769817
0.85810922 0.13519828 0.17309102 0.62285597 0.48149057 0.71514341  0.49195442 0.55797176 0.32333535 0.40999273 0.25651819 0.39881913  0.46864177 0.49216715 0.64569901 0.17068252
0.85810922 0.13519828 0.17309102 0.62285597 0.48149057 0.71514341  0.49195442 0.55797176 0.32333535 0.40999273 0.25651819 0.39881913  0.46864177 0.49216715 0.64569901 0.17068252
0.85810922 0.13519828 0.17309102 0.62285597 0.48149057 0.71514341  0.49195442 0.55797176 0.32333535 0.40999273 0.25651819 0.39881913  0.46864177 0.49216715 0.64569901 0.17068252
0.85810922 0.13519828 0.17309102 0.62285597 0.48149057 0.71514341  0.49195442 0.55797176 0.32333535 0.40999273 0.25651819 0.39881913  0.46864177 0.49216715 0.64569901 0.17068252
0.83423839 0.16389701 0.11687504 0.56848701 0.53175207 0.76071649  0.48457088 0.54795273 0.405557   0.30671341 0.17297494 0.34907909  0.46486751 0.4435152  0.58009383 0.27557   
0.83423839 0.16389701 0.11687504 0.56848701 0.53175207 0.76071649  0.48457088 0.54795273 0.405557   0.30671341 0.17297494 0.34907909  0.46486751 0.4435152  0.58009383 0.27557   
0.83423839 0.16389701 0.11687504 0.56848701 0.53175207 0.76071649  0.48457088 0.54795273 0.405557   0.30671341 0.17297494 0.34907909  0.46486751 0.4435152  0.58009383 0.27557   
0.83423839 0.16389701 0.11687504 0.56848701 0.53175207 0.76071649  0.48457088 0.54795273 0.405557   0.30671341 0.17297494 0.34907909  0.46486751 0.4435152  0.58009383 0.27557   
0.83501234 0.16025464 0.11637541 0.58042175 0.53856699 0.77003122  0.50004699 0.56063817 0.4233543  0.29505096 0.15210741 0.36962585  0.44424385 0.46512514 0.55505365 0.24704815
0.83501234 0.16025464 0.11637541 0.58042175 0.53856699 0.77003122  0.50004699 0.56063817 0.4233543  0.29505096 0.15210741 0.36962585  0.44424385 0.46512514 0.55505365 0.24704815
0.82291643 0.16826762 0.08402926 0.55045595 0.56197274 0.77461527  0.50652747 0.57575619 0.47327557 0.29056098 0.12790458 0.35229607  0.38093189 0.44390258 0.55101388 0.32596734
0.82291643 0.16826762 0.08402926 0.55045595 0.56197274 0.77461527  0.50652747 0.57575619 0.47327557 0.29056098 0.12790458 0.35229607  0.38093189 0.44390258 0.55101388 0.32596734
0.82291643 0.16826762 0.08402926 0.55045595 0.56197274 0.77461527  0.50652747 0.57575619 0.47327557 0.29056098 0.12790458 0.35229607  0.38093189 0.44390258 0.55101388 0.32596734
0.82291643 0.16826762 0.08402926 0.55045595 0.56197274 0.77461527  0.50652747 0.57575619 0.47327557 0.29056098 0.12790458 0.35229607  0.38093189 0.44390258 0.55101388 0.32596734
0.80867699 0.17587046 0.06093088 0.56165399 0.59407481 0.76976444  0.57402444 0.58308079 0.54775398 0.25708954 0.14800892 0.37551425  0.36314233 0.47721488 0.57346977 0.36740956
0.80746451 0.18163264 0.06088919 0.54263488 0.58604624 0.75768914  0.5512969  0.56546775 0.52383422 0.27182064 0.17020752 0.34724595  0.38685538 0.45166391 0.60703726 0.39424661
0.79037785 0.21918929 0.04878143 0.51186019 0.58960793 0.75159248  0.55352113 0.49782335 0.52587017 0.26516809 0.21525526 0.30289951  0.51994734 0.49622556 0.59510416 0.45168284
0.72274965 0.30031046 0.00780049 0.56524999 0.64446228 0.68167318  0.64672562 0.28304551 0.545503   0.25068378 0.43678788 0.23379688  0.60441483 0.58378135 0.65270634 0.47891154
0.70731199 0.35968988 0.01551125 0.4743441  0.5989918  0.63646337  0.65619586 0.28929977 0.6339274  0.24031111 0.38584153 0.33670024  0.59651877 0.58092328 0.63663333 0.36971489
0.62790003 0.45428935 0.0203878  0.43305334 0.58059067 0.45063186  0.66596236 0.23407999 0.60153363 0.25352054 0.40543053 0.39562428  0.50984659 0.58537857 0.72268063 0.26783355
0.58545579 0.55936576 0.03396316 0.40711157 0.52197974 0.44005634  0.68230741 0.17873567 0.56720024 0.31150479 0.42060101 0.45048202  0.52840635 0.54227084 0.62871468 0.24771092
0.47888642 0.60316929 0.05765656 0.49330153 0.52741798 0.3015519  0.63272187 0.14415447 0.3983751  0.38156276 0.31629064 0.46340687  0.427203   0.51667706 0.64480132 0.26751907
0.42062783 0.62710474 0.07859688 0.47982343 0.51714388 0.18727834  0.62961352 0.23377637 0.31943728 0.36204909 0.34349515 0.46715071  0.47419756 0.44576531 0.51542033 0.25898021
0.21541216 0.57521558 0.19789532 0.48130225 0.44835991 0.23556182  0.64826352 0.43457372 0.16202176 0.40690428 0.25301266 0.48905652  0.42766451 0.31601648 0.33292734 0.45513035
0.21541216 0.57521558 0.19789532 0.48130225 0.44835991 0.23556182  0.64826352 0.43457372 0.16202176 0.40690428 0.25301266 0.48905652  0.42766451 0.31601648 0.33292734 0.45513035
0.1783447  0.54314133 0.21952706 0.48564875 0.44212764 0.24536944  0.59607576 0.44888084 0.2056232  0.42250034 0.2063252  0.50552824  0.50243353 0.33418255 0.37297085 0.52517023
0.10717356 0.47293935 0.27212342 0.45630826 0.40044915 0.33887172  0.56401763 0.4379138  0.25500629 0.4162155  0.24392843 0.49085647  0.46947169 0.3037667  0.32161202 0.50092078
0.08885809 0.44714889 0.28523437 0.43606418 0.39296051 0.3558079  0.57814973 0.43104223 0.24662562 0.41728153 0.23592534 0.49205063  0.4824152  0.29220961 0.29649562 0.51374834
0.05336775 0.43914143 0.31083182 0.46832666 0.37416152 0.39938838  0.45143619 0.50292086 0.40448693 0.37548598 0.33684065 0.45259001  0.60541605 0.3574237  0.32371238 0.49045415
0.05336775 0.43914143 0.31083182 0.46832666 0.37416152 0.39938838  0.45143619 0.50292086 0.40448693 0.37548598 0.33684065 0.45259001  0.60541605 0.3574237  0.32371238 0.49045415
0.03530472 0.41371177 0.32449245 0.44717499 0.36543573 0.42942868  0.4584486  0.49182641 0.42935187 0.38251683 0.3665383  0.45119726  0.57400726 0.38653202 0.39012683 0.47468522
0.01779563 0.38669558 0.33863985 0.42004769 0.35385851 0.46460162  0.48109267 0.47190843 0.43452283 0.38595027 0.3992976  0.44733029  0.52908455 0.38078184 0.39373238 0.44873962
0.00039479 0.36283831 0.35232302 0.39930133 0.34523319 0.50234819  0.48417291 0.45702496 0.47508945 0.39693445 0.45000532 0.44589633  0.47476172 0.42761975 0.50206904 0.41641874
0.00039479 0.36283831 0.35232302 0.39930133 0.34523319 0.50234819  0.48417291 0.45702496 0.47508945 0.39693445 0.45000532 0.44589633  0.47476172 0.42761975 0.50206904 0.41641874
0.00039479 0.36283831 0.35232302 0.39930133 0.34523319 0.50234819  0.48417291 0.45702496 0.47508945 0.39693445 0.45000532 0.44589633  0.47476172 0.42761975 0.50206904 0.41641874
0.00039479 0.36283831 0.35232302 0.39930133 0.34523319 0.50234819  0.48417291 0.45702496 0.47508945 0.39693445 0.45000532 0.44589633  0.47476172 0.42761975 0.50206904 0.41641874
0.00039479 0.36283831 0.35232302 0.39930133 0.34523319 0.50234819  0.48417291 0.45702496 0.47508945 0.39693445 0.45000532 0.44589633  0.47476172 0.42761975 0.50206904 0.41641874
0.00039479 0.36283831 0.35232302 0.39930133 0.34523319 0.50234819  0.48417291 0.45702496 0.47508945 0.39693445 0.45000532 0.44589633  0.47476172 0.42761975 0.50206904 0.41641874
0.00039479 0.36283831 0.35232302 0.39930133 0.34523319 0.50234819  0.48417291 0.45702496 0.47508945 0.39693445 0.45000532 0.44589633  0.47476172 0.42761975 0.50206904 0.41641874
0.00039479 0.36283831 0.35232302 0.39930133 0.34523319 0.50234819  0.48417291 0.45702496 0.47508945 0.39693445 0.45000532 0.44589633  0.47476172 0.42761975 0.50206904 0.41641874
0.00039479 0.36283831 0.35232302 0.39930133 0.34523319 0.50234819  0.48417291 0.45702496 0.47508945 0.39693445 0.45000532 0.44589633  0.47476172 0.42761975 0.50206904 0.41641874
0.00039479 0.36283831 0.35232302 0.39930133 0.34523319 0.50234819  0.48417291 0.45702496 0.47508945 0.39693445 0.45000532 0.44589633  0.47476172 0.42761975 0.50206904 0.41641874
0.00039479 0.36283831 0.35232302 0.39930133 0.34523319 0.50234819  0.48417291 0.45702496 0.47508945 0.39693445 0.45000532 0.44589633  0.47476172 0.42761975 0.50206904 0.41641874
0.00039479 0.36283831 0.35232302 0.39930133 0.34523319 0.50234819  0.48417291 0.45702496 0.47508945 0.39693445 0.45000532 0.44589633  0.47476172 0.42761975 0.50206904 0.41641874
0.00039479 0.36283831 0.35232302 0.39930133 0.34523319 0.50234819  0.48417291 0.45702496 0.47508945 0.39693445 0.45000532 0.44589633  0.47476172 0.42761975 0.50206904 0.41641874
0.00039479 0.36283831 0.35232302 0.39930133 0.34523319 0.50234819  0.48417291 0.45702496 0.47508945 0.39693445 0.45000532 0.44589633  0.47476172 0.42761975 0.50206904 0.41641874
0.00039479 0.36283831 0.35232302 0.39930133 0.34523319 0.50234819  0.48417291 0.45702496 0.47508945 0.39693445 0.45000532 0.44589633  0.47476172 0.42761975 0.50206904 0.41641874
