0.00039479 0.36283831 0.35232302 0.39930133 0.34523319 0.50234819  0.48417291 0.45702496 0.47508945 0.39693445 0.45000532 0.44589633  0.47476172 0.42761975 0.50206904 0.41641874
0.00039479 0.36283831 0.35232302 0.39930133 0.34523319 0.50234819  0.48417291 0.45702496 0.47508945 0.39693445 0.45000532 0.44589633  0.47476172 0.42761975 0.50206904 0.41641874
0.00039479 0.36283831 0.35232302 0.39930133 0.34523319 0.50234819  0.48417291 0.45702496 0.47508945 0.39693445 0.45000532 0.44589633  0.47476172 0.42761975 0.50206904 0.41641874
0.00039479 0.36283831 0.35232302 0.39930133 0.34523319 0.50234819  0.48417291 0.45702496 0.47508945 0.39693445 0.45000532 0.44589633  0.47476172 0.42761975 0.50206904 0.41641874
0.00039479 0.36283831 0.35232302 0.39930133 0.34523319 0.50234819  0.48417291 0.45702496 0.47508945 0.39693445 0.45000532 0.44589633  0.47476172 0.42761975 0.50206904 0.41641874
0.00039479 0.36283831 0.35232302 0.39930133 0.34523319 0.50234819  0.48417291 0.45702496 0.47508945 0.39693445 0.45000532 0.44589633  0.47476172 0.42761975 0.50206904 0.41641874
0.00039479 0.36283831 0.35232302 0.39930133 0.34523319 0.50234819  0.48417291 0.45702496 0.47508945 0.39693445 0.45000532 0.44589633  0.47476172 0.42761975 0.50206904 0.41641874
0.00039479 0.36283831 0.35232302 0.39930133 0.34523319 0.50234819  0.48417291 0.45702496 0.47508945 0.39693445 0.45000532 0.44589633  0.47476172 0.42761975 0.50206904 0.41641874
0.00039479 0.36283831 0.35232302 0.39930133 0.34523319 0.50234819  0.48417291 0.45702496 0.47508945 0.39693445 0.45000532 0.44589633  0.47476172 0.42761975 0.50206904 0.41641874
0.00039479 0.36283831 0.35232302 0.39930133 0.34523319 0.50234819  0.48417291 0.45702496 0.47508945 0.39693445 0.45000532 0.44589633  0.47476172 0.42761975 0.50206904 0.41641874
0.00039479 0.36283831 0.35232302 0.39930133 0.34523319 0.50234819  0.48417291 0.45702496 0.47508945 0.39693445 0.45000532 0.44589633  0.47476172 0.42761975 0.50206904 0.41641874
0.00039479 0.36283831 0.35232302 0.39930133 0.34523319 0.50234819  0.48417291 0.45702496 0.47508945 0.39693445 0.45000532 0.44589633  0.47476172 0.42761975 0.50206904 0.41641874
0.00039479 0.36283831 0.35232302 0.39930133 0.34523319 0.50234819  0.48417291 0.45702496 0.47508945 0.39693445 0.45000532 0.44589633  0.47476172 0.42761975 0.50206904 0.41641874
0.00039479 0.36283831 0.35232302 0.39930133 0.34523319 0.50234819  0.48417291 0.45702496 0.47508945 0.39693445 0.45000532 0.44589633  0.47476172 0.42761975 0.50206904 0.41641874
0.00039479 0.36283831 0.35232302 0.39930133 0.34523319 0.50234819  0.48417291 0.45702496 0.47508945 0.39693445 0.45000532 0.44589633  0.47476172 0.42761975 0.50206904 0.41641874
0.00039479 0.36283831 0.35232302 0.39930133 0.34523319 0.50234819  0.48417291 0.45702496 0.47508945 0.39693445 0.45000532 0.44589633  0.47476172 0.42761975 0.50206904 0.41641874
0.00039479 0.36283831 0.35232302 0.39930133 0.34523319 0.50234819  0.48417291 0.45702496 0.47508945 0.39693445 0.45000532 0.44589633  0.47476172 0.42761975 0.50206904 0.41641874
0.00039479 0.36283831 0.35232302 0.39930133 0.34523319 0.50234819  0.48417291 0.45702496 0.47508945 0.39693445 0.45000532 0.44589633  0.47476172 0.42761975 0.50206904 0.41641874
0.00039479 0.36283831 0.35232302 0.39930133 0.34523319 0.50234819  0.48417291 0.45702496 0.47508945 0.39693445 0.45000532 0.44589633  0.47476172 0.42761975 0.50206904 0.41641874
0.00039479 0.36283831 0.35232302 0.39930133 0.34523319 0.50234819  0.48417291 0.45702496 0.47508945 0.39693445 0.45000532 0.44589633  0.47476172 0.42761975 0.50206904 0.41641874
0.00039479 0.36283831 0.35232302 0.39930133 0.34523319 0.50234819  0.48417291 0.45702496 0.47508945 0.39693445 0.45000532 0.44589633  0.47476172 0.42761975 0.50206904 0.41641874
0.00039479 0.36283831 0.35232302 0.39930133 0.34523319 0.50234819  0.48417291 0.45702496 0.47508945 0.39693445 0.45000532 0.44589633  0.47476172 0.42761975 0.50206904 0.41641874
0.00039479 0.36283831 0.35232302 0.39930133 0.34523319 0.50234819  0.48417291 0.45702496 0.47508945 0.39693445 0.45000532 0.44589633  0.47476172 0.42761975 0.50206904 0.41641874
0.00039479 0.36283831 0.35232302 0.39930133 0.34523319 0.50234819  0.48417291 0.45702496 0.47508945 0.39693445 0.45000532 0.44589633  0.47476172 0.42761975 0.50206904 0.41641874
0.00039479 0.36283831 0.35232302 0.39930133 0.34523319 0.50234819  0.48417291 0.45702496 0.47508945 0.39693445 0.45000532 0.44589633  0.47476172 0.42761975 0.50206904 0.41641874
0.00039479 0.36283831 0.35232302 0.39930133 0.34523319 0.50234819  0.48417291 0.45702496 0.47508945 0.39693445 0.45000532 0.44589633  0.47476172 0.42761975 0.50206904 0.41641874
0.00039479 0.36283831 0.35232302 0.39930133 0.34523319 0.50234819  0.48417291 0.45702496 0.47508945 0.39693445 0.45000532 0.44589633  0.47476172 0.42761975 0.50206904 0.41641874
0.00039479 0.36283831 0.35232302 0.39930133 0.34523319 0.50234819  0.48417291 0.45702496 0.47508945 0.39693445 0.45000532 0.44589633  0.47476172 0.42761975 0.50206904 0.41641874
0.00039479 0.36283831 0.35232302 0.39930133 0.34523319 0.50234819  0.48417291 0.45702496 0.47508945 0.39693445 0.45000532 0.44589633  0.47476172 0.42761975 0.50206904 0.41641874
0.00039479 0.36283831 0.35232302 0.39930133 0.34523319 0.50234819  0.48417291 0.45702496 0.47508945 0.39693445 0.45000532 0.44589633  0.47476172 0.42761975 0.50206904 0.41641874
0.00039479 0.36283831 0.35232302 0.39930133 0.34523319 0.50234819  0.48417291 0.45702496 0.47508945 0.39693445 0.45000532 0.44589633  0.47476172 0.42761975 0.50206904 0.41641874
0.00039479 0.36283831 0.35232302 0.39930133 0.34523319 0.50234819  0.48417291 0.45702496 0.47508945 0.39693445 0.45000532 0.44589633  0.47476172 0.42761975 0.50206904 0.41641874
0.00039479 0.36283831 0.35232302 0.39930133 0.34523319 0.50234819  0.48417291 0.45702496 0.47508945 0.39693445 0.45000532 0.44589633  0.47476172 0.42761975 0.50206904 0.41641874
0.00039479 0.36283831 0.35232302 0.39930133 0.34523319 0.50234819  0.48417291 0.45702496 0.47508945 0.39693445 0.45000532 0.44589633  0.47476172 0.42761975 0.50206904 0.41641874
0.00039479 0.36283831 0.35232302 0.39930133 0.34523319 0.50234819  0.48417291 0.45702496 0.47508945 0.39693445 0.45000532 0.44589633  0.47476172 0.42761975 0.50206904 0.41641874
0.00039479 0.36283831 0.35232302 0.39930133 0.34523319 0.50234819  0.48417291 0.45702496 0.47508945 0.39693445 0.45000532 0.44589633  0.47476172 0.42761975 0.50206904 0.41641874
0.00039479 0.36283831 0.35232302 0.39930133 0.34523319 0.50234819  0.48417291 0.45702496 0.47508945 0.39693445 0.45000532 0.44589633  0.47476172 0.42761975 0.50206904 0.41641874
0.00039479 0.36283831 0.35232302 0.39930133 0.34523319 0.50234819  0.48417291 0.45702496 0.47508945 0.39693445 0.45000532 0.44589633  0.47476172 0.42761975 0.50206904 0.41641874
0.00039479 0.36283831 0.35232302 0.39930133 0.34523319 0.50234819  0.48417291 0.45702496 0.47508945 0.39693445 0.45000532 0.44589633  0.47476172 0.42761975 0.50206904 0.41641874
0.00039479 0.36283831 0.35232302 0.39930133 0.34523319 0.50234819  0.48417291 0.45702496 0.47508945 0.39693445 0.45000532 0.44589633  0.47476172 0.42761975 0.50206904 0.41641874
0.00039479 0.36283831 0.35232302 0.39930133 0.34523319 0.50234819  0.48417291 0.45702496 0.47508945 0.39693445 0.45000532 0.44589633  0.47476172 0.42761975 0.50206904 0.41641874
0.00039479 0.36283831 0.35232302 0.39930133 0.34523319 0.50234819  0.48417291 0.45702496 0.47508945 0.39693445 0.45000532 0.44589633  0.47476172 0.42761975 0.50206904 0.41641874
0.00039479 0.36283831 0.35232302 0.39930133 0.34523319 0.50234819  0.48417291 0.45702496 0.47508945 0.39693445 0.45000532 0.44589633  0.47476172 0.42761975 0.50206904 0.41641874
0.00039479 0.36283831 0.35232302 0.39930133 0.34523319 0.50234819  0.48417291 0.45702496 0.47508945 0.39693445 0.45000532 0.44589633  0.47476172 0.42761975 0.50206904 0.41641874
0.00039479 0.36283831 0.35232302 0.39930133 0.34523319 0.50234819  0.48417291 0.45702496 0.47508945 0.39693445 0.45000532 0.44589633  0.47476172 0.42761975 0.50206904 0.41641874
0.00039479 0.36283831 0.35232302 0.39930133 0.34523319 0.50234819  0.48417291 0.45702496 0.47508945 0.39693445 0.45000532 0.44589633  0.47476172 0.42761975 0.50206904 0.41641874
0.07117188 0.46942321 0.29829345 0.49968054 0.38391967 0.39962655  0.38768127 0.52380478 0.51131292 0.39598347 0.3937661  0.4582091  0.56762114 0.49660376 0.61654857 0.47025342
0.08948736 0.49521366 0.28518251 0.51992462 0.39140831 0.38269037  0.37354917 0.53067635 0.51969359 0.39491743 0.40176919 0.45701493  0.55467763 0.50816085 0.64166497 0.45742585
0.08948736 0.49521366 0.28518251 0.51992462 0.39140831 0.38269037  0.37354917 0.53067635 0.51969359 0.39491743 0.40176919 0.45701493  0.55467763 0.50816085 0.64166497 0.45742585
0.14447911 0.5700276  0.24788815 0.57619888 0.40654171 0.35060211  0.32067847 0.55784364 0.58266704 0.38687812 0.4602126  0.44518481  0.53631072 0.57452774 0.74914018 0.39850858
0.29131437 0.74805556 0.15908228 0.6753636  0.42004641 0.3197609  0.28518274 0.55941337 0.5863977  0.37842273 0.50936378 0.43246587  0.48548483 0.47992898 0.58442582 0.36396198
0.34703591 0.78070022 0.15599052 0.65275933 0.36251509 0.50632265  0.2602343  0.47521433 0.67039174 0.46170498 0.49562397 0.46881395  0.46104983 0.45533444 0.61526442 0.46587666
0.36532214 0.79152891 0.14434472 0.64405707 0.36723662 0.49304237  0.31346612 0.44356003 0.59722573 0.47110477 0.46850581 0.47668941  0.37059361 0.41334027 0.57665075 0.44637606
0.44040188 0.82034229 0.13390782 0.56752468 0.31175412 0.65393346  0.39916614 0.40180063 0.59057552 0.45478735 0.55829857 0.44628621  0.39278733 0.34402745 0.40483746 0.43352958
0.45769011 0.81091681 0.14822078 0.55104837 0.28538645 0.69569411  0.36274502 0.43109521 0.57012433 0.46118968 0.48009098 0.45561706  0.43482895 0.33072119 0.35071193 0.43893896
0.52884152 0.77395563 0.15806754 0.41527683 0.24887085 0.76523002  0.4303868  0.5668992  0.52686922 0.38984976 0.47905139 0.41193488  0.63089425 0.36440641 0.29725751 0.44350019
0.54429344 0.76059061 0.18120761 0.42309789 0.22479735 0.78215615  0.38561738 0.57718764 0.47631058 0.4085901  0.43674845 0.41698499  0.62497076 0.35664509 0.24123413 0.37522093
0.63528319 0.73774162 0.2807376  0.38870502 0.17753069 0.65111734  0.60598402 0.47620911 0.24686107 0.46023522 0.4426619  0.49130909  0.6613739  0.54302809 0.27796678 0.39261525
0.74341532 0.60239522 0.39951116 0.32342975 0.11109644 0.5411255  0.52073454 0.71416012 0.16887829 0.45759401 0.47729916 0.5512362  0.48780496 0.44910061 0.57782357 0.32189112
0.75654864 0.61849024 0.46607705 0.33839273 0.10743544 0.51960576  0.54575411 0.69690408 0.19073141 0.45653446 0.45438213 0.50405722  0.50865031 0.44214047 0.60898784 0.27894895
0.76282985 0.62193038 0.4967555  0.34859943 0.10816837 0.49285032  0.58721855 0.70069791 0.25558058 0.48558512 0.43064999 0.48128736  0.49652852 0.38551865 0.63630906 0.30049981
0.77022856 0.62947258 0.53319699 0.36314566 0.10004447 0.48077796  0.60075763 0.67435648 0.26609022 0.42688438 0.42344442 0.47418514  0.51199526 0.35239245 0.67827719 0.31978545
0.77022856 0.62947258 0.53319699 0.36314566 0.10004447 0.48077796  0.60075763 0.67435648 0.26609022 0.42688438 0.42344442 0.47418514  0.51199526 0.35239245 0.67827719 0.31978545
0.79995283 0.56974438 0.52080002 0.32009077 0.11595361 0.44049666  0.58237774 0.55771047 0.33510991 0.43153153 0.31127363 0.52574647  0.5490565  0.50573847 0.77697164 0.33628867
0.81564052 0.50466311 0.48654502 0.3206408  0.12290908 0.39518678  0.56171769 0.57147517 0.37640056 0.52073558 0.42201315 0.56912788  0.5461643  0.60509278 0.6766326  0.39806893
0.81564052 0.50466311 0.48654502 0.3206408  0.12290908 0.39518678  0.56171769 0.57147517 0.37640056 0.52073558 0.42201315 0.56912788  0.5461643  0.60509278 0.6766326  0.39806893
0.84350068 0.43798454 0.48750605 0.31389796 0.16665066 0.32597221  0.50724625 0.52063204 0.48289949 0.53006859 0.49002209 0.48548203  0.50471222 0.52450652 0.48474599 0.35366322
0.85637174 0.40328405 0.47782165 0.31306934 0.18498744 0.31226503  0.47455825 0.44387823 0.51416963 0.52476965 0.46797802 0.48745767  0.51885958 0.49463777 0.45524912 0.32231128
0.85889337 0.34152422 0.40091641 0.32424785 0.18667777 0.3065764  0.46195735 0.38414522 0.52575073 0.58827912 0.45912869 0.55123365  0.59897829 0.42151569 0.48514384 0.26451774
0.86526729 0.27636149 0.35110727 0.41596451 0.22065826 0.39468644  0.40201288 0.36581401 0.34437958 0.53162963 0.55114395 0.51886395  0.61639853 0.51160572 0.45529924 0.37481952
0.85937555 0.26367046 0.31687017 0.41926108 0.22477835 0.40846143  0.38650073 0.3758613  0.3317748  0.55616464 0.57851723 0.55886453  0.65373681 0.49209528 0.47176253 0.35161445
0.84881974 0.22800712 0.23776887 0.42130708 0.29270039 0.47002778  0.35295132 0.41972917 0.28199542 0.58687938 0.56581994 0.48076674  0.58370465 0.45656798 0.49568922 0.37633763
0.84448503 0.20591568 0.19809589 0.43478632 0.34286466 0.5086577  0.35251841 0.42910058 0.28833561 0.5765449  0.54162413 0.4075562  0.53735883 0.4129811  0.54758132 0.47529633
0.82155877 0.22496015 0.13504327 0.37974748 0.39364172 0.54888465  0.33915795 0.439301   0.35842779 0.50256249 0.46221453 0.35258824  0.47106043 0.3493522  0.51258363 0.57907255
0.79324756 0.29482314 0.10640083 0.27189846 0.40952677 0.56470363  0.33831524 0.42962486 0.44946661 0.40396507 0.30441722 0.346152  0.46163904 0.31521527 0.50681761 0.50603742
0.77104629 0.33976807 0.09058931 0.21775754 0.40624433 0.51385931  0.38890726 0.42665513 0.54287441 0.39024737 0.34033095 0.41539628  0.41767836 0.36737676 0.4816774  0.61155897
0.73705961 0.43404614 0.09028757 0.16786862 0.39090013 0.53878704  0.46200296 0.40885419 0.57617964 0.36215124 0.2659731  0.50158024  0.53726407 0.45551844 0.57186515 0.61494505
0.72162505 0.46132605 0.08359056 0.18819132 0.39998576 0.5558657  0.49089938 0.34808953 0.57922449 0.35471109 0.28310816 0.49416722  0.62944624 0.5172746  0.51939529 0.61291701
0.70207921 0.52640257 0.09857158 0.13939164 0.37346849 0.55730878  0.51834766 0.39448892 0.57102176 0.35909087 0.26161494 0.5880299  0.63252603 0.50795325 0.60542957 0.61097863
0.70215069 0.52746058 0.09926506 0.1377997  0.3792707  0.56027501  0.51448741 0.39705408 0.5671153  0.35836029 0.27039751 0.60798948  0.62482088 0.49878584 0.6107109  0.63580763
0.71758526 0.50018068 0.10596208 0.11747701 0.37018507 0.54319635  0.48559099 0.45781873 0.56407046 0.36580045 0.25326246 0.6154025  0.53263871 0.43702968 0.66318077 0.63783567
0.74536395 0.43845004 0.11111906 0.11199647 0.3720556  0.50313103  0.41492123 0.45261825 0.57558824 0.36700934 0.25449234 0.60860862  0.40905352 0.33675691 0.62616151 0.58170292
0.76081587 0.42508502 0.13425913 0.11981753 0.3479821  0.52005716  0.37015181 0.4629067  0.52502959 0.38574968 0.2121894  0.61365873  0.40313003 0.32899558 0.57013813 0.51342366
0.77322175 0.3897145  0.12775093 0.12426051 0.36398522 0.49647794  0.33269739 0.44838937 0.54995472 0.35868746 0.27488665 0.5891079  0.38308294 0.26707598 0.47611356 0.48636808
0.79275364 0.34690421 0.15262184 0.19747139 0.35778765 0.50133284  0.32916582 0.45618338 0.46886028 0.42332322 0.3341435  0.56668361  0.36113484 0.33365302 0.47832458 0.51771656
0.79275364 0.34690421 0.15262184 0.19747139 0.35778765 0.50133284  0.32916582 0.45618338 0.46886028 0.42332322 0.3341435  0.56668361  0.36113484 0.33365302 0.47832458 0.51771656
0.81101191 0.30939125 0.18148452 0.27249371 0.3434287  0.49911824  0.32918346 0.43260729 0.4022368  0.47561208 0.40836841 0.53224671  0.42611773 0.42531685 0.42008461 0.52699853
0.81931551 0.28297374 0.18789235 0.31123374 0.32639791 0.47146864  0.34656022 0.43397935 0.4113578  0.53075623 0.49804881 0.54367886  0.44657582 0.4511015  0.37601393 0.58443375
0.81756636 0.27993051 0.18297275 0.31847987 0.31135129 0.46972754  0.35308464 0.43066645 0.41574751 0.53425521 0.48914327 0.49672609  0.48754644 0.44867391 0.39273998 0.49665374
0.81756636 0.27993051 0.18297275 0.31847987 0.31135129 0.46972754  0.35308464 0.43066645 0.41574751 0.53425521 0.48914327 0.49672609  0.48754644 0.44867391 0.39273998 0.49665374
0.84448503 0.20591568 0.19809589 0.43478632 0.34286466 0.5086577  0.35251841 0.42910058 0.28833561 0.5765449  0.54162413 0.4075562  0.53735883 0.4129811  0.54758132 0.47529633
0.84448503 0.20591568 0.19809589 0.43478632 0.34286466 0.5086577  0.35251841 0.42910058 0.28833561 0.5765449  0.54162413 0.4075562  0.53735883 0.4129811  0.54758132 0.47529633
0.84448503 0.20591568 0.19809589 0.43478632 0.34286466 0.5086577  0.35251841 0.42910058 0.28833561 0.5765449  0.54162413 0.4075562  0.53735883 0.4129811  0.54758132 0.47529633
0.84448503 0.20591568 0.19809589 0.43478632 0.34286466 0.5086577  0.35251841 0.42910058 0.28833561 0.5765449  0.54162413 0.4075562  0.53735883 0.4129811  0.54758132 0.47529633
0.84448503 0.20591568 0.19809589 0.43478632 0.34286466 0.5086577  0.35251841 0.42910058 0.28833561 0.5765449  0.54162413 0.4075562  0.53735883 0.4129811  0.54758132 0.47529633
0.84448503 0.20591568 0.19809589 0.43478632 0.34286466 0.5086577  0.35251841 0.42910058 0.28833561 0.5765449  0.54162413 0.4075562  0.53735883 0.4129811  0.54758132 0.47529633
0.84840698 0.18921834 0.1955986  0.4724183  0.36428087 0.53707517  0.37742984 0.45017652 0.29644845 0.56651807 0.51456115 0.40165086  0.52016824 0.45177408 0.54386266 0.46429767
0.84840698 0.18921834 0.1955986  0.4724183  0.36428087 0.53707517  0.37742984 0.45017652 0.29644845 0.56651807 0.51456115 0.40165086  0.52016824 0.45177408 0.54386266 0.46429767
0.86619683 0.15772792 0.22170889 0.547373   0.37060096 0.5721769  0.38829893 0.44667848 0.22978045 0.55531113 0.50991821 0.38364027  0.59012039 0.47775336 0.61290119 0.37004674
0.87376757 0.12381631 0.21848863 0.63628961 0.41091522 0.63269022  0.46036911 0.50391549 0.26600892 0.51010986 0.44916084 0.4284277  0.54853538 0.53835708 0.58644363 0.30864126
0.8772213  0.15278632 0.26199879 0.60906646 0.3578358  0.58228049  0.44306491 0.46452046 0.27309209 0.49793283 0.4945584  0.47811598  0.57834444 0.57825675 0.49095941 0.34154259
0.88058997 0.19086367 0.31491862 0.55054987 0.33830968 0.51161939  0.45458171 0.4423098  0.34342814 0.54519612 0.46934194 0.40946187  0.52303611 0.60412966 0.40924473 0.39859646
0.91705419 0.21195294 0.48958733 0.61886014 0.40402156 0.43215665  0.61702193 0.43007294 0.61365351 0.67085574 0.41501557 0.32077079  0.58848623 0.45160713 0.34791515 0.51677575
0.92805765 0.25077075 0.57464144 0.58284544 0.5124051  0.4340473  0.62545127 0.43374019 0.66648644 0.73484413 0.34608239 0.19978109  0.57016072 0.46286645 0.30991049 0.45051944
0.92769515 0.28841737 0.61840977 0.55394661 0.47752269 0.38792906  0.64590374 0.41314537 0.72057716 0.6819879  0.3388698  0.24855962  0.56866132 0.45210456 0.29594675 0.44976558
0.92008376 0.31827496 0.62452221 0.50934992 0.45234276 0.35826818  0.65275883 0.41319505 0.76950843 0.68746853 0.32473734 0.30255195  0.5557911  0.47433494 0.25701692 0.42263484
0.91862688 0.32507444 0.62385113 0.48616492 0.44467908 0.34656199  0.62556357 0.39607266 0.74272496 0.70456381 0.34372504 0.26945374  0.57561417 0.45136692 0.29141042 0.44127605
0.90582271 0.29377023 0.54028065 0.49953893 0.37115537 0.3450305  0.62300624 0.42033212 0.72313688 0.72417265 0.37509644 0.3252094  0.55359848 0.46122973 0.28205033 0.47818703
0.89372316 0.2891585  0.48147049 0.46765472 0.28868022 0.3443352  0.53771449 0.38934647 0.58690585 0.65331456 0.4437781  0.36960411  0.55036822 0.47974672 0.37278082 0.50034506
0.85011895 0.29635315 0.33927159 0.41696344 0.25118772 0.42942224  0.44381213 0.49774195 0.36929604 0.58599429 0.53932748 0.45084326  0.51349918 0.63402709 0.37137854 0.42531543
0.82944303 0.31499627 0.29679298 0.42432456 0.23008871 0.48693074  0.44760236 0.51196837 0.28850962 0.5791681  0.52141777 0.56062728  0.58690349 0.65798905 0.50561436 0.41124436
0.76233123 0.42697391 0.2084737  0.31468711 0.27164243 0.59088695  0.49517577 0.67011163 0.30819202 0.5218508  0.34317693 0.48874146  0.44565199 0.6335736  0.61448072 0.52548106
0.70066276 0.52979941 0.12879376 0.23862449 0.33727784 0.64324777  0.56784855 0.58273025 0.46004425 0.40528818 0.25872408 0.4598693  0.63088687 0.63892313 0.56712924 0.53385655
0.65803198 0.61412126 0.10977007 0.17914822 0.31592023 0.59144177  0.59912499 0.49283154 0.5130465  0.39980607 0.3072205  0.51014479  0.67790418 0.60399631 0.56895151 0.53314605
0.59346228 0.70316984 0.09774082 0.2875923  0.33139558 0.61473117  0.65734636 0.36945205 0.46635765 0.42667605 0.37942206 0.49293512  0.6291874  0.56159534 0.5427565  0.50856255
0.59346228 0.70316984 0.09774082 0.2875923  0.33139558 0.61473117  0.65734636 0.36945205 0.46635765 0.42667605 0.37942206 0.49293512  0.6291874  0.56159534 0.5427565  0.50856255
0.59346228 0.70316984 0.09774082 0.2875923  0.33139558 0.61473117  0.65734636 0.36945205 0.46635765 0.42667605 0.37942206 0.49293512  0.6291874  0.56159534 0.5427565  0.50856255
0.60918106 0.67785219 0.10459305 0.26125181 0.32549945 0.60069337  0.63492596 0.44208362 0.4631818  0.44363201 0.36589002 0.50258614  0.57411366 0.53940702 0.56347865 0.52063876
0.65803198 0.61412126 0.10977007 0.17914822 0.31592023 0.59144177  0.59912499 0.49283154 0.5130465  0.39980607 0.3072205  0.51014479  0.67790418 0.60399631 0.56895151 0.53314605
0.68951631 0.56074627 0.11763066 0.12574211 0.30721065 0.55517413  0.55652297 0.61012512 0.53321756 0.38904356 0.29689995 0.51959869  0.56756511 0.51930834 0.68275568 0.54745419
0.74257194 0.42894462 0.10659505 0.12387593 0.3434211  0.47782242  0.41571079 0.5136535  0.6009306  0.35789128 0.338783   0.49022962  0.43808019 0.32724722 0.52221499 0.43291392
0.78548636 0.32492756 0.11372766 0.22845341 0.38276825 0.53065775  0.34522863 0.43537146 0.4930477  0.40980957 0.3044102  0.40203274  0.44467291 0.33757959 0.45088574 0.48599792
0.7978111  0.31028166 0.14138123 0.25455765 0.35293184 0.50986127  0.33940992 0.44116007 0.44572559 0.45947405 0.34961207 0.43106959  0.42847114 0.37732965 0.45651128 0.44963809
0.7978111  0.31028166 0.14138123 0.25455765 0.35293184 0.50986127  0.33940992 0.44116007 0.44572559 0.45947405 0.34961207 0.43106959  0.42847114 0.37732965 0.45651128 0.44963809
0.81379757 0.25506457 0.1423701  0.33630244 0.3668832  0.51483877  0.34607134 0.4450476  0.40200887 0.50840699 0.46220751 0.40846898  0.4540943  0.37171652 0.45665176 0.55903305
0.83293895 0.21996852 0.16953348 0.40652161 0.36328974 0.5334343  0.33931616 0.42487016 0.32323516 0.52293007 0.50328275 0.38685301  0.5173828  0.40407921 0.48760168 0.54382398
0.8368609  0.20327117 0.16703619 0.44415359 0.38470595 0.56185177  0.36422759 0.4459461  0.33134799 0.51290324 0.47621977 0.38094767  0.50019221 0.44287219 0.48388302 0.53282533
0.8368609  0.20327117 0.16703619 0.44415359 0.38470595 0.56185177  0.36422759 0.4459461  0.33134799 0.51290324 0.47621977 0.38094767  0.50019221 0.44287219 0.48388302 0.53282533
0.8368609  0.20327117 0.16703619 0.44415359 0.38470595 0.56185177  0.36422759 0.4459461  0.33134799 0.51290324 0.47621977 0.38094767  0.50019221 0.44287219 0.48388302 0.53282533
0.8368609  0.20327117 0.16703619 0.44415359 0.38470595 0.56185177  0.36422759 0.4459461  0.33134799 0.51290324 0.47621977 0.38094767  0.50019221 0.44287219 0.48388302 0.53282533
0.8368609  0.20327117 0.16703619 0.44415359 0.38470595 0.56185177  0.36422759 0.4459461  0.33134799 0.51290324 0.47621977 0.38094767  0.50019221 0.44287219 0.48388302 0.53282533
0.85810449 0.20075076 0.23665664 0.49188514 0.33794663 0.54654377  0.35779248 0.40305303 0.27176316 0.48951927 0.51697439 0.41262535  0.59995342 0.50875114 0.45743732 0.47147571
0.85427798 0.24665993 0.27865831 0.43210812 0.26558309 0.45806041  0.38476321 0.41307974 0.32937596 0.55445924 0.54117628 0.54320163  0.59009309 0.56224772 0.42255526 0.35577782
0.86204141 0.28906049 0.34982014 0.3931636  0.2421202  0.4166037  0.36420947 0.35843176 0.32688658 0.47153307 0.53997159 0.50939211  0.53867117 0.55786621 0.40520572 0.44714427
0.89856796 0.32453725 0.53110898 0.44002399 0.22710544 0.32327091  0.47201821 0.30193183 0.45796644 0.41556722 0.47240894 0.39479967  0.54913831 0.44298003 0.55085383 0.50278315
0.88713513 0.44152382 0.65476317 0.39710736 0.31825786 0.38089905  0.5046367  0.38844733 0.39832191 0.35239004 0.42989016 0.38770215  0.45039831 0.50180076 0.68173861 0.56504252
0.86218116 0.54644596 0.69467255 0.28882509 0.30299037 0.36233054  0.52673476 0.46785675 0.43187983 0.32194048 0.39628208 0.48063471  0.43414757 0.47918458 0.74353587 0.42620606
0.84910518 0.58179037 0.70195303 0.29150337 0.2844679  0.3878116  0.56190381 0.51452075 0.39356254 0.34396867 0.37355613 0.49449713  0.43953362 0.51629845 0.81764995 0.46147777
0.84910518 0.58179037 0.70195303 0.29150337 0.2844679  0.3878116  0.56190381 0.51452075 0.39356254 0.34396867 0.37355613 0.49449713  0.43953362 0.51629845 0.81764995 0.46147777
0.8407301  0.60714988 0.69485172 0.25435528 0.29569647 0.41249498  0.54838729 0.51058354 0.38834799 0.2895551  0.27509316 0.4631054  0.42678068 0.49968121 0.8564393  0.37921356
0.83631216 0.58648036 0.65250457 0.28365165 0.20069855 0.38881919  0.57511643 0.50699606 0.41809172 0.303946   0.25123426 0.42640058  0.44735484 0.51422523 0.83935012 0.3789255 
0.82917278 0.55877453 0.59548477 0.30133901 0.13843636 0.36855393  0.60051423 0.51999185 0.44002863 0.37105748 0.26722719 0.44448563  0.50413082 0.52334956 0.81709258 0.38521464
0.81571796 0.53848772 0.51806005 0.30348424 0.11210207 0.42172227  0.52990943 0.51036822 0.30745791 0.29489098 0.3437831  0.56109501  0.56329567 0.57534593 0.7990113  0.35336246
0.7984118  0.5021515  0.41633978 0.29677595 0.10242502 0.43339711  0.52915419 0.56134793 0.29258815 0.41474783 0.38507807 0.62484803  0.60471094 0.56917179 0.77597242 0.30469423
0.76461944 0.49883708 0.28497242 0.23137085 0.15953749 0.50596118  0.46415722 0.61034179 0.31375982 0.47766908 0.36012565 0.62669665  0.57332429 0.60874414 0.61802503 0.32535588
0.76461944 0.49883708 0.28497242 0.23137085 0.15953749 0.50596118  0.46415722 0.61034179 0.31375982 0.47766908 0.36012565 0.62669665  0.57332429 0.60874414 0.61802503 0.32535588
0.76461944 0.49883708 0.28497242 0.23137085 0.15953749 0.50596118  0.46415722 0.61034179 0.31375982 0.47766908 0.36012565 0.62669665  0.57332429 0.60874414 0.61802503 0.32535588
0.78518505 0.48509743 0.3492494  0.28442051 0.11972387 0.46000306  0.50400842 0.59842972 0.28937195 0.52296247 0.408745   0.65715741  0.63975344 0.58628657 0.72349327 0.2416662 
0.79252006 0.48946046 0.38210268 0.30007253 0.10654511 0.4471721  0.51364204 0.57139523 0.27998337 0.43928283 0.41245135 0.66484862  0.64204922 0.54966135 0.79243571 0.28148916
0.84732804 0.63693841 0.75951    0.18943697 0.51232653 0.43755759  0.53918603 0.51960742 0.42757452 0.4702753  0.27094024 0.43010942  0.57922648 0.52187185 0.75676095 0.24031694
0.87545703 0.57921937 0.76897897 0.16056876 0.64054604 0.42306766  0.44299439 0.40581388 0.46165418 0.43887448 0.3309324  0.50812134  0.58949859 0.42095532 0.67463484 0.21146114
0.87783532 0.58325573 0.78372868 0.15206123 0.64976202 0.40291337  0.46114642 0.41615208 0.5049107  0.4972979  0.31351814 0.46288874  0.57347966 0.43940252 0.65088688 0.22938273
0.86496426 0.61795621 0.79341308 0.15288985 0.63142523 0.41662055  0.49383443 0.49290589 0.47364056 0.50259684 0.33556222 0.4609131  0.55933229 0.46927127 0.68038375 0.26073467
0.87783532 0.58325573 0.78372868 0.15206123 0.64976202 0.40291337  0.46114642 0.41615208 0.5049107  0.4972979  0.31351814 0.46288874  0.57347966 0.43940252 0.65088688 0.22938273
0.87061952 0.5577702  0.71862947 0.20639579 0.48092885 0.39721071  0.46848662 0.38374988 0.47119586 0.36896208 0.25558147 0.40724978  0.55632845 0.47118822 0.68317703 0.1678999 
0.86856203 0.55008618 0.70163188 0.22096313 0.43783719 0.39759683  0.4651306  0.38103627 0.45095796 0.31941897 0.26911325 0.44200661  0.53047778 0.451672   0.71702602 0.19804105
0.83165945 0.43996995 0.43600674 0.31309587 0.13735388 0.39664725  0.4481696  0.39811124 0.35309911 0.28483697 0.40503326 0.64614535  0.63500303 0.46445356 0.72618796 0.29131388
0.81846711 0.41941557 0.36513781 0.29656562 0.14340437 0.40798387  0.44578499 0.44797741 0.3495708  0.41195571 0.41313323 0.65296183  0.65081053 0.48267873 0.68882475 0.21486551
0.80211257 0.41473936 0.29656995 0.25612865 0.17597167 0.44199635  0.40950242 0.4911544  0.34844771 0.50395678 0.39914891 0.63551306  0.60206163 0.55066341 0.57439371 0.19020457
0.825007   0.31274605 0.23837832 0.2932531  0.25845848 0.44950135  0.34890505 0.42204622 0.36520528 0.52209314 0.41641063 0.55227837  0.56305565 0.43709266 0.51840556 0.18487677
0.83283327 0.28322421 0.23678    0.3395623  0.27874903 0.46505028  0.3462899  0.41584164 0.32571214 0.53794645 0.45322451 0.50336734  0.55808149 0.46218111 0.49554875 0.26694268
0.84120835 0.2578647  0.24388131 0.37671039 0.26752046 0.4403669  0.35980641 0.41977885 0.33092669 0.59236002 0.55168748 0.53475907  0.57083443 0.47879835 0.4567594  0.34920689
0.84895681 0.19525819 0.19938234 0.47411939 0.3613002  0.55726772  0.35774711 0.43082809 0.28142671 0.51739321 0.5004226  0.39827745  0.56350417 0.46409475 0.48792279 0.45390613
0.84895681 0.19525819 0.19938234 0.47411939 0.3613002  0.55726772  0.35774711 0.43082809 0.28142671 0.51739321 0.5004226  0.39827745  0.56350417 0.46409475 0.48792279 0.45390613
0.84895681 0.19525819 0.19938234 0.47411939 0.3613002  0.55726772  0.35774711 0.43082809 0.28142671 0.51739321 0.5004226  0.39827745  0.56350417 0.46409475 0.48792279 0.45390613
0.84369048 0.17313769 0.1610008  0.51307687 0.42430276 0.6215252  0.40246381 0.48537354 0.32606435 0.46891964 0.41758471 0.3757019  0.49541987 0.44700345 0.52084067 0.44639044
0.8508413  0.14286078 0.15543601 0.58125077 0.46169228 0.67291717  0.44700864 0.51411591 0.33610109 0.43612744 0.36975123 0.37345973  0.48223699 0.47472818 0.55144594 0.41241748
0.8508413  0.14286078 0.15543601 0.58125077 0.46169228 0.67291717  0.44700864 0.51411591 0.33610109 0.43612744 0.36975123 0.37345973  0.48223699 0.47472818 0.55144594 0.41241748
0.8508413  0.14286078 0.15543601 0.58125077 0.46169228 0.67291717  0.44700864 0.51411591 0.33610109 0.43612744 0.36975123 0.37345973  0.48223699 0.47472818 0.55144594 0.41241748
0.85338591 0.13126101 0.15335821 0.61350603 0.48057379 0.69898661  0.47951173 0.54043326 0.36200531 0.41370658 0.32958647 0.39812478  0.45796823 0.50400548 0.53703271 0.35898257
0.84528283 0.12597584 0.12468911 0.64783922 0.53621575 0.75981461  0.54801019 0.58662537 0.46147478 0.32930059 0.23025161 0.44183733  0.43408432 0.50865144 0.4733435  0.31235596
0.82481185 0.15934833 0.08524166 0.58072532 0.57085006 0.78908203  0.54097416 0.59780618 0.50618151 0.27039704 0.10758582 0.39311581  0.35801942 0.47081164 0.50809308 0.30901094
0.82481185 0.15934833 0.08524166 0.58072532 0.57085006 0.78908203  0.54097416 0.59780618 0.50618151 0.27039704 0.10758582 0.39311581  0.35801942 0.47081164 0.50809308 0.30901094
0.82481185 0.15934833 0.08524166 0.58072532 0.57085006 0.78908203  0.54097416 0.59780618 0.50618151 0.27039704 0.10758582 0.39311581  0.35801942 0.47081164 0.50809308 0.30901094
0.82481185 0.15934833 0.08524166 0.58072532 0.57085006 0.78908203  0.54097416 0.59780618 0.50618151 0.27039704 0.10758582 0.39311581  0.35801942 0.47081164 0.50809308 0.30901094
0.82481185 0.15934833 0.08524166 0.58072532 0.57085006 0.78908203  0.54097416 0.59780618 0.50618151 0.27039704 0.10758582 0.39311581  0.35801942 0.47081164 0.50809308 0.30901094
0.79159033 0.21342712 0.04882313 0.53087929 0.5976365  0.76366778  0.57624867 0.5154364  0.54978993 0.25043698 0.19305667 0.33116781  0.49623429 0.52177654 0.56153667 0.4248458 
0.75858332 0.24817024 0.02765795 0.57369611 0.6299003  0.73594493  0.63509019 0.41351025 0.57341698 0.22707869 0.2847963  0.31218593  0.5092664  0.55727113 0.59494006 0.40736022
0.71414944 0.33347467 0.00989844 0.50700605 0.61735681 0.65680952  0.63386466 0.27656464 0.56719885 0.24649292 0.42084153 0.26216114  0.63001265 0.53708296 0.70060334 0.42536749
0.71414944 0.33347467 0.00989844 0.50700605 0.61735681 0.65680952  0.63386466 0.27656464 0.56719885 0.24649292 0.42084153 0.26216114  0.63001265 0.53708296 0.70060334 0.42536749
0.69933089 0.39149664 0.01879355 0.41530272 0.56853803 0.60149726  0.6384326  0.27460892 0.64990244 0.23700228 0.39265407 0.36761462  0.62288876 0.53248637 0.66508804 0.33052843
0.62623661 0.50620967 0.02304025 0.42276585 0.53698683 0.51203408  0.63778287 0.11784849 0.59695597 0.32248832 0.38980385 0.42190938  0.54543175 0.56649442 0.68970807 0.31579951
0.49023392 0.53209082 0.0495463  0.44688114 0.56991042 0.20006921  0.63170807 0.17828142 0.43128385 0.2924361  0.37919003 0.420535  0.52438626 0.51685132 0.58488387 0.20699981
0.42632177 0.6036273  0.07236102 0.52481232 0.54686972 0.22696411  0.64696309 0.24539635 0.30269055 0.34635218 0.31464938 0.43181033  0.48083775 0.45052203 0.58041908 0.24364847
0.42632177 0.6036273  0.07236102 0.52481232 0.54686972 0.22696411  0.64696309 0.24539635 0.30269055 0.34635218 0.31464938 0.43181033  0.48083775 0.45052203 0.58041908 0.24364847
0.34635961 0.55695747 0.11762493 0.4746013  0.51506051 0.16454085  0.60694243 0.23097657 0.25896573 0.38869047 0.17639    0.50977411  0.56020691 0.37549224 0.42364247 0.3819468 
0.22736736 0.54479665 0.18451588 0.49283553 0.47193584 0.21215003  0.61528857 0.36103485 0.16158556 0.4085335  0.17120812 0.5015016  0.493903   0.26258978 0.30084155 0.46463028
0.22736736 0.54479665 0.18451588 0.49283553 0.47193584 0.21215003  0.61528857 0.36103485 0.16158556 0.4085335  0.17120812 0.5015016  0.493903   0.26258978 0.30084155 0.46463028
0.1062998  0.44031098 0.27212109 0.40107468 0.40898124 0.32900978  0.65621535 0.40931053 0.19487262 0.43026155 0.22361334 0.503628  0.47521288 0.30442735 0.32817201 0.52420776
0.1062998  0.44031098 0.27212109 0.40107468 0.40898124 0.32900978  0.65621535 0.40931053 0.19487262 0.43026155 0.22361334 0.503628  0.47521288 0.30442735 0.32817201 0.52420776
0.1062998  0.44031098 0.27212109 0.40107468 0.40898124 0.32900978  0.65621535 0.40931053 0.19487262 0.43026155 0.22361334 0.503628  0.47521288 0.30442735 0.32817201 0.52420776
0.07057186 0.4363202  0.29688016 0.44476643 0.38823898 0.36908819  0.52491791 0.46269653 0.31979163 0.40788175 0.2630435  0.48417518  0.57287142 0.33420379 0.33510928 0.53324894
0.07057186 0.4363202  0.29688016 0.44476643 0.38823898 0.36908819  0.52491791 0.46269653 0.31979163 0.40788175 0.2630435  0.48417518  0.57287142 0.33420379 0.33510928 0.53324894
0.05306277 0.40930401 0.31102756 0.41763914 0.37666176 0.40426113  0.54756198 0.44277854 0.32496259 0.41131519 0.2958028  0.48030821  0.52794871 0.3284536  0.33871483 0.50730334
0.03585866 0.41212524 0.32497922 0.44119937 0.36258431 0.43456132  0.47408025 0.48300288 0.40965789 0.37891942 0.36959995 0.44872305  0.56049334 0.35167352 0.32731793 0.46450854
0.03585866 0.41212524 0.32497922 0.44119937 0.36258431 0.43456132  0.47408025 0.48300288 0.40965789 0.37891942 0.36959995 0.44872305  0.56049334 0.35167352 0.32731793 0.46450854
0.03585866 0.41212524 0.32497922 0.44119937 0.36258431 0.43456132  0.47408025 0.48300288 0.40965789 0.37891942 0.36959995 0.44872305  0.56049334 0.35167352 0.32731793 0.46450854
0.01779563 0.38669558 0.33863985 0.42004769 0.35385851 0.46460162  0.48109267 0.47190843 0.43452283 0.38595027 0.3992976  0.44733029  0.52908455 0.38078184 0.39373238 0.44873962
0.01779563 0.38669558 0.33863985 0.42004769 0.35385851 0.46460162  0.48109267 0.47190843 0.43452283 0.38595027 0.3992976  0.44733029  0.52908455 0.38078184 0.39373238 0.44873962
0.01779563 0.38669558 0.33863985 0.42004769 0.35385851 0.46460162  0.48109267 0.47190843 0.43452283 0.38595027 0.3992976  0.44733029  0.52908455 0.38078184 0.39373238 0.44873962
0.01779563 0.38669558 0.33863985 0.42004769 0.35385851 0.46460162  0.48109267 0.47190843 0.43452283 0.38595027 0.3992976  0.44733029  0.52908455 0.38078184 0.39373238 0.44873962
0.01779563 0.38669558 0.33863985 0.42004769 0.35385851 0.46460162  0.48109267 0.47190843 0.43452283 0.38595027 0.3992976  0.44733029  0.52908455 0.38078184 0.39373238 0.44873962
0.01779563 0.38669558 0.33863985 0.42004769 0.35385851 0.46460162  0.48109267 0.47190843 0.43452283 0.38595027 0.3992976  0.44733029  0.52908455 0.38078184 0.39373238 0.44873962
0.01779563 0.38669558 0.33863985 0.42004769 0.35385851 0.46460162  0.48109267 0.47190843 0.43452283 0.38595027 0.3992976  0.44733029  0.52908455 0.38078184 0.39373238 0.44873962
