0.00039479 0.36283831 0.35232302 0.39930133 0.34523319 0.50234819  0.48417291 0.45702496 0.47508945 0.39693445 0.45000532 0.44589633  0.47476172 0.42761975 0.50206904 0.41641874
0.00039479 0.36283831 0.35232302 0.39930133 0.34523319 0.50234819  0.48417291 0.45702496 0.47508945 0.39693445 0.45000532 0.44589633  0.47476172 0.42761975 0.50206904 0.41641874
0.00039479 0.36283831 0.35232302 0.39930133 0.34523319 0.50234819  0.48417291 0.45702496 0.47508945 0.39693445 0.45000532 0.44589633  0.47476172 0.42761975 0.50206904 0.41641874
0.00039479 0.36283831 0.35232302 0.39930133 0.34523319 0.50234819  0.48417291 0.45702496 0.47508945 0.39693445 0.45000532 0.44589633  0.47476172 0.42761975 0.50206904 0.41641874
0.00039479 0.36283831 0.35232302 0.39930133 0.34523319 0.50234819  0.48417291 0.45702496 0.47508945 0.39693445 0.45000532 0.44589633  0.47476172 0.42761975 0.50206904 0.41641874
0.00039479 0.36283831 0.35232302 0.39930133 0.34523319 0.50234819  0.48417291 0.45702496 0.47508945 0.39693445 0.45000532 0.44589633  0.47476172 0.42761975 0.50206904 0.41641874
0.00039479 0.36283831 0.35232302 0.39930133 0.34523319 0.50234819  0.48417291 0.45702496 0.47508945 0.39693445 0.45000532 0.44589633  0.47476172 0.42761975 0.50206904 0.41641874
0.00039479 0.36283831 0.35232302 0.39930133 0.34523319 0.50234819  0.48417291 0.45702496 0.47508945 0.39693445 0.45000532 0.44589633  0.47476172 0.42761975 0.50206904 0.41641874
0.00039479 0.36283831 0.35232302 0.39930133 0.34523319 0.50234819  0.48417291 0.45702496 0.47508945 0.39693445 0.45000532 0.44589633  0.47476172 0.42761975 0.50206904 0.41641874
0.00039479 0.36283831 0.35232302 0.39930133 0.34523319 0.50234819  0.48417291 0.45702496 0.47508945 0.39693445 0.45000532 0.44589633  0.47476172 0.42761975 0.50206904 0.41641874
0.00039479 0.36283831 0.35232302 0.39930133 0.34523319 0.50234819  0.48417291 0.45702496 0.47508945 0.39693445 0.45000532 0.44589633  0.47476172 0.42761975 0.50206904 0.41641874
0.00039479 0.36283831 0.35232302 0.39930133 0.34523319 0.50234819  0.48417291 0.45702496 0.47508945 0.39693445 0.45000532 0.44589633  0.47476172 0.42761975 0.50206904 0.41641874
0.00039479 0.36283831 0.35232302 0.39930133 0.34523319 0.50234819  0.48417291 0.45702496 0.47508945 0.39693445 0.45000532 0.44589633  0.47476172 0.42761975 0.50206904 0.41641874
0.00039479 0.36283831 0.35232302 0.39930133 0.34523319 0.50234819  0.48417291 0.45702496 0.47508945 0.39693445 0.45000532 0.44589633  0.47476172 0.42761975 0.50206904 0.41641874
0.00039479 0.36283831 0.35232302 0.39930133 0.34523319 0.50234819  0.48417291 0.45702496 0.47508945 0.39693445 0.45000532 0.44589633  0.47476172 0.42761975 0.50206904 0.41641874
0.00039479 0.36283831 0.35232302 0.39930133 0.34523319 0.50234819  0.48417291 0.45702496 0.47508945 0.39693445 0.45000532 0.44589633  0.47476172 0.42761975 0.50206904 0.41641874
0.00039479 0.36283831 0.35232302 0.39930133 0.34523319 0.50234819  0.48417291 0.45702496 0.47508945 0.39693445 0.45000532 0.44589633  0.47476172 0.42761975 0.50206904 0.41641874
0.00039479 0.36283831 0.35232302 0.39930133 0.34523319 0.50234819  0.48417291 0.45702496 0.47508945 0.39693445 0.45000532 0.44589633  0.47476172 0.42761975 0.50206904 0.41641874
0.00039479 0.36283831 0.35232302 0.39930133 0.34523319 0.50234819  0.48417291 0.45702496 0.47508945 0.39693445 0.45000532 0.44589633  0.47476172 0.42761975 0.50206904 0.41641874
0.00039479 0.36283831 0.35232302 0.39930133 0.34523319 0.50234819  0.48417291 0.45702496 0.47508945 0.39693445 0.45000532 0.44589633  0.47476172 0.42761975 0.50206904 0.41641874
0.00039479 0.36283831 0.35232302 0.39930133 0.34523319 0.50234819  0.48417291 0.45702496 0.47508945 0.39693445 0.45000532 0.44589633  0.47476172 0.42761975 0.50206904 0.41641874
0.00039479 0.36283831 0.35232302 0.39930133 0.34523319 0.50234819  0.48417291 0.45702496 0.47508945 0.39693445 0.45000532 0.44589633  0.47476172 0.42761975 0.50206904 0.41641874
0.00039479 0.36283831 0.35232302 0.39930133 0.34523319 0.50234819  0.48417291 0.45702496 0.47508945 0.39693445 0.45000532 0.44589633  0.47476172 0.42761975 0.50206904 0.41641874
0.00039479 0.36283831 0.35232302 0.39930133 0.34523319 0.50234819  0.48417291 0.45702496 0.47508945 0.39693445 0.45000532 0.44589633  0.47476172 0.42761975 0.50206904 0.41641874
0.00039479 0.36283831 0.35232302 0.39930133 0.34523319 0.50234819  0.48417291 0.45702496 0.47508945 0.39693445 0.45000532 0.44589633  0.47476172 0.42761975 0.50206904 0.41641874
0.00039479 0.36283831 0.35232302 0.39930133 0.34523319 0.50234819  0.48417291 0.45702496 0.47508945 0.39693445 0.45000532 0.44589633  0.47476172 0.42761975 0.50206904 0.41641874
0.00039479 0.36283831 0.35232302 0.39930133 0.34523319 0.50234819  0.48417291 0.45702496 0.47508945 0.39693445 0.45000532 0.44589633  0.47476172 0.42761975 0.50206904 0.41641874
0.00039479 0.36283831 0.35232302 0.39930133 0.34523319 0.50234819  0.48417291 0.45702496 0.47508945 0.39693445 0.45000532 0.44589633  0.47476172 0.42761975 0.50206904 0.41641874
0.00039479 0.36283831 0.35232302 0.39930133 0.34523319 0.50234819  0.48417291 0.45702496 0.47508945 0.39693445 0.45000532 0.44589633  0.47476172 0.42761975 0.50206904 0.41641874
0.00039479 0.36283831 0.35232302 0.39930133 0.34523319 0.50234819  0.48417291 0.45702496 0.47508945 0.39693445 0.45000532 0.44589633  0.47476172 0.42761975 0.50206904 0.41641874
0.00039479 0.36283831 0.35232302 0.39930133 0.34523319 0.50234819  0.48417291 0.45702496 0.47508945 0.39693445 0.45000532 0.44589633  0.47476172 0.42761975 0.50206904 0.41641874
0.00039479 0.36283831 0.35232302 0.39930133 0.34523319 0.50234819  0.48417291 0.45702496 0.47508945 0.39693445 0.45000532 0.44589633  0.47476172 0.42761975 0.50206904 0.41641874
0.00039479 0.36283831 0.35232302 0.39930133 0.34523319 0.50234819  0.48417291 0.45702496 0.47508945 0.39693445 0.45000532 0.44589633  0.47476172 0.42761975 0.50206904 0.41641874
0.00039479 0.36283831 0.35232302 0.39930133 0.34523319 0.50234819  0.48417291 0.45702496 0.47508945 0.39693445 0.45000532 0.44589633  0.47476172 0.42761975 0.50206904 0.41641874
0.00039479 0.36283831 0.35232302 0.39930133 0.34523319 0.50234819  0.48417291 0.45702496 0.47508945 0.39693445 0.45000532 0.44589633  0.47476172 0.42761975 0.50206904 0.41641874
0.00039479 0.36283831 0.35232302 0.39930133 0.34523319 0.50234819  0.48417291 0.45702496 0.47508945 0.39693445 0.45000532 0.44589633  0.47476172 0.42761975 0.50206904 0.41641874
0.00039479 0.36283831 0.35232302 0.39930133 0.34523319 0.50234819  0.48417291 0.45702496 0.47508945 0.39693445 0.45000532 0.44589633  0.47476172 0.42761975 0.50206904 0.41641874
0.00039479 0.36283831 0.35232302 0.39930133 0.34523319 0.50234819  0.48417291 0.45702496 0.47508945 0.39693445 0.45000532 0.44589633  0.47476172 0.42761975 0.50206904 0.41641874
0.00039479 0.36283831 0.35232302 0.39930133 0.34523319 0.50234819  0.48417291 0.45702496 0.47508945 0.39693445 0.45000532 0.44589633  0.47476172 0.42761975 0.50206904 0.41641874
0.00039479 0.36283831 0.35232302 0.39930133 0.34523319 0.50234819  0.48417291 0.45702496 0.47508945 0.39693445 0.45000532 0.44589633  0.47476172 0.42761975 0.50206904 0.41641874
0.00039479 0.36283831 0.35232302 0.39930133 0.34523319 0.50234819  0.48417291 0.45702496 0.47508945 0.39693445 0.45000532 0.44589633  0.47476172 0.42761975 0.50206904 0.41641874
0.00039479 0.36283831 0.35232302 0.39930133 0.34523319 0.50234819  0.48417291 0.45702496 0.47508945 0.39693445 0.45000532 0.44589633  0.47476172 0.42761975 0.50206904 0.41641874
0.00039479 0.36283831 0.35232302 0.39930133 0.34523319 0.50234819  0.48417291 0.45702496 0.47508945 0.39693445 0.45000532 0.44589633  0.47476172 0.42761975 0.50206904 0.41641874
0.00039479 0.36283831 0.35232302 0.39930133 0.34523319 0.50234819  0.48417291 0.45702496 0.47508945 0.39693445 0.45000532 0.44589633  0.47476172 0.42761975 0.50206904 0.41641874
0.00039479 0.36283831 0.35232302 0.39930133 0.34523319 0.50234819  0.48417291 0.45702496 0.47508945 0.39693445 0.45000532 0.44589633  0.47476172 0.42761975 0.50206904 0.41641874
0.00039479 0.36283831 0.35232302 0.39930133 0.34523319 0.50234819  0.48417291 0.45702496 0.47508945 0.39693445 0.45000532 0.44589633  0.47476172 0.42761975 0.50206904 0.41641874
0.00039479 0.36283831 0.35232302 0.39930133 0.34523319 0.50234819  0.48417291 0.45702496 0.47508945 0.39693445 0.45000532 0.44589633  0.47476172 0.42761975 0.50206904 0.41641874
0.01790387 0.3898545  0.33817562 0.42642862 0.35681041 0.46717525  0.46152885 0.47694295 0.46991849 0.39350101 0.41724602 0.4497633  0.51968443 0.43336993 0.49846349 0.44236435
0.03525649 0.41685964 0.32437467 0.45347996 0.36854765 0.43569141  0.43485985 0.4975719  0.47652552 0.39120509 0.39620065 0.45304628  0.55757342 0.45566594 0.52722734 0.46096477
0.05357196 0.4426501  0.31126372 0.47372404 0.37603629 0.41875523  0.42072775 0.50444347 0.48490619 0.39013906 0.40420374 0.45185212  0.54462992 0.46722303 0.55234375 0.44813721
0.10846349 0.5161602  0.27485696 0.52488035 0.38998215 0.39558002  0.37786764 0.52084603 0.54171124 0.38639428 0.46754028 0.44026698  0.50485682 0.51615751 0.63764816 0.40001787
0.12672612 0.54137758 0.26278974 0.54401884 0.39417517 0.39074118  0.35574632 0.52783416 0.57259564 0.39322951 0.48704457 0.44219725  0.47978899 0.54359807 0.71115727 0.39215667
0.16290734 0.59334427 0.23547507 0.58882584 0.41171216 0.33557519  0.32973147 0.55350326 0.55058536 0.38201204 0.44824309 0.4437269  0.53216836 0.52131109 0.64730758 0.40835223
0.27249382 0.71287163 0.17117803 0.64122282 0.41699414 0.32406364  0.33921259 0.52959971 0.51969719 0.39743448 0.45327591 0.44809328  0.42945564 0.44827324 0.56875008 0.39175072
0.31011195 0.7445568  0.15798233 0.6337729  0.40140504 0.376476  0.35140547 0.51666861 0.53976782 0.39229612 0.51494155 0.43415523  0.41648263 0.41531241 0.49542755 0.38317352
0.36562415 0.77695505 0.14685979 0.60926665 0.36340432 0.51041219  0.37868746 0.41858423 0.55027506 0.47004783 0.49263981 0.46887935  0.29899788 0.38066076 0.53269602 0.42699438
0.38400688 0.80027911 0.13478638 0.62448861 0.36843661 0.49682347  0.37217067 0.42391857 0.55194968 0.46277827 0.50391654 0.46454851  0.29741123 0.38791748 0.53465163 0.40166528
0.40258488 0.80084176 0.12956099 0.59066011 0.3656739  0.51264994  0.42937352 0.42273792 0.52728215 0.44129647 0.54901939 0.44397114  0.30074974 0.39159572 0.50639388 0.37648831
0.42165265 0.81373267 0.12417337 0.57712905 0.35414627 0.55237416  0.45013075 0.40473574 0.541394   0.43271315 0.60551598 0.42969986  0.29442039 0.37982966 0.46041851 0.35598421
0.40334436 0.80460479 0.12285463 0.58286797 0.37595784 0.48174344  0.46710441 0.44336238 0.51464293 0.39197487 0.64139114 0.40727923  0.29418271 0.38285263 0.43577543 0.3067368 
0.40216575 0.77845951 0.12097638 0.54408578 0.38500301 0.46503197  0.54710292 0.39780371 0.42827302 0.43164019 0.55631726 0.44319522  0.26322472 0.35237599 0.44521672 0.37486071
0.40216575 0.77845951 0.12097638 0.54408578 0.38500301 0.46503197  0.54710292 0.39780371 0.42827302 0.43164019 0.55631726 0.44319522  0.26322472 0.35237599 0.44521672 0.37486071
0.30865527 0.71806847 0.14740978 0.59335427 0.43293388 0.29469003  0.49384654 0.4557363  0.3493487  0.422633   0.39585555 0.47134477  0.30534745 0.35087777 0.46271101 0.40039494
0.23655943 0.65833481 0.18889421 0.58788137 0.42638021 0.28410958  0.45686835 0.50545382 0.36212671 0.36406098 0.41697721 0.43518039  0.39353837 0.35481681 0.36360509 0.34848285
0.21641067 0.65528202 0.19481394 0.62806948 0.43839361 0.23497106  0.37215831 0.55433641 0.3889895  0.37139844 0.30606606 0.46068327  0.55462011 0.39548633 0.4192429  0.45023976
0.10628198 0.51936369 0.26919051 0.54585476 0.40619473 0.30496913  0.38560293 0.55896134 0.40029415 0.36313951 0.26626736 0.46009462  0.71983574 0.38086872 0.3271927  0.5387862 
0.07072036 0.46614656 0.29703087 0.49537801 0.38589877 0.36790454  0.42476719 0.52354981 0.41109396 0.37319006 0.31579528 0.455873  0.64330505 0.37971972 0.35247623 0.50905457
0.03514825 0.41370071 0.3248389  0.44709904 0.36559576 0.43311778  0.45442367 0.49253738 0.44112986 0.38365436 0.37825223 0.45061328  0.56697354 0.40307785 0.42249623 0.46734004
0.01779563 0.38669558 0.33863985 0.42004769 0.35385851 0.46460162  0.48109267 0.47190843 0.43452283 0.38595027 0.3992976  0.44733029  0.52908455 0.38078184 0.39373238 0.44873962
0.00039479 0.36283831 0.35232302 0.39930133 0.34523319 0.50234819  0.48417291 0.45702496 0.47508945 0.39693445 0.45000532 0.44589633  0.47476172 0.42761975 0.50206904 0.41641874
0.00039479 0.36283831 0.35232302 0.39930133 0.34523319 0.50234819  0.48417291 0.45702496 0.47508945 0.39693445 0.45000532 0.44589633  0.47476172 0.42761975 0.50206904 0.41641874
0.00039479 0.36283831 0.35232302 0.39930133 0.34523319 0.50234819  0.48417291 0.45702496 0.47508945 0.39693445 0.45000532 0.44589633  0.47476172 0.42761975 0.50206904 0.41641874
0.00039479 0.36283831 0.35232302 0.39930133 0.34523319 0.50234819  0.48417291 0.45702496 0.47508945 0.39693445 0.45000532 0.44589633  0.47476172 0.42761975 0.50206904 0.41641874
0.00039479 0.36283831 0.35232302 0.39930133 0.34523319 0.50234819  0.48417291 0.45702496 0.47508945 0.39693445 0.45000532 0.44589633  0.47476172 0.42761975 0.50206904 0.41641874
0.00039479 0.36283831 0.35232302 0.39930133 0.34523319 0.50234819  0.48417291 0.45702496 0.47508945 0.39693445 0.45000532 0.44589633  0.47476172 0.42761975 0.50206904 0.41641874
0.00039479 0.36283831 0.35232302 0.39930133 0.34523319 0.50234819  0.48417291 0.45702496 0.47508945 0.39693445 0.45000532 0.44589633  0.47476172 0.42761975 0.50206904 0.41641874
0.00039479 0.36283831 0.35232302 0.39930133 0.34523319 0.50234819  0.48417291 0.45702496 0.47508945 0.39693445 0.45000532 0.44589633  0.47476172 0.42761975 0.50206904 0.41641874
0.00039479 0.36283831 0.35232302 0.39930133 0.34523319 0.50234819  0.48417291 0.45702496 0.47508945 0.39693445 0.45000532 0.44589633  0.47476172 0.42761975 0.50206904 0.41641874
0.00039479 0.36283831 0.35232302 0.39930133 0.34523319 0.50234819  0.48417291 0.45702496 0.47508945 0.39693445 0.45000532 0.44589633  0.47476172 0.42761975 0.50206904 0.41641874
0.00039479 0.36283831 0.35232302 0.39930133 0.34523319 0.50234819  0.48417291 0.45702496 0.47508945 0.39693445 0.45000532 0.44589633  0.47476172 0.42761975 0.50206904 0.41641874
0.00039479 0.36283831 0.35232302 0.39930133 0.34523319 0.50234819  0.48417291 0.45702496 0.47508945 0.39693445 0.45000532 0.44589633  0.47476172 0.42761975 0.50206904 0.41641874
0.00039479 0.36283831 0.35232302 0.39930133 0.34523319 0.50234819  0.48417291 0.45702496 0.47508945 0.39693445 0.45000532 0.44589633  0.47476172 0.42761975 0.50206904 0.41641874
0.19815377 0.64301784 0.20728028 0.63406563 0.43150829 0.25293433  0.31933692 0.58704337 0.46651079 0.35890803 0.3390908  0.45031816  0.65549539 0.44025016 0.45403276 0.46404341
0.19815377 0.64301784 0.20728028 0.63406563 0.43150829 0.25293433  0.31933692 0.58704337 0.46651079 0.35890803 0.3390908  0.45031816  0.65549539 0.44025016 0.45403276 0.46404341
0.41941218 0.79438301 0.10101509 0.55814675 0.40881873 0.40881866  0.5614489  0.38258699 0.40286216 0.45883245 0.51017913 0.47101913  0.25109725 0.36817221 0.50710647 0.38516799
0.41941218 0.79438301 0.10101509 0.55814675 0.40881873 0.40881866  0.5614489  0.38258699 0.40286216 0.45883245 0.51017913 0.47101913  0.25109725 0.36817221 0.50710647 0.38516799
0.49279506 0.79883281 0.08948759 0.4538334  0.37477935 0.53766039  0.67361769 0.34105092 0.40775879 0.46182159 0.56147453 0.45894149  0.33910793 0.39120822 0.51804061 0.41814157
0.49279506 0.79883281 0.08948759 0.4538334  0.37477935 0.53766039  0.67361769 0.34105092 0.40775879 0.46182159 0.56147453 0.45894149  0.33910793 0.39120822 0.51804061 0.41814157
0.47448677 0.78970493 0.08816885 0.45957232 0.39659092 0.46702966  0.69059135 0.37967756 0.38100772 0.42108331 0.59734968 0.43652086  0.33887025 0.39423119 0.49339753 0.36889416
0.43707352 0.76618815 0.09257935 0.47643766 0.43231067 0.35109863  0.69856614 0.42524996 0.32376475 0.37853934 0.57521434 0.42259341  0.36354293 0.41580276 0.48720202 0.3162269 
0.40057693 0.77142888 0.10020019 0.54118359 0.44177577 0.30871409  0.62662653 0.42697874 0.32095166 0.39480668 0.53314665 0.43651431  0.27910843 0.39342201 0.47265322 0.30732375
0.32539205 0.72242557 0.12454503 0.58656137 0.47532714 0.18079891  0.55850099 0.47628372 0.26619709 0.39639963 0.35782634 0.47006674  0.37563455 0.40452496 0.48794117 0.36248795
0.1786438  0.59155853 0.21680573 0.57641049 0.43931352 0.22861277  0.43166888 0.53300827 0.31869406 0.38794022 0.20906244 0.48720139  0.66247779 0.35843207 0.34137724 0.54721984
0.07102051 0.46648761 0.29681783 0.49538875 0.38534053 0.36816237  0.42637893 0.52216562 0.40838993 0.37342912 0.31490181 0.45582256  0.6405316  0.37092096 0.3395245  0.50760399
0.01779563 0.38669558 0.33863985 0.42004769 0.35385851 0.46460162  0.48109267 0.47190843 0.43452283 0.38595027 0.3992976  0.44733029  0.52908455 0.38078184 0.39373238 0.44873962
0.00039479 0.36283831 0.35232302 0.39930133 0.34523319 0.50234819  0.48417291 0.45702496 0.47508945 0.39693445 0.45000532 0.44589633  0.47476172 0.42761975 0.50206904 0.41641874
0.00039479 0.36283831 0.35232302 0.39930133 0.34523319 0.50234819  0.48417291 0.45702496 0.47508945 0.39693445 0.45000532 0.44589633  0.47476172 0.42761975 0.50206904 0.41641874
0.00039479 0.36283831 0.35232302 0.39930133 0.34523319 0.50234819  0.48417291 0.45702496 0.47508945 0.39693445 0.45000532 0.44589633  0.47476172 0.42761975 0.50206904 0.41641874
0.00039479 0.36283831 0.35232302 0.39930133 0.34523319 0.50234819  0.48417291 0.45702496 0.47508945 0.39693445 0.45000532 0.44589633  0.47476172 0.42761975 0.50206904 0.41641874
0.00039479 0.36283831 0.35232302 0.39930133 0.34523319 0.50234819  0.48417291 0.45702496 0.47508945 0.39693445 0.45000532 0.44589633  0.47476172 0.42761975 0.50206904 0.41641874
0.00039479 0.36283831 0.35232302 0.39930133 0.34523319 0.50234819  0.48417291 0.45702496 0.47508945 0.39693445 0.45000532 0.44589633  0.47476172 0.42761975 0.50206904 0.41641874
0.00039479 0.36283831 0.35232302 0.39930133 0.34523319 0.50234819  0.48417291 0.45702496 0.47508945 0.39693445 0.45000532 0.44589633  0.47476172 0.42761975 0.50206904 0.41641874
0.00039479 0.36283831 0.35232302 0.39930133 0.34523319 0.50234819  0.48417291 0.45702496 0.47508945 0.39693445 0.45000532 0.44589633  0.47476172 0.42761975 0.50206904 0.41641874
0.00039479 0.36283831 0.35232302 0.39930133 0.34523319 0.50234819  0.48417291 0.45702496 0.47508945 0.39693445 0.45000532 0.44589633  0.47476172 0.42761975 0.50206904 0.41641874
0.00039479 0.36283831 0.35232302 0.39930133 0.34523319 0.50234819  0.48417291 0.45702496 0.47508945 0.39693445 0.45000532 0.44589633  0.47476172 0.42761975 0.50206904 0.41641874
0.00039479 0.36283831 0.35232302 0.39930133 0.34523319 0.50234819  0.48417291 0.45702496 0.47508945 0.39693445 0.45000532 0.44589633  0.47476172 0.42761975 0.50206904 0.41641874
0.0177474  0.38984345 0.33852207 0.42635267 0.35697043 0.47086435  0.45750391 0.47765391 0.48169648 0.39463854 0.42895995 0.44917931  0.51265071 0.44991576 0.53083289 0.43501917
0.23532381 0.68908511 0.18422399 0.6584254  0.43722822 0.2485362  0.31174619 0.58271287 0.48885042 0.35342221 0.398916   0.43839798  0.59347931 0.4517865  0.47493735 0.40596555
0.38323584 0.7318977  0.14599423 0.49599836 0.39036387 0.41538626  0.49435526 0.64123148 0.52286845 0.25229949 0.72068748 0.32823214  0.64059672 0.4734709  0.35073189 0.30155112
0.50682842 0.70351066 0.10372189 0.32147478 0.39932681 0.4159242  0.68286802 0.66791923 0.48526753 0.25168545 0.75406895 0.34762608  0.60261445 0.47791823 0.57610161 0.3432012 
0.5225472  0.67819301 0.11057412 0.29513428 0.39343068 0.4018864  0.66044763 0.74055079 0.48209168 0.26864141 0.74053692 0.3572771  0.54754071 0.45572991 0.59682376 0.3552774 
0.556412   0.65159016 0.12234079 0.25293395 0.3589525  0.44661425  0.62477213 0.80637055 0.48732005 0.28158751 0.6957936  0.36813263  0.519548   0.37821032 0.61087055 0.39574455
0.58352921 0.58404008 0.11091779 0.23532509 0.38501577 0.39033617  0.56668022 0.77533929 0.55883092 0.23061504 0.76356182 0.34846927  0.49932251 0.36590159 0.49726442 0.36749066
0.59190429 0.55868057 0.11801909 0.27247318 0.3737872  0.36565279  0.58019673 0.7792765  0.56404547 0.28502861 0.86202479 0.379861  0.51207544 0.38251883 0.45847507 0.44975487
0.57719296 0.59086012 0.1229339  0.29452503 0.36372706 0.39835165  0.60083422 0.79579043 0.51745972 0.30893886 0.85695381 0.37497353  0.51225385 0.33290795 0.47805663 0.45095319
0.61529718 0.60493912 0.15330957 0.27160462 0.28731518 0.50863163  0.5519179  0.8412496  0.47431612 0.41098041 0.67271557 0.44036812  0.41160337 0.3121565  0.60967501 0.50184134
0.63264609 0.59460162 0.16711414 0.25449385 0.26109498 0.54855614  0.51704809 0.86753677 0.45397139 0.41282326 0.59063896 0.44760437  0.45754303 0.29605268 0.56590829 0.50151027
0.67210816 0.6116219  0.17503348 0.21415084 0.23475302 0.59277356  0.55422092 0.7905372  0.3434905  0.48120822 0.42770555 0.49925529  0.39628136 0.29294262 0.64636317 0.47492842
0.67210816 0.6116219  0.17503348 0.21415084 0.23475302 0.59277356  0.55422092 0.7905372  0.3434905  0.48120822 0.42770555 0.49925529  0.39628136 0.29294262 0.64636317 0.47492842
0.68756008 0.59825688 0.19817355 0.2219719  0.21067951 0.60969969  0.5094515  0.80082565 0.29293185 0.49994856 0.38540262 0.5043054  0.39035787 0.28518129 0.59033978 0.40664916
0.70225037 0.56888473 0.19120954 0.20327226 0.21866133 0.59282143  0.5017544  0.73118416 0.32294406 0.50996253 0.31788079 0.53362457  0.40760915 0.35945866 0.65061893 0.41361154
0.71728435 0.53852868 0.18577658 0.17891701 0.22658865 0.56941839  0.49107161 0.68417964 0.36195154 0.50459571 0.27323183 0.55586672  0.42741912 0.43852731 0.68903423 0.42315238
0.71728435 0.53852868 0.18577658 0.17891701 0.22658865 0.56941839  0.49107161 0.68417964 0.36195154 0.50459571 0.27323183 0.55586672  0.42741912 0.43852731 0.68903423 0.42315238
0.70495961 0.55317457 0.15812301 0.15281277 0.25642507 0.59021487  0.49689032 0.67839102 0.40927365 0.45493122 0.22802996 0.52682988  0.44362088 0.39877724 0.68340869 0.45951221
0.70495961 0.55317457 0.15812301 0.15281277 0.25642507 0.59021487  0.49689032 0.67839102 0.40927365 0.45493122 0.22802996 0.52682988  0.44362088 0.39877724 0.68340869 0.45951221
0.6430538  0.65825345 0.13097272 0.23536162 0.28768272 0.65510455  0.59741345 0.44700235 0.41907796 0.4255007  0.27337863 0.50065641  0.72723283 0.56881244 0.51178754 0.4539889 
0.61081119 0.69283235 0.11154538 0.27048153 0.30517538 0.65465568  0.62247654 0.39573923 0.44601292 0.4285189  0.29734544 0.50017137  0.67512706 0.54549152 0.49898978 0.50823148
0.54375498 0.75882854 0.08640224 0.36971339 0.35530959 0.591098  0.69292025 0.32104577 0.4449072  0.44796593 0.49469783 0.47410501  0.50062481 0.48010388 0.54975819 0.47562118
0.49362571 0.81124581 0.1016175  0.47514645 0.3390896  0.61266162  0.60791633 0.33866394 0.42945969 0.47868133 0.51729227 0.46887136  0.35637887 0.33670351 0.41965302 0.46160683
0.49362571 0.81124581 0.1016175  0.47514645 0.3390896  0.61266162  0.60791633 0.33866394 0.42945969 0.47868133 0.51729227 0.46887136  0.35637887 0.33670351 0.41965302 0.46160683
0.476184   0.81808372 0.11473078 0.51013595 0.32306887 0.63945974  0.52985071 0.36039565 0.48121269 0.46570131 0.52960427 0.45729399  0.36358119 0.32448577 0.38797662 0.45114741
0.476184   0.81808372 0.11473078 0.51013595 0.32306887 0.63945974  0.52985071 0.36039565 0.48121269 0.46570131 0.52960427 0.45729399  0.36358119 0.32448577 0.38797662 0.45114741
0.45897988 0.82090494 0.12868243 0.53369618 0.30899141 0.66975993  0.45636899 0.40061998 0.56590799 0.43330554 0.60340142 0.42570883  0.39612583 0.34770569 0.37657972 0.40835261
0.47632879 0.81056745 0.14248699 0.5165854  0.28277121 0.70968444  0.42149917 0.42690716 0.54556326 0.43514839 0.52132481 0.43294508  0.44206549 0.33160187 0.332813   0.40802154
0.49178072 0.79720243 0.16562707 0.52440646 0.25869771 0.72661057  0.37672974 0.4371956  0.49500461 0.45388873 0.47902188 0.43799519  0.436142   0.32384055 0.27678961 0.33974228
0.52959681 0.7882779  0.25170453 0.55247002 0.17862449 0.74219692  0.3405122  0.4242843  0.42969724 0.4527847  0.45843429 0.49593871  0.56095524 0.40991768 0.16719666 0.32747266
0.61544906 0.75080559 0.37766361 0.53732232 0.11870212 0.66740206  0.40433045 0.42720328 0.22544548 0.44024343 0.43263147 0.52364604  0.46878528 0.44930468 0.214147   0.32657332
0.63429659 0.77849268 0.47780972 0.55769859 0.113127   0.64216052  0.42587377 0.37271382 0.23790799 0.30512494 0.39593725 0.4672985  0.46094002 0.40395257 0.31073325 0.35790178
0.67824634 0.76590108 0.61025488 0.57352692 0.12267444 0.58861303  0.43018893 0.41374596 0.22182084 0.33462096 0.38576985 0.44559147  0.38384122 0.31308177 0.47811294 0.24582023
0.6615298  0.75915027 0.62045754 0.60530982 0.1072565  0.59142204  0.4093261  0.48128887 0.37834664 0.39969385 0.43672926 0.39095072  0.4355383  0.26477884 0.49864218 0.16741357
0.64767552 0.78254763 0.64919372 0.64421943 0.12951642 0.58743003  0.36777752 0.42702388 0.3706662  0.3738879  0.39862512 0.40143771  0.31900785 0.21810809 0.51610465 0.17184596
0.65062604 0.79508306 0.67503771 0.62852437 0.17651511 0.59635465  0.35685957 0.42548032 0.36222879 0.36896399 0.39384184 0.39597375  0.30618398 0.21753858 0.5221337  0.15143178
0.65226717 0.80370506 0.69359633 0.61045407 0.23875193 0.60885695  0.34516483 0.42756997 0.35654    0.39450872 0.40806394 0.41211135  0.32570143 0.2209625  0.51053263 0.13404166
0.65373459 0.81183915 0.71009949 0.59685276 0.28675116 0.62360811  0.32935364 0.43270102 0.33523369 0.38504174 0.43670612 0.45428014  0.31795114 0.20698799 0.52159276 0.15474389
0.65557284 0.82022445 0.7288844  0.57779498 0.34742471 0.63213683  0.32134338 0.43455717 0.33369732 0.41462257 0.44497382 0.46354627  0.34272962 0.21091147 0.51224531 0.12960594
0.65702467 0.82598394 0.74373296 0.56166367 0.40642978 0.64369736  0.30338636 0.44079118 0.31583809 0.41733874 0.49092965 0.53981531  0.34393813 0.1713438  0.53117569 0.17716979
0.71831953 0.83154579 0.7794276  0.43334301 0.52848989 0.60765101  0.46934329 0.40792536 0.17847352 0.42533617 0.44687439 0.57646574  0.39808092 0.20331033 0.55651996 0.27562273
0.75381186 0.79725755 0.80004734 0.34440273 0.56648395 0.59335149  0.47052373 0.53328412 0.22482148 0.43435124 0.44773791 0.53100689  0.4724857  0.21562382 0.59271381 0.27575285
0.7872017  0.76126195 0.80053279 0.27327961 0.57668724 0.5690852  0.50316537 0.61592292 0.20431148 0.43922283 0.45956243 0.55413013  0.45662533 0.22300937 0.67868181 0.3076319 
0.79020097 0.77287167 0.83239137 0.24475753 0.67281741 0.57619045  0.49144252 0.63214712 0.21979715 0.51134359 0.51081119 0.6097561  0.46506537 0.20715035 0.6630507  0.3612038 
0.80699166 0.75165779 0.82867865 0.20181657 0.67939825 0.55971319  0.51114886 0.67312179 0.24342084 0.48958505 0.52914731 0.60519103  0.52309463 0.23823259 0.73187185 0.37524048
0.79874825 0.73355125 0.77880802 0.209932   0.66230665 0.57616551  0.50801153 0.68374318 0.21105211 0.50031021 0.53867339 0.63017832  0.57809296 0.21405176 0.75494339 0.27532718
0.80112612 0.72973832 0.77421112 0.25086925 0.51873017 0.54841444  0.52880956 0.64987804 0.21526149 0.37132887 0.46736003 0.53582319  0.50456165 0.26335104 0.76756494 0.29648251
0.81433084 0.62051405 0.63569948 0.26731347 0.31599524 0.49616647  0.50631521 0.51529731 0.22788359 0.26317051 0.3546572  0.59798419  0.52249746 0.46178421 0.87678904 0.33994502
0.81558927 0.53479406 0.51475391 0.30867308 0.11657542 0.42657785  0.52376896 0.501798   0.28729902 0.23244757 0.36722735 0.61092038  0.55244912 0.5346576  0.8406596  0.39765311
0.79258376 0.49263963 0.38569089 0.29896673 0.11159998 0.4479307  0.51754749 0.57208829 0.29988159 0.46426174 0.40153943 0.65005519  0.65522017 0.55316037 0.76546139 0.26095184
0.8087362  0.41948076 0.32710572 0.28371293 0.17278161 0.43965637  0.45942939 0.43873823 0.3567565  0.48919009 0.32000484 0.64480811  0.65615498 0.44481351 0.77741547 0.18361936
0.81779984 0.34091044 0.24116099 0.24614646 0.23481963 0.42384997  0.3466179  0.42004082 0.39897761 0.50712186 0.40235564 0.60373951  0.56880198 0.41026569 0.52182008 0.11716846
0.83758937 0.23275192 0.20206426 0.39338132 0.32463095 0.48986313  0.35273481 0.42846308 0.32253823 0.56614793 0.51062627 0.44461355  0.5414782  0.40170702 0.53767322 0.40449496
0.8508947  0.1794169  0.18971596 0.4829669  0.37953673 0.55920978  0.36322929 0.44003338 0.25686024 0.54497038 0.49591296 0.35528084  0.56098862 0.38423336 0.6416018  0.41629396
0.85481665 0.16271955 0.18721867 0.52059888 0.40095294 0.58762724  0.38814072 0.46110932 0.26497307 0.53494354 0.46884998 0.34937549  0.54379802 0.42302634 0.63788313 0.40529531
0.85971803 0.1413696  0.18328565 0.56731137 0.42557495 0.62435907  0.4102881  0.48361089 0.25049832 0.52156866 0.44927891 0.33279642  0.54574915 0.43511107 0.67938656 0.38936809
0.85971803 0.1413696  0.18328565 0.56731137 0.42557495 0.62435907  0.4102881  0.48361089 0.25049832 0.52156866 0.44927891 0.33279642  0.54574915 0.43511107 0.67938656 0.38936809
0.85971803 0.1413696  0.18328565 0.56731137 0.42557495 0.62435907  0.4102881  0.48361089 0.25049832 0.52156866 0.44927891 0.33279642  0.54574915 0.43511107 0.67938656 0.38936809
0.85971803 0.1413696  0.18328565 0.56731137 0.42557495 0.62435907  0.4102881  0.48361089 0.25049832 0.52156866 0.44927891 0.33279642  0.54574915 0.43511107 0.67938656 0.38936809
0.84739329 0.1560155  0.15563208 0.54120713 0.45541137 0.64515555  0.41610681 0.47782228 0.29782043 0.47190417 0.40407704 0.30375957  0.56195091 0.395361   0.67376102 0.42572792
0.84739329 0.1560155  0.15563208 0.54120713 0.45541137 0.64515555  0.41610681 0.47782228 0.29782043 0.47190417 0.40407704 0.30375957  0.56195091 0.395361   0.67376102 0.42572792
0.8358472  0.17006833 0.12706967 0.51294241 0.47583645 0.66993215  0.40290456 0.47359186 0.33271997 0.41828934 0.36573566 0.28305638  0.54197489 0.38645912 0.61378138 0.49425557
0.8358472  0.17006833 0.12706967 0.51294241 0.47583645 0.66993215  0.40290456 0.47359186 0.33271997 0.41828934 0.36573566 0.28305638  0.54197489 0.38645912 0.61378138 0.49425557
0.8358472  0.17006833 0.12706967 0.51294241 0.47583645 0.66993215  0.40290456 0.47359186 0.33271997 0.41828934 0.36573566 0.28305638  0.54197489 0.38645912 0.61378138 0.49425557
0.8358472  0.17006833 0.12706967 0.51294241 0.47583645 0.66993215  0.40290456 0.47359186 0.33271997 0.41828934 0.36573566 0.28305638  0.54197489 0.38645912 0.61378138 0.49425557
0.8237513  0.17808131 0.09472352 0.4829766  0.4992422  0.6745162  0.40938504 0.48870988 0.38264125 0.41379936 0.34153283 0.26572659  0.47866293 0.36523656 0.60974161 0.57317477
0.81792082 0.19184106 0.08554442 0.47808378 0.52935228 0.72526902  0.42837162 0.51109002 0.40333093 0.33696493 0.2029051  0.25899991  0.44164123 0.37789661 0.63411773 0.43747564
0.81792082 0.19184106 0.08554442 0.47808378 0.52935228 0.72526902  0.42837162 0.51109002 0.40333093 0.33696493 0.2029051  0.25899991  0.44164123 0.37789661 0.63411773 0.43747564
0.81792082 0.19184106 0.08554442 0.47808378 0.52935228 0.72526902  0.42837162 0.51109002 0.40333093 0.33696493 0.2029051  0.25899991  0.44164123 0.37789661 0.63411773 0.43747564
0.81792082 0.19184106 0.08554442 0.47808378 0.52935228 0.72526902  0.42837162 0.51109002 0.40333093 0.33696493 0.2029051  0.25899991  0.44164123 0.37789661 0.63411773 0.43747564
0.7999243  0.21680584 0.06448215 0.43800745 0.53454427 0.68227344  0.44063796 0.47448422 0.42798535 0.34064545 0.2853728  0.22928475  0.47183348 0.35638064 0.70455434 0.55918981
0.78522159 0.24319207 0.05204468 0.4408097  0.55119621 0.6968577  0.47613867 0.43302069 0.45478486 0.31740838 0.30686887 0.22221621  0.59003263 0.41953954 0.66745951 0.58005085
0.77739532 0.27271391 0.053643   0.3945005  0.53090566 0.68130877  0.47875382 0.43922527 0.494278   0.30155507 0.27005499 0.27112724  0.59500678 0.39445109 0.69031632 0.49798494
0.77739532 0.27271391 0.053643   0.3945005  0.53090566 0.68130877  0.47875382 0.43922527 0.494278   0.30155507 0.27005499 0.27112724  0.59500678 0.39445109 0.69031632 0.49798494
0.68796296 0.4411437  0.02730166 0.29870298 0.5036183  0.51027852  0.5588707  0.20471405 0.63036014 0.28282486 0.47945289 0.36543398  0.66239699 0.45233136 0.6417165  0.41088921
0.68796296 0.4411437  0.02730166 0.29870298 0.5036183  0.51027852  0.5588707  0.20471405 0.63036014 0.28282486 0.47945289 0.36543398  0.66239699 0.45233136 0.6417165  0.41088921
0.66779588 0.50661864 0.04113669 0.25081495 0.46085666 0.49981186  0.60323851 0.22497799 0.6490161  0.31573158 0.41674863 0.44586556  0.66547795 0.53661528 0.67980919 0.41790529
0.64605217 0.55619117 0.04620898 0.23890947 0.43075476 0.47931506  0.59959454 0.15682909 0.64254693 0.34963116 0.4387799  0.47916506  0.67699464 0.55479038 0.55347613 0.42095693
0.54562209 0.61526719 0.05244024 0.33174455 0.47223905 0.34025782  0.68207271 0.22727862 0.49069322 0.32631083 0.48872292 0.4505754  0.59596101 0.55155658 0.59761872 0.31246505
0.54562209 0.61526719 0.05244024 0.33174455 0.47223905 0.34025782  0.68207271 0.22727862 0.49069322 0.32631083 0.48872292 0.4505754  0.59596101 0.55155658 0.59761872 0.31246505
0.50993732 0.62748447 0.05768051 0.392352   0.48398882 0.30032841  0.65589225 0.19206007 0.43885879 0.35086533 0.42641413 0.4656574  0.51806438 0.53584002 0.57722658 0.28504534
0.46032985 0.66699891 0.06911649 0.45827859 0.48747337 0.24994695  0.6417842  0.23340351 0.39248488 0.39045339 0.39461112 0.48871345  0.38632489 0.55168758 0.64227766 0.29038986
0.44529587 0.69735497 0.07454945 0.48263384 0.47954606 0.27334999  0.65246699 0.28040804 0.35347739 0.39582021 0.43926009 0.4664713  0.36651492 0.47261893 0.60386236 0.28084902
0.30447355 0.61986618 0.14963987 0.4768035  0.4616975  0.22595947  0.65792144 0.37267566 0.23102308 0.39796893 0.3084491  0.48708472  0.37438119 0.42177023 0.43869979 0.38352248
0.27043969 0.64914378 0.16168236 0.53272767 0.45940445 0.22065311  0.60074913 0.44955208 0.22943079 0.41132746 0.31892653 0.48148901  0.37070983 0.3592893  0.43287748 0.41991085
0.21529207 0.57710891 0.1979015  0.48521878 0.44752064 0.2443117  0.63265899 0.4362275  0.19123155 0.42100907 0.26124022 0.49531763  0.40418333 0.33620033 0.40448084 0.47259825
0.16090298 0.54997924 0.23264034 0.52063825 0.42610691 0.27216757  0.51801014 0.47061254 0.2573762  0.40952032 0.2186372  0.49395088  0.50963585 0.32196481 0.34129445 0.51471081
0.14217894 0.52729067 0.24430848 0.51042169 0.4233654  0.27616187  0.51229138 0.47778751 0.26551632 0.41186272 0.20094421 0.497372  0.54247623 0.33955996 0.36618799 0.53667105
0.05336775 0.43914143 0.31083182 0.46832666 0.37416152 0.39938838  0.45143619 0.50292086 0.40448693 0.37548598 0.33684065 0.45259001  0.60541605 0.3574237  0.32371238 0.49045415
0.05336775 0.43914143 0.31083182 0.46832666 0.37416152 0.39938838  0.45143619 0.50292086 0.40448693 0.37548598 0.33684065 0.45259001  0.60541605 0.3574237  0.32371238 0.49045415
0.01779563 0.38669558 0.33863985 0.42004769 0.35385851 0.46460162  0.48109267 0.47190843 0.43452283 0.38595027 0.3992976  0.44733029  0.52908455 0.38078184 0.39373238 0.44873962
0.00039479 0.36283831 0.35232302 0.39930133 0.34523319 0.50234819  0.48417291 0.45702496 0.47508945 0.39693445 0.45000532 0.44589633  0.47476172 0.42761975 0.50206904 0.41641874
0.00039479 0.36283831 0.35232302 0.39930133 0.34523319 0.50234819  0.48417291 0.45702496 0.47508945 0.39693445 0.45000532 0.44589633  0.47476172 0.42761975 0.50206904 0.41641874
0.00039479 0.36283831 0.35232302 0.39930133 0.34523319 0.50234819  0.48417291 0.45702496 0.47508945 0.39693445 0.45000532 0.44589633  0.47476172 0.42761975 0.50206904 0.41641874
0.00039479 0.36283831 0.35232302 0.39930133 0.34523319 0.50234819  0.48417291 0.45702496 0.47508945 0.39693445 0.45000532 0.44589633  0.47476172 0.42761975 0.50206904 0.41641874
0.00039479 0.36283831 0.35232302 0.39930133 0.34523319 0.50234819  0.48417291 0.45702496 0.47508945 0.39693445 0.45000532 0.44589633  0.47476172 0.42761975 0.50206904 0.41641874
0.00039479 0.36283831 0.35232302 0.39930133 0.34523319 0.50234819  0.48417291 0.45702496 0.47508945 0.39693445 0.45000532 0.44589633  0.47476172 0.42761975 0.50206904 0.41641874
0.00039479 0.36283831 0.35232302 0.39930133 0.34523319 0.50234819  0.48417291 0.45702496 0.47508945 0.39693445 0.45000532 0.44589633  0.47476172 0.42761975 0.50206904 0.41641874
