0.00039479 0.36283831 0.35232302 0.39930133 0.34523319 0.50234819  0.48417291 0.45702496 0.47508945 0.39693445 0.45000532 0.44589633  0.47476172 0.42761975 0.50206904 0.41641874
0.00039479 0.36283831 0.35232302 0.39930133 0.34523319 0.50234819  0.48417291 0.45702496 0.47508945 0.39693445 0.45000532 0.44589633  0.47476172 0.42761975 0.50206904 0.41641874
0.00039479 0.36283831 0.35232302 0.39930133 0.34523319 0.50234819  0.48417291 0.45702496 0.47508945 0.39693445 0.45000532 0.44589633  0.47476172 0.42761975 0.50206904 0.41641874
0.00039479 0.36283831 0.35232302 0.39930133 0.34523319 0.50234819  0.48417291 0.45702496 0.47508945 0.39693445 0.45000532 0.44589633  0.47476172 0.42761975 0.50206904 0.41641874
0.00039479 0.36283831 0.35232302 0.39930133 0.34523319 0.50234819  0.48417291 0.45702496 0.47508945 0.39693445 0.45000532 0.44589633  0.47476172 0.42761975 0.50206904 0.41641874
0.00039479 0.36283831 0.35232302 0.39930133 0.34523319 0.50234819  0.48417291 0.45702496 0.47508945 0.39693445 0.45000532 0.44589633  0.47476172 0.42761975 0.50206904 0.41641874
0.00039479 0.36283831 0.35232302 0.39930133 0.34523319 0.50234819  0.48417291 0.45702496 0.47508945 0.39693445 0.45000532 0.44589633  0.47476172 0.42761975 0.50206904 0.41641874
0.00039479 0.36283831 0.35232302 0.39930133 0.34523319 0.50234819  0.48417291 0.45702496 0.47508945 0.39693445 0.45000532 0.44589633  0.47476172 0.42761975 0.50206904 0.41641874
0.00039479 0.36283831 0.35232302 0.39930133 0.34523319 0.50234819  0.48417291 0.45702496 0.47508945 0.39693445 0.45000532 0.44589633  0.47476172 0.42761975 0.50206904 0.41641874
0.00039479 0.36283831 0.35232302 0.39930133 0.34523319 0.50234819  0.48417291 0.45702496 0.47508945 0.39693445 0.45000532 0.44589633  0.47476172 0.42761975 0.50206904 0.41641874
0.00039479 0.36283831 0.35232302 0.39930133 0.34523319 0.50234819  0.48417291 0.45702496 0.47508945 0.39693445 0.45000532 0.44589633  0.47476172 0.42761975 0.50206904 0.41641874
0.00039479 0.36283831 0.35232302 0.39930133 0.34523319 0.50234819  0.48417291 0.45702496 0.47508945 0.39693445 0.45000532 0.44589633  0.47476172 0.42761975 0.50206904 0.41641874
0.00039479 0.36283831 0.35232302 0.39930133 0.34523319 0.50234819  0.48417291 0.45702496 0.47508945 0.39693445 0.45000532 0.44589633  0.47476172 0.42761975 0.50206904 0.41641874
0.00039479 0.36283831 0.35232302 0.39930133 0.34523319 0.50234819  0.48417291 0.45702496 0.47508945 0.39693445 0.45000532 0.44589633  0.47476172 0.42761975 0.50206904 0.41641874
0.00039479 0.36283831 0.35232302 0.39930133 0.34523319 0.50234819  0.48417291 0.45702496 0.47508945 0.39693445 0.45000532 0.44589633  0.47476172 0.42761975 0.50206904 0.41641874
0.00039479 0.36283831 0.35232302 0.39930133 0.34523319 0.50234819  0.48417291 0.45702496 0.47508945 0.39693445 0.45000532 0.44589633  0.47476172 0.42761975 0.50206904 0.41641874
0.00039479 0.36283831 0.35232302 0.39930133 0.34523319 0.50234819  0.48417291 0.45702496 0.47508945 0.39693445 0.45000532 0.44589633  0.47476172 0.42761975 0.50206904 0.41641874
0.00039479 0.36283831 0.35232302 0.39930133 0.34523319 0.50234819  0.48417291 0.45702496 0.47508945 0.39693445 0.45000532 0.44589633  0.47476172 0.42761975 0.50206904 0.41641874
0.00039479 0.36283831 0.35232302 0.39930133 0.34523319 0.50234819  0.48417291 0.45702496 0.47508945 0.39693445 0.45000532 0.44589633  0.47476172 0.42761975 0.50206904 0.41641874
0.00039479 0.36283831 0.35232302 0.39930133 0.34523319 0.50234819  0.48417291 0.45702496 0.47508945 0.39693445 0.45000532 0.44589633  0.47476172 0.42761975 0.50206904 0.41641874
0.00039479 0.36283831 0.35232302 0.39930133 0.34523319 0.50234819  0.48417291 0.45702496 0.47508945 0.39693445 0.45000532 0.44589633  0.47476172 0.42761975 0.50206904 0.41641874
0.00039479 0.36283831 0.35232302 0.39930133 0.34523319 0.50234819  0.48417291 0.45702496 0.47508945 0.39693445 0.45000532 0.44589633  0.47476172 0.42761975 0.50206904 0.41641874
0.00039479 0.36283831 0.35232302 0.39930133 0.34523319 0.50234819  0.48417291 0.45702496 0.47508945 0.39693445 0.45000532 0.44589633  0.47476172 0.42761975 0.50206904 0.41641874
0.00039479 0.36283831 0.35232302 0.39930133 0.34523319 0.50234819  0.48417291 0.45702496 0.47508945 0.39693445 0.45000532 0.44589633  0.47476172 0.42761975 0.50206904 0.41641874
0.00039479 0.36283831 0.35232302 0.39930133 0.34523319 0.50234819  0.48417291 0.45702496 0.47508945 0.39693445 0.45000532 0.44589633  0.47476172 0.42761975 0.50206904 0.41641874
0.00039479 0.36283831 0.35232302 0.39930133 0.34523319 0.50234819  0.48417291 0.45702496 0.47508945 0.39693445 0.45000532 0.44589633  0.47476172 0.42761975 0.50206904 0.41641874
0.00039479 0.36283831 0.35232302 0.39930133 0.34523319 0.50234819  0.48417291 0.45702496 0.47508945 0.39693445 0.45000532 0.44589633  0.47476172 0.42761975 0.50206904 0.41641874
0.00039479 0.36283831 0.35232302 0.39930133 0.34523319 0.50234819  0.48417291 0.45702496 0.47508945 0.39693445 0.45000532 0.44589633  0.47476172 0.42761975 0.50206904 0.41641874
0.00039479 0.36283831 0.35232302 0.39930133 0.34523319 0.50234819  0.48417291 0.45702496 0.47508945 0.39693445 0.45000532 0.44589633  0.47476172 0.42761975 0.50206904 0.41641874
0.00039479 0.36283831 0.35232302 0.39930133 0.34523319 0.50234819  0.48417291 0.45702496 0.47508945 0.39693445 0.45000532 0.44589633  0.47476172 0.42761975 0.50206904 0.41641874
0.00039479 0.36283831 0.35232302 0.39930133 0.34523319 0.50234819  0.48417291 0.45702496 0.47508945 0.39693445 0.45000532 0.44589633  0.47476172 0.42761975 0.50206904 0.41641874
0.00039479 0.36283831 0.35232302 0.39930133 0.34523319 0.50234819  0.48417291 0.45702496 0.47508945 0.39693445 0.45000532 0.44589633  0.47476172 0.42761975 0.50206904 0.41641874
0.00039479 0.36283831 0.35232302 0.39930133 0.34523319 0.50234819  0.48417291 0.45702496 0.47508945 0.39693445 0.45000532 0.44589633  0.47476172 0.42761975 0.50206904 0.41641874
0.00039479 0.36283831 0.35232302 0.39930133 0.34523319 0.50234819  0.48417291 0.45702496 0.47508945 0.39693445 0.45000532 0.44589633  0.47476172 0.42761975 0.50206904 0.41641874
0.00039479 0.36283831 0.35232302 0.39930133 0.34523319 0.50234819  0.48417291 0.45702496 0.47508945 0.39693445 0.45000532 0.44589633  0.47476172 0.42761975 0.50206904 0.41641874
0.00039479 0.36283831 0.35232302 0.39930133 0.34523319 0.50234819  0.48417291 0.45702496 0.47508945 0.39693445 0.45000532 0.44589633  0.47476172 0.42761975 0.50206904 0.41641874
0.00039479 0.36283831 0.35232302 0.39930133 0.34523319 0.50234819  0.48417291 0.45702496 0.47508945 0.39693445 0.45000532 0.44589633  0.47476172 0.42761975 0.50206904 0.41641874
0.00039479 0.36283831 0.35232302 0.39930133 0.34523319 0.50234819  0.48417291 0.45702496 0.47508945 0.39693445 0.45000532 0.44589633  0.47476172 0.42761975 0.50206904 0.41641874
0.00039479 0.36283831 0.35232302 0.39930133 0.34523319 0.50234819  0.48417291 0.45702496 0.47508945 0.39693445 0.45000532 0.44589633  0.47476172 0.42761975 0.50206904 0.41641874
0.00039479 0.36283831 0.35232302 0.39930133 0.34523319 0.50234819  0.48417291 0.45702496 0.47508945 0.39693445 0.45000532 0.44589633  0.47476172 0.42761975 0.50206904 0.41641874
0.00039479 0.36283831 0.35232302 0.39930133 0.34523319 0.50234819  0.48417291 0.45702496 0.47508945 0.39693445 0.45000532 0.44589633  0.47476172 0.42761975 0.50206904 0.41641874
0.00039479 0.36283831 0.35232302 0.39930133 0.34523319 0.50234819  0.48417291 0.45702496 0.47508945 0.39693445 0.45000532 0.44589633  0.47476172 0.42761975 0.50206904 0.41641874
0.00039479 0.36283831 0.35232302 0.39930133 0.34523319 0.50234819  0.48417291 0.45702496 0.47508945 0.39693445 0.45000532 0.44589633  0.47476172 0.42761975 0.50206904 0.41641874
0.00039479 0.36283831 0.35232302 0.39930133 0.34523319 0.50234819  0.48417291 0.45702496 0.47508945 0.39693445 0.45000532 0.44589633  0.47476172 0.42761975 0.50206904 0.41641874
0.00039479 0.36283831 0.35232302 0.39930133 0.34523319 0.50234819  0.48417291 0.45702496 0.47508945 0.39693445 0.45000532 0.44589633  0.47476172 0.42761975 0.50206904 0.41641874
0.00039479 0.36283831 0.35232302 0.39930133 0.34523319 0.50234819  0.48417291 0.45702496 0.47508945 0.39693445 0.45000532 0.44589633  0.47476172 0.42761975 0.50206904 0.41641874
0.00039479 0.36283831 0.35232302 0.39930133 0.34523319 0.50234819  0.48417291 0.45702496 0.47508945 0.39693445 0.45000532 0.44589633  0.47476172 0.42761975 0.50206904 0.41641874
0.00039479 0.36283831 0.35232302 0.39930133 0.34523319 0.50234819  0.48417291 0.45702496 0.47508945 0.39693445 0.45000532 0.44589633  0.47476172 0.42761975 0.50206904 0.41641874
0.00039479 0.36283831 0.35232302 0.39930133 0.34523319 0.50234819  0.48417291 0.45702496 0.47508945 0.39693445 0.45000532 0.44589633  0.47476172 0.42761975 0.50206904 0.41641874
0.00039479 0.36283831 0.35232302 0.39930133 0.34523319 0.50234819  0.48417291 0.45702496 0.47508945 0.39693445 0.45000532 0.44589633  0.47476172 0.42761975 0.50206904 0.41641874
0.00039479 0.36283831 0.35232302 0.39930133 0.34523319 0.50234819  0.48417291 0.45702496 0.47508945 0.39693445 0.45000532 0.44589633  0.47476172 0.42761975 0.50206904 0.41641874
0.00039479 0.36283831 0.35232302 0.39930133 0.34523319 0.50234819  0.48417291 0.45702496 0.47508945 0.39693445 0.45000532 0.44589633  0.47476172 0.42761975 0.50206904 0.41641874
0.00039479 0.36283831 0.35232302 0.39930133 0.34523319 0.50234819  0.48417291 0.45702496 0.47508945 0.39693445 0.45000532 0.44589633  0.47476172 0.42761975 0.50206904 0.41641874
0.00039479 0.36283831 0.35232302 0.39930133 0.34523319 0.50234819  0.48417291 0.45702496 0.47508945 0.39693445 0.45000532 0.44589633  0.47476172 0.42761975 0.50206904 0.41641874
0.00039479 0.36283831 0.35232302 0.39930133 0.34523319 0.50234819  0.48417291 0.45702496 0.47508945 0.39693445 0.45000532 0.44589633  0.47476172 0.42761975 0.50206904 0.41641874
0.00039479 0.36283831 0.35232302 0.39930133 0.34523319 0.50234819  0.48417291 0.45702496 0.47508945 0.39693445 0.45000532 0.44589633  0.47476172 0.42761975 0.50206904 0.41641874
0.00039479 0.36283831 0.35232302 0.39930133 0.34523319 0.50234819  0.48417291 0.45702496 0.47508945 0.39693445 0.45000532 0.44589633  0.47476172 0.42761975 0.50206904 0.41641874
0.03555663 0.41720068 0.32416163 0.4534907  0.36798941 0.43594923  0.43647159 0.49618771 0.47382149 0.39144415 0.39530718 0.45299584  0.55479998 0.44686718 0.51427561 0.45951419
0.08929007 0.49596024 0.28463943 0.52333586 0.39273086 0.37450087  0.36867884 0.53837944 0.51416758 0.39179685 0.38466226 0.458346  0.58859171 0.5034251  0.61911333 0.47068006
0.21637945 0.66535735 0.19937471 0.65145006 0.42373868 0.28500388  0.27575379 0.58428725 0.54019808 0.39410409 0.35781147 0.46538681  0.59882689 0.48992586 0.62089615 0.47465149
0.30913033 0.75632575 0.16390663 0.6783825  0.39083563 0.41144953  0.2428697  0.49539152 0.61453616 0.46926347 0.38352375 0.49442087  0.47008713 0.47740784 0.69235099 0.47744809
0.34703591 0.78070022 0.15599052 0.65275933 0.36251509 0.50632265  0.2602343  0.47521433 0.67039174 0.46170498 0.49562397 0.46881395  0.46104983 0.45533444 0.61526442 0.46587666
0.41888283 0.78739839 0.17825203 0.60361646 0.2817591  0.68035878  0.24246034 0.46338483 0.65845893 0.4724544  0.50770307 0.45560176  0.55050243 0.40368309 0.42942687 0.4294617 
0.47476357 0.76511501 0.27598999 0.61776092 0.1824119  0.74673594  0.16473429 0.47607351 0.55807818 0.4573156  0.38817347 0.50384654  0.73824492 0.44015195 0.30508892 0.37319039
0.48614375 0.76012338 0.3104802  0.64453505 0.15205993 0.73128559  0.1648925  0.46164268 0.52288555 0.47768319 0.4292417  0.53811131  0.78456729 0.49487896 0.28010697 0.33794182
0.48614375 0.76012338 0.3104802  0.64453505 0.15205993 0.73128559  0.1648925  0.46164268 0.52288555 0.47768319 0.4292417  0.53811131  0.78456729 0.49487896 0.28010697 0.33794182
0.48614375 0.76012338 0.3104802  0.64453505 0.15205993 0.73128559  0.1648925  0.46164268 0.52288555 0.47768319 0.4292417  0.53811131  0.78456729 0.49487896 0.28010697 0.33794182
0.53956145 0.75665524 0.50613297 0.75587123 0.06318064 0.64036341  0.21094323 0.37861855 0.4453153  0.3618427  0.5186693  0.59848364  0.82128295 0.45732107 0.49750641 0.33416364
0.59123512 0.74984789 0.4973663  0.72479826 0.05245022 0.61627997  0.28737888 0.36878633 0.30007372 0.38615306 0.50546579 0.60128674  0.53944521 0.32674521 0.45398845 0.24909122
0.62061218 0.76315785 0.54833018 0.70814816 0.06314051 0.54544934  0.4178372  0.32230853 0.29283237 0.42306449 0.38056322 0.57010146  0.45744051 0.26641391 0.47624328 0.33664195
0.68945155 0.71372553 0.53914711 0.57771793 0.06183924 0.52267459  0.53573926 0.42627706 0.21626116 0.39967746 0.40379981 0.55577158  0.42810552 0.2362828  0.54084034 0.34194359
0.77344976 0.61805377 0.53519895 0.38861965 0.07113818 0.46828522  0.61202062 0.64843554 0.24536019 0.33594286 0.46034577 0.53881289  0.53989881 0.29136792 0.76154396 0.38738855
0.77344976 0.61805377 0.53519895 0.38861965 0.07113818 0.46828522  0.61202062 0.64843554 0.24536019 0.33594286 0.46034577 0.53881289  0.53989881 0.29136792 0.76154396 0.38738855
0.77752596 0.60752793 0.54530561 0.41593614 0.07409841 0.44882097  0.65827493 0.65159833 0.32634591 0.37674394 0.47175661 0.55761869  0.56263971 0.21747642 0.73268323 0.45861919
0.80147763 0.53198015 0.50053039 0.36754502 0.09001247 0.39198333  0.63810911 0.61160461 0.41892047 0.41588487 0.43307302 0.58446259  0.61354552 0.33125491 0.75612189 0.40979899
0.81616792 0.502608   0.49356638 0.34884538 0.09799428 0.37510507  0.63041201 0.54196313 0.44893267 0.42589883 0.3655512  0.61378176  0.63079679 0.40553227 0.81640104 0.41676137
0.85004805 0.40893826 0.48176073 0.38665576 0.12477945 0.31964952  0.58337474 0.41486503 0.50840573 0.46063757 0.44380139 0.63843624  0.66140038 0.35121391 0.71446308 0.43534292
0.86209824 0.32181318 0.39847775 0.37791467 0.17641821 0.30896908  0.48808654 0.36067567 0.56138479 0.53649105 0.50812149 0.64817043  0.69054315 0.27654035 0.53846249 0.31390736
0.84434213 0.32135668 0.32125115 0.32584525 0.18084895 0.36726112  0.38682873 0.38006047 0.40504027 0.52534005 0.52764836 0.6592367  0.6644573  0.44017986 0.49803387 0.20184023
0.84434213 0.32135668 0.32125115 0.32584525 0.18084895 0.36726112  0.38682873 0.38006047 0.40504027 0.52534005 0.52764836 0.6592367  0.6644573  0.44017986 0.49803387 0.20184023
0.82617492 0.31555093 0.24826229 0.28329455 0.22359106 0.39916659  0.36013441 0.42397803 0.40419215 0.56153543 0.50081861 0.63513124  0.58155492 0.42688293 0.48303073 0.19943267
0.80641966 0.34590208 0.20667078 0.21937233 0.26517161 0.43930032  0.34645969 0.43447165 0.43417024 0.48675427 0.36128741 0.56947474  0.52247962 0.35553868 0.54680203 0.15241702
0.78254884 0.3746008  0.1504548  0.16500338 0.31543311 0.4848734  0.33907615 0.42445262 0.51639189 0.38347495 0.27774416 0.5197347  0.51870536 0.30688673 0.48119685 0.25730451
0.77014295 0.40997133 0.15696299 0.1605604  0.29942998 0.50845262  0.37653057 0.43896995 0.49146677 0.41053718 0.21504692 0.54428553  0.53875245 0.36880633 0.57522142 0.28436008
0.79231797 0.41162537 0.25494967 0.24438177 0.20029404 0.47291025  0.41924137 0.48122216 0.33573519 0.55621226 0.31693244 0.64215276  0.59423512 0.50929917 0.68995874 0.17949574
0.81048518 0.41743113 0.32793853 0.28693246 0.15755192 0.44100478  0.44593568 0.4373046  0.33658331 0.52001688 0.3437622  0.66625822  0.6771375  0.52259609 0.70496187 0.1819033 
0.83690428 0.45503958 0.46589785 0.31581816 0.13420258 0.40306221  0.47346607 0.35035665 0.34332782 0.2846835  0.3119953  0.62713236  0.6262875  0.48725614 0.79480423 0.3213797 
0.83690428 0.45503958 0.46589785 0.31581816 0.13420258 0.40306221  0.47346607 0.35035665 0.34332782 0.2846835  0.3119953  0.62713236  0.6262875  0.48725614 0.79480423 0.3213797 
0.8427827  0.53218185 0.59656432 0.29830957 0.21582772 0.3988107  0.53448542 0.41690935 0.38045926 0.24494298 0.27565141 0.56974393  0.51166346 0.41021453 0.90798903 0.3932568 
0.83445607 0.5837648  0.64169461 0.27997578 0.2426953  0.4221629  0.53976763 0.5009093  0.34333627 0.21459171 0.31600517 0.57143552  0.44447041 0.43935258 0.90235832 0.43640348
0.83445607 0.5837648  0.64169461 0.27997578 0.2426953  0.4221629  0.53976763 0.5009093  0.34333627 0.21459171 0.31600517 0.57143552  0.44447041 0.43935258 0.90235832 0.43640348
0.83445607 0.5837648  0.64169461 0.27997578 0.2426953  0.4221629  0.53976763 0.5009093  0.34333627 0.21459171 0.31600517 0.57143552  0.44447041 0.43935258 0.90235832 0.43640348
0.83856988 0.59954664 0.67254594 0.2701538  0.25842283 0.42182468  0.53813825 0.49979576 0.35467772 0.22185359 0.28281017 0.51449898  0.41886264 0.46375189 0.888034   0.40862334
0.83856988 0.59954664 0.67254594 0.2701538  0.25842283 0.42182468  0.53813825 0.49979576 0.35467772 0.22185359 0.28281017 0.51449898  0.41886264 0.46375189 0.888034   0.40862334
0.83541562 0.583929   0.64307133 0.28320803 0.21636152 0.40607678  0.5557662  0.50310779 0.36779719 0.23378355 0.28905234 0.52547287  0.4391843  0.4565872  0.89310043 0.43142299
0.83541562 0.583929   0.64307133 0.28320803 0.21636152 0.40607678  0.5557662  0.50310779 0.36779719 0.23378355 0.28905234 0.52547287  0.4391843  0.4565872  0.89310043 0.43142299
0.83467832 0.58236126 0.63815345 0.28757936 0.20071748 0.40446338  0.56119983 0.501367   0.37145496 0.23646067 0.27376461 0.49693375  0.44723688 0.47619545 0.88459476 0.40092476
0.8317278  0.56982583 0.61230946 0.30327442 0.15371879 0.39553876  0.57211778 0.50291056 0.37989237 0.24138458 0.27854789 0.50239771  0.46006075 0.47676497 0.87856571 0.42133894
0.83169019 0.54351815 0.59156478 0.34041289 0.14095149 0.37641273  0.62000146 0.5071869  0.44953664 0.27492378 0.32315373 0.57814005  0.50840942 0.37847416 0.86402931 0.52034972
0.86601232 0.44811375 0.58170121 0.37405407 0.16658218 0.31254112  0.56566092 0.38770629 0.52433861 0.30201022 0.42229858 0.59764499  0.52992368 0.32810878 0.721629   0.53599028
0.87443308 0.40065504 0.54764782 0.38313018 0.16238442 0.28444455  0.53597635 0.38287272 0.55808118 0.33012952 0.49474658 0.58020533  0.54633091 0.2824782  0.60028046 0.49242419
0.88686215 0.36768923 0.53602135 0.38647075 0.18187568 0.27915344  0.51059162 0.29850142 0.5740224  0.33248288 0.45180785 0.5873305  0.5695676  0.24865647 0.61124593 0.46401323
0.88686215 0.36768923 0.53602135 0.38647075 0.18187568 0.27915344  0.51059162 0.29850142 0.5740224  0.33248288 0.45180785 0.5873305  0.5695676  0.24865647 0.61124593 0.46401323
0.88686215 0.36768923 0.53602135 0.38647075 0.18187568 0.27915344  0.51059162 0.29850142 0.5740224  0.33248288 0.45180785 0.5873305  0.5695676  0.24865647 0.61124593 0.46401323
0.88686215 0.36768923 0.53602135 0.38647075 0.18187568 0.27915344  0.51059162 0.29850142 0.5740224  0.33248288 0.45180785 0.5873305  0.5695676  0.24865647 0.61124593 0.46401323
0.88686215 0.36768923 0.53602135 0.38647075 0.18187568 0.27915344  0.51059162 0.29850142 0.5740224  0.33248288 0.45180785 0.5873305  0.5695676  0.24865647 0.61124593 0.46401323
0.88686215 0.36768923 0.53602135 0.38647075 0.18187568 0.27915344  0.51059162 0.29850142 0.5740224  0.33248288 0.45180785 0.5873305  0.5695676  0.24865647 0.61124593 0.46401323
0.88665126 0.36625747 0.53691002 0.38403842 0.1932222  0.27845366  0.50763257 0.29730153 0.57842693 0.34587372 0.46343838 0.59607898  0.58514971 0.24089659 0.6093504  0.45697609
0.88759945 0.36925696 0.54093923 0.38209943 0.19751973 0.28076684  0.50515799 0.30024221 0.57036463 0.32980575 0.46709558 0.61586962  0.56151502 0.22904821 0.6197516  0.49451146
0.89569838 0.39712698 0.59933575 0.36764433 0.23344814 0.28494598  0.49575877 0.2894449  0.57288864 0.28188612 0.42414982 0.55182192  0.49945293 0.23715851 0.63275125 0.48324183
0.89569838 0.39712698 0.59933575 0.36764433 0.23344814 0.28494598  0.49575877 0.2894449  0.57288864 0.28188612 0.42414982 0.55182192  0.49945293 0.23715851 0.63275125 0.48324183
0.89807667 0.40116334 0.61408546 0.3591368  0.24266412 0.26479169  0.5139108  0.29978311 0.61614516 0.34030953 0.40673557 0.50658932  0.48343399 0.25560571 0.6090033  0.50116341
0.89409155 0.38907516 0.58654027 0.36376993 0.22246324 0.26027433  0.52168065 0.30946687 0.6249626  0.39549105 0.41648633 0.51370049  0.51988831 0.27189473 0.58167932 0.4846529 
0.89409155 0.38907516 0.58654027 0.36376993 0.22246324 0.26027433  0.52168065 0.30946687 0.6249626  0.39549105 0.41648633 0.51370049  0.51988831 0.27189473 0.58167932 0.4846529 
0.89409155 0.38907516 0.58654027 0.36376993 0.22246324 0.26027433  0.52168065 0.30946687 0.6249626  0.39549105 0.41648633 0.51370049  0.51988831 0.27189473 0.58167932 0.4846529 
0.88665126 0.36625747 0.53691002 0.38403842 0.1932222  0.27845366  0.50763257 0.29730153 0.57842693 0.34587372 0.46343838 0.59607898  0.58514971 0.24089659 0.6093504  0.45697609
0.88665126 0.36625747 0.53691002 0.38403842 0.1932222  0.27845366  0.50763257 0.29730153 0.57842693 0.34587372 0.46343838 0.59607898  0.58514971 0.24089659 0.6093504  0.45697609
0.88315127 0.30934542 0.46396982 0.43657932 0.17940991 0.29791205  0.51061717 0.31738931 0.52510785 0.44412972 0.52126844 0.56695002  0.65052649 0.28451402 0.56808483 0.45900131
0.88315127 0.30934542 0.46396982 0.43657932 0.17940991 0.29791205  0.51061717 0.31738931 0.52510785 0.44412972 0.52126844 0.56695002  0.65052649 0.28451402 0.56808483 0.45900131
0.88541486 0.27148948 0.43097926 0.48504354 0.21146637 0.3396516  0.49491759 0.33238268 0.47066845 0.46756804 0.56635392 0.57528012  0.65848374 0.27998217 0.5915348  0.54103992
0.89338874 0.20398527 0.3810985  0.55853906 0.27152872 0.41543072  0.46761003 0.35292782 0.36764646 0.51494364 0.58769897 0.47250925  0.67285336 0.26851368 0.64442837 0.56892452
0.88710754 0.20054513 0.35042005 0.54833235 0.27079579 0.44218616  0.42614559 0.34913399 0.30279729 0.48589298 0.61143111 0.49527911  0.68497515 0.32513549 0.61710715 0.54737366
0.88303134 0.21107098 0.34031339 0.52101585 0.26783556 0.46165041  0.37989129 0.3459712  0.22181158 0.4450919  0.60002027 0.47647331  0.66223425 0.39902699 0.64596788 0.47614302
0.88872528 0.18759354 0.33407753 0.56600475 0.29756141 0.50133618  0.39724086 0.35759118 0.20506486 0.42939498 0.5711745  0.44113293  0.66887445 0.40378371 0.71096663 0.46081128
0.88447897 0.16075101 0.29287021 0.59495149 0.34553699 0.54879196  0.41934287 0.40786781 0.20025365 0.44389405 0.53505164 0.41020595  0.63437631 0.37121205 0.78295552 0.42731448
0.88447897 0.16075101 0.29287021 0.59495149 0.34553699 0.54879196  0.41934287 0.40786781 0.20025365 0.44389405 0.53505164 0.41020595  0.63437631 0.37121205 0.78295552 0.42731448
0.88771055 0.14838508 0.29671596 0.6304784  0.35015598 0.54951128  0.45913996 0.41694152 0.24857254 0.45504364 0.54686769 0.44463604  0.66034342 0.31963193 0.76503813 0.47219434
0.88771055 0.14838508 0.29671596 0.6304784  0.35015598 0.54951128  0.45913996 0.41694152 0.24857254 0.45504364 0.54686769 0.44463604  0.66034342 0.31963193 0.76503813 0.47219434
0.90885787 0.10825523 0.3401929  0.7686329  0.37772403 0.58551619  0.59004941 0.45684494 0.38069521 0.41842779 0.48861487 0.52964766  0.65825115 0.38143512 0.65316655 0.47791978
0.91124183 0.0970848  0.33986319 0.80220984 0.39081428 0.60619711  0.62332589 0.4830258  0.40545878 0.40184327 0.46506321 0.56692556  0.64335833 0.40003236 0.62800482 0.44134458
0.91245431 0.09132263 0.33990489 0.82122895 0.39884285 0.61827241  0.64605343 0.50063884 0.42937854 0.38711216 0.44286461 0.59519385  0.61964528 0.42558334 0.59443733 0.41450753
0.91245431 0.09132263 0.33990489 0.82122895 0.39884285 0.61827241  0.64605343 0.50063884 0.42937854 0.38711216 0.44286461 0.59519385  0.61964528 0.42558334 0.59443733 0.41450753
0.91429201 0.08256198 0.33921907 0.84808943 0.41155814 0.63762301  0.6754567  0.5264387  0.45676233 0.36895519 0.41228329 0.63066535  0.59445242 0.45138212 0.56153539 0.36809629
0.90514433 0.0770694  0.30194477 0.83032368 0.43491172 0.64834696  0.67541133 0.55421376 0.46642588 0.39682913 0.39573151 0.61631745  0.55800316 0.40672574 0.59202086 0.35052671
0.90514433 0.0770694  0.30194477 0.83032368 0.43491172 0.64834696  0.67541133 0.55421376 0.46642588 0.39682913 0.39573151 0.61631745  0.55800316 0.40672574 0.59202086 0.35052671
0.90514433 0.0770694  0.30194477 0.83032368 0.43491172 0.64834696  0.67541133 0.55421376 0.46642588 0.39682913 0.39573151 0.61631745  0.55800316 0.40672574 0.59202086 0.35052671
0.90514433 0.0770694  0.30194477 0.83032368 0.43491172 0.64834696  0.67541133 0.55421376 0.46642588 0.39682913 0.39573151 0.61631745  0.55800316 0.40672574 0.59202086 0.35052671
0.90514433 0.0770694  0.30194477 0.83032368 0.43491172 0.64834696  0.67541133 0.55421376 0.46642588 0.39682913 0.39573151 0.61631745  0.55800316 0.40672574 0.59202086 0.35052671
0.90514433 0.0770694  0.30194477 0.83032368 0.43491172 0.64834696  0.67541133 0.55421376 0.46642588 0.39682913 0.39573151 0.61631745  0.55800316 0.40672574 0.59202086 0.35052671
0.90106813 0.08759525 0.29183812 0.80300719 0.43195148 0.6678112  0.62915703 0.55105097 0.38544017 0.35602805 0.38432067 0.59751165  0.53526226 0.48061724 0.62088158 0.27929607
0.90106813 0.08759525 0.29183812 0.80300719 0.43195148 0.6678112  0.62915703 0.55105097 0.38544017 0.35602805 0.38432067 0.59751165  0.53526226 0.48061724 0.62088158 0.27929607
0.90106813 0.08759525 0.29183812 0.80300719 0.43195148 0.6678112  0.62915703 0.55105097 0.38544017 0.35602805 0.38432067 0.59751165  0.53526226 0.48061724 0.62088158 0.27929607
0.90106813 0.08759525 0.29183812 0.80300719 0.43195148 0.6678112  0.62915703 0.55105097 0.38544017 0.35602805 0.38432067 0.59751165  0.53526226 0.48061724 0.62088158 0.27929607
0.89923042 0.09635589 0.29252394 0.7761467  0.4192362  0.6484606  0.59975376 0.52525111 0.35805638 0.37418503 0.41490199 0.56204015  0.56045512 0.45481846 0.65378352 0.32570731
0.89923042 0.09635589 0.29252394 0.7761467  0.4192362  0.6484606  0.59975376 0.52525111 0.35805638 0.37418503 0.41490199 0.56204015  0.56045512 0.45481846 0.65378352 0.32570731
0.89923042 0.09635589 0.29252394 0.7761467  0.4192362  0.6484606  0.59975376 0.52525111 0.35805638 0.37418503 0.41490199 0.56204015  0.56045512 0.45481846 0.65378352 0.32570731
0.89599885 0.10872182 0.28867819 0.7406198  0.41461721 0.64774128  0.55995666 0.5161774  0.3097375  0.36303544 0.40308593 0.52761006  0.53448802 0.50639857 0.67170092 0.28082746
0.89599885 0.10872182 0.28867819 0.7406198  0.41461721 0.64774128  0.55995666 0.5161774  0.3097375  0.36303544 0.40308593 0.52761006  0.53448802 0.50639857 0.67170092 0.28082746
0.89599885 0.10872182 0.28867819 0.7406198  0.41461721 0.64774128  0.55995666 0.5161774  0.3097375  0.36303544 0.40308593 0.52761006  0.53448802 0.50639857 0.67170092 0.28082746
0.89599885 0.10872182 0.28867819 0.7406198  0.41461721 0.64774128  0.55995666 0.5161774  0.3097375  0.36303544 0.40308593 0.52761006  0.53448802 0.50639857 0.67170092 0.28082746
0.89599885 0.10872182 0.28867819 0.7406198  0.41461721 0.64774128  0.55995666 0.5161774  0.3097375  0.36303544 0.40308593 0.52761006  0.53448802 0.50639857 0.67170092 0.28082746
0.89599885 0.10872182 0.28867819 0.7406198  0.41461721 0.64774128  0.55995666 0.5161774  0.3097375  0.36303544 0.40308593 0.52761006  0.53448802 0.50639857 0.67170092 0.28082746
0.89361489 0.11989224 0.28900789 0.70704285 0.40152696 0.62706036  0.52668018 0.48999654 0.28497394 0.37961996 0.4266376  0.49033217  0.54938083 0.48780133 0.69686265 0.31740266
0.88840092 0.14405366 0.29037292 0.63258347 0.36695321 0.57720942  0.4442543  0.42894375 0.20836649 0.43386721 0.50798866 0.40430061  0.61718572 0.41000503 0.77923686 0.41631583
0.89754861 0.14954624 0.32764722 0.65034922 0.34359963 0.56648547  0.44429967 0.40116869 0.19870293 0.40599326 0.52454044 0.41864851  0.65363498 0.45466142 0.74875139 0.43388541
0.90201574 0.20782678 0.40475612 0.5772544  0.28531742 0.47548883  0.42629208 0.32120246 0.22817928 0.34615925 0.53659565 0.39403012  0.64700291 0.39016794 0.73647147 0.50330199
0.92939847 0.36148857 0.69102476 0.42253421 0.63232381 0.47219134  0.41382363 0.27821498 0.38201405 0.3468573  0.40585862 0.30433478  0.56908674 0.26251627 0.6823464  0.46089565
0.93518988 0.39109985 0.75713974 0.35792103 0.86582859 0.52361853  0.35682674 0.30086004 0.33727558 0.40482569 0.53119598 0.48595161  0.61387456 0.19076659 0.69291214 0.53141508
0.93518988 0.39109985 0.75713974 0.35792103 0.86582859 0.52361853  0.35682674 0.30086004 0.33727558 0.40482569 0.53119598 0.48595161  0.61387456 0.19076659 0.69291214 0.53141508
0.92322757 0.42850113 0.7472108  0.29556179 0.79708657 0.495349  0.33155418 0.30051018 0.31365371 0.36369588 0.48684997 0.47445771  0.56246271 0.30456425 0.66160417 0.42227042
0.91695539 0.40019429 0.68609592 0.35020869 0.61851848 0.46955635  0.35316967 0.2843192  0.3065123  0.26507378 0.45392837 0.45243558  0.50473755 0.29968821 0.70805462 0.44733052
0.8936567  0.34433783 0.53161518 0.38644248 0.47842639 0.49117217  0.31965204 0.28732087 0.22610693 0.25249427 0.49516391 0.49600057  0.59140376 0.38420245 0.67352662 0.38105629
0.88205497 0.24397269 0.36965358 0.49841398 0.27094024 0.47426142  0.37991385 0.31569257 0.22710667 0.3319776  0.49435173 0.43797936  0.66494805 0.34928355 0.72672535 0.41316445
0.88205497 0.24397269 0.36965358 0.49841398 0.27094024 0.47426142  0.37991385 0.31569257 0.22710667 0.3319776  0.49435173 0.43797936  0.66494805 0.34928355 0.72672535 0.41316445
0.89043005 0.21861318 0.37675489 0.53556208 0.25971167 0.44957805  0.39343036 0.31962978 0.23232122 0.38639117 0.5928147  0.46937109  0.67770099 0.36590079 0.687936   0.49542866
0.8795776  0.18210096 0.29680324 0.548239   0.32091498 0.51206013  0.39719549 0.38536623 0.21472841 0.45726893 0.55462271 0.42678503  0.63242519 0.35912732 0.7414521  0.4432417 
0.88840092 0.14405366 0.29037292 0.63258347 0.36695321 0.57720942  0.4442543  0.42894375 0.20836649 0.43386721 0.50798866 0.40430061  0.61718572 0.41000503 0.77923686 0.41631583
0.88745274 0.14105418 0.28634372 0.63452246 0.36265568 0.57489624  0.44672888 0.42600307 0.21642878 0.44993517 0.50433146 0.38450996  0.64082041 0.42185341 0.76883566 0.37878046
0.88745274 0.14105418 0.28634372 0.63452246 0.36265568 0.57489624  0.44672888 0.42600307 0.21642878 0.44993517 0.50433146 0.38450996  0.64082041 0.42185341 0.76883566 0.37878046
0.8923813  0.11828399 0.28393621 0.70035467 0.39462744 0.6216466  0.51250844 0.47850129 0.26709657 0.41092979 0.44061503 0.44645291  0.60165884 0.46972795 0.7292607  0.28877035
0.89543149 0.10376117 0.28329209 0.74623426 0.41537129 0.65307251  0.56463925 0.52191419 0.31840012 0.3780417  0.38783511 0.5101927  0.55275292 0.52107771 0.66279127 0.21552206
0.89688837 0.09696169 0.28396316 0.76941927 0.42303497 0.6647787  0.59183451 0.53903658 0.34518359 0.36094642 0.36884741 0.54329091  0.53292984 0.54404573 0.62839778 0.19688085
0.86915365 0.09727711 0.18090509 0.70220818 0.48595424 0.71424153  0.55539373 0.5966444  0.37925312 0.43257991 0.31379486 0.49157737  0.43785858 0.55730339 0.53894868 0.20746848
0.86915365 0.09727711 0.18090509 0.70220818 0.48595424 0.71424153  0.55539373 0.5966444  0.37925312 0.43257991 0.31379486 0.49157737  0.43785858 0.55730339 0.53894868 0.20746848
0.86077858 0.12263663 0.17380379 0.66506008 0.49718281 0.73892491  0.54187722 0.59270719 0.37403858 0.37816634 0.21533189 0.46018564  0.42510564 0.54068615 0.57773803 0.12520426
0.86077858 0.12263663 0.17380379 0.66506008 0.49718281 0.73892491  0.54187722 0.59270719 0.37403858 0.37816634 0.21533189 0.46018564  0.42510564 0.54068615 0.57773803 0.12520426
0.86077858 0.12263663 0.17380379 0.66506008 0.49718281 0.73892491  0.54187722 0.59270719 0.37403858 0.37816634 0.21533189 0.46018564  0.42510564 0.54068615 0.57773803 0.12520426
0.8376817  0.14769298 0.11708818 0.62262587 0.55425924 0.79381272  0.54996979 0.59537361 0.47405752 0.26322457 0.11092111 0.43099236  0.40070772 0.51364414 0.48709267 0.20156989
0.8376817  0.14769298 0.11708818 0.62262587 0.55425924 0.79381272  0.54996979 0.59537361 0.47405752 0.26322457 0.11092111 0.43099236  0.40070772 0.51364414 0.48709267 0.20156989
0.83622482 0.15449246 0.1164171  0.59944086 0.54659556 0.78210652  0.52277453 0.57825122 0.44727406 0.28031985 0.12990882 0.39789415  0.42053079 0.49067612 0.52148616 0.2202111 
0.83622482 0.15449246 0.1164171  0.59944086 0.54659556 0.78210652  0.52277453 0.57825122 0.44727406 0.28031985 0.12990882 0.39789415  0.42053079 0.49067612 0.52148616 0.2202111 
0.83622482 0.15449246 0.1164171  0.59944086 0.54659556 0.78210652  0.52277453 0.57825122 0.44727406 0.28031985 0.12990882 0.39789415  0.42053079 0.49067612 0.52148616 0.2202111 
0.83675964 0.15205731 0.11604653 0.60698884 0.55128042 0.78852046  0.53248097 0.58647545 0.45877201 0.27197948 0.11487512 0.40931233  0.40333635 0.5102965  0.50365518 0.20353742
0.82466373 0.1600703  0.08370038 0.57702303 0.57468617 0.79310451  0.53896145 0.60159347 0.50869329 0.2674895  0.09067229 0.39198254  0.34002439 0.48907394 0.49961541 0.28245661
0.82466373 0.1600703  0.08370038 0.57702303 0.57468617 0.79310451  0.53896145 0.60159347 0.50869329 0.2674895  0.09067229 0.39198254  0.34002439 0.48907394 0.49961541 0.28245661
0.80921181 0.17343531 0.06056031 0.56920197 0.59875967 0.77617838  0.58373087 0.59130502 0.55925193 0.24874916 0.13297522 0.38693243  0.34594788 0.49683526 0.55563879 0.35073587
0.7424711  0.27877718 0.02054866 0.58254767 0.63564223 0.74736224  0.6509655  0.34335678 0.56404001 0.22602927 0.30909625 0.2879228  0.60796718 0.61309669 0.5582067  0.41549554
0.7424711  0.27877718 0.02054866 0.58254767 0.63564223 0.74736224  0.6509655  0.34335678 0.56404001 0.22602927 0.30909625 0.2879228  0.60796718 0.61309669 0.5582067  0.41549554
0.71676109 0.32107166 0.00871299 0.54580127 0.63688702 0.68547486  0.67874403 0.31504995 0.61237993 0.21667349 0.36939268 0.3181794  0.58419613 0.58449168 0.64266122 0.35043439
0.65241444 0.36940449 0.00716391 0.53131545 0.64485465 0.48943585  0.65294247 0.24406964 0.57821167 0.22805472 0.46261169 0.30303323  0.48600429 0.56237066 0.66674496 0.29255907
0.61675164 0.45903449 0.0152912  0.51284924 0.60483662 0.50655266  0.70181534 0.20005264 0.56384298 0.25834832 0.37904496 0.37700433  0.5299546  0.6203951  0.70284975 0.23962623
0.61675164 0.45903449 0.0152912  0.51284924 0.60483662 0.50655266  0.70181534 0.20005264 0.56384298 0.25834832 0.37904496 0.37700433  0.5299546  0.6203951  0.70284975 0.23962623
0.57929954 0.52387318 0.02533002 0.53173132 0.5722135  0.49401032  0.66652671 0.14948377 0.53286899 0.32500903 0.36519166 0.40629408  0.44810575 0.52831777 0.67106638 0.24467364
0.45988336 0.59344313 0.05958479 0.51039555 0.54552593 0.23745909  0.61555528 0.18269074 0.37936346 0.37422006 0.27559372 0.47043869  0.43601712 0.53328327 0.70643712 0.26866065
0.45988336 0.59344313 0.05958479 0.51039555 0.54552593 0.23745909  0.61555528 0.18269074 0.37936346 0.37422006 0.27559372 0.47043869  0.43601712 0.53328327 0.70643712 0.26866065
0.40774377 0.60306465 0.07758641 0.55864083 0.54963243 0.21113764  0.58976023 0.24657699 0.32735808 0.36783398 0.26954652 0.4523877  0.47749925 0.44684379 0.60867683 0.26882544
0.38917876 0.66124257 0.09350667 0.51448056 0.5015698  0.18515904  0.60509867 0.31171083 0.31283467 0.38882984 0.32043637 0.48575245  0.45671169 0.47195582 0.57317494 0.31550913
0.33348855 0.59165795 0.12730933 0.47542992 0.49672372 0.17824803  0.63963044 0.30773038 0.2276956  0.39398941 0.19843407 0.50779847  0.54605955 0.40536099 0.45313934 0.41329875
0.26322957 0.55827809 0.1653884  0.46878334 0.48642606 0.19411647  0.65208953 0.37546505 0.17904227 0.40401495 0.2072864  0.49694451  0.51575369 0.32877163 0.43431518 0.45174293
0.22736736 0.54479665 0.18451588 0.49283553 0.47193584 0.21215003  0.61528857 0.36103485 0.16158556 0.4085335  0.17120812 0.5015016  0.493903   0.26258978 0.30084155 0.46463028
0.19625356 0.56901227 0.20570069 0.50906342 0.45124459 0.21366005  0.58196875 0.46504761 0.19092039 0.41450665 0.17873612 0.50651732  0.54384868 0.3218343  0.3318752  0.53775202
0.1783447  0.54314133 0.21952706 0.48564875 0.44212764 0.24536944  0.59607576 0.44888084 0.2056232  0.42250034 0.2063252  0.50552824  0.50243353 0.33418255 0.37297085 0.52517023
0.16099208 0.51613619 0.23332802 0.4585974  0.43039039 0.27685329  0.62274476 0.42825189 0.19901616 0.42479625 0.22737057 0.50224526  0.46454454 0.31188653 0.344207   0.5065698 
0.10651085 0.47449507 0.27122038 0.46312626 0.40413952 0.32458189  0.55309248 0.45028699 0.25052862 0.41522467 0.2139865  0.49528318  0.51753075 0.30570687 0.31230773 0.53089819
0.10651085 0.47449507 0.27122038 0.46312626 0.40413952 0.32458189  0.55309248 0.45028699 0.25052862 0.41522467 0.2139865  0.49528318  0.51753075 0.30570687 0.31230773 0.53089819
0.07057186 0.4363202  0.29688016 0.44476643 0.38823898 0.36908819  0.52491791 0.46269653 0.31979163 0.40788175 0.2630435  0.48417518  0.57287142 0.33420379 0.33510928 0.53324894
0.07057186 0.4363202  0.29688016 0.44476643 0.38823898 0.36908819  0.52491791 0.46269653 0.31979163 0.40788175 0.2630435  0.48417518  0.57287142 0.33420379 0.33510928 0.53324894
0.05336775 0.43914143 0.31083182 0.46832666 0.37416152 0.39938838  0.45143619 0.50292086 0.40448693 0.37548598 0.33684065 0.45259001  0.60541605 0.3574237  0.32371238 0.49045415
0.05336775 0.43914143 0.31083182 0.46832666 0.37416152 0.39938838  0.45143619 0.50292086 0.40448693 0.37548598 0.33684065 0.45259001  0.60541605 0.3574237  0.32371238 0.49045415
0.05336775 0.43914143 0.31083182 0.46832666 0.37416152 0.39938838  0.45143619 0.50292086 0.40448693 0.37548598 0.33684065 0.45259001  0.60541605 0.3574237  0.32371238 0.49045415
0.03585866 0.41212524 0.32497922 0.44119937 0.36258431 0.43456132  0.47408025 0.48300288 0.40965789 0.37891942 0.36959995 0.44872305  0.56049334 0.35167352 0.32731793 0.46450854
0.03585866 0.41212524 0.32497922 0.44119937 0.36258431 0.43456132  0.47408025 0.48300288 0.40965789 0.37891942 0.36959995 0.44872305  0.56049334 0.35167352 0.32731793 0.46450854
0.03585866 0.41212524 0.32497922 0.44119937 0.36258431 0.43456132  0.47408025 0.48300288 0.40965789 0.37891942 0.36959995 0.44872305  0.56049334 0.35167352 0.32731793 0.46450854
0.01779563 0.38669558 0.33863985 0.42004769 0.35385851 0.46460162  0.48109267 0.47190843 0.43452283 0.38595027 0.3992976  0.44733029  0.52908455 0.38078184 0.39373238 0.44873962
0.01779563 0.38669558 0.33863985 0.42004769 0.35385851 0.46460162  0.48109267 0.47190843 0.43452283 0.38595027 0.3992976  0.44733029  0.52908455 0.38078184 0.39373238 0.44873962
0.01779563 0.38669558 0.33863985 0.42004769 0.35385851 0.46460162  0.48109267 0.47190843 0.43452283 0.38595027 0.3992976  0.44733029  0.52908455 0.38078184 0.39373238 0.44873962
0.01779563 0.38669558 0.33863985 0.42004769 0.35385851 0.46460162  0.48109267 0.47190843 0.43452283 0.38595027 0.3992976  0.44733029  0.52908455 0.38078184 0.39373238 0.44873962
