0.00039479 0.36283831 0.35232302 0.39930133 0.34523319 0.50234819  0.48417291 0.45702496 0.47508945 0.39693445 0.45000532 0.44589633  0.47476172 0.42761975 0.50206904 0.41641874
0.00039479 0.36283831 0.35232302 0.39930133 0.34523319 0.50234819  0.48417291 0.45702496 0.47508945 0.39693445 0.45000532 0.44589633  0.47476172 0.42761975 0.50206904 0.41641874
0.00039479 0.36283831 0.35232302 0.39930133 0.34523319 0.50234819  0.48417291 0.45702496 0.47508945 0.39693445 0.45000532 0.44589633  0.47476172 0.42761975 0.50206904 0.41641874
0.00039479 0.36283831 0.35232302 0.39930133 0.34523319 0.50234819  0.48417291 0.45702496 0.47508945 0.39693445 0.45000532 0.44589633  0.47476172 0.42761975 0.50206904 0.41641874
0.00039479 0.36283831 0.35232302 0.39930133 0.34523319 0.50234819  0.48417291 0.45702496 0.47508945 0.39693445 0.45000532 0.44589633  0.47476172 0.42761975 0.50206904 0.41641874
0.00039479 0.36283831 0.35232302 0.39930133 0.34523319 0.50234819  0.48417291 0.45702496 0.47508945 0.39693445 0.45000532 0.44589633  0.47476172 0.42761975 0.50206904 0.41641874
0.00039479 0.36283831 0.35232302 0.39930133 0.34523319 0.50234819  0.48417291 0.45702496 0.47508945 0.39693445 0.45000532 0.44589633  0.47476172 0.42761975 0.50206904 0.41641874
0.00039479 0.36283831 0.35232302 0.39930133 0.34523319 0.50234819  0.48417291 0.45702496 0.47508945 0.39693445 0.45000532 0.44589633  0.47476172 0.42761975 0.50206904 0.41641874
0.00039479 0.36283831 0.35232302 0.39930133 0.34523319 0.50234819  0.48417291 0.45702496 0.47508945 0.39693445 0.45000532 0.44589633  0.47476172 0.42761975 0.50206904 0.41641874
0.00039479 0.36283831 0.35232302 0.39930133 0.34523319 0.50234819  0.48417291 0.45702496 0.47508945 0.39693445 0.45000532 0.44589633  0.47476172 0.42761975 0.50206904 0.41641874
0.00039479 0.36283831 0.35232302 0.39930133 0.34523319 0.50234819  0.48417291 0.45702496 0.47508945 0.39693445 0.45000532 0.44589633  0.47476172 0.42761975 0.50206904 0.41641874
0.00039479 0.36283831 0.35232302 0.39930133 0.34523319 0.50234819  0.48417291 0.45702496 0.47508945 0.39693445 0.45000532 0.44589633  0.47476172 0.42761975 0.50206904 0.41641874
0.00039479 0.36283831 0.35232302 0.39930133 0.34523319 0.50234819  0.48417291 0.45702496 0.47508945 0.39693445 0.45000532 0.44589633  0.47476172 0.42761975 0.50206904 0.41641874
0.00039479 0.36283831 0.35232302 0.39930133 0.34523319 0.50234819  0.48417291 0.45702496 0.47508945 0.39693445 0.45000532 0.44589633  0.47476172 0.42761975 0.50206904 0.41641874
0.00039479 0.36283831 0.35232302 0.39930133 0.34523319 0.50234819  0.48417291 0.45702496 0.47508945 0.39693445 0.45000532 0.44589633  0.47476172 0.42761975 0.50206904 0.41641874
0.00039479 0.36283831 0.35232302 0.39930133 0.34523319 0.50234819  0.48417291 0.45702496 0.47508945 0.39693445 0.45000532 0.44589633  0.47476172 0.42761975 0.50206904 0.41641874
0.00039479 0.36283831 0.35232302 0.39930133 0.34523319 0.50234819  0.48417291 0.45702496 0.47508945 0.39693445 0.45000532 0.44589633  0.47476172 0.42761975 0.50206904 0.41641874
0.00039479 0.36283831 0.35232302 0.39930133 0.34523319 0.50234819  0.48417291 0.45702496 0.47508945 0.39693445 0.45000532 0.44589633  0.47476172 0.42761975 0.50206904 0.41641874
0.00039479 0.36283831 0.35232302 0.39930133 0.34523319 0.50234819  0.48417291 0.45702496 0.47508945 0.39693445 0.45000532 0.44589633  0.47476172 0.42761975 0.50206904 0.41641874
0.00039479 0.36283831 0.35232302 0.39930133 0.34523319 0.50234819  0.48417291 0.45702496 0.47508945 0.39693445 0.45000532 0.44589633  0.47476172 0.42761975 0.50206904 0.41641874
0.00039479 0.36283831 0.35232302 0.39930133 0.34523319 0.50234819  0.48417291 0.45702496 0.47508945 0.39693445 0.45000532 0.44589633  0.47476172 0.42761975 0.50206904 0.41641874
0.00039479 0.36283831 0.35232302 0.39930133 0.34523319 0.50234819  0.48417291 0.45702496 0.47508945 0.39693445 0.45000532 0.44589633  0.47476172 0.42761975 0.50206904 0.41641874
0.00039479 0.36283831 0.35232302 0.39930133 0.34523319 0.50234819  0.48417291 0.45702496 0.47508945 0.39693445 0.45000532 0.44589633  0.47476172 0.42761975 0.50206904 0.41641874
0.00039479 0.36283831 0.35232302 0.39930133 0.34523319 0.50234819  0.48417291 0.45702496 0.47508945 0.39693445 0.45000532 0.44589633  0.47476172 0.42761975 0.50206904 0.41641874
0.00039479 0.36283831 0.35232302 0.39930133 0.34523319 0.50234819  0.48417291 0.45702496 0.47508945 0.39693445 0.45000532 0.44589633  0.47476172 0.42761975 0.50206904 0.41641874
0.00039479 0.36283831 0.35232302 0.39930133 0.34523319 0.50234819  0.48417291 0.45702496 0.47508945 0.39693445 0.45000532 0.44589633  0.47476172 0.42761975 0.50206904 0.41641874
0.00039479 0.36283831 0.35232302 0.39930133 0.34523319 0.50234819  0.48417291 0.45702496 0.47508945 0.39693445 0.45000532 0.44589633  0.47476172 0.42761975 0.50206904 0.41641874
0.00039479 0.36283831 0.35232302 0.39930133 0.34523319 0.50234819  0.48417291 0.45702496 0.47508945 0.39693445 0.45000532 0.44589633  0.47476172 0.42761975 0.50206904 0.41641874
0.00039479 0.36283831 0.35232302 0.39930133 0.34523319 0.50234819  0.48417291 0.45702496 0.47508945 0.39693445 0.45000532 0.44589633  0.47476172 0.42761975 0.50206904 0.41641874
0.00039479 0.36283831 0.35232302 0.39930133 0.34523319 0.50234819  0.48417291 0.45702496 0.47508945 0.39693445 0.45000532 0.44589633  0.47476172 0.42761975 0.50206904 0.41641874
0.00039479 0.36283831 0.35232302 0.39930133 0.34523319 0.50234819  0.48417291 0.45702496 0.47508945 0.39693445 0.45000532 0.44589633  0.47476172 0.42761975 0.50206904 0.41641874
0.00039479 0.36283831 0.35232302 0.39930133 0.34523319 0.50234819  0.48417291 0.45702496 0.47508945 0.39693445 0.45000532 0.44589633  0.47476172 0.42761975 0.50206904 0.41641874
0.00039479 0.36283831 0.35232302 0.39930133 0.34523319 0.50234819  0.48417291 0.45702496 0.47508945 0.39693445 0.45000532 0.44589633  0.47476172 0.42761975 0.50206904 0.41641874
0.00039479 0.36283831 0.35232302 0.39930133 0.34523319 0.50234819  0.48417291 0.45702496 0.47508945 0.39693445 0.45000532 0.44589633  0.47476172 0.42761975 0.50206904 0.41641874
0.00039479 0.36283831 0.35232302 0.39930133 0.34523319 0.50234819  0.48417291 0.45702496 0.47508945 0.39693445 0.45000532 0.44589633  0.47476172 0.42761975 0.50206904 0.41641874
0.00039479 0.36283831 0.35232302 0.39930133 0.34523319 0.50234819  0.48417291 0.45702496 0.47508945 0.39693445 0.45000532 0.44589633  0.47476172 0.42761975 0.50206904 0.41641874
0.00039479 0.36283831 0.35232302 0.39930133 0.34523319 0.50234819  0.48417291 0.45702496 0.47508945 0.39693445 0.45000532 0.44589633  0.47476172 0.42761975 0.50206904 0.41641874
0.00039479 0.36283831 0.35232302 0.39930133 0.34523319 0.50234819  0.48417291 0.45702496 0.47508945 0.39693445 0.45000532 0.44589633  0.47476172 0.42761975 0.50206904 0.41641874
0.00039479 0.36283831 0.35232302 0.39930133 0.34523319 0.50234819  0.48417291 0.45702496 0.47508945 0.39693445 0.45000532 0.44589633  0.47476172 0.42761975 0.50206904 0.41641874
0.00039479 0.36283831 0.35232302 0.39930133 0.34523319 0.50234819  0.48417291 0.45702496 0.47508945 0.39693445 0.45000532 0.44589633  0.47476172 0.42761975 0.50206904 0.41641874
0.00039479 0.36283831 0.35232302 0.39930133 0.34523319 0.50234819  0.48417291 0.45702496 0.47508945 0.39693445 0.45000532 0.44589633  0.47476172 0.42761975 0.50206904 0.41641874
0.00039479 0.36283831 0.35232302 0.39930133 0.34523319 0.50234819  0.48417291 0.45702496 0.47508945 0.39693445 0.45000532 0.44589633  0.47476172 0.42761975 0.50206904 0.41641874
0.00039479 0.36283831 0.35232302 0.39930133 0.34523319 0.50234819  0.48417291 0.45702496 0.47508945 0.39693445 0.45000532 0.44589633  0.47476172 0.42761975 0.50206904 0.41641874
0.00039479 0.36283831 0.35232302 0.39930133 0.34523319 0.50234819  0.48417291 0.45702496 0.47508945 0.39693445 0.45000532 0.44589633  0.47476172 0.42761975 0.50206904 0.41641874
0.00039479 0.36283831 0.35232302 0.39930133 0.34523319 0.50234819  0.48417291 0.45702496 0.47508945 0.39693445 0.45000532 0.44589633  0.47476172 0.42761975 0.50206904 0.41641874
0.00039479 0.36283831 0.35232302 0.39930133 0.34523319 0.50234819  0.48417291 0.45702496 0.47508945 0.39693445 0.45000532 0.44589633  0.47476172 0.42761975 0.50206904 0.41641874
0.00039479 0.36283831 0.35232302 0.39930133 0.34523319 0.50234819  0.48417291 0.45702496 0.47508945 0.39693445 0.45000532 0.44589633  0.47476172 0.42761975 0.50206904 0.41641874
0.00039479 0.36283831 0.35232302 0.39930133 0.34523319 0.50234819  0.48417291 0.45702496 0.47508945 0.39693445 0.45000532 0.44589633  0.47476172 0.42761975 0.50206904 0.41641874
0.00039479 0.36283831 0.35232302 0.39930133 0.34523319 0.50234819  0.48417291 0.45702496 0.47508945 0.39693445 0.45000532 0.44589633  0.47476172 0.42761975 0.50206904 0.41641874
0.00039479 0.36283831 0.35232302 0.39930133 0.34523319 0.50234819  0.48417291 0.45702496 0.47508945 0.39693445 0.45000532 0.44589633  0.47476172 0.42761975 0.50206904 0.41641874
0.00039479 0.36283831 0.35232302 0.39930133 0.34523319 0.50234819  0.48417291 0.45702496 0.47508945 0.39693445 0.45000532 0.44589633  0.47476172 0.42761975 0.50206904 0.41641874
0.00039479 0.36283831 0.35232302 0.39930133 0.34523319 0.50234819  0.48417291 0.45702496 0.47508945 0.39693445 0.45000532 0.44589633  0.47476172 0.42761975 0.50206904 0.41641874
0.00039479 0.36283831 0.35232302 0.39930133 0.34523319 0.50234819  0.48417291 0.45702496 0.47508945 0.39693445 0.45000532 0.44589633  0.47476172 0.42761975 0.50206904 0.41641874
0.00039479 0.36283831 0.35232302 0.39930133 0.34523319 0.50234819  0.48417291 0.45702496 0.47508945 0.39693445 0.45000532 0.44589633  0.47476172 0.42761975 0.50206904 0.41641874
0.00039479 0.36283831 0.35232302 0.39930133 0.34523319 0.50234819  0.48417291 0.45702496 0.47508945 0.39693445 0.45000532 0.44589633  0.47476172 0.42761975 0.50206904 0.41641874
0.05487501 0.41383255 0.33674483 0.42142563 0.31721149 0.60127727  0.42769309 0.3978268  0.53477574 0.4809558  0.370354   0.49599388  0.46557489 0.43188814 0.59714875 0.52210022
0.30848287 0.64763035 0.24508093 0.53035904 0.27143284 0.663383  0.23832786 0.51171635 0.54182376 0.4936368  0.18182533 0.51692841  0.64516038 0.32777037 0.37197677 0.60042114
0.43820485 0.75383456 0.18550863 0.50375921 0.25205475 0.75034713  0.35112091 0.44522541 0.51586795 0.47377374 0.35001072 0.47441247  0.49681446 0.27620304 0.25444629 0.49645742
0.65978342 0.62626779 0.14737991 0.18804659 0.26458943 0.61357004  0.56003964 0.78474859 0.39081261 0.43154374 0.38250368 0.47021844  0.41248313 0.25319255 0.64073763 0.51128825
0.68756008 0.59825688 0.19817355 0.2219719  0.21067951 0.60969969  0.5094515  0.80082565 0.29293185 0.49994856 0.38540262 0.5043054  0.39035787 0.28518129 0.59033978 0.40664916
0.75433334 0.45095351 0.20259952 0.20559422 0.24276749 0.47976091  0.41871001 0.68035626 0.40686795 0.47519592 0.46958921 0.51372497  0.40453232 0.32372923 0.50101451 0.28413674
0.79432375 0.35391506 0.17432463 0.18940653 0.28857736 0.44388436  0.35294017 0.44958967 0.48409151 0.48226429 0.33708458 0.55214495  0.45916766 0.33431612 0.54276226 0.23133622
0.81407901 0.32356391 0.21591615 0.25332875 0.24699681 0.40375064  0.36661489 0.43909605 0.45411343 0.55704545 0.47661578 0.61780145  0.51824296 0.40566037 0.47899096 0.27835187
0.82899818 0.27081455 0.22375611 0.36076884 0.27975596 0.4146666  0.4458112  0.45128286 0.53448676 0.60351548 0.51397514 0.61704501  0.5798212  0.25795838 0.47114266 0.4215931 
0.84885529 0.23269716 0.24877543 0.4341797  0.28310873 0.44412843  0.43241733 0.43041824 0.4409844  0.60216096 0.53818499 0.57849405  0.66009929 0.25681662 0.53111431 0.3627134 
0.85668157 0.20317532 0.24717711 0.48048889 0.30339928 0.45967736  0.42980218 0.42421366 0.40149126 0.61801428 0.57499887 0.52958302  0.65512513 0.28190507 0.5082575  0.44477931
0.85668157 0.20317532 0.24717711 0.48048889 0.30339928 0.45967736  0.42980218 0.42421366 0.40149126 0.61801428 0.57499887 0.52958302  0.65512513 0.28190507 0.5082575  0.44477931
0.85668157 0.20317532 0.24717711 0.48048889 0.30339928 0.45967736  0.42980218 0.42421366 0.40149126 0.61801428 0.57499887 0.52958302  0.65512513 0.28190507 0.5082575  0.44477931
0.86879009 0.15366098 0.24046141 0.57430803 0.35166014 0.52206057  0.45423671 0.44872064 0.35324417 0.61961067 0.56948279 0.46154281  0.65132992 0.32081677 0.5463464  0.49656041
0.86879009 0.15366098 0.24046141 0.57430803 0.35166014 0.52206057  0.45423671 0.44872064 0.35324417 0.61961067 0.56948279 0.46154281  0.65132992 0.32081677 0.5463464  0.49656041
0.87448403 0.13018355 0.23422555 0.61929692 0.38138598 0.56174634  0.47158628 0.46034061 0.33649745 0.60391375 0.54063701 0.42620242  0.65797011 0.32557349 0.61134515 0.48122867
0.87448403 0.13018355 0.23422555 0.61929692 0.38138598 0.56174634  0.47158628 0.46034061 0.33649745 0.60391375 0.54063701 0.42620242  0.65797011 0.32557349 0.61134515 0.48122867
0.87448403 0.13018355 0.23422555 0.61929692 0.38138598 0.56174634  0.47158628 0.46034061 0.33649745 0.60391375 0.54063701 0.42620242  0.65797011 0.32557349 0.61134515 0.48122867
0.87448403 0.13018355 0.23422555 0.61929692 0.38138598 0.56174634  0.47158628 0.46034061 0.33649745 0.60391375 0.54063701 0.42620242  0.65797011 0.32557349 0.61134515 0.48122867
0.87448403 0.13018355 0.23422555 0.61929692 0.38138598 0.56174634  0.47158628 0.46034061 0.33649745 0.60391375 0.54063701 0.42620242  0.65797011 0.32557349 0.61134515 0.48122867
0.84520076 0.20289434 0.19595182 0.43797801 0.34981088 0.51952401  0.34587972 0.4284134  0.27360697 0.5606673  0.52475873 0.39062122  0.55434842 0.37947664 0.57660305 0.4316257 
0.79737161 0.30859895 0.13323179 0.25134403 0.37035222 0.52838761  0.3449904  0.43800477 0.43890128 0.42127467 0.3060222  0.41323502  0.50520578 0.24997136 0.63199842 0.31486629
0.78199902 0.36856095 0.14667106 0.16330229 0.31841377 0.46468085  0.35875889 0.44380106 0.53141362 0.43259981 0.29188271 0.5231081  0.47536943 0.29456605 0.53713672 0.26769605
0.72789242 0.45773556 0.08903931 0.12557578 0.36356117 0.51069479  0.46328119 0.40233599 0.6187462  0.36406978 0.2546431  0.51483709  0.59956313 0.418504   0.5901102  0.45241958
0.67480498 0.59292582 0.12254547 0.14779396 0.29715051 0.58787299  0.57716046 0.62663905 0.48663181 0.41295381 0.29182897 0.51471122  0.56774352 0.46969747 0.70233725 0.54865251
0.59787761 0.73134667 0.12022963 0.27059545 0.29584709 0.67845973  0.66056277 0.55335991 0.40061692 0.40211321 0.42785235 0.44404497  0.69609507 0.42322775 0.46911648 0.50576494
0.52906469 0.78820068 0.09336626 0.38841304 0.34732777 0.60797626  0.70061735 0.39068725 0.41489499 0.43795197 0.56221965 0.44478585  0.48337353 0.40582652 0.48947905 0.4686588 
0.52906469 0.78820068 0.09336626 0.38841304 0.34732777 0.60797626  0.70061735 0.39068725 0.41489499 0.43795197 0.56221965 0.44478585  0.48337353 0.40582652 0.48947905 0.4686588 
0.52906469 0.78820068 0.09336626 0.38841304 0.34732777 0.60797626  0.70061735 0.39068725 0.41489499 0.43795197 0.56221965 0.44478585  0.48337353 0.40582652 0.48947905 0.4686588 
0.54641361 0.77786319 0.10717082 0.37130226 0.32110757 0.64790077  0.66574753 0.41697443 0.39455026 0.43979481 0.48014303 0.45202209  0.52931319 0.3897227  0.44571233 0.46832773
0.59787761 0.73134667 0.12022963 0.27059545 0.29584709 0.67845973  0.66056277 0.55335991 0.40061692 0.40211321 0.42785235 0.44404497  0.69609507 0.42322775 0.46911648 0.50576494
0.67408174 0.58802617 0.11093365 0.14606481 0.31629629 0.5722528  0.58541939 0.54936046 0.5362624  0.3816034  0.31403501 0.51218567  0.65974729 0.5810645  0.63028581 0.54542615
0.68951631 0.56074627 0.11763066 0.12574211 0.30721065 0.55517413  0.55652297 0.61012512 0.53321756 0.38904356 0.29689995 0.51959869  0.56756511 0.51930834 0.68275568 0.54745419
0.68951631 0.56074627 0.11763066 0.12574211 0.30721065 0.55517413  0.55652297 0.61012512 0.53321756 0.38904356 0.29689995 0.51959869  0.56756511 0.51930834 0.68275568 0.54745419
0.68951631 0.56074627 0.11763066 0.12574211 0.30721065 0.55517413  0.55652297 0.61012512 0.53321756 0.38904356 0.29689995 0.51959869  0.56756511 0.51930834 0.68275568 0.54745419
0.68951631 0.56074627 0.11763066 0.12574211 0.30721065 0.55517413  0.55652297 0.61012512 0.53321756 0.38904356 0.29689995 0.51959869  0.56756511 0.51930834 0.68275568 0.54745419
0.68951631 0.56074627 0.11763066 0.12574211 0.30721065 0.55517413  0.55652297 0.61012512 0.53321756 0.38904356 0.29689995 0.51959869  0.56756511 0.51930834 0.68275568 0.54745419
0.68951631 0.56074627 0.11763066 0.12574211 0.30721065 0.55517413  0.55652297 0.61012512 0.53321756 0.38904356 0.29689995 0.51959869  0.56756511 0.51930834 0.68275568 0.54745419
0.67408174 0.58802617 0.11093365 0.14606481 0.31629629 0.5722528  0.58541939 0.54936046 0.5362624  0.3816034  0.31403501 0.51218567  0.65974729 0.5810645  0.63028581 0.54542615
0.54585538 0.76698681 0.08965354 0.34547207 0.35390861 0.59149901  0.72032369 0.43166193 0.43851868 0.41619343 0.58055577 0.44022078  0.54140279 0.43690875 0.55830019 0.48269548
0.54585538 0.76698681 0.08965354 0.34547207 0.35390861 0.59149901  0.72032369 0.43166193 0.43851868 0.41619343 0.58055577 0.44022078  0.54140279 0.43690875 0.55830019 0.48269548
0.49362571 0.81124581 0.1016175  0.47514645 0.3390896  0.61266162  0.60791633 0.33866394 0.42945969 0.47868133 0.51729227 0.46887136  0.35637887 0.33670351 0.41965302 0.46160683
0.42197165 0.81966524 0.12883817 0.58940231 0.33714667 0.59212695  0.40594522 0.39674552 0.58230231 0.4492814  0.58590683 0.4428437  0.32859787 0.35979088 0.44326054 0.39509047
0.34642805 0.7825323  0.14587228 0.66172356 0.38556723 0.43663571  0.306992   0.44931615 0.56901498 0.47390073 0.42453314 0.48720633  0.35072624 0.42870594 0.62507975 0.43299302
0.32814182 0.77170362 0.15751807 0.67042581 0.3808457  0.44991599  0.25376018 0.48097045 0.64218099 0.46450094 0.4516513  0.47933088  0.44118245 0.47070012 0.66369342 0.45249362
0.29172948 0.73246848 0.17758979 0.65763613 0.38221031 0.4491961  0.24594994 0.48050805 0.65510278 0.48024764 0.43423147 0.4929869  0.4157643  0.52424575 0.80068765 0.44512722
0.29172948 0.73246848 0.17758979 0.65763613 0.38221031 0.4491961  0.24594994 0.48050805 0.65510278 0.48024764 0.43423147 0.4929869  0.4157643  0.52424575 0.80068765 0.44512722
0.31074098 0.74784635 0.17120124 0.64967944 0.37222038 0.48766256  0.25684042 0.46608698 0.68274761 0.47548512 0.50235902 0.47789691  0.38685963 0.51753803 0.77203007 0.42017275
0.41257859 0.80625598 0.19238625 0.61356115 0.28247903 0.6527087  0.28727513 0.42532133 0.69935403 0.42584011 0.56655778 0.46489954  0.59287517 0.4561008  0.45496479 0.51531054
0.50426213 0.75848965 0.37256121 0.67262332 0.12429692 0.71122485  0.14791933 0.44390655 0.46858211 0.45892968 0.47354917 0.56743389  0.73709128 0.54953006 0.28112759 0.35874471
0.53634025 0.76807405 0.50413101 0.73039724 0.09208693 0.65285615  0.19968023 0.4045395  0.46604532 0.45278422 0.48176795 0.53385589  0.79337939 0.5183456  0.41423964 0.26656053
0.54605355 0.77647344 0.55173401 0.73754173 0.08812415 0.6198709  0.22746588 0.38784321 0.49991326 0.42752799 0.46806005 0.4963145  0.77965624 0.50016759 0.45943413 0.32430508
0.57498704 0.78195531 0.65632109 0.72804754 0.13065183 0.5880205  0.22678999 0.42528014 0.54930848 0.4565782  0.38118014 0.42103238  0.59798952 0.3737298  0.53329176 0.29457499
0.57498704 0.78195531 0.65632109 0.72804754 0.13065183 0.5880205  0.22678999 0.42528014 0.54930848 0.4565782  0.38118014 0.42103238  0.59798952 0.3737298  0.53329176 0.29457499
0.59042161 0.75467541 0.66301811 0.70772485 0.1215662  0.57094184  0.19789357 0.4860448  0.54626364 0.46401835 0.36404508 0.4284454  0.50580735 0.31197364 0.58576163 0.29660303
0.59042161 0.75467541 0.66301811 0.70772485 0.1215662  0.57094184  0.19789357 0.4860448  0.54626364 0.46401835 0.36404508 0.4284454  0.50580735 0.31197364 0.58576163 0.29660303
0.60647137 0.72858031 0.66418168 0.67464144 0.12194225 0.55175287  0.18418797 0.54257372 0.56947954 0.44581569 0.37085959 0.43048628  0.48765046 0.28904183 0.64709593 0.30888313
0.62808189 0.7159537  0.70527101 0.64500437 0.11192603 0.52394008  0.17727972 0.60515799 0.57890846 0.43823664 0.32995427 0.40013672  0.39523845 0.28636394 0.65135479 0.34416441
0.70242037 0.67977754 0.71927642 0.47912156 0.1407686  0.51988749  0.31687137 0.70882656 0.55851365 0.3061356  0.40779727 0.34865285  0.53378141 0.35930576 0.78791522 0.36249964
0.72940977 0.70058184 0.79062831 0.38333091 0.28428188 0.52199906  0.36743762 0.76977183 0.63233697 0.43699382 0.38343401 0.21564731  0.66719709 0.42684668 0.70783212 0.287064  
0.7515739  0.72633933 0.81841349 0.32663438 0.40839225 0.54681117  0.40643716 0.75407617 0.57983575 0.48379289 0.44133453 0.22891016  0.63831065 0.40877129 0.64488447 0.19982515
0.7515739  0.72633933 0.81841349 0.32663438 0.40839225 0.54681117  0.40643716 0.75407617 0.57983575 0.48379289 0.44133453 0.22891016  0.63831065 0.40877129 0.64488447 0.19982515
0.7515739  0.72633933 0.81841349 0.32663438 0.40839225 0.54681117  0.40643716 0.75407617 0.57983575 0.48379289 0.44133453 0.22891016  0.63831065 0.40877129 0.64488447 0.19982515
0.77049492 0.72906682 0.82709964 0.26653867 0.52013527 0.54391108  0.4571185  0.73947742 0.49888546 0.51155956 0.49220921 0.33669733  0.65858665 0.38261685 0.69154158 0.23670505
0.7902048  0.74971437 0.83849128 0.23357182 0.62212154 0.55243574  0.4888982  0.71980281 0.41723805 0.57086076 0.52439624 0.42170201  0.59873907 0.30813415 0.64114014 0.25041534
0.7902048  0.74971437 0.83849128 0.23357182 0.62212154 0.55243574  0.4888982  0.71980281 0.41723805 0.57086076 0.52439624 0.42170201  0.59873907 0.30813415 0.64114014 0.25041534
0.80740891 0.74689315 0.82453962 0.21001158 0.636199   0.52213555  0.56237992 0.67957847 0.33254275 0.60325653 0.45059908 0.45328717  0.56619443 0.28491423 0.65253704 0.29321013
0.80740891 0.74689315 0.82453962 0.21001158 0.636199   0.52213555  0.56237992 0.67957847 0.33254275 0.60325653 0.45059908 0.45328717  0.56619443 0.28491423 0.65253704 0.29321013
0.80669439 0.7427014  0.81460894 0.22177157 0.59283797 0.51218841  0.57490332 0.67508525 0.3467442  0.59786323 0.41993098 0.40555726  0.55693333 0.30487364 0.64211234 0.27614451
0.80607341 0.73512804 0.79750007 0.24178612 0.50592378 0.48492887  0.6047782  0.66919925 0.37451505 0.58416588 0.35126797 0.30469869  0.53247435 0.33917986 0.63399549 0.24049419
0.80450595 0.72750889 0.77970277 0.2593824  0.44321197 0.47643257  0.61121632 0.66046584 0.37022144 0.53856846 0.32810722 0.27994814  0.50810747 0.35577493 0.64934411 0.23357877
0.79814254 0.71138435 0.73740786 0.27252305 0.41379511 0.4920695  0.60083414 0.65981139 0.33578237 0.53532657 0.35527223 0.3322919  0.56058073 0.35361675 0.64576809 0.19914667
0.78254549 0.65391309 0.6121056  0.33192594 0.21733322 0.45454506  0.64887321 0.68338847 0.34977148 0.54551059 0.36650176 0.36706324  0.57963238 0.30918039 0.69486046 0.23272905
0.7783371  0.49557883 0.34460483 0.26463356 0.16603846 0.44734956  0.55880835 0.61808801 0.40958694 0.50081876 0.32018728 0.57867266  0.56032676 0.39715516 0.84825003 0.30018169
0.74331292 0.49892921 0.21411675 0.18899145 0.22265438 0.52815537  0.48297461 0.65098949 0.37103857 0.48912578 0.29564515 0.56975033  0.52673046 0.47851256 0.72784654 0.31086704
0.79409492 0.36054797 0.1790172  0.19326809 0.29500802 0.4600968  0.3522784  0.42868304 0.48149235 0.43708979 0.31608554 0.54043789  0.53868138 0.31578861 0.54117649 0.18877685
0.79409492 0.36054797 0.1790172  0.19326809 0.29500802 0.4600968  0.3522784  0.42868304 0.48149235 0.43708979 0.31608554 0.54043789  0.53868138 0.31578861 0.54117649 0.18877685
0.79037511 0.34507897 0.14885648 0.21131257 0.33572366 0.50042232  0.336461   0.41824804 0.47689875 0.39932827 0.31455804 0.47082367  0.5137312  0.33197518 0.45834004 0.33937042
0.81295486 0.25695258 0.13263454 0.34646095 0.41130095 0.58978046  0.32497967 0.41445716 0.35061407 0.40297441 0.34275252 0.30948945  0.53782122 0.31420745 0.54978721 0.45424897
0.80655289 0.24148812 0.09405253 0.36148404 0.46443255 0.63405028  0.34880972 0.44119515 0.38378863 0.38278751 0.28970392 0.25681928  0.48114946 0.29774161 0.6107462  0.51783642
0.8186488  0.23347514 0.12639868 0.39144985 0.4410268  0.62946624  0.34232924 0.42607713 0.33386735 0.38727749 0.31390675 0.27414907  0.54446142 0.31896417 0.61478597 0.43891723
0.82355017 0.21212519 0.12246565 0.43816234 0.46564881 0.66619806  0.36447662 0.44857871 0.31939259 0.37390261 0.29433567 0.25756999  0.54641254 0.3310489  0.6562894  0.42299001
0.82355017 0.21212519 0.12246565 0.43816234 0.46564881 0.66619806  0.36447662 0.44857871 0.31939259 0.37390261 0.29433567 0.25756999  0.54641254 0.3310489  0.6562894  0.42299001
0.82747212 0.19542784 0.11996836 0.47579432 0.48706502 0.69461553  0.38938805 0.46965465 0.32750543 0.36387577 0.26727269 0.25166465  0.52922195 0.36984188 0.65257073 0.41199136
0.82747212 0.19542784 0.11996836 0.47579432 0.48706502 0.69461553  0.38938805 0.46965465 0.32750543 0.36387577 0.26727269 0.25166465  0.52922195 0.36984188 0.65257073 0.41199136
0.81537622 0.20344082 0.08762222 0.44582851 0.51047077 0.69919957  0.39586853 0.48477267 0.3774267  0.35938579 0.24306986 0.23433486  0.46590999 0.34861932 0.64853095 0.49091055
0.81792082 0.19184106 0.08554442 0.47808378 0.52935228 0.72526902  0.42837162 0.51109002 0.40333093 0.33696493 0.2029051  0.25899991  0.44164123 0.37789661 0.63411773 0.43747564
0.81792082 0.19184106 0.08554442 0.47808378 0.52935228 0.72526902  0.42837162 0.51109002 0.40333093 0.33696493 0.2029051  0.25899991  0.44164123 0.37789661 0.63411773 0.43747564
0.81792082 0.19184106 0.08554442 0.47808378 0.52935228 0.72526902  0.42837162 0.51109002 0.40333093 0.33696493 0.2029051  0.25899991  0.44164123 0.37789661 0.63411773 0.43747564
0.81792082 0.19184106 0.08554442 0.47808378 0.52935228 0.72526902  0.42837162 0.51109002 0.40333093 0.33696493 0.2029051  0.25899991  0.44164123 0.37789661 0.63411773 0.43747564
0.81792082 0.19184106 0.08554442 0.47808378 0.52935228 0.72526902  0.42837162 0.51109002 0.40333093 0.33696493 0.2029051  0.25899991  0.44164123 0.37789661 0.63411773 0.43747564
0.81792082 0.19184106 0.08554442 0.47808378 0.52935228 0.72526902  0.42837162 0.51109002 0.40333093 0.33696493 0.2029051  0.25899991  0.44164123 0.37789661 0.63411773 0.43747564
0.81792082 0.19184106 0.08554442 0.47808378 0.52935228 0.72526902  0.42837162 0.51109002 0.40333093 0.33696493 0.2029051  0.25899991  0.44164123 0.37789661 0.63411773 0.43747564
0.8024689  0.20520608 0.06240434 0.47026271 0.55342578 0.70834289  0.47314104 0.50080158 0.45388958 0.31822459 0.24520803 0.2539498  0.44756472 0.38565794 0.69014112 0.5057549 
0.8024689  0.20520608 0.06240434 0.47026271 0.55342578 0.70834289  0.47314104 0.50080158 0.45388958 0.31822459 0.24520803 0.2539498  0.44756472 0.38565794 0.69014112 0.5057549 
0.74693292 0.29585728 0.03040002 0.46957258 0.58205097 0.67965537  0.57009842 0.36361648 0.54380928 0.25577592 0.32162986 0.27681041  0.58377014 0.45922298 0.70930649 0.42706445
0.68796296 0.4411437  0.02730166 0.29870298 0.5036183  0.51027852  0.5588707  0.20471405 0.63036014 0.28282486 0.47945289 0.36543398  0.66239699 0.45233136 0.6417165  0.41088921
0.55879204 0.60588342 0.0463141  0.38533769 0.47195046 0.38001581  0.57522824 0.06334659 0.55772007 0.42253238 0.38141034 0.51169307  0.44632908 0.4901978  0.64133972 0.34026382
0.44885504 0.74981252 0.08517465 0.5302242  0.43512624 0.40455688  0.57153867 0.27278724 0.40391601 0.49336626 0.40396658 0.50459451  0.30162277 0.38543447 0.65110855 0.38759525
0.26953627 0.65861092 0.1650231  0.56788033 0.45189194 0.22963117  0.5198793  0.45212845 0.25536629 0.45522563 0.17857598 0.52869803  0.49362473 0.35714703 0.4645292  0.54427258
0.10694866 0.48635495 0.27119803 0.48204508 0.40215949 0.33386787  0.50557942 0.47476632 0.31555451 0.40348248 0.25879764 0.4839866  0.57514658 0.33010589 0.32602786 0.52843856
0.01779563 0.38669558 0.33863985 0.42004769 0.35385851 0.46460162  0.48109267 0.47190843 0.43452283 0.38595027 0.3992976  0.44733029  0.52908455 0.38078184 0.39373238 0.44873962
0.01779563 0.38669558 0.33863985 0.42004769 0.35385851 0.46460162  0.48109267 0.47190843 0.43452283 0.38595027 0.3992976  0.44733029  0.52908455 0.38078184 0.39373238 0.44873962
0.00039479 0.36283831 0.35232302 0.39930133 0.34523319 0.50234819  0.48417291 0.45702496 0.47508945 0.39693445 0.45000532 0.44589633  0.47476172 0.42761975 0.50206904 0.41641874
0.00039479 0.36283831 0.35232302 0.39930133 0.34523319 0.50234819  0.48417291 0.45702496 0.47508945 0.39693445 0.45000532 0.44589633  0.47476172 0.42761975 0.50206904 0.41641874
0.00039479 0.36283831 0.35232302 0.39930133 0.34523319 0.50234819  0.48417291 0.45702496 0.47508945 0.39693445 0.45000532 0.44589633  0.47476172 0.42761975 0.50206904 0.41641874
0.00039479 0.36283831 0.35232302 0.39930133 0.34523319 0.50234819  0.48417291 0.45702496 0.47508945 0.39693445 0.45000532 0.44589633  0.47476172 0.42761975 0.50206904 0.41641874
0.00039479 0.36283831 0.35232302 0.39930133 0.34523319 0.50234819  0.48417291 0.45702496 0.47508945 0.39693445 0.45000532 0.44589633  0.47476172 0.42761975 0.50206904 0.41641874
0.00039479 0.36283831 0.35232302 0.39930133 0.34523319 0.50234819  0.48417291 0.45702496 0.47508945 0.39693445 0.45000532 0.44589633  0.47476172 0.42761975 0.50206904 0.41641874
0.00039479 0.36283831 0.35232302 0.39930133 0.34523319 0.50234819  0.48417291 0.45702496 0.47508945 0.39693445 0.45000532 0.44589633  0.47476172 0.42761975 0.50206904 0.41641874
0.00039479 0.36283831 0.35232302 0.39930133 0.34523319 0.50234819  0.48417291 0.45702496 0.47508945 0.39693445 0.45000532 0.44589633  0.47476172 0.42761975 0.50206904 0.41641874
0.00039479 0.36283831 0.35232302 0.39930133 0.34523319 0.50234819  0.48417291 0.45702496 0.47508945 0.39693445 0.45000532 0.44589633  0.47476172 0.42761975 0.50206904 0.41641874
0.00039479 0.36283831 0.35232302 0.39930133 0.34523319 0.50234819  0.48417291 0.45702496 0.47508945 0.39693445 0.45000532 0.44589633  0.47476172 0.42761975 0.50206904 0.41641874
0.00039479 0.36283831 0.35232302 0.39930133 0.34523319 0.50234819  0.48417291 0.45702496 0.47508945 0.39693445 0.45000532 0.44589633  0.47476172 0.42761975 0.50206904 0.41641874
0.00039479 0.36283831 0.35232302 0.39930133 0.34523319 0.50234819  0.48417291 0.45702496 0.47508945 0.39693445 0.45000532 0.44589633  0.47476172 0.42761975 0.50206904 0.41641874
0.00039479 0.36283831 0.35232302 0.39930133 0.34523319 0.50234819  0.48417291 0.45702496 0.47508945 0.39693445 0.45000532 0.44589633  0.47476172 0.42761975 0.50206904 0.41641874
0.00039479 0.36283831 0.35232302 0.39930133 0.34523319 0.50234819  0.48417291 0.45702496 0.47508945 0.39693445 0.45000532 0.44589633  0.47476172 0.42761975 0.50206904 0.41641874
0.00039479 0.36283831 0.35232302 0.39930133 0.34523319 0.50234819  0.48417291 0.45702496 0.47508945 0.39693445 0.45000532 0.44589633  0.47476172 0.42761975 0.50206904 0.41641874
0.00039479 0.36283831 0.35232302 0.39930133 0.34523319 0.50234819  0.48417291 0.45702496 0.47508945 0.39693445 0.45000532 0.44589633  0.47476172 0.42761975 0.50206904 0.41641874
0.00039479 0.36283831 0.35232302 0.39930133 0.34523319 0.50234819  0.48417291 0.45702496 0.47508945 0.39693445 0.45000532 0.44589633  0.47476172 0.42761975 0.50206904 0.41641874
0.00039479 0.36283831 0.35232302 0.39930133 0.34523319 0.50234819  0.48417291 0.45702496 0.47508945 0.39693445 0.45000532 0.44589633  0.47476172 0.42761975 0.50206904 0.41641874
0.00039479 0.36283831 0.35232302 0.39930133 0.34523319 0.50234819  0.48417291 0.45702496 0.47508945 0.39693445 0.45000532 0.44589633  0.47476172 0.42761975 0.50206904 0.41641874
0.00039479 0.36283831 0.35232302 0.39930133 0.34523319 0.50234819  0.48417291 0.45702496 0.47508945 0.39693445 0.45000532 0.44589633  0.47476172 0.42761975 0.50206904 0.41641874
0.00039479 0.36283831 0.35232302 0.39930133 0.34523319 0.50234819  0.48417291 0.45702496 0.47508945 0.39693445 0.45000532 0.44589633  0.47476172 0.42761975 0.50206904 0.41641874
0.00039479 0.36283831 0.35232302 0.39930133 0.34523319 0.50234819  0.48417291 0.45702496 0.47508945 0.39693445 0.45000532 0.44589633  0.47476172 0.42761975 0.50206904 0.41641874
0.00039479 0.36283831 0.35232302 0.39930133 0.34523319 0.50234819  0.48417291 0.45702496 0.47508945 0.39693445 0.45000532 0.44589633  0.47476172 0.42761975 0.50206904 0.41641874
