0.00039479 0.36283831 0.35232302 0.39930133 0.34523319 0.50234819  0.48417291 0.45702496 0.47508945 0.39693445 0.45000532 0.44589633  0.47476172 0.42761975 0.50206904 0.41641874
0.00039479 0.36283831 0.35232302 0.39930133 0.34523319 0.50234819  0.48417291 0.45702496 0.47508945 0.39693445 0.45000532 0.44589633  0.47476172 0.42761975 0.50206904 0.41641874
0.00039479 0.36283831 0.35232302 0.39930133 0.34523319 0.50234819  0.48417291 0.45702496 0.47508945 0.39693445 0.45000532 0.44589633  0.47476172 0.42761975 0.50206904 0.41641874
0.00039479 0.36283831 0.35232302 0.39930133 0.34523319 0.50234819  0.48417291 0.45702496 0.47508945 0.39693445 0.45000532 0.44589633  0.47476172 0.42761975 0.50206904 0.41641874
0.00039479 0.36283831 0.35232302 0.39930133 0.34523319 0.50234819  0.48417291 0.45702496 0.47508945 0.39693445 0.45000532 0.44589633  0.47476172 0.42761975 0.50206904 0.41641874
0.00039479 0.36283831 0.35232302 0.39930133 0.34523319 0.50234819  0.48417291 0.45702496 0.47508945 0.39693445 0.45000532 0.44589633  0.47476172 0.42761975 0.50206904 0.41641874
0.00039479 0.36283831 0.35232302 0.39930133 0.34523319 0.50234819  0.48417291 0.45702496 0.47508945 0.39693445 0.45000532 0.44589633  0.47476172 0.42761975 0.50206904 0.41641874
0.00039479 0.36283831 0.35232302 0.39930133 0.34523319 0.50234819  0.48417291 0.45702496 0.47508945 0.39693445 0.45000532 0.44589633  0.47476172 0.42761975 0.50206904 0.41641874
0.00039479 0.36283831 0.35232302 0.39930133 0.34523319 0.50234819  0.48417291 0.45702496 0.47508945 0.39693445 0.45000532 0.44589633  0.47476172 0.42761975 0.50206904 0.41641874
0.00039479 0.36283831 0.35232302 0.39930133 0.34523319 0.50234819  0.48417291 0.45702496 0.47508945 0.39693445 0.45000532 0.44589633  0.47476172 0.42761975 0.50206904 0.41641874
0.00039479 0.36283831 0.35232302 0.39930133 0.34523319 0.50234819  0.48417291 0.45702496 0.47508945 0.39693445 0.45000532 0.44589633  0.47476172 0.42761975 0.50206904 0.41641874
0.00039479 0.36283831 0.35232302 0.39930133 0.34523319 0.50234819  0.48417291 0.45702496 0.47508945 0.39693445 0.45000532 0.44589633  0.47476172 0.42761975 0.50206904 0.41641874
0.00039479 0.36283831 0.35232302 0.39930133 0.34523319 0.50234819  0.48417291 0.45702496 0.47508945 0.39693445 0.45000532 0.44589633  0.47476172 0.42761975 0.50206904 0.41641874
0.00039479 0.36283831 0.35232302 0.39930133 0.34523319 0.50234819  0.48417291 0.45702496 0.47508945 0.39693445 0.45000532 0.44589633  0.47476172 0.42761975 0.50206904 0.41641874
0.00039479 0.36283831 0.35232302 0.39930133 0.34523319 0.50234819  0.48417291 0.45702496 0.47508945 0.39693445 0.45000532 0.44589633  0.47476172 0.42761975 0.50206904 0.41641874
0.00039479 0.36283831 0.35232302 0.39930133 0.34523319 0.50234819  0.48417291 0.45702496 0.47508945 0.39693445 0.45000532 0.44589633  0.47476172 0.42761975 0.50206904 0.41641874
0.00039479 0.36283831 0.35232302 0.39930133 0.34523319 0.50234819  0.48417291 0.45702496 0.47508945 0.39693445 0.45000532 0.44589633  0.47476172 0.42761975 0.50206904 0.41641874
0.00039479 0.36283831 0.35232302 0.39930133 0.34523319 0.50234819  0.48417291 0.45702496 0.47508945 0.39693445 0.45000532 0.44589633  0.47476172 0.42761975 0.50206904 0.41641874
0.00039479 0.36283831 0.35232302 0.39930133 0.34523319 0.50234819  0.48417291 0.45702496 0.47508945 0.39693445 0.45000532 0.44589633  0.47476172 0.42761975 0.50206904 0.41641874
0.00039479 0.36283831 0.35232302 0.39930133 0.34523319 0.50234819  0.48417291 0.45702496 0.47508945 0.39693445 0.45000532 0.44589633  0.47476172 0.42761975 0.50206904 0.41641874
0.00039479 0.36283831 0.35232302 0.39930133 0.34523319 0.50234819  0.48417291 0.45702496 0.47508945 0.39693445 0.45000532 0.44589633  0.47476172 0.42761975 0.50206904 0.41641874
0.00039479 0.36283831 0.35232302 0.39930133 0.34523319 0.50234819  0.48417291 0.45702496 0.47508945 0.39693445 0.45000532 0.44589633  0.47476172 0.42761975 0.50206904 0.41641874
0.00039479 0.36283831 0.35232302 0.39930133 0.34523319 0.50234819  0.48417291 0.45702496 0.47508945 0.39693445 0.45000532 0.44589633  0.47476172 0.42761975 0.50206904 0.41641874
0.00039479 0.36283831 0.35232302 0.39930133 0.34523319 0.50234819  0.48417291 0.45702496 0.47508945 0.39693445 0.45000532 0.44589633  0.47476172 0.42761975 0.50206904 0.41641874
0.00039479 0.36283831 0.35232302 0.39930133 0.34523319 0.50234819  0.48417291 0.45702496 0.47508945 0.39693445 0.45000532 0.44589633  0.47476172 0.42761975 0.50206904 0.41641874
0.00039479 0.36283831 0.35232302 0.39930133 0.34523319 0.50234819  0.48417291 0.45702496 0.47508945 0.39693445 0.45000532 0.44589633  0.47476172 0.42761975 0.50206904 0.41641874
0.00039479 0.36283831 0.35232302 0.39930133 0.34523319 0.50234819  0.48417291 0.45702496 0.47508945 0.39693445 0.45000532 0.44589633  0.47476172 0.42761975 0.50206904 0.41641874
0.00039479 0.36283831 0.35232302 0.39930133 0.34523319 0.50234819  0.48417291 0.45702496 0.47508945 0.39693445 0.45000532 0.44589633  0.47476172 0.42761975 0.50206904 0.41641874
0.00039479 0.36283831 0.35232302 0.39930133 0.34523319 0.50234819  0.48417291 0.45702496 0.47508945 0.39693445 0.45000532 0.44589633  0.47476172 0.42761975 0.50206904 0.41641874
0.00039479 0.36283831 0.35232302 0.39930133 0.34523319 0.50234819  0.48417291 0.45702496 0.47508945 0.39693445 0.45000532 0.44589633  0.47476172 0.42761975 0.50206904 0.41641874
0.00039479 0.36283831 0.35232302 0.39930133 0.34523319 0.50234819  0.48417291 0.45702496 0.47508945 0.39693445 0.45000532 0.44589633  0.47476172 0.42761975 0.50206904 0.41641874
0.00039479 0.36283831 0.35232302 0.39930133 0.34523319 0.50234819  0.48417291 0.45702496 0.47508945 0.39693445 0.45000532 0.44589633  0.47476172 0.42761975 0.50206904 0.41641874
0.00039479 0.36283831 0.35232302 0.39930133 0.34523319 0.50234819  0.48417291 0.45702496 0.47508945 0.39693445 0.45000532 0.44589633  0.47476172 0.42761975 0.50206904 0.41641874
0.00039479 0.36283831 0.35232302 0.39930133 0.34523319 0.50234819  0.48417291 0.45702496 0.47508945 0.39693445 0.45000532 0.44589633  0.47476172 0.42761975 0.50206904 0.41641874
0.00039479 0.36283831 0.35232302 0.39930133 0.34523319 0.50234819  0.48417291 0.45702496 0.47508945 0.39693445 0.45000532 0.44589633  0.47476172 0.42761975 0.50206904 0.41641874
0.00039479 0.36283831 0.35232302 0.39930133 0.34523319 0.50234819  0.48417291 0.45702496 0.47508945 0.39693445 0.45000532 0.44589633  0.47476172 0.42761975 0.50206904 0.41641874
0.00039479 0.36283831 0.35232302 0.39930133 0.34523319 0.50234819  0.48417291 0.45702496 0.47508945 0.39693445 0.45000532 0.44589633  0.47476172 0.42761975 0.50206904 0.41641874
0.00039479 0.36283831 0.35232302 0.39930133 0.34523319 0.50234819  0.48417291 0.45702496 0.47508945 0.39693445 0.45000532 0.44589633  0.47476172 0.42761975 0.50206904 0.41641874
0.00039479 0.36283831 0.35232302 0.39930133 0.34523319 0.50234819  0.48417291 0.45702496 0.47508945 0.39693445 0.45000532 0.44589633  0.47476172 0.42761975 0.50206904 0.41641874
0.00039479 0.36283831 0.35232302 0.39930133 0.34523319 0.50234819  0.48417291 0.45702496 0.47508945 0.39693445 0.45000532 0.44589633  0.47476172 0.42761975 0.50206904 0.41641874
0.00039479 0.36283831 0.35232302 0.39930133 0.34523319 0.50234819  0.48417291 0.45702496 0.47508945 0.39693445 0.45000532 0.44589633  0.47476172 0.42761975 0.50206904 0.41641874
0.00039479 0.36283831 0.35232302 0.39930133 0.34523319 0.50234819  0.48417291 0.45702496 0.47508945 0.39693445 0.45000532 0.44589633  0.47476172 0.42761975 0.50206904 0.41641874
0.00039479 0.36283831 0.35232302 0.39930133 0.34523319 0.50234819  0.48417291 0.45702496 0.47508945 0.39693445 0.45000532 0.44589633  0.47476172 0.42761975 0.50206904 0.41641874
0.00039479 0.36283831 0.35232302 0.39930133 0.34523319 0.50234819  0.48417291 0.45702496 0.47508945 0.39693445 0.45000532 0.44589633  0.47476172 0.42761975 0.50206904 0.41641874
0.00039479 0.36283831 0.35232302 0.39930133 0.34523319 0.50234819  0.48417291 0.45702496 0.47508945 0.39693445 0.45000532 0.44589633  0.47476172 0.42761975 0.50206904 0.41641874
0.00039479 0.36283831 0.35232302 0.39930133 0.34523319 0.50234819  0.48417291 0.45702496 0.47508945 0.39693445 0.45000532 0.44589633  0.47476172 0.42761975 0.50206904 0.41641874
0.00039479 0.36283831 0.35232302 0.39930133 0.34523319 0.50234819  0.48417291 0.45702496 0.47508945 0.39693445 0.45000532 0.44589633  0.47476172 0.42761975 0.50206904 0.41641874
0.00039479 0.36283831 0.35232302 0.39930133 0.34523319 0.50234819  0.48417291 0.45702496 0.47508945 0.39693445 0.45000532 0.44589633  0.47476172 0.42761975 0.50206904 0.41641874
0.00039479 0.36283831 0.35232302 0.39930133 0.34523319 0.50234819  0.48417291 0.45702496 0.47508945 0.39693445 0.45000532 0.44589633  0.47476172 0.42761975 0.50206904 0.41641874
0.00039479 0.36283831 0.35232302 0.39930133 0.34523319 0.50234819  0.48417291 0.45702496 0.47508945 0.39693445 0.45000532 0.44589633  0.47476172 0.42761975 0.50206904 0.41641874
0.00039479 0.36283831 0.35232302 0.39930133 0.34523319 0.50234819  0.48417291 0.45702496 0.47508945 0.39693445 0.45000532 0.44589633  0.47476172 0.42761975 0.50206904 0.41641874
0.00039479 0.36283831 0.35232302 0.39930133 0.34523319 0.50234819  0.48417291 0.45702496 0.47508945 0.39693445 0.45000532 0.44589633  0.47476172 0.42761975 0.50206904 0.41641874
0.00039479 0.36283831 0.35232302 0.39930133 0.34523319 0.50234819  0.48417291 0.45702496 0.47508945 0.39693445 0.45000532 0.44589633  0.47476172 0.42761975 0.50206904 0.41641874
0.00039479 0.36283831 0.35232302 0.39930133 0.34523319 0.50234819  0.48417291 0.45702496 0.47508945 0.39693445 0.45000532 0.44589633  0.47476172 0.42761975 0.50206904 0.41641874
0.03601004 0.41506083 0.32645484 0.44549117 0.36116345 0.46602551  0.43538259 0.48464203 0.51258088 0.40147377 0.44846424 0.45110959  0.48758288 0.47735633 0.604342   0.42715797
0.23669971 0.66415514 0.20742128 0.60365623 0.37695534 0.45370338  0.30464131 0.49069629 0.63374359 0.44555492 0.49524966 0.46353623  0.41298608 0.48958844 0.70051914 0.43752713
0.40368542 0.80883655 0.14048396 0.59810457 0.33242514 0.60540724  0.35271339 0.42839982 0.65546832 0.43988161 0.61302499 0.43496825  0.41905408 0.40178506 0.48187421 0.41459107
0.44040188 0.82034229 0.13390782 0.56752468 0.31175412 0.65393346  0.39916614 0.40180063 0.59057552 0.45478735 0.55829857 0.44628621  0.39278733 0.34402745 0.40483746 0.43352958
0.52875335 0.79051115 0.11473947 0.4151274  0.31066289 0.66293163  0.60527394 0.41253976 0.40787149 0.45570809 0.46743806 0.46060406  0.47849664 0.35377897 0.37538899 0.47909433
0.58108692 0.75256055 0.12394235 0.31353641 0.28926624 0.69493698  0.64085643 0.51238524 0.37699323 0.42387175 0.40951623 0.44861004  0.63806581 0.39214551 0.40029533 0.49172826
0.58108692 0.75256055 0.12394235 0.31353641 0.28926624 0.69493698  0.64085643 0.51238524 0.37699323 0.42387175 0.40951623 0.44861004  0.63806581 0.39214551 0.40029533 0.49172826
0.59787761 0.73134667 0.12022963 0.27059545 0.29584709 0.67845973  0.66056277 0.55335991 0.40061692 0.40211321 0.42785235 0.44404497  0.69609507 0.42322775 0.46911648 0.50576494
0.59787761 0.73134667 0.12022963 0.27059545 0.29584709 0.67845973  0.66056277 0.55335991 0.40061692 0.40211321 0.42785235 0.44404497  0.69609507 0.42322775 0.46911648 0.50576494
0.59787761 0.73134667 0.12022963 0.27059545 0.29584709 0.67845973  0.66056277 0.55335991 0.40061692 0.40211321 0.42785235 0.44404497  0.69609507 0.42322775 0.46911648 0.50576494
0.59787761 0.73134667 0.12022963 0.27059545 0.29584709 0.67845973  0.66056277 0.55335991 0.40061692 0.40211321 0.42785235 0.44404497  0.69609507 0.42322775 0.46911648 0.50576494
0.59787761 0.73134667 0.12022963 0.27059545 0.29584709 0.67845973  0.66056277 0.55335991 0.40061692 0.40211321 0.42785235 0.44404497  0.69609507 0.42322775 0.46911648 0.50576494
0.59787761 0.73134667 0.12022963 0.27059545 0.29584709 0.67845973  0.66056277 0.55335991 0.40061692 0.40211321 0.42785235 0.44404497  0.69609507 0.42322775 0.46911648 0.50576494
0.59787761 0.73134667 0.12022963 0.27059545 0.29584709 0.67845973  0.66056277 0.55335991 0.40061692 0.40211321 0.42785235 0.44404497  0.69609507 0.42322775 0.46911648 0.50576494
0.59787761 0.73134667 0.12022963 0.27059545 0.29584709 0.67845973  0.66056277 0.55335991 0.40061692 0.40211321 0.42785235 0.44404497  0.69609507 0.42322775 0.46911648 0.50576494
0.63164084 0.82272644 0.34851353 0.20632126 0.5294543  0.7105452  0.60575207 0.50047388 0.3740535  0.34976317 0.44176664 0.42660689  0.66837438 0.52606086 0.36766213 0.54406928
0.71174675 0.87533316 0.69427288 0.23426054 0.72952225 0.71250606  0.55396585 0.41327611 0.23490535 0.27280883 0.50802882 0.54878128  0.84683078 0.4265661  0.47728524 0.37980499
0.71802796 0.8787733  0.72495132 0.24446725 0.73025517 0.68575062  0.59543029 0.41706994 0.29975451 0.30185949 0.48429668 0.52601142  0.83470899 0.36994429 0.50460647 0.40135585
0.71802796 0.8787733  0.72495132 0.24446725 0.73025517 0.68575062  0.59543029 0.41706994 0.29975451 0.30185949 0.48429668 0.52601142  0.83470899 0.36994429 0.50460647 0.40135585
0.74526176 0.83054238 0.74002282 0.25461855 0.66932281 0.6278632  0.59299713 0.37292034 0.30522264 0.33998394 0.45192143 0.52872158  0.82661238 0.50630485 0.54441048 0.35666233
0.77252662 0.79117189 0.77543746 0.25654277 0.64300159 0.58904881  0.58377899 0.44978233 0.26714724 0.41055473 0.47673077 0.5590758  0.79151467 0.49301841 0.62511227 0.30021089
0.80143217 0.72527581 0.75359888 0.22740353 0.61315263 0.52590004  0.57125093 0.36067459 0.35773328 0.38913432 0.37854507 0.54099271  0.79583337 0.63367103 0.66192983 0.28819915
0.81601452 0.69104661 0.73825929 0.20792143 0.56552946 0.4919599  0.57335652 0.41207247 0.40225549 0.38039864 0.3567174  0.5008648  0.78542677 0.62471373 0.712204   0.27977703
0.80874157 0.66846905 0.68203243 0.23104361 0.46773376 0.46732612  0.61189526 0.42846425 0.43843412 0.43402998 0.29442512 0.40436927  0.78922269 0.64818486 0.70182821 0.19619383
0.75566069 0.60403737 0.41389137 0.24626808 0.30840482 0.51420421  0.58929886 0.44727201 0.41734335 0.29322214 0.32568171 0.53515846  0.81870718 0.53650533 0.77538515 0.33804382
0.73961093 0.63013247 0.4127278  0.27935149 0.30802876 0.53339318  0.60300446 0.39074309 0.39412745 0.31142481 0.31886721 0.53311759  0.83686406 0.55943714 0.71405085 0.32576371
0.68557981 0.59274326 0.16525629 0.21693509 0.26844098 0.60378385  0.54787508 0.48800196 0.41256657 0.42303638 0.2891204  0.53252469  0.73529264 0.61745755 0.5169679  0.38594759
0.65803198 0.61412126 0.10977007 0.17914822 0.31592023 0.59144177  0.59912499 0.49283154 0.5130465  0.39980607 0.3072205  0.51014479  0.67790418 0.60399631 0.56895151 0.53314605
0.65803198 0.61412126 0.10977007 0.17914822 0.31592023 0.59144177  0.59912499 0.49283154 0.5130465  0.39980607 0.3072205  0.51014479  0.67790418 0.60399631 0.56895151 0.53314605
0.65803198 0.61412126 0.10977007 0.17914822 0.31592023 0.59144177  0.59912499 0.49283154 0.5130465  0.39980607 0.3072205  0.51014479  0.67790418 0.60399631 0.56895151 0.53314605
0.65803198 0.61412126 0.10977007 0.17914822 0.31592023 0.59144177  0.59912499 0.49283154 0.5130465  0.39980607 0.3072205  0.51014479  0.67790418 0.60399631 0.56895151 0.53314605
0.65803198 0.61412126 0.10977007 0.17914822 0.31592023 0.59144177  0.59912499 0.49283154 0.5130465  0.39980607 0.3072205  0.51014479  0.67790418 0.60399631 0.56895151 0.53314605
0.62496429 0.64977641 0.08911328 0.22259949 0.34803657 0.56555505  0.65641521 0.39391279 0.53656709 0.38100726 0.40282916 0.49325752  0.68703825 0.64228845 0.59199608 0.52140092
0.62496429 0.64977641 0.08911328 0.22259949 0.34803657 0.56555505  0.65641521 0.39391279 0.53656709 0.38100726 0.40282916 0.49325752  0.68703825 0.64228845 0.59199608 0.52140092
0.60767606 0.65920188 0.07480033 0.23907581 0.37440424 0.52379441  0.69283633 0.36461821 0.55701828 0.37460493 0.48103675 0.48392667  0.64499663 0.65559472 0.64612161 0.51599154
0.58936777 0.650074   0.07348159 0.24481473 0.39621581 0.45316369  0.70980999 0.40324485 0.53026721 0.33386665 0.5169119  0.46150603  0.64475895 0.6586177  0.62147853 0.46674413
0.58936777 0.650074   0.07348159 0.24481473 0.39621581 0.45316369  0.70980999 0.40324485 0.53026721 0.33386665 0.5169119  0.46150603  0.64475895 0.6586177  0.62147853 0.46674413
0.58936777 0.650074   0.07348159 0.24481473 0.39621581 0.45316369  0.70980999 0.40324485 0.53026721 0.33386665 0.5169119  0.46150603  0.64475895 0.6586177  0.62147853 0.46674413
0.56657592 0.63764501 0.06049819 0.31297391 0.43451878 0.40254332  0.67149799 0.27284376 0.51431153 0.3524726  0.48324532 0.46975378  0.54577693 0.60947716 0.60204593 0.38585738
0.52205044 0.71866755 0.07458089 0.37297471 0.41044102 0.43525773  0.7059902  0.30761278 0.44889041 0.39635489 0.51353228 0.47048403  0.45600764 0.57795893 0.60195348 0.39747551
0.52205044 0.71866755 0.07458089 0.37297471 0.41044102 0.43525773  0.7059902  0.30761278 0.44889041 0.39635489 0.51353228 0.47048403  0.45600764 0.57795893 0.60195348 0.39747551
0.52205044 0.71866755 0.07458089 0.37297471 0.41044102 0.43525773  0.7059902  0.30761278 0.44889041 0.39635489 0.51353228 0.47048403  0.45600764 0.57795893 0.60195348 0.39747551
0.52205044 0.71866755 0.07458089 0.37297471 0.41044102 0.43525773  0.7059902  0.30761278 0.44889041 0.39635489 0.51353228 0.47048403  0.45600764 0.57795893 0.60195348 0.39747551
0.46679487 0.70896134 0.07921541 0.43727153 0.4496515  0.31164473  0.67364305 0.31201869 0.4047544  0.38530408 0.48152251 0.47107135  0.38295557 0.57014363 0.58288319 0.33218386
0.43330944 0.71589669 0.09605825 0.44667036 0.43964497 0.33618756  0.70105476 0.35220058 0.33350989 0.39414255 0.48944457 0.45605753  0.37760481 0.45991738 0.49392457 0.35516345
0.34521515 0.70451224 0.13102676 0.50106674 0.44393538 0.28954458  0.67059725 0.43052284 0.24937459 0.3723132  0.47954969 0.43168727  0.35978489 0.35131509 0.33255156 0.34970195
0.28855788 0.67568081 0.14802833 0.55638299 0.46821564 0.19552742  0.58174669 0.46412674 0.23228544 0.40714085 0.30982269 0.48162591  0.39168041 0.36611064 0.43544225 0.42033749
0.28855788 0.67568081 0.14802833 0.55638299 0.46821564 0.19552742  0.58174669 0.46412674 0.23228544 0.40714085 0.30982269 0.48162591  0.39168041 0.36611064 0.43544225 0.42033749
0.27013576 0.65082462 0.16025877 0.53872046 0.46397264 0.20135021  0.59888604 0.45835675 0.20440369 0.40752189 0.27900236 0.4863646  0.41655868 0.33772269 0.38107513 0.44716098
0.25201757 0.62428758 0.17391279 0.51506514 0.45516145 0.22647589  0.61788848 0.44378209 0.20154903 0.4117085  0.28810619 0.4862277  0.39558811 0.33090135 0.37851036 0.44673434
0.25201757 0.62428758 0.17391279 0.51506514 0.45516145 0.22647589  0.61788848 0.44378209 0.20154903 0.4117085  0.28810619 0.4862277  0.39558811 0.33090135 0.37851036 0.44673434
0.21631322 0.6059081  0.1990933  0.53091615 0.43494771 0.25811285  0.56194418 0.45852567 0.22241763 0.39189325 0.2809139  0.47272006  0.42785826 0.29124305 0.27332485 0.44413612
0.16090298 0.54997924 0.23264034 0.52063825 0.42610691 0.27216757  0.51801014 0.47061254 0.2573762  0.40952032 0.2186372  0.49395088  0.50963585 0.32196481 0.34129445 0.51471081
0.16090298 0.54997924 0.23264034 0.52063825 0.42610691 0.27216757  0.51801014 0.47061254 0.2573762  0.40952032 0.2186372  0.49395088  0.50963585 0.32196481 0.34129445 0.51471081
0.12482632 0.50028553 0.25810943 0.48337034 0.41162815 0.30764571  0.53896038 0.45715856 0.25890929 0.41415864 0.22198959 0.49408901  0.50458724 0.31726395 0.33742414 0.51807062
0.12482632 0.50028553 0.25810943 0.48337034 0.41162815 0.30764571  0.53896038 0.45715856 0.25890929 0.41415864 0.22198959 0.49408901  0.50458724 0.31726395 0.33742414 0.51807062
0.10762221 0.50310676 0.27206109 0.50693057 0.3975507  0.3379459  0.46547865 0.4973829  0.34360459 0.38176287 0.29578674 0.46250385  0.53713188 0.34048387 0.32602724 0.47527582
0.08933598 0.49227807 0.28370689 0.51563283 0.39282917 0.35122619  0.41224683 0.52903719 0.4167706  0.37236308 0.3229049  0.45462839  0.62758809 0.38247804 0.3646409  0.49477643
0.07168322 0.46493189 0.29772087 0.48857074 0.38165016 0.3824522  0.43730409 0.50979243 0.4128676  0.37441994 0.34484374 0.45139585  0.59247255 0.36898079 0.34882879 0.47762658
0.05336775 0.43914143 0.31083182 0.46832666 0.37416152 0.39938838  0.45143619 0.50292086 0.40448693 0.37548598 0.33684065 0.45259001  0.60541605 0.3574237  0.32371238 0.49045415
0.05336775 0.43914143 0.31083182 0.46832666 0.37416152 0.39938838  0.45143619 0.50292086 0.40448693 0.37548598 0.33684065 0.45259001  0.60541605 0.3574237  0.32371238 0.49045415
0.05336775 0.43914143 0.31083182 0.46832666 0.37416152 0.39938838  0.45143619 0.50292086 0.40448693 0.37548598 0.33684065 0.45259001  0.60541605 0.3574237  0.32371238 0.49045415
0.05336775 0.43914143 0.31083182 0.46832666 0.37416152 0.39938838  0.45143619 0.50292086 0.40448693 0.37548598 0.33684065 0.45259001  0.60541605 0.3574237  0.32371238 0.49045415
0.03530472 0.41371177 0.32449245 0.44717499 0.36543573 0.42942868  0.4584486  0.49182641 0.42935187 0.38251683 0.3665383  0.45119726  0.57400726 0.38653202 0.39012683 0.47468522
0.03530472 0.41371177 0.32449245 0.44717499 0.36543573 0.42942868  0.4584486  0.49182641 0.42935187 0.38251683 0.3665383  0.45119726  0.57400726 0.38653202 0.39012683 0.47468522
0.03530472 0.41371177 0.32449245 0.44717499 0.36543573 0.42942868  0.4584486  0.49182641 0.42935187 0.38251683 0.3665383  0.45119726  0.57400726 0.38653202 0.39012683 0.47468522
0.03530472 0.41371177 0.32449245 0.44717499 0.36543573 0.42942868  0.4584486  0.49182641 0.42935187 0.38251683 0.3665383  0.45119726  0.57400726 0.38653202 0.39012683 0.47468522
0.01779563 0.38669558 0.33863985 0.42004769 0.35385851 0.46460162  0.48109267 0.47190843 0.43452283 0.38595027 0.3992976  0.44733029  0.52908455 0.38078184 0.39373238 0.44873962
0.01779563 0.38669558 0.33863985 0.42004769 0.35385851 0.46460162  0.48109267 0.47190843 0.43452283 0.38595027 0.3992976  0.44733029  0.52908455 0.38078184 0.39373238 0.44873962
0.01779563 0.38669558 0.33863985 0.42004769 0.35385851 0.46460162  0.48109267 0.47190843 0.43452283 0.38595027 0.3992976  0.44733029  0.52908455 0.38078184 0.39373238 0.44873962
0.01779563 0.38669558 0.33863985 0.42004769 0.35385851 0.46460162  0.48109267 0.47190843 0.43452283 0.38595027 0.3992976  0.44733029  0.52908455 0.38078184 0.39373238 0.44873962
