0.00039479 0.36283831 0.35232302 0.39930133 0.34523319 0.50234819  0.48417291 0.45702496 0.47508945 0.39693445 0.45000532 0.44589633  0.47476172 0.42761975 0.50206904 0.41641874
0.00039479 0.36283831 0.35232302 0.39930133 0.34523319 0.50234819  0.48417291 0.45702496 0.47508945 0.39693445 0.45000532 0.44589633  0.47476172 0.42761975 0.50206904 0.41641874
0.00039479 0.36283831 0.35232302 0.39930133 0.34523319 0.50234819  0.48417291 0.45702496 0.47508945 0.39693445 0.45000532 0.44589633  0.47476172 0.42761975 0.50206904 0.41641874
0.00039479 0.36283831 0.35232302 0.39930133 0.34523319 0.50234819  0.48417291 0.45702496 0.47508945 0.39693445 0.45000532 0.44589633  0.47476172 0.42761975 0.50206904 0.41641874
0.00039479 0.36283831 0.35232302 0.39930133 0.34523319 0.50234819  0.48417291 0.45702496 0.47508945 0.39693445 0.45000532 0.44589633  0.47476172 0.42761975 0.50206904 0.41641874
0.00039479 0.36283831 0.35232302 0.39930133 0.34523319 0.50234819  0.48417291 0.45702496 0.47508945 0.39693445 0.45000532 0.44589633  0.47476172 0.42761975 0.50206904 0.41641874
0.00039479 0.36283831 0.35232302 0.39930133 0.34523319 0.50234819  0.48417291 0.45702496 0.47508945 0.39693445 0.45000532 0.44589633  0.47476172 0.42761975 0.50206904 0.41641874
0.00039479 0.36283831 0.35232302 0.39930133 0.34523319 0.50234819  0.48417291 0.45702496 0.47508945 0.39693445 0.45000532 0.44589633  0.47476172 0.42761975 0.50206904 0.41641874
0.00039479 0.36283831 0.35232302 0.39930133 0.34523319 0.50234819  0.48417291 0.45702496 0.47508945 0.39693445 0.45000532 0.44589633  0.47476172 0.42761975 0.50206904 0.41641874
0.00039479 0.36283831 0.35232302 0.39930133 0.34523319 0.50234819  0.48417291 0.45702496 0.47508945 0.39693445 0.45000532 0.44589633  0.47476172 0.42761975 0.50206904 0.41641874
0.00039479 0.36283831 0.35232302 0.39930133 0.34523319 0.50234819  0.48417291 0.45702496 0.47508945 0.39693445 0.45000532 0.44589633  0.47476172 0.42761975 0.50206904 0.41641874
0.00039479 0.36283831 0.35232302 0.39930133 0.34523319 0.50234819  0.48417291 0.45702496 0.47508945 0.39693445 0.45000532 0.44589633  0.47476172 0.42761975 0.50206904 0.41641874
0.00039479 0.36283831 0.35232302 0.39930133 0.34523319 0.50234819  0.48417291 0.45702496 0.47508945 0.39693445 0.45000532 0.44589633  0.47476172 0.42761975 0.50206904 0.41641874
0.00039479 0.36283831 0.35232302 0.39930133 0.34523319 0.50234819  0.48417291 0.45702496 0.47508945 0.39693445 0.45000532 0.44589633  0.47476172 0.42761975 0.50206904 0.41641874
0.00039479 0.36283831 0.35232302 0.39930133 0.34523319 0.50234819  0.48417291 0.45702496 0.47508945 0.39693445 0.45000532 0.44589633  0.47476172 0.42761975 0.50206904 0.41641874
0.00039479 0.36283831 0.35232302 0.39930133 0.34523319 0.50234819  0.48417291 0.45702496 0.47508945 0.39693445 0.45000532 0.44589633  0.47476172 0.42761975 0.50206904 0.41641874
0.00039479 0.36283831 0.35232302 0.39930133 0.34523319 0.50234819  0.48417291 0.45702496 0.47508945 0.39693445 0.45000532 0.44589633  0.47476172 0.42761975 0.50206904 0.41641874
0.00039479 0.36283831 0.35232302 0.39930133 0.34523319 0.50234819  0.48417291 0.45702496 0.47508945 0.39693445 0.45000532 0.44589633  0.47476172 0.42761975 0.50206904 0.41641874
0.00039479 0.36283831 0.35232302 0.39930133 0.34523319 0.50234819  0.48417291 0.45702496 0.47508945 0.39693445 0.45000532 0.44589633  0.47476172 0.42761975 0.50206904 0.41641874
0.00039479 0.36283831 0.35232302 0.39930133 0.34523319 0.50234819  0.48417291 0.45702496 0.47508945 0.39693445 0.45000532 0.44589633  0.47476172 0.42761975 0.50206904 0.41641874
0.00039479 0.36283831 0.35232302 0.39930133 0.34523319 0.50234819  0.48417291 0.45702496 0.47508945 0.39693445 0.45000532 0.44589633  0.47476172 0.42761975 0.50206904 0.41641874
0.00039479 0.36283831 0.35232302 0.39930133 0.34523319 0.50234819  0.48417291 0.45702496 0.47508945 0.39693445 0.45000532 0.44589633  0.47476172 0.42761975 0.50206904 0.41641874
0.00039479 0.36283831 0.35232302 0.39930133 0.34523319 0.50234819  0.48417291 0.45702496 0.47508945 0.39693445 0.45000532 0.44589633  0.47476172 0.42761975 0.50206904 0.41641874
0.00039479 0.36283831 0.35232302 0.39930133 0.34523319 0.50234819  0.48417291 0.45702496 0.47508945 0.39693445 0.45000532 0.44589633  0.47476172 0.42761975 0.50206904 0.41641874
0.00039479 0.36283831 0.35232302 0.39930133 0.34523319 0.50234819  0.48417291 0.45702496 0.47508945 0.39693445 0.45000532 0.44589633  0.47476172 0.42761975 0.50206904 0.41641874
0.00039479 0.36283831 0.35232302 0.39930133 0.34523319 0.50234819  0.48417291 0.45702496 0.47508945 0.39693445 0.45000532 0.44589633  0.47476172 0.42761975 0.50206904 0.41641874
0.00039479 0.36283831 0.35232302 0.39930133 0.34523319 0.50234819  0.48417291 0.45702496 0.47508945 0.39693445 0.45000532 0.44589633  0.47476172 0.42761975 0.50206904 0.41641874
0.00039479 0.36283831 0.35232302 0.39930133 0.34523319 0.50234819  0.48417291 0.45702496 0.47508945 0.39693445 0.45000532 0.44589633  0.47476172 0.42761975 0.50206904 0.41641874
0.00039479 0.36283831 0.35232302 0.39930133 0.34523319 0.50234819  0.48417291 0.45702496 0.47508945 0.39693445 0.45000532 0.44589633  0.47476172 0.42761975 0.50206904 0.41641874
0.00039479 0.36283831 0.35232302 0.39930133 0.34523319 0.50234819  0.48417291 0.45702496 0.47508945 0.39693445 0.45000532 0.44589633  0.47476172 0.42761975 0.50206904 0.41641874
0.00039479 0.36283831 0.35232302 0.39930133 0.34523319 0.50234819  0.48417291 0.45702496 0.47508945 0.39693445 0.45000532 0.44589633  0.47476172 0.42761975 0.50206904 0.41641874
0.00039479 0.36283831 0.35232302 0.39930133 0.34523319 0.50234819  0.48417291 0.45702496 0.47508945 0.39693445 0.45000532 0.44589633  0.47476172 0.42761975 0.50206904 0.41641874
0.00039479 0.36283831 0.35232302 0.39930133 0.34523319 0.50234819  0.48417291 0.45702496 0.47508945 0.39693445 0.45000532 0.44589633  0.47476172 0.42761975 0.50206904 0.41641874
0.00039479 0.36283831 0.35232302 0.39930133 0.34523319 0.50234819  0.48417291 0.45702496 0.47508945 0.39693445 0.45000532 0.44589633  0.47476172 0.42761975 0.50206904 0.41641874
0.00039479 0.36283831 0.35232302 0.39930133 0.34523319 0.50234819  0.48417291 0.45702496 0.47508945 0.39693445 0.45000532 0.44589633  0.47476172 0.42761975 0.50206904 0.41641874
0.00039479 0.36283831 0.35232302 0.39930133 0.34523319 0.50234819  0.48417291 0.45702496 0.47508945 0.39693445 0.45000532 0.44589633  0.47476172 0.42761975 0.50206904 0.41641874
0.00039479 0.36283831 0.35232302 0.39930133 0.34523319 0.50234819  0.48417291 0.45702496 0.47508945 0.39693445 0.45000532 0.44589633  0.47476172 0.42761975 0.50206904 0.41641874
0.00039479 0.36283831 0.35232302 0.39930133 0.34523319 0.50234819  0.48417291 0.45702496 0.47508945 0.39693445 0.45000532 0.44589633  0.47476172 0.42761975 0.50206904 0.41641874
0.00039479 0.36283831 0.35232302 0.39930133 0.34523319 0.50234819  0.48417291 0.45702496 0.47508945 0.39693445 0.45000532 0.44589633  0.47476172 0.42761975 0.50206904 0.41641874
0.00039479 0.36283831 0.35232302 0.39930133 0.34523319 0.50234819  0.48417291 0.45702496 0.47508945 0.39693445 0.45000532 0.44589633  0.47476172 0.42761975 0.50206904 0.41641874
0.00039479 0.36283831 0.35232302 0.39930133 0.34523319 0.50234819  0.48417291 0.45702496 0.47508945 0.39693445 0.45000532 0.44589633  0.47476172 0.42761975 0.50206904 0.41641874
0.00039479 0.36283831 0.35232302 0.39930133 0.34523319 0.50234819  0.48417291 0.45702496 0.47508945 0.39693445 0.45000532 0.44589633  0.47476172 0.42761975 0.50206904 0.41641874
0.00039479 0.36283831 0.35232302 0.39930133 0.34523319 0.50234819  0.48417291 0.45702496 0.47508945 0.39693445 0.45000532 0.44589633  0.47476172 0.42761975 0.50206904 0.41641874
0.00039479 0.36283831 0.35232302 0.39930133 0.34523319 0.50234819  0.48417291 0.45702496 0.47508945 0.39693445 0.45000532 0.44589633  0.47476172 0.42761975 0.50206904 0.41641874
0.00039479 0.36283831 0.35232302 0.39930133 0.34523319 0.50234819  0.48417291 0.45702496 0.47508945 0.39693445 0.45000532 0.44589633  0.47476172 0.42761975 0.50206904 0.41641874
0.00039479 0.36283831 0.35232302 0.39930133 0.34523319 0.50234819  0.48417291 0.45702496 0.47508945 0.39693445 0.45000532 0.44589633  0.47476172 0.42761975 0.50206904 0.41641874
0.00039479 0.36283831 0.35232302 0.39930133 0.34523319 0.50234819  0.48417291 0.45702496 0.47508945 0.39693445 0.45000532 0.44589633  0.47476172 0.42761975 0.50206904 0.41641874
0.00039479 0.36283831 0.35232302 0.39930133 0.34523319 0.50234819  0.48417291 0.45702496 0.47508945 0.39693445 0.45000532 0.44589633  0.47476172 0.42761975 0.50206904 0.41641874
0.00039479 0.36283831 0.35232302 0.39930133 0.34523319 0.50234819  0.48417291 0.45702496 0.47508945 0.39693445 0.45000532 0.44589633  0.47476172 0.42761975 0.50206904 0.41641874
0.00039479 0.36283831 0.35232302 0.39930133 0.34523319 0.50234819  0.48417291 0.45702496 0.47508945 0.39693445 0.45000532 0.44589633  0.47476172 0.42761975 0.50206904 0.41641874
0.00039479 0.36283831 0.35232302 0.39930133 0.34523319 0.50234819  0.48417291 0.45702496 0.47508945 0.39693445 0.45000532 0.44589633  0.47476172 0.42761975 0.50206904 0.41641874
0.00039479 0.36283831 0.35232302 0.39930133 0.34523319 0.50234819  0.48417291 0.45702496 0.47508945 0.39693445 0.45000532 0.44589633  0.47476172 0.42761975 0.50206904 0.41641874
0.00039479 0.36283831 0.35232302 0.39930133 0.34523319 0.50234819  0.48417291 0.45702496 0.47508945 0.39693445 0.45000532 0.44589633  0.47476172 0.42761975 0.50206904 0.41641874
0.00039479 0.36283831 0.35232302 0.39930133 0.34523319 0.50234819  0.48417291 0.45702496 0.47508945 0.39693445 0.45000532 0.44589633  0.47476172 0.42761975 0.50206904 0.41641874
0.00039479 0.36283831 0.35232302 0.39930133 0.34523319 0.50234819  0.48417291 0.45702496 0.47508945 0.39693445 0.45000532 0.44589633  0.47476172 0.42761975 0.50206904 0.41641874
0.00039479 0.36283831 0.35232302 0.39930133 0.34523319 0.50234819  0.48417291 0.45702496 0.47508945 0.39693445 0.45000532 0.44589633  0.47476172 0.42761975 0.50206904 0.41641874
0.00039479 0.36283831 0.35232302 0.39930133 0.34523319 0.50234819  0.48417291 0.45702496 0.47508945 0.39693445 0.45000532 0.44589633  0.47476172 0.42761975 0.50206904 0.41641874
0.00039479 0.36283831 0.35232302 0.39930133 0.34523319 0.50234819  0.48417291 0.45702496 0.47508945 0.39693445 0.45000532 0.44589633  0.47476172 0.42761975 0.50206904 0.41641874
0.00039479 0.36283831 0.35232302 0.39930133 0.34523319 0.50234819  0.48417291 0.45702496 0.47508945 0.39693445 0.45000532 0.44589633  0.47476172 0.42761975 0.50206904 0.41641874
0.00039479 0.36283831 0.35232302 0.39930133 0.34523319 0.50234819  0.48417291 0.45702496 0.47508945 0.39693445 0.45000532 0.44589633  0.47476172 0.42761975 0.50206904 0.41641874
0.00039479 0.36283831 0.35232302 0.39930133 0.34523319 0.50234819  0.48417291 0.45702496 0.47508945 0.39693445 0.45000532 0.44589633  0.47476172 0.42761975 0.50206904 0.41641874
0.00039479 0.36283831 0.35232302 0.39930133 0.34523319 0.50234819  0.48417291 0.45702496 0.47508945 0.39693445 0.45000532 0.44589633  0.47476172 0.42761975 0.50206904 0.41641874
0.00039479 0.36283831 0.35232302 0.39930133 0.34523319 0.50234819  0.48417291 0.45702496 0.47508945 0.39693445 0.45000532 0.44589633  0.47476172 0.42761975 0.50206904 0.41641874
0.00039479 0.36283831 0.35232302 0.39930133 0.34523319 0.50234819  0.48417291 0.45702496 0.47508945 0.39693445 0.45000532 0.44589633  0.47476172 0.42761975 0.50206904 0.41641874
0.00039479 0.36283831 0.35232302 0.39930133 0.34523319 0.50234819  0.48417291 0.45702496 0.47508945 0.39693445 0.45000532 0.44589633  0.47476172 0.42761975 0.50206904 0.41641874
0.18443346 0.57660798 0.25197751 0.50196028 0.34477842 0.55112133  0.39715868 0.45786708 0.63764453 0.41405838 0.62508046 0.42959056  0.36858193 0.49581874 0.68608092 0.35314735
0.41741532 0.67864836 0.15878272 0.40717931 0.35846204 0.50316279  0.43702399 0.71862114 0.70945691 0.25997011 0.79222211 0.34536755  0.67221402 0.54121408 0.67341014 0.36965843
0.45241574 0.69076968 0.1380393  0.38473499 0.37738456 0.45222151  0.49286604 0.74094669 0.6554626  0.23763214 0.75808838 0.34031415  0.77345537 0.53311745 0.625038   0.39695316
0.5144052  0.60347866 0.15015001 0.32063715 0.35301337 0.45933234  0.39731572 0.86488068 0.68244024 0.24047198 0.76251027 0.33626987  0.67034182 0.37148994 0.56578237 0.42244094
0.5144052  0.60347866 0.15015001 0.32063715 0.35301337 0.45933234  0.39731572 0.86488068 0.68244024 0.24047198 0.76251027 0.33626987  0.67034182 0.37148994 0.56578237 0.42244094
0.52889357 0.62800984 0.16087657 0.35414341 0.30839255 0.51775255  0.43383775 0.84351894 0.69176189 0.3672877  0.77643867 0.4166568  0.6586018  0.44382089 0.6756421  0.57104496
0.52889357 0.62800984 0.16087657 0.35414341 0.30839255 0.51775255  0.43383775 0.84351894 0.69176189 0.3672877  0.77643867 0.4166568  0.6586018  0.44382089 0.6756421  0.57104496
0.4990436  0.63815642 0.17849837 0.39121225 0.29543468 0.52521992  0.26869539 0.87478383 0.69784305 0.3689468  0.59480278 0.41939835  0.4773927  0.32162523 0.71981951 0.49812282
0.43732007 0.76335913 0.15508455 0.51916926 0.30414962 0.65275305  0.3073029  0.55420654 0.73109647 0.40613582 0.58517389 0.43499437  0.61834517 0.41889433 0.55664607 0.52209919
0.27200539 0.72589014 0.17275022 0.67768973 0.41412334 0.32694522  0.26050686 0.54263034 0.5627648  0.42983206 0.36494386 0.48207923  0.51985981 0.47338154 0.65258273 0.46664639
0.199502   0.62812419 0.22487311 0.60533104 0.38654208 0.41566257  0.27901286 0.51695582 0.62795582 0.45125553 0.41965315 0.4838678  0.47991207 0.55536583 0.82711097 0.45334439
0.12577048 0.54335856 0.25939699 0.55779041 0.4047663  0.3329018  0.35344744 0.55971507 0.50249201 0.36622671 0.38557254 0.44584563  0.63902884 0.50205061 0.5570075  0.43327351
0.09090877 0.48933723 0.28734534 0.50361178 0.38145184 0.39955858  0.40276051 0.51916813 0.50105594 0.37195606 0.43937721 0.43869567  0.55621714 0.47400442 0.53184919 0.38872747
0.01884624 0.38625902 0.34091313 0.41425774 0.3473124  0.5012084  0.46744399 0.4638476  0.50732648 0.39346279 0.48673224 0.43866799  0.46030251 0.45877735 0.55261235 0.38389831
0.01830365 0.38870926 0.33849665 0.42271599 0.35435014 0.47063879  0.4700659  0.47319173 0.46038664 0.38894076 0.42241625 0.4468854  0.51617687 0.4152715  0.46097338 0.42900053
0.00039479 0.36283831 0.35232302 0.39930133 0.34523319 0.50234819  0.48417291 0.45702496 0.47508945 0.39693445 0.45000532 0.44589633  0.47476172 0.42761975 0.50206904 0.41641874
0.00039479 0.36283831 0.35232302 0.39930133 0.34523319 0.50234819  0.48417291 0.45702496 0.47508945 0.39693445 0.45000532 0.44589633  0.47476172 0.42761975 0.50206904 0.41641874
0.00039479 0.36283831 0.35232302 0.39930133 0.34523319 0.50234819  0.48417291 0.45702496 0.47508945 0.39693445 0.45000532 0.44589633  0.47476172 0.42761975 0.50206904 0.41641874
0.00039479 0.36283831 0.35232302 0.39930133 0.34523319 0.50234819  0.48417291 0.45702496 0.47508945 0.39693445 0.45000532 0.44589633  0.47476172 0.42761975 0.50206904 0.41641874
0.07158368 0.46960866 0.29668123 0.50056069 0.38591755 0.37911415  0.40336215 0.52692914 0.46197333 0.37926384 0.35861426 0.45412181  0.6171857  0.44134027 0.47574472 0.47252262
0.25357882 0.70998913 0.17713897 0.67310372 0.42729483 0.28528874  0.2685735  0.58100941 0.56689299 0.38552766 0.42354325 0.45097698  0.54722988 0.50423186 0.63797693 0.41087669
0.32800235 0.76702316 0.14941455 0.65775269 0.39903812 0.38394519  0.3195493  0.49660774 0.54282983 0.43512902 0.43625341 0.46935876  0.3992606  0.42307096 0.58066524 0.42208312
0.42086747 0.80771613 0.11356777 0.57158101 0.3730357  0.49119604  0.4964006  0.39514783 0.47085594 0.44093889 0.54798484 0.45200823  0.29581555 0.33959394 0.43001435 0.38863786
0.42086747 0.80771613 0.11356777 0.57158101 0.3730357  0.49119604  0.4964006  0.39514783 0.47085594 0.44093889 0.54798484 0.45200823  0.29581555 0.33959394 0.43001435 0.38863786
0.59787761 0.73134667 0.12022963 0.27059545 0.29584709 0.67845973  0.66056277 0.55335991 0.40061692 0.40211321 0.42785235 0.44404497  0.69609507 0.42322775 0.46911648 0.50576494
0.67480498 0.59292582 0.12254547 0.14779396 0.29715051 0.58787299  0.57716046 0.62663905 0.48663181 0.41295381 0.29182897 0.51471122  0.56774352 0.46969747 0.70233725 0.54865251
0.74337585 0.50135749 0.21535198 0.18363929 0.20629682 0.52126918  0.47059233 0.65323487 0.37334466 0.50105304 0.31937104 0.59501897  0.47356308 0.5428652  0.64447072 0.38670549
0.76406962 0.49279723 0.28118868 0.22966975 0.16251816 0.48576863  0.48383995 0.62969023 0.32878156 0.52679393 0.3742642  0.63007006  0.52998836 0.59642347 0.67396489 0.33574742
0.76406962 0.49279723 0.28118868 0.22966975 0.16251816 0.48576863  0.48383995 0.62969023 0.32878156 0.52679393 0.3742642  0.63007006  0.52998836 0.59642347 0.67396489 0.33574742
0.8045949  0.50591277 0.44720857 0.31226327 0.10935144 0.4211524  0.54395202 0.55166431 0.33785121 0.39991549 0.38782481 0.64236449  0.59865319 0.50794057 0.81515201 0.36020274
0.81610742 0.52923682 0.5145014  0.31698752 0.11695508 0.40874182  0.55586172 0.52420934 0.3597023  0.34847664 0.34742424 0.57832573  0.58851215 0.49921368 0.84279582 0.35170824
0.81610742 0.52923682 0.5145014  0.31698752 0.11695508 0.40874182  0.55586172 0.52420934 0.3597023  0.34847664 0.34742424 0.57832573  0.58851215 0.49921368 0.84279582 0.35170824
0.82199916 0.54192786 0.54873849 0.31369094 0.11283499 0.39496683  0.57137387 0.51416205 0.37230708 0.32394164 0.32005096 0.53832515  0.55117388 0.51872412 0.82633252 0.37491331
0.82199916 0.54192786 0.54873849 0.31369094 0.11283499 0.39496683  0.57137387 0.51416205 0.37230708 0.32394164 0.32005096 0.53832515  0.55117388 0.51872412 0.82633252 0.37491331
0.83037424 0.51656835 0.5558398  0.35083904 0.10160642 0.37028346  0.58489038 0.51809926 0.37752162 0.37835521 0.41851393 0.56971687  0.56392682 0.53534136 0.78754318 0.45717753
0.83037424 0.51656835 0.5558398  0.35083904 0.10160642 0.37028346  0.58489038 0.51809926 0.37752162 0.37835521 0.41851393 0.56971687  0.56392682 0.53534136 0.78754318 0.45717753
0.83037424 0.51656835 0.5558398  0.35083904 0.10160642 0.37028346  0.58489038 0.51809926 0.37752162 0.37835521 0.41851393 0.56971687  0.56392682 0.53534136 0.78754318 0.45717753
0.83037424 0.51656835 0.5558398  0.35083904 0.10160642 0.37028346  0.58489038 0.51809926 0.37752162 0.37835521 0.41851393 0.56971687  0.56392682 0.53534136 0.78754318 0.45717753
0.8244825  0.50387731 0.5216027  0.35413561 0.10572651 0.38405845  0.56937823 0.52814655 0.36491685 0.40289021 0.44588721 0.60971746  0.60126509 0.51583092 0.80400647 0.43397246
0.82626043 0.50078651 0.52498847 0.36066101 0.08587889 0.37062167  0.58651976 0.5192128  0.36618017 0.37109332 0.45170893 0.62665341  0.58953459 0.51094205 0.8018675  0.48495767
0.84585056 0.41738053 0.47696269 0.36572228 0.12452458 0.33533639  0.49838414 0.46807876 0.41681781 0.34653792 0.56450541 0.62824075  0.60143972 0.39239814 0.65019213 0.39942531
0.85881973 0.38235892 0.46708795 0.35961305 0.13666787 0.30711848  0.49236274 0.4048024  0.46767406 0.38512198 0.51598245 0.58993007  0.60952305 0.36713879 0.60883689 0.33411572
0.87124879 0.3493931  0.45546148 0.36295362 0.15615913 0.30182737  0.46697801 0.3204311  0.48361528 0.38747533 0.47304372 0.59705524  0.63275975 0.33331706 0.61980237 0.30570476
0.84434213 0.32135668 0.32125115 0.32584525 0.18084895 0.36726112  0.38682873 0.38006047 0.40504027 0.52534005 0.52764836 0.6592367  0.6644573  0.44017986 0.49803387 0.20184023
0.83519444 0.3158641  0.28397686 0.3080795  0.20420253 0.37798507  0.38678336 0.40783553 0.41470383 0.55321399 0.51109658 0.6448888  0.62800804 0.39552348 0.52851933 0.18427065
0.83519444 0.3158641  0.28397686 0.3080795  0.20420253 0.37798507  0.38678336 0.40783553 0.41470383 0.55321399 0.51109658 0.6448888  0.62800804 0.39552348 0.52851933 0.18427065
0.80641966 0.34590208 0.20667078 0.21937233 0.26517161 0.43930032  0.34645969 0.43447165 0.43417024 0.48675427 0.36128741 0.56947474  0.52247962 0.35553868 0.54680203 0.15241702
0.77045293 0.38261378 0.11810865 0.13503757 0.33883886 0.48945744  0.34555663 0.43957064 0.56631317 0.37898498 0.25354133 0.50240491  0.4553934  0.28566417 0.47715708 0.3362237 
0.75500101 0.3959788  0.09496858 0.12721651 0.36291236 0.47253131  0.39032606 0.42928219 0.61687182 0.36024464 0.29584427 0.49735479  0.46131689 0.29342549 0.53318046 0.40450296
0.74259513 0.43134932 0.10147678 0.12277353 0.34690923 0.49611053  0.42778048 0.44379952 0.59194669 0.38730686 0.23314702 0.52190563  0.48136398 0.35534509 0.62720503 0.43155854
0.6535038  0.58980348 0.07814199 0.19222219 0.36805135 0.53923884  0.61887618 0.363063   0.57583067 0.36059847 0.36283591 0.50032897  0.6960161  0.58273737 0.67465468 0.49952961
0.64107473 0.6227693  0.08976846 0.18888162 0.34856009 0.54452995  0.64426091 0.44743431 0.55988945 0.35824512 0.40577464 0.49320379  0.6727794  0.6165591  0.6636892  0.52794057
0.61031365 0.68104394 0.0935197  0.24401687 0.33812389 0.59641778  0.678604   0.40741932 0.49008781 0.40035803 0.39388915 0.48627545  0.69111469 0.58988003 0.62193646 0.51685878
0.62502497 0.64886439 0.08860489 0.22196503 0.34818404 0.56371892  0.65796651 0.39090538 0.53667355 0.37644778 0.39896013 0.49116292  0.69093629 0.63949091 0.60235489 0.51566047
0.6535038  0.58980348 0.07814199 0.19222219 0.36805135 0.53923884  0.61887618 0.363063   0.57583067 0.36059847 0.36283591 0.50032897  0.6960161  0.58273737 0.67465468 0.49952961
0.69938187 0.52035986 0.08962278 0.14857676 0.35412434 0.55325451  0.52734666 0.38823535 0.58347375 0.37865781 0.2490522  0.52128648  0.69713135 0.51737403 0.61175442 0.48566325
0.74029831 0.42236503 0.08253112 0.13001876 0.3795643  0.48711557  0.42582677 0.38781866 0.64367133 0.33700756 0.31734034 0.49028625  0.57951604 0.35658439 0.49608563 0.425364  
0.75500101 0.3959788  0.09496858 0.12721651 0.36291236 0.47253131  0.39032606 0.42928219 0.61687182 0.36024464 0.29584427 0.49735479  0.46131689 0.29342549 0.53318046 0.40450296
0.80085895 0.26496556 0.10028839 0.31649515 0.4347067  0.59436451  0.33146015 0.42957517 0.40053535 0.39848443 0.31854969 0.29215966  0.47450926 0.29298489 0.54574744 0.53316816
0.82865172 0.21956948 0.15400708 0.40849608 0.40586141 0.57720889  0.36375512 0.46067015 0.32642653 0.49173691 0.37502996 0.33599436  0.46109293 0.38042983 0.60763395 0.41728203
0.84840698 0.18921834 0.1955986  0.4724183  0.36428087 0.53707517  0.37742984 0.45017652 0.29644845 0.56651807 0.51456115 0.40165086  0.52016824 0.45177408 0.54386266 0.46429767
0.87416892 0.13016416 0.2386352  0.63512501 0.38074002 0.56218423  0.5063434  0.48691897 0.38814047 0.59248855 0.5234321  0.48873568  0.61431625 0.38257777 0.50823424 0.46692054
0.95252879 0.24974623 0.66883419 0.66959426 0.53904406 0.45411506  0.68393471 0.40183294 0.67276789 0.51289136 0.30280108 0.2005615  0.54583177 0.37756114 0.46943064 0.51761687
0.95293485 0.24899225 0.67033028 0.67290194 0.54127809 0.45248008  0.69261401 0.40602906 0.69013189 0.51741791 0.29810816 0.20249893  0.53915715 0.37087871 0.45459377 0.52803475
0.94978059 0.2333746  0.64085566 0.68595617 0.49921678 0.43673217  0.71024196 0.40934109 0.70325136 0.52934787 0.30435033 0.21347282  0.55947881 0.36371402 0.4596602  0.5508344 
0.94487922 0.25472456 0.64478869 0.63924368 0.47459476 0.40000035  0.68809458 0.38683951 0.71772611 0.54272275 0.32392141 0.23005189  0.55752768 0.35162929 0.41815677 0.56676162
0.93150087 0.22886915 0.56482268 0.63275842 0.40093533 0.38379184  0.6749617  0.39915411 0.68300169 0.6330523  0.36763176 0.23856598  0.62142797 0.31086591 0.46744911 0.53853828
0.93028839 0.23463133 0.56478098 0.61373931 0.39290677 0.37171654  0.65223416 0.38154107 0.65908193 0.64778341 0.38983036 0.21029768  0.64514102 0.28531493 0.5010166  0.56537533
0.89677303 0.17492577 0.37331613 0.60415604 0.332764   0.42084066  0.56612186 0.42925881 0.53588147 0.74274791 0.52848604 0.39132418  0.6980242  0.31923977 0.47762131 0.54533867
0.87724097 0.195921   0.32766392 0.54965461 0.31893589 0.41897111  0.54973078 0.45049293 0.53573561 0.71412517 0.53205177 0.47757796  0.66299552 0.28402185 0.48341921 0.48427684
0.86381685 0.23872625 0.32422672 0.47454545 0.25644406 0.37368502  0.5139712  0.41966668 0.53559212 0.66503991 0.56146021 0.57498266  0.65387377 0.26534547 0.4827911  0.47170622
0.86381685 0.23872625 0.32422672 0.47454545 0.25644406 0.37368502  0.5139712  0.41966668 0.53559212 0.66503991 0.56146021 0.57498266  0.65387377 0.26534547 0.4827911  0.47170622
0.84528455 0.24733886 0.25398796 0.40402689 0.27048069 0.42090266  0.40606072 0.42294164 0.4119124  0.6331611  0.56309832 0.55356487  0.59357533 0.40490685 0.42789867 0.42043753
0.82607809 0.28185233 0.22109607 0.33094357 0.28054212 0.42080408  0.40851765 0.44357706 0.48659817 0.5969402  0.48521621 0.56821113  0.55222713 0.32509139 0.47573743 0.37362019
0.81398219 0.28986531 0.18874992 0.30097776 0.30394786 0.42538813  0.41499813 0.45869508 0.53651944 0.59245022 0.46101338 0.55088134  0.48891517 0.30386883 0.47169766 0.45253938
0.81398219 0.28986531 0.18874992 0.30097776 0.30394786 0.42538813  0.41499813 0.45869508 0.53651944 0.59245022 0.46101338 0.55088134  0.48891517 0.30386883 0.47169766 0.45253938
0.80990599 0.30039116 0.17864326 0.27366126 0.30098763 0.44485237  0.36874383 0.45553228 0.45553373 0.55164914 0.44960254 0.53207554  0.46617427 0.37776033 0.50055839 0.38130875
0.81766719 0.27028674 0.17131643 0.31710631 0.32774615 0.47889825  0.36183044 0.44978568 0.41195265 0.54580464 0.44960956 0.47619479  0.4831404  0.35539601 0.55649026 0.40134825
0.81766719 0.27028674 0.17131643 0.31710631 0.32774615 0.47889825  0.36183044 0.44978568 0.41195265 0.54580464 0.44960956 0.47619479  0.4831404  0.35539601 0.55649026 0.40134825
0.81766719 0.27028674 0.17131643 0.31710631 0.32774615 0.47889825  0.36183044 0.44978568 0.41195265 0.54580464 0.44960956 0.47619479  0.4831404  0.35539601 0.55649026 0.40134825
0.80341226 0.25881068 0.10636731 0.34535822 0.42914971 0.59257456  0.3967079  0.47246256 0.48554041 0.41680157 0.31015756 0.38520903  0.46881574 0.35029375 0.55216517 0.47990533
0.79503718 0.2841702  0.099266   0.30821013 0.44037828 0.61725794  0.38319139 0.46852535 0.48032586 0.362388   0.21169459 0.3538173  0.4560628  0.33367651 0.59095452 0.39764111
0.77958526 0.29753521 0.07612593 0.30038907 0.46445178 0.60033181  0.42796082 0.45823691 0.53088451 0.34364766 0.25399752 0.34876719  0.4619863  0.34143784 0.6469779  0.46592038
0.77958526 0.29753521 0.07612593 0.30038907 0.46445178 0.60033181  0.42796082 0.45823691 0.53088451 0.34364766 0.25399752 0.34876719  0.4619863  0.34143784 0.6469779  0.46592038
0.77237811 0.3256996  0.0789086  0.25328243 0.44081293 0.57468043  0.42567367 0.45623151 0.56465684 0.32867638 0.23994253 0.40022833  0.46773263 0.31461087 0.65039242 0.39821207
0.74134757 0.4041537  0.07547662 0.21400972 0.42004554 0.58442644  0.47371737 0.40820936 0.5584184  0.34252837 0.22580435 0.42361596  0.62316945 0.40089639 0.71104083 0.45712734
0.64471685 0.54597324 0.04491397 0.24711559 0.43660447 0.45485053  0.57435893 0.14724179 0.66286866 0.35375389 0.43801361 0.49394884  0.59212676 0.51612949 0.6061019  0.41524588
0.60087978 0.6395923  0.05594569 0.30492914 0.4076458  0.53221942  0.64387106 0.15389081 0.55474973 0.41789498 0.40340217 0.50088291  0.6158481  0.52656429 0.63846324 0.4394358 
0.50160613 0.72736696 0.06957837 0.44421326 0.424064   0.44486029  0.65750952 0.22566477 0.42696115 0.43345063 0.48688913 0.4729652  0.37935823 0.43468683 0.56464215 0.34744558
0.42763745 0.72304844 0.08395216 0.56045416 0.45462243 0.33024262  0.52189295 0.23433033 0.42060484 0.47399573 0.35574592 0.51798041  0.27171785 0.42399353 0.62678009 0.35033637
0.26970184 0.65284095 0.15834769 0.54751073 0.47048107 0.1738879  0.59303276 0.47230327 0.18105801 0.40155921 0.23582404 0.49211276  0.4649824  0.33793013 0.36790557 0.46027757
0.14177233 0.52737115 0.24359306 0.51359227 0.42499371 0.26138865  0.51231647 0.48708271 0.24243284 0.40493506 0.16535205 0.49955523  0.59683489 0.31565463 0.29997593 0.5620804 
0.0712766  0.46501237 0.29700545 0.49174133 0.38327848 0.36767898  0.43732918 0.51908763 0.38978412 0.36749229 0.30925158 0.45357909  0.6468312  0.34507545 0.28261673 0.50303593
0.01779563 0.38669558 0.33863985 0.42004769 0.35385851 0.46460162  0.48109267 0.47190843 0.43452283 0.38595027 0.3992976  0.44733029  0.52908455 0.38078184 0.39373238 0.44873962
0.01779563 0.38669558 0.33863985 0.42004769 0.35385851 0.46460162  0.48109267 0.47190843 0.43452283 0.38595027 0.3992976  0.44733029  0.52908455 0.38078184 0.39373238 0.44873962
0.00039479 0.36283831 0.35232302 0.39930133 0.34523319 0.50234819  0.48417291 0.45702496 0.47508945 0.39693445 0.45000532 0.44589633  0.47476172 0.42761975 0.50206904 0.41641874
0.00039479 0.36283831 0.35232302 0.39930133 0.34523319 0.50234819  0.48417291 0.45702496 0.47508945 0.39693445 0.45000532 0.44589633  0.47476172 0.42761975 0.50206904 0.41641874
0.00039479 0.36283831 0.35232302 0.39930133 0.34523319 0.50234819  0.48417291 0.45702496 0.47508945 0.39693445 0.45000532 0.44589633  0.47476172 0.42761975 0.50206904 0.41641874
0.00039479 0.36283831 0.35232302 0.39930133 0.34523319 0.50234819  0.48417291 0.45702496 0.47508945 0.39693445 0.45000532 0.44589633  0.47476172 0.42761975 0.50206904 0.41641874
0.00039479 0.36283831 0.35232302 0.39930133 0.34523319 0.50234819  0.48417291 0.45702496 0.47508945 0.39693445 0.45000532 0.44589633  0.47476172 0.42761975 0.50206904 0.41641874
0.00039479 0.36283831 0.35232302 0.39930133 0.34523319 0.50234819  0.48417291 0.45702496 0.47508945 0.39693445 0.45000532 0.44589633  0.47476172 0.42761975 0.50206904 0.41641874
0.00039479 0.36283831 0.35232302 0.39930133 0.34523319 0.50234819  0.48417291 0.45702496 0.47508945 0.39693445 0.45000532 0.44589633  0.47476172 0.42761975 0.50206904 0.41641874
0.00039479 0.36283831 0.35232302 0.39930133 0.34523319 0.50234819  0.48417291 0.45702496 0.47508945 0.39693445 0.45000532 0.44589633  0.47476172 0.42761975 0.50206904 0.41641874
0.00039479 0.36283831 0.35232302 0.39930133 0.34523319 0.50234819  0.48417291 0.45702496 0.47508945 0.39693445 0.45000532 0.44589633  0.47476172 0.42761975 0.50206904 0.41641874
0.00039479 0.36283831 0.35232302 0.39930133 0.34523319 0.50234819  0.48417291 0.45702496 0.47508945 0.39693445 0.45000532 0.44589633  0.47476172 0.42761975 0.50206904 0.41641874
0.00039479 0.36283831 0.35232302 0.39930133 0.34523319 0.50234819  0.48417291 0.45702496 0.47508945 0.39693445 0.45000532 0.44589633  0.47476172 0.42761975 0.50206904 0.41641874
0.00039479 0.36283831 0.35232302 0.39930133 0.34523319 0.50234819  0.48417291 0.45702496 0.47508945 0.39693445 0.45000532 0.44589633  0.47476172 0.42761975 0.50206904 0.41641874
0.00039479 0.36283831 0.35232302 0.39930133 0.34523319 0.50234819  0.48417291 0.45702496 0.47508945 0.39693445 0.45000532 0.44589633  0.47476172 0.42761975 0.50206904 0.41641874
0.00039479 0.36283831 0.35232302 0.39930133 0.34523319 0.50234819  0.48417291 0.45702496 0.47508945 0.39693445 0.45000532 0.44589633  0.47476172 0.42761975 0.50206904 0.41641874
0.00039479 0.36283831 0.35232302 0.39930133 0.34523319 0.50234819  0.48417291 0.45702496 0.47508945 0.39693445 0.45000532 0.44589633  0.47476172 0.42761975 0.50206904 0.41641874
0.00039479 0.36283831 0.35232302 0.39930133 0.34523319 0.50234819  0.48417291 0.45702496 0.47508945 0.39693445 0.45000532 0.44589633  0.47476172 0.42761975 0.50206904 0.41641874
0.00039479 0.36283831 0.35232302 0.39930133 0.34523319 0.50234819  0.48417291 0.45702496 0.47508945 0.39693445 0.45000532 0.44589633  0.47476172 0.42761975 0.50206904 0.41641874
0.00039479 0.36283831 0.35232302 0.39930133 0.34523319 0.50234819  0.48417291 0.45702496 0.47508945 0.39693445 0.45000532 0.44589633  0.47476172 0.42761975 0.50206904 0.41641874
0.00039479 0.36283831 0.35232302 0.39930133 0.34523319 0.50234819  0.48417291 0.45702496 0.47508945 0.39693445 0.45000532 0.44589633  0.47476172 0.42761975 0.50206904 0.41641874
0.00039479 0.36283831 0.35232302 0.39930133 0.34523319 0.50234819  0.48417291 0.45702496 0.47508945 0.39693445 0.45000532 0.44589633  0.47476172 0.42761975 0.50206904 0.41641874
0.00039479 0.36283831 0.35232302 0.39930133 0.34523319 0.50234819  0.48417291 0.45702496 0.47508945 0.39693445 0.45000532 0.44589633  0.47476172 0.42761975 0.50206904 0.41641874
0.00039479 0.36283831 0.35232302 0.39930133 0.34523319 0.50234819  0.48417291 0.45702496 0.47508945 0.39693445 0.45000532 0.44589633  0.47476172 0.42761975 0.50206904 0.41641874
