0.01790387 0.3898545  0.33817562 0.42642862 0.35681041 0.46717525  0.46152885 0.47694295 0.46991849 0.39350101 0.41724602 0.4497633  0.51968443 0.43336993 0.49846349 0.44236435
0.01790387 0.3898545  0.33817562 0.42642862 0.35681041 0.46717525  0.46152885 0.47694295 0.46991849 0.39350101 0.41724602 0.4497633  0.51968443 0.43336993 0.49846349 0.44236435
0.01790387 0.3898545  0.33817562 0.42642862 0.35681041 0.46717525  0.46152885 0.47694295 0.46991849 0.39350101 0.41724602 0.4497633  0.51968443 0.43336993 0.49846349 0.44236435
0.01790387 0.3898545  0.33817562 0.42642862 0.35681041 0.46717525  0.46152885 0.47694295 0.46991849 0.39350101 0.41724602 0.4497633  0.51968443 0.43336993 0.49846349 0.44236435
0.01790387 0.3898545  0.33817562 0.42642862 0.35681041 0.46717525  0.46152885 0.47694295 0.46991849 0.39350101 0.41724602 0.4497633  0.51968443 0.43336993 0.49846349 0.44236435
0.01790387 0.3898545  0.33817562 0.42642862 0.35681041 0.46717525  0.46152885 0.47694295 0.46991849 0.39350101 0.41724602 0.4497633  0.51968443 0.43336993 0.49846349 0.44236435
0.01790387 0.3898545  0.33817562 0.42642862 0.35681041 0.46717525  0.46152885 0.47694295 0.46991849 0.39350101 0.41724602 0.4497633  0.51968443 0.43336993 0.49846349 0.44236435
0.01790387 0.3898545  0.33817562 0.42642862 0.35681041 0.46717525  0.46152885 0.47694295 0.46991849 0.39350101 0.41724602 0.4497633  0.51968443 0.43336993 0.49846349 0.44236435
0.01790387 0.3898545  0.33817562 0.42642862 0.35681041 0.46717525  0.46152885 0.47694295 0.46991849 0.39350101 0.41724602 0.4497633  0.51968443 0.43336993 0.49846349 0.44236435
0.01790387 0.3898545  0.33817562 0.42642862 0.35681041 0.46717525  0.46152885 0.47694295 0.46991849 0.39350101 0.41724602 0.4497633  0.51968443 0.43336993 0.49846349 0.44236435
0.01790387 0.3898545  0.33817562 0.42642862 0.35681041 0.46717525  0.46152885 0.47694295 0.46991849 0.39350101 0.41724602 0.4497633  0.51968443 0.43336993 0.49846349 0.44236435
0.01790387 0.3898545  0.33817562 0.42642862 0.35681041 0.46717525  0.46152885 0.47694295 0.46991849 0.39350101 0.41724602 0.4497633  0.51968443 0.43336993 0.49846349 0.44236435
0.01790387 0.3898545  0.33817562 0.42642862 0.35681041 0.46717525  0.46152885 0.47694295 0.46991849 0.39350101 0.41724602 0.4497633  0.51968443 0.43336993 0.49846349 0.44236435
0.01790387 0.3898545  0.33817562 0.42642862 0.35681041 0.46717525  0.46152885 0.47694295 0.46991849 0.39350101 0.41724602 0.4497633  0.51968443 0.43336993 0.49846349 0.44236435
0.00039479 0.36283831 0.35232302 0.39930133 0.34523319 0.50234819  0.48417291 0.45702496 0.47508945 0.39693445 0.45000532 0.44589633  0.47476172 0.42761975 0.50206904 0.41641874
0.00039479 0.36283831 0.35232302 0.39930133 0.34523319 0.50234819  0.48417291 0.45702496 0.47508945 0.39693445 0.45000532 0.44589633  0.47476172 0.42761975 0.50206904 0.41641874
0.00039479 0.36283831 0.35232302 0.39930133 0.34523319 0.50234819  0.48417291 0.45702496 0.47508945 0.39693445 0.45000532 0.44589633  0.47476172 0.42761975 0.50206904 0.41641874
0.00039479 0.36283831 0.35232302 0.39930133 0.34523319 0.50234819  0.48417291 0.45702496 0.47508945 0.39693445 0.45000532 0.44589633  0.47476172 0.42761975 0.50206904 0.41641874
0.00039479 0.36283831 0.35232302 0.39930133 0.34523319 0.50234819  0.48417291 0.45702496 0.47508945 0.39693445 0.45000532 0.44589633  0.47476172 0.42761975 0.50206904 0.41641874
0.00039479 0.36283831 0.35232302 0.39930133 0.34523319 0.50234819  0.48417291 0.45702496 0.47508945 0.39693445 0.45000532 0.44589633  0.47476172 0.42761975 0.50206904 0.41641874
0.00039479 0.36283831 0.35232302 0.39930133 0.34523319 0.50234819  0.48417291 0.45702496 0.47508945 0.39693445 0.45000532 0.44589633  0.47476172 0.42761975 0.50206904 0.41641874
0.00039479 0.36283831 0.35232302 0.39930133 0.34523319 0.50234819  0.48417291 0.45702496 0.47508945 0.39693445 0.45000532 0.44589633  0.47476172 0.42761975 0.50206904 0.41641874
0.00039479 0.36283831 0.35232302 0.39930133 0.34523319 0.50234819  0.48417291 0.45702496 0.47508945 0.39693445 0.45000532 0.44589633  0.47476172 0.42761975 0.50206904 0.41641874
0.00039479 0.36283831 0.35232302 0.39930133 0.34523319 0.50234819  0.48417291 0.45702496 0.47508945 0.39693445 0.45000532 0.44589633  0.47476172 0.42761975 0.50206904 0.41641874
0.00039479 0.36283831 0.35232302 0.39930133 0.34523319 0.50234819  0.48417291 0.45702496 0.47508945 0.39693445 0.45000532 0.44589633  0.47476172 0.42761975 0.50206904 0.41641874
0.00039479 0.36283831 0.35232302 0.39930133 0.34523319 0.50234819  0.48417291 0.45702496 0.47508945 0.39693445 0.45000532 0.44589633  0.47476172 0.42761975 0.50206904 0.41641874
0.00039479 0.36283831 0.35232302 0.39930133 0.34523319 0.50234819  0.48417291 0.45702496 0.47508945 0.39693445 0.45000532 0.44589633  0.47476172 0.42761975 0.50206904 0.41641874
0.00039479 0.36283831 0.35232302 0.39930133 0.34523319 0.50234819  0.48417291 0.45702496 0.47508945 0.39693445 0.45000532 0.44589633  0.47476172 0.42761975 0.50206904 0.41641874
0.00039479 0.36283831 0.35232302 0.39930133 0.34523319 0.50234819  0.48417291 0.45702496 0.47508945 0.39693445 0.45000532 0.44589633  0.47476172 0.42761975 0.50206904 0.41641874
0.00039479 0.36283831 0.35232302 0.39930133 0.34523319 0.50234819  0.48417291 0.45702496 0.47508945 0.39693445 0.45000532 0.44589633  0.47476172 0.42761975 0.50206904 0.41641874
0.00039479 0.36283831 0.35232302 0.39930133 0.34523319 0.50234819  0.48417291 0.45702496 0.47508945 0.39693445 0.45000532 0.44589633  0.47476172 0.42761975 0.50206904 0.41641874
0.00039479 0.36283831 0.35232302 0.39930133 0.34523319 0.50234819  0.48417291 0.45702496 0.47508945 0.39693445 0.45000532 0.44589633  0.47476172 0.42761975 0.50206904 0.41641874
0.00039479 0.36283831 0.35232302 0.39930133 0.34523319 0.50234819  0.48417291 0.45702496 0.47508945 0.39693445 0.45000532 0.44589633  0.47476172 0.42761975 0.50206904 0.41641874
0.00039479 0.36283831 0.35232302 0.39930133 0.34523319 0.50234819  0.48417291 0.45702496 0.47508945 0.39693445 0.45000532 0.44589633  0.47476172 0.42761975 0.50206904 0.41641874
0.01790387 0.3898545  0.33817562 0.42642862 0.35681041 0.46717525  0.46152885 0.47694295 0.46991849 0.39350101 0.41724602 0.4497633  0.51968443 0.43336993 0.49846349 0.44236435
0.03525649 0.41685964 0.32437467 0.45347996 0.36854765 0.43569141  0.43485985 0.4975719  0.47652552 0.39120509 0.39620065 0.45304628  0.55757342 0.45566594 0.52722734 0.46096477
0.05357196 0.4426501  0.31126372 0.47372404 0.37603629 0.41875523  0.42072775 0.50444347 0.48490619 0.39013906 0.40420374 0.45185212  0.54462992 0.46722303 0.55234375 0.44813721
0.07199408 0.46750629 0.29903328 0.49138657 0.38027929 0.41293245  0.4035884  0.51021345 0.51278795 0.38975802 0.43502408 0.44711343  0.51975164 0.49561098 0.60671087 0.42131372
0.08964684 0.49485247 0.28501929 0.51844865 0.3914583  0.38170643  0.37853114 0.52945821 0.51669095 0.38770116 0.41308523 0.45034598  0.55486718 0.50910823 0.62252298 0.43846357
0.16199955 0.59790749 0.23181103 0.60580881 0.42230525 0.28999221  0.31628797 0.57828221 0.51086226 0.37532523 0.36619896 0.45479497  0.62359387 0.50191356 0.59108676 0.45937972
0.23505122 0.68981724 0.18448225 0.66316525 0.43656593 0.25139071  0.28929851 0.59671048 0.52922757 0.35229296 0.41794994 0.43459076  0.61186048 0.50053926 0.5503742  0.39540535
0.27230287 0.73267769 0.16547083 0.68332028 0.43003633 0.28129444  0.27429226 0.57383444 0.55875287 0.38318526 0.44123623 0.44755586  0.5143895  0.4866367  0.6130834  0.38891645
0.3096006  0.75888425 0.14743648 0.66666134 0.42476793 0.30648061  0.33841456 0.52775907 0.51323169 0.38782252 0.48224562 0.44034132  0.39502861 0.4379348  0.54581215 0.34446138
0.3096006  0.75888425 0.14743648 0.66666134 0.42476793 0.30648061  0.33841456 0.52775907 0.51323169 0.38782252 0.48224562 0.44034132  0.39502861 0.4379348  0.54581215 0.34446138
0.3473531  0.78052536 0.13249051 0.63356182 0.4144403  0.34998594  0.41787634 0.49011543 0.48206749 0.3709127  0.57415294 0.41392916  0.31551688 0.40074596 0.45783766 0.2792465 
0.3473531  0.78052536 0.13249051 0.63356182 0.4144403  0.34998594  0.41787634 0.49011543 0.48206749 0.3709127  0.57415294 0.41392916  0.31551688 0.40074596 0.45783766 0.2792465 
0.38476636 0.80404214 0.12808002 0.61669648 0.37872055 0.46591697  0.40990156 0.44454303 0.53931046 0.41345667 0.59628828 0.4278566  0.29084421 0.37917439 0.46403317 0.33191377
0.45688719 0.80144088 0.09522911 0.50276301 0.38629372 0.48022438  0.63166906 0.37223548 0.39443541 0.4324371  0.58077569 0.44300822  0.29195173 0.35548991 0.43343301 0.37392031
0.51063446 0.78752363 0.0882966  0.41029067 0.37272032 0.54616975  0.70739643 0.38563215 0.40662178 0.43244602 0.58982791 0.44134334  0.41918407 0.42158995 0.52790212 0.43021969
0.56324047 0.75110964 0.09211211 0.30418254 0.34843496 0.59677457  0.7318537  0.49777815 0.44141285 0.39386804 0.58813656 0.42747788  0.60811379 0.45263783 0.56700873 0.50068664
0.62964615 0.67993392 0.12824543 0.21117154 0.29032701 0.64523296  0.62443677 0.6825204  0.42065696 0.40086651 0.42113481 0.45573688  0.62286445 0.37810761 0.55117293 0.53012125
0.65939145 0.61739832 0.11789766 0.16476445 0.30831447 0.58913106  0.59311649 0.61900194 0.50625019 0.37158944 0.38155683 0.4828665  0.64249601 0.50678714 0.57000667 0.53846378
0.74029831 0.42236503 0.08253112 0.13001876 0.3795643  0.48711557  0.42582677 0.38781866 0.64367133 0.33700756 0.31734034 0.49028625  0.57951604 0.35658439 0.49608563 0.425364  
0.74029831 0.42236503 0.08253112 0.13001876 0.3795643  0.48711557  0.42582677 0.38781866 0.64367133 0.33700756 0.31734034 0.49028625  0.57951604 0.35658439 0.49608563 0.425364  
0.77045293 0.38261378 0.11810865 0.13503757 0.33883886 0.48945744  0.34555663 0.43957064 0.56631317 0.37898498 0.25354133 0.50240491  0.4553934  0.28566417 0.47715708 0.3362237 
0.79836514 0.30834164 0.13683707 0.25089606 0.35605151 0.51825577  0.33020938 0.43340806 0.43591683 0.43865828 0.3355641  0.42664998  0.45118361 0.32813837 0.51585768 0.40196928
0.82155877 0.22496015 0.13504327 0.37974748 0.39364172 0.54888465  0.33915795 0.439301   0.35842779 0.50256249 0.46221453 0.35258824  0.47106043 0.3493522  0.51258363 0.57907255
0.82155877 0.22496015 0.13504327 0.37974748 0.39364172 0.54888465  0.33915795 0.439301   0.35842779 0.50256249 0.46221453 0.35258824  0.47106043 0.3493522  0.51258363 0.57907255
0.82646014 0.2036102  0.13111024 0.42645998 0.41826373 0.58561648  0.36130532 0.46180257 0.34395303 0.4891876  0.44264345 0.33600916  0.47301156 0.36143693 0.55408706 0.56314534
0.82646014 0.2036102  0.13111024 0.42645998 0.41826373 0.58561648  0.36130532 0.46180257 0.34395303 0.4891876  0.44264345 0.33600916  0.47301156 0.36143693 0.55408706 0.56314534
0.83800622 0.18955737 0.15967265 0.45472469 0.39783864 0.56083988  0.37450758 0.46603299 0.30905349 0.54280243 0.48098483 0.35671236  0.49298758 0.37033881 0.6140667  0.49461768
0.83800622 0.18955737 0.15967265 0.45472469 0.39783864 0.56083988  0.37450758 0.46603299 0.30905349 0.54280243 0.48098483 0.35671236  0.49298758 0.37033881 0.6140667  0.49461768
0.84370017 0.16607993 0.15343679 0.49971359 0.42756449 0.60052565  0.39185715 0.47765297 0.29230676 0.52710552 0.45213906 0.32137197  0.49962778 0.37509553 0.67906545 0.47928594
0.84370017 0.16607993 0.15343679 0.49971359 0.42756449 0.60052565  0.39185715 0.47765297 0.29230676 0.52710552 0.45213906 0.32137197  0.49962778 0.37509553 0.67906545 0.47928594
0.83215408 0.18013276 0.12487438 0.47144887 0.44798957 0.62530225  0.37865489 0.47342255 0.32720631 0.47349069 0.41379768 0.30066878  0.47965175 0.36619364 0.61908581 0.54781359
0.83215408 0.18013276 0.12487438 0.47144887 0.44798957 0.62530225  0.37865489 0.47342255 0.32720631 0.47349069 0.41379768 0.30066878  0.47965175 0.36619364 0.61908581 0.54781359
0.83215408 0.18013276 0.12487438 0.47144887 0.44798957 0.62530225  0.37865489 0.47342255 0.32720631 0.47349069 0.41379768 0.30066878  0.47965175 0.36619364 0.61908581 0.54781359
0.79600235 0.23350319 0.06697943 0.40037547 0.51312806 0.65385598  0.41572653 0.45340828 0.41987252 0.35067229 0.31243578 0.23519009  0.48902407 0.31758766 0.70827301 0.57018847
0.79600235 0.23350319 0.06697943 0.40037547 0.51312806 0.65385598  0.41572653 0.45340828 0.41987252 0.35067229 0.31243578 0.23519009  0.48902407 0.31758766 0.70827301 0.57018847
0.69961793 0.45428365 0.04734209 0.23660331 0.44767226 0.51051726  0.50665131 0.21938125 0.62676214 0.30036462 0.42622205 0.40801061  0.70169646 0.43147083 0.53295102 0.42588988
0.69185673 0.48438806 0.05466892 0.19315826 0.42091374 0.47647138  0.51356471 0.22512786 0.67034322 0.30620912 0.42621503 0.46389136  0.68473032 0.45383515 0.47701915 0.40585038
0.59981341 0.60029443 0.06981416 0.24868319 0.40009293 0.53863478  0.67213    0.21318439 0.52540686 0.39904125 0.37425605 0.49536835  0.6970183  0.51113576 0.59662847 0.48994739
0.19910333 0.54406532 0.2155541  0.43753705 0.42312825 0.32089514  0.68372174 0.38774161 0.20574181 0.42405497 0.35867948 0.4787231  0.28116842 0.30745634 0.37503005 0.39840228
0.14416024 0.5208453  0.24838805 0.48566331 0.40738367 0.33003858  0.54761508 0.43772695 0.27775057 0.42070833 0.2811257  0.48936562  0.41156348 0.31361211 0.37022759 0.47109934
0.14416024 0.5208453  0.24838805 0.48566331 0.40738367 0.33003858  0.54761508 0.43772695 0.27775057 0.42070833 0.2811257  0.48936562  0.41156348 0.31361211 0.37022759 0.47109934
0.05336775 0.43914143 0.31083182 0.46832666 0.37416152 0.39938838  0.45143619 0.50292086 0.40448693 0.37548598 0.33684065 0.45259001  0.60541605 0.3574237  0.32371238 0.49045415
0.03530472 0.41371177 0.32449245 0.44717499 0.36543573 0.42942868  0.4584486  0.49182641 0.42935187 0.38251683 0.3665383  0.45119726  0.57400726 0.38653202 0.39012683 0.47468522
0.00039479 0.36283831 0.35232302 0.39930133 0.34523319 0.50234819  0.48417291 0.45702496 0.47508945 0.39693445 0.45000532 0.44589633  0.47476172 0.42761975 0.50206904 0.41641874
0.00039479 0.36283831 0.35232302 0.39930133 0.34523319 0.50234819  0.48417291 0.45702496 0.47508945 0.39693445 0.45000532 0.44589633  0.47476172 0.42761975 0.50206904 0.41641874
0.00039479 0.36283831 0.35232302 0.39930133 0.34523319 0.50234819  0.48417291 0.45702496 0.47508945 0.39693445 0.45000532 0.44589633  0.47476172 0.42761975 0.50206904 0.41641874
0.00039479 0.36283831 0.35232302 0.39930133 0.34523319 0.50234819  0.48417291 0.45702496 0.47508945 0.39693445 0.45000532 0.44589633  0.47476172 0.42761975 0.50206904 0.41641874
0.00039479 0.36283831 0.35232302 0.39930133 0.34523319 0.50234819  0.48417291 0.45702496 0.47508945 0.39693445 0.45000532 0.44589633  0.47476172 0.42761975 0.50206904 0.41641874
0.00039479 0.36283831 0.35232302 0.39930133 0.34523319 0.50234819  0.48417291 0.45702496 0.47508945 0.39693445 0.45000532 0.44589633  0.47476172 0.42761975 0.50206904 0.41641874
0.00039479 0.36283831 0.35232302 0.39930133 0.34523319 0.50234819  0.48417291 0.45702496 0.47508945 0.39693445 0.45000532 0.44589633  0.47476172 0.42761975 0.50206904 0.41641874
0.00039479 0.36283831 0.35232302 0.39930133 0.34523319 0.50234819  0.48417291 0.45702496 0.47508945 0.39693445 0.45000532 0.44589633  0.47476172 0.42761975 0.50206904 0.41641874
0.00039479 0.36283831 0.35232302 0.39930133 0.34523319 0.50234819  0.48417291 0.45702496 0.47508945 0.39693445 0.45000532 0.44589633  0.47476172 0.42761975 0.50206904 0.41641874
0.00039479 0.36283831 0.35232302 0.39930133 0.34523319 0.50234819  0.48417291 0.45702496 0.47508945 0.39693445 0.45000532 0.44589633  0.47476172 0.42761975 0.50206904 0.41641874
0.00039479 0.36283831 0.35232302 0.39930133 0.34523319 0.50234819  0.48417291 0.45702496 0.47508945 0.39693445 0.45000532 0.44589633  0.47476172 0.42761975 0.50206904 0.41641874
0.00039479 0.36283831 0.35232302 0.39930133 0.34523319 0.50234819  0.48417291 0.45702496 0.47508945 0.39693445 0.45000532 0.44589633  0.47476172 0.42761975 0.50206904 0.41641874
0.00039479 0.36283831 0.35232302 0.39930133 0.34523319 0.50234819  0.48417291 0.45702496 0.47508945 0.39693445 0.45000532 0.44589633  0.47476172 0.42761975 0.50206904 0.41641874
0.00039479 0.36283831 0.35232302 0.39930133 0.34523319 0.50234819  0.48417291 0.45702496 0.47508945 0.39693445 0.45000532 0.44589633  0.47476172 0.42761975 0.50206904 0.41641874
0.00039479 0.36283831 0.35232302 0.39930133 0.34523319 0.50234819  0.48417291 0.45702496 0.47508945 0.39693445 0.45000532 0.44589633  0.47476172 0.42761975 0.50206904 0.41641874
0.00039479 0.36283831 0.35232302 0.39930133 0.34523319 0.50234819  0.48417291 0.45702496 0.47508945 0.39693445 0.45000532 0.44589633  0.47476172 0.42761975 0.50206904 0.41641874
0.00039479 0.36283831 0.35232302 0.39930133 0.34523319 0.50234819  0.48417291 0.45702496 0.47508945 0.39693445 0.45000532 0.44589633  0.47476172 0.42761975 0.50206904 0.41641874
0.00039479 0.36283831 0.35232302 0.39930133 0.34523319 0.50234819  0.48417291 0.45702496 0.47508945 0.39693445 0.45000532 0.44589633  0.47476172 0.42761975 0.50206904 0.41641874
0.00039479 0.36283831 0.35232302 0.39930133 0.34523319 0.50234819  0.48417291 0.45702496 0.47508945 0.39693445 0.45000532 0.44589633  0.47476172 0.42761975 0.50206904 0.41641874
0.00039479 0.36283831 0.35232302 0.39930133 0.34523319 0.50234819  0.48417291 0.45702496 0.47508945 0.39693445 0.45000532 0.44589633  0.47476172 0.42761975 0.50206904 0.41641874
