0.00039479 0.36283831 0.35232302 0.39930133 0.34523319 0.50234819  0.48417291 0.45702496 0.47508945 0.39693445 0.45000532 0.44589633  0.47476172 0.42761975 0.50206904 0.41641874
0.00039479 0.36283831 0.35232302 0.39930133 0.34523319 0.50234819  0.48417291 0.45702496 0.47508945 0.39693445 0.45000532 0.44589633  0.47476172 0.42761975 0.50206904 0.41641874
0.00039479 0.36283831 0.35232302 0.39930133 0.34523319 0.50234819  0.48417291 0.45702496 0.47508945 0.39693445 0.45000532 0.44589633  0.47476172 0.42761975 0.50206904 0.41641874
0.00039479 0.36283831 0.35232302 0.39930133 0.34523319 0.50234819  0.48417291 0.45702496 0.47508945 0.39693445 0.45000532 0.44589633  0.47476172 0.42761975 0.50206904 0.41641874
0.00039479 0.36283831 0.35232302 0.39930133 0.34523319 0.50234819  0.48417291 0.45702496 0.47508945 0.39693445 0.45000532 0.44589633  0.47476172 0.42761975 0.50206904 0.41641874
0.00039479 0.36283831 0.35232302 0.39930133 0.34523319 0.50234819  0.48417291 0.45702496 0.47508945 0.39693445 0.45000532 0.44589633  0.47476172 0.42761975 0.50206904 0.41641874
0.00039479 0.36283831 0.35232302 0.39930133 0.34523319 0.50234819  0.48417291 0.45702496 0.47508945 0.39693445 0.45000532 0.44589633  0.47476172 0.42761975 0.50206904 0.41641874
0.00039479 0.36283831 0.35232302 0.39930133 0.34523319 0.50234819  0.48417291 0.45702496 0.47508945 0.39693445 0.45000532 0.44589633  0.47476172 0.42761975 0.50206904 0.41641874
0.00039479 0.36283831 0.35232302 0.39930133 0.34523319 0.50234819  0.48417291 0.45702496 0.47508945 0.39693445 0.45000532 0.44589633  0.47476172 0.42761975 0.50206904 0.41641874
0.00039479 0.36283831 0.35232302 0.39930133 0.34523319 0.50234819  0.48417291 0.45702496 0.47508945 0.39693445 0.45000532 0.44589633  0.47476172 0.42761975 0.50206904 0.41641874
0.00039479 0.36283831 0.35232302 0.39930133 0.34523319 0.50234819  0.48417291 0.45702496 0.47508945 0.39693445 0.45000532 0.44589633  0.47476172 0.42761975 0.50206904 0.41641874
0.00039479 0.36283831 0.35232302 0.39930133 0.34523319 0.50234819  0.48417291 0.45702496 0.47508945 0.39693445 0.45000532 0.44589633  0.47476172 0.42761975 0.50206904 0.41641874
0.00039479 0.36283831 0.35232302 0.39930133 0.34523319 0.50234819  0.48417291 0.45702496 0.47508945 0.39693445 0.45000532 0.44589633  0.47476172 0.42761975 0.50206904 0.41641874
0.00039479 0.36283831 0.35232302 0.39930133 0.34523319 0.50234819  0.48417291 0.45702496 0.47508945 0.39693445 0.45000532 0.44589633  0.47476172 0.42761975 0.50206904 0.41641874
0.00039479 0.36283831 0.35232302 0.39930133 0.34523319 0.50234819  0.48417291 0.45702496 0.47508945 0.39693445 0.45000532 0.44589633  0.47476172 0.42761975 0.50206904 0.41641874
0.00039479 0.36283831 0.35232302 0.39930133 0.34523319 0.50234819  0.48417291 0.45702496 0.47508945 0.39693445 0.45000532 0.44589633  0.47476172 0.42761975 0.50206904 0.41641874
0.00039479 0.36283831 0.35232302 0.39930133 0.34523319 0.50234819  0.48417291 0.45702496 0.47508945 0.39693445 0.45000532 0.44589633  0.47476172 0.42761975 0.50206904 0.41641874
0.00039479 0.36283831 0.35232302 0.39930133 0.34523319 0.50234819  0.48417291 0.45702496 0.47508945 0.39693445 0.45000532 0.44589633  0.47476172 0.42761975 0.50206904 0.41641874
0.00039479 0.36283831 0.35232302 0.39930133 0.34523319 0.50234819  0.48417291 0.45702496 0.47508945 0.39693445 0.45000532 0.44589633  0.47476172 0.42761975 0.50206904 0.41641874
0.00039479 0.36283831 0.35232302 0.39930133 0.34523319 0.50234819  0.48417291 0.45702496 0.47508945 0.39693445 0.45000532 0.44589633  0.47476172 0.42761975 0.50206904 0.41641874
0.00039479 0.36283831 0.35232302 0.39930133 0.34523319 0.50234819  0.48417291 0.45702496 0.47508945 0.39693445 0.45000532 0.44589633  0.47476172 0.42761975 0.50206904 0.41641874
0.00039479 0.36283831 0.35232302 0.39930133 0.34523319 0.50234819  0.48417291 0.45702496 0.47508945 0.39693445 0.45000532 0.44589633  0.47476172 0.42761975 0.50206904 0.41641874
0.00039479 0.36283831 0.35232302 0.39930133 0.34523319 0.50234819  0.48417291 0.45702496 0.47508945 0.39693445 0.45000532 0.44589633  0.47476172 0.42761975 0.50206904 0.41641874
0.00039479 0.36283831 0.35232302 0.39930133 0.34523319 0.50234819  0.48417291 0.45702496 0.47508945 0.39693445 0.45000532 0.44589633  0.47476172 0.42761975 0.50206904 0.41641874
0.00039479 0.36283831 0.35232302 0.39930133 0.34523319 0.50234819  0.48417291 0.45702496 0.47508945 0.39693445 0.45000532 0.44589633  0.47476172 0.42761975 0.50206904 0.41641874
0.00039479 0.36283831 0.35232302 0.39930133 0.34523319 0.50234819  0.48417291 0.45702496 0.47508945 0.39693445 0.45000532 0.44589633  0.47476172 0.42761975 0.50206904 0.41641874
0.00039479 0.36283831 0.35232302 0.39930133 0.34523319 0.50234819  0.48417291 0.45702496 0.47508945 0.39693445 0.45000532 0.44589633  0.47476172 0.42761975 0.50206904 0.41641874
0.00039479 0.36283831 0.35232302 0.39930133 0.34523319 0.50234819  0.48417291 0.45702496 0.47508945 0.39693445 0.45000532 0.44589633  0.47476172 0.42761975 0.50206904 0.41641874
0.00039479 0.36283831 0.35232302 0.39930133 0.34523319 0.50234819  0.48417291 0.45702496 0.47508945 0.39693445 0.45000532 0.44589633  0.47476172 0.42761975 0.50206904 0.41641874
0.00039479 0.36283831 0.35232302 0.39930133 0.34523319 0.50234819  0.48417291 0.45702496 0.47508945 0.39693445 0.45000532 0.44589633  0.47476172 0.42761975 0.50206904 0.41641874
0.00039479 0.36283831 0.35232302 0.39930133 0.34523319 0.50234819  0.48417291 0.45702496 0.47508945 0.39693445 0.45000532 0.44589633  0.47476172 0.42761975 0.50206904 0.41641874
0.00039479 0.36283831 0.35232302 0.39930133 0.34523319 0.50234819  0.48417291 0.45702496 0.47508945 0.39693445 0.45000532 0.44589633  0.47476172 0.42761975 0.50206904 0.41641874
0.00039479 0.36283831 0.35232302 0.39930133 0.34523319 0.50234819  0.48417291 0.45702496 0.47508945 0.39693445 0.45000532 0.44589633  0.47476172 0.42761975 0.50206904 0.41641874
0.00039479 0.36283831 0.35232302 0.39930133 0.34523319 0.50234819  0.48417291 0.45702496 0.47508945 0.39693445 0.45000532 0.44589633  0.47476172 0.42761975 0.50206904 0.41641874
0.00039479 0.36283831 0.35232302 0.39930133 0.34523319 0.50234819  0.48417291 0.45702496 0.47508945 0.39693445 0.45000532 0.44589633  0.47476172 0.42761975 0.50206904 0.41641874
0.00039479 0.36283831 0.35232302 0.39930133 0.34523319 0.50234819  0.48417291 0.45702496 0.47508945 0.39693445 0.45000532 0.44589633  0.47476172 0.42761975 0.50206904 0.41641874
0.00039479 0.36283831 0.35232302 0.39930133 0.34523319 0.50234819  0.48417291 0.45702496 0.47508945 0.39693445 0.45000532 0.44589633  0.47476172 0.42761975 0.50206904 0.41641874
0.00039479 0.36283831 0.35232302 0.39930133 0.34523319 0.50234819  0.48417291 0.45702496 0.47508945 0.39693445 0.45000532 0.44589633  0.47476172 0.42761975 0.50206904 0.41641874
0.00039479 0.36283831 0.35232302 0.39930133 0.34523319 0.50234819  0.48417291 0.45702496 0.47508945 0.39693445 0.45000532 0.44589633  0.47476172 0.42761975 0.50206904 0.41641874
0.00039479 0.36283831 0.35232302 0.39930133 0.34523319 0.50234819  0.48417291 0.45702496 0.47508945 0.39693445 0.45000532 0.44589633  0.47476172 0.42761975 0.50206904 0.41641874
0.00039479 0.36283831 0.35232302 0.39930133 0.34523319 0.50234819  0.48417291 0.45702496 0.47508945 0.39693445 0.45000532 0.44589633  0.47476172 0.42761975 0.50206904 0.41641874
0.00039479 0.36283831 0.35232302 0.39930133 0.34523319 0.50234819  0.48417291 0.45702496 0.47508945 0.39693445 0.45000532 0.44589633  0.47476172 0.42761975 0.50206904 0.41641874
0.00039479 0.36283831 0.35232302 0.39930133 0.34523319 0.50234819  0.48417291 0.45702496 0.47508945 0.39693445 0.45000532 0.44589633  0.47476172 0.42761975 0.50206904 0.41641874
0.00039479 0.36283831 0.35232302 0.39930133 0.34523319 0.50234819  0.48417291 0.45702496 0.47508945 0.39693445 0.45000532 0.44589633  0.47476172 0.42761975 0.50206904 0.41641874
0.00039479 0.36283831 0.35232302 0.39930133 0.34523319 0.50234819  0.48417291 0.45702496 0.47508945 0.39693445 0.45000532 0.44589633  0.47476172 0.42761975 0.50206904 0.41641874
0.00039479 0.36283831 0.35232302 0.39930133 0.34523319 0.50234819  0.48417291 0.45702496 0.47508945 0.39693445 0.45000532 0.44589633  0.47476172 0.42761975 0.50206904 0.41641874
0.00039479 0.36283831 0.35232302 0.39930133 0.34523319 0.50234819  0.48417291 0.45702496 0.47508945 0.39693445 0.45000532 0.44589633  0.47476172 0.42761975 0.50206904 0.41641874
0.00039479 0.36283831 0.35232302 0.39930133 0.34523319 0.50234819  0.48417291 0.45702496 0.47508945 0.39693445 0.45000532 0.44589633  0.47476172 0.42761975 0.50206904 0.41641874
0.00039479 0.36283831 0.35232302 0.39930133 0.34523319 0.50234819  0.48417291 0.45702496 0.47508945 0.39693445 0.45000532 0.44589633  0.47476172 0.42761975 0.50206904 0.41641874
0.00039479 0.36283831 0.35232302 0.39930133 0.34523319 0.50234819  0.48417291 0.45702496 0.47508945 0.39693445 0.45000532 0.44589633  0.47476172 0.42761975 0.50206904 0.41641874
0.00039479 0.36283831 0.35232302 0.39930133 0.34523319 0.50234819  0.48417291 0.45702496 0.47508945 0.39693445 0.45000532 0.44589633  0.47476172 0.42761975 0.50206904 0.41641874
0.00039479 0.36283831 0.35232302 0.39930133 0.34523319 0.50234819  0.48417291 0.45702496 0.47508945 0.39693445 0.45000532 0.44589633  0.47476172 0.42761975 0.50206904 0.41641874
0.00039479 0.36283831 0.35232302 0.39930133 0.34523319 0.50234819  0.48417291 0.45702496 0.47508945 0.39693445 0.45000532 0.44589633  0.47476172 0.42761975 0.50206904 0.41641874
0.00039479 0.36283831 0.35232302 0.39930133 0.34523319 0.50234819  0.48417291 0.45702496 0.47508945 0.39693445 0.45000532 0.44589633  0.47476172 0.42761975 0.50206904 0.41641874
0.00039479 0.36283831 0.35232302 0.39930133 0.34523319 0.50234819  0.48417291 0.45702496 0.47508945 0.39693445 0.45000532 0.44589633  0.47476172 0.42761975 0.50206904 0.41641874
0.00039479 0.36283831 0.35232302 0.39930133 0.34523319 0.50234819  0.48417291 0.45702496 0.47508945 0.39693445 0.45000532 0.44589633  0.47476172 0.42761975 0.50206904 0.41641874
0.00039479 0.36283831 0.35232302 0.39930133 0.34523319 0.50234819  0.48417291 0.45702496 0.47508945 0.39693445 0.45000532 0.44589633  0.47476172 0.42761975 0.50206904 0.41641874
0.00039479 0.36283831 0.35232302 0.39930133 0.34523319 0.50234819  0.48417291 0.45702496 0.47508945 0.39693445 0.45000532 0.44589633  0.47476172 0.42761975 0.50206904 0.41641874
0.01790387 0.3898545  0.33817562 0.42642862 0.35681041 0.46717525  0.46152885 0.47694295 0.46991849 0.39350101 0.41724602 0.4497633  0.51968443 0.43336993 0.49846349 0.44236435
0.04741926 0.5093757  0.59421445 0.27425862 0.85202395 0.55054286  0.37839067 0.47955815 0.46027105 0.48056096 0.41579526 0.41657658  0.51369102 0.42806431 0.46409079 0.32202732
0.02319678 0.45241921 0.54248501 0.29032424 0.67199444 0.53892473  0.45528318 0.45860082 0.52454969 0.53172543 0.36140971 0.27688237  0.48200153 0.4877548  0.4208762  0.23173832
0.03297379 0.46399777 0.59367621 0.29636293 0.67308652 0.50669808  0.48697429 0.4425976  0.57831585 0.53144811 0.33678989 0.22454756  0.48144932 0.4730758  0.43909638 0.26894555
0.04194844 0.4734331  0.64233015 0.29520008 0.70006568 0.46169579  0.55456473 0.46228511 0.7034164  0.66129556 0.287222   0.14054132  0.4889193  0.42038546 0.41192994 0.28449551
0.03454973 0.4658909  0.60588865 0.28065386 0.70818957 0.47376815  0.54102566 0.48862654 0.69290676 0.7199963  0.29442757 0.14764354  0.47345257 0.45351166 0.36996181 0.26520987
0.02416289 0.41848502 0.50729796 0.35078127 0.48586864 0.43351921  0.5808538  0.48344265 0.70239936 0.64552054 0.29232104 0.16240699  0.45615251 0.4377514  0.40985234 0.3533912 
0.01361262 0.40725883 0.44982288 0.3562016  0.46002406 0.4932212  0.50353409 0.45951062 0.55333175 0.49345373 0.34994536 0.26791648  0.47085112 0.47381223 0.44086211 0.31748022
0.01790387 0.3898545  0.33817562 0.42642862 0.35681041 0.46717525  0.46152885 0.47694295 0.46991849 0.39350101 0.41724602 0.4497633  0.51968443 0.43336993 0.49846349 0.44236435
0.01790387 0.3898545  0.33817562 0.42642862 0.35681041 0.46717525  0.46152885 0.47694295 0.46991849 0.39350101 0.41724602 0.4497633  0.51968443 0.43336993 0.49846349 0.44236435
0.01790387 0.3898545  0.33817562 0.42642862 0.35681041 0.46717525  0.46152885 0.47694295 0.46991849 0.39350101 0.41724602 0.4497633  0.51968443 0.43336993 0.49846349 0.44236435
0.07190642 0.45033092 0.29973571 0.45871681 0.37764589 0.39921222  0.49754832 0.46704369 0.36456653 0.39085059 0.34742323 0.45787855  0.47060753 0.35609493 0.37662957 0.44235706
0.16255365 0.54785869 0.24717424 0.49674697 0.39215732 0.36664982  0.50398832 0.49261427 0.33314631 0.3683445  0.35412476 0.44312902  0.52170587 0.32199142 0.26436297 0.46254851
0.29181763 0.70971441 0.16717715 0.58930955 0.40979692 0.34749886  0.44756395 0.50590558 0.42458932 0.35420658 0.50803206 0.41285646  0.42239006 0.35503942 0.31528237 0.35551185
0.32754935 0.72706507 0.14588222 0.57568779 0.41460327 0.3510967  0.50032066 0.44998018 0.37755944 0.41983705 0.43982821 0.46082784  0.32521483 0.3355121  0.41428201 0.41377798
0.40202259 0.76416669 0.133705   0.52339044 0.36111223 0.53680248  0.54685818 0.35235443 0.42278705 0.47585013 0.48371518 0.4728442  0.2779216  0.31819541 0.41931649 0.45662855
0.52399454 0.69851708 0.13371732 0.32495985 0.30605956 0.66605745  0.63235257 0.39685752 0.40686622 0.45413788 0.35949339 0.4887395  0.57850477 0.40537109 0.39187775 0.5618974 
0.60918106 0.67785219 0.10459305 0.26125181 0.32549945 0.60069337  0.63492596 0.44208362 0.4631818  0.44363201 0.36589002 0.50258614  0.57411366 0.53940702 0.56347865 0.52063876
0.65803198 0.61412126 0.10977007 0.17914822 0.31592023 0.59144177  0.59912499 0.49283154 0.5130465  0.39980607 0.3072205  0.51014479  0.67790418 0.60399631 0.56895151 0.53314605
0.71481644 0.49307996 0.09631979 0.12825407 0.3450387  0.53617585  0.49845024 0.449      0.58042891 0.38609797 0.23191715 0.52869951  0.60494917 0.45561787 0.66422429 0.48769129
0.71481644 0.49307996 0.09631979 0.12825407 0.3450387  0.53617585  0.49845024 0.449      0.58042891 0.38609797 0.23191715 0.52869951  0.60494917 0.45561787 0.66422429 0.48769129
0.72789242 0.45773556 0.08903931 0.12557578 0.36356117 0.51069479  0.46328119 0.40233599 0.6187462  0.36406978 0.2546431  0.51483709  0.59956313 0.418504   0.5901102  0.45241958
0.75500101 0.3959788  0.09496858 0.12721651 0.36291236 0.47253131  0.39032606 0.42928219 0.61687182 0.36024464 0.29584427 0.49735479  0.46131689 0.29342549 0.53318046 0.40450296
0.75500101 0.3959788  0.09496858 0.12721651 0.36291236 0.47253131  0.39032606 0.42928219 0.61687182 0.36024464 0.29584427 0.49735479  0.46131689 0.29342549 0.53318046 0.40450296
0.75500101 0.3959788  0.09496858 0.12721651 0.36291236 0.47253131  0.39032606 0.42928219 0.61687182 0.36024464 0.29584427 0.49735479  0.46131689 0.29342549 0.53318046 0.40450296
0.79303268 0.2944874  0.10188671 0.27018595 0.41441615 0.57881558  0.3340753  0.43577975 0.44002849 0.38263112 0.28173581 0.34107069  0.47948342 0.26789644 0.56860425 0.45110225
0.8047809  0.24826821 0.0977911  0.35412712 0.45612291 0.62278197  0.35637158 0.45065112 0.40864818 0.38845759 0.29148671 0.28625432  0.45731867 0.33177787 0.54202877 0.52216951
0.8047809  0.24826821 0.0977911  0.35412712 0.45612291 0.62278197  0.35637158 0.45065112 0.40864818 0.38845759 0.29148671 0.28625432  0.45731867 0.33177787 0.54202877 0.52216951
0.81047484 0.22479077 0.09155524 0.39911602 0.48584876 0.66246775  0.37372115 0.46227109 0.39190146 0.37276068 0.26264094 0.25091394  0.46395887 0.33653459 0.60702753 0.50683777
0.83117466 0.18478537 0.12631012 0.46236835 0.44478377 0.61698789  0.38141895 0.47199691 0.34979389 0.47683873 0.40630577 0.31134251  0.46051004 0.3929019  0.57386372 0.55274215
0.83117466 0.18478537 0.12631012 0.46236835 0.44478377 0.61698789  0.38141895 0.47199691 0.34979389 0.47683873 0.40630577 0.31134251  0.46051004 0.3929019  0.57386372 0.55274215
0.83117466 0.18478537 0.12631012 0.46236835 0.44478377 0.61698789  0.38141895 0.47199691 0.34979389 0.47683873 0.40630577 0.31134251  0.46051004 0.3929019  0.57386372 0.55274215
0.83117466 0.18478537 0.12631012 0.46236835 0.44478377 0.61698789  0.38141895 0.47199691 0.34979389 0.47683873 0.40630577 0.31134251  0.46051004 0.3929019  0.57386372 0.55274215
0.78542128 0.32434498 0.10799915 0.22558926 0.38923622 0.5491547  0.34093039 0.43582944 0.48895975 0.38811175 0.26760334 0.39506302  0.4666132  0.29012682 0.52967443 0.42397151
0.77045293 0.38261378 0.11810865 0.13503757 0.33883886 0.48945744  0.34555663 0.43957064 0.56631317 0.37898498 0.25354133 0.50240491  0.4553934  0.28566417 0.47715708 0.3362237 
0.75500101 0.3959788  0.09496858 0.12721651 0.36291236 0.47253131  0.39032606 0.42928219 0.61687182 0.36024464 0.29584427 0.49735479  0.46131689 0.29342549 0.53318046 0.40450296
0.68366309 0.54567752 0.08277055 0.17491726 0.36002047 0.56729231  0.54976705 0.31560378 0.58664961 0.36170185 0.26258424 0.51163546  0.75220509 0.53956235 0.59103227 0.47358705
0.65836296 0.61334382 0.10408142 0.1724053  0.32219242 0.58629059  0.60783979 0.47672889 0.53943825 0.36464744 0.32756704 0.50253464  0.71482103 0.60325283 0.60956367 0.53334995
0.62760188 0.67161847 0.10783265 0.22754056 0.31175622 0.63817842  0.64218288 0.4367139  0.46963661 0.40676036 0.31568156 0.4956063  0.73315632 0.57657376 0.56781093 0.52226816
0.58108692 0.75256055 0.12394235 0.31353641 0.28926624 0.69493698  0.64085643 0.51238524 0.37699323 0.42387175 0.40951623 0.44861004  0.63806581 0.39214551 0.40029533 0.49172826
0.54641361 0.77786319 0.10717082 0.37130226 0.32110757 0.64790077  0.66574753 0.41697443 0.39455026 0.43979481 0.48014303 0.45202209  0.52931319 0.3897227  0.44571233 0.46832773
0.52881402 0.78959914 0.11423107 0.41449294 0.31081036 0.66109549  0.60682525 0.40953235 0.40797795 0.4511486  0.46356904 0.45850945  0.48239467 0.35098142 0.38574781 0.47335388
0.49362571 0.81124581 0.1016175  0.47514645 0.3390896  0.61266162  0.60791633 0.33866394 0.42945969 0.47868133 0.51729227 0.46887136  0.35637887 0.33670351 0.41965302 0.46160683
0.476184   0.81808372 0.11473078 0.51013595 0.32306887 0.63945974  0.52985071 0.36039565 0.48121269 0.46570131 0.52960427 0.45729399  0.36358119 0.32448577 0.38797662 0.45114741
0.45897988 0.82090494 0.12868243 0.53369618 0.30899141 0.66975993  0.45636899 0.40061998 0.56590799 0.43330554 0.60340142 0.42570883  0.39612583 0.34770569 0.37657972 0.40835261
0.45897988 0.82090494 0.12868243 0.53369618 0.30899141 0.66975993  0.45636899 0.40061998 0.56590799 0.43330554 0.60340142 0.42570883  0.39612583 0.34770569 0.37657972 0.40835261
0.44040188 0.82034229 0.13390782 0.56752468 0.31175412 0.65393346  0.39916614 0.40180063 0.59057552 0.45478735 0.55829857 0.44628621  0.39278733 0.34402745 0.40483746 0.43352958
0.44040188 0.82034229 0.13390782 0.56752468 0.31175412 0.65393346  0.39916614 0.40180063 0.59057552 0.45478735 0.55829857 0.44628621  0.39278733 0.34402745 0.40483746 0.43352958
0.44040188 0.82034229 0.13390782 0.56752468 0.31175412 0.65393346  0.39916614 0.40180063 0.59057552 0.45478735 0.55829857 0.44628621  0.39278733 0.34402745 0.40483746 0.43352958
0.45897988 0.82090494 0.12868243 0.53369618 0.30899141 0.66975993  0.45636899 0.40061998 0.56590799 0.43330554 0.60340142 0.42570883  0.39612583 0.34770569 0.37657972 0.40835261
0.54000959 0.94646937 0.50386086 0.34807441 0.79221573 0.84094313  0.26876286 0.40940516 0.45897528 0.43065782 0.52895634 0.52862793  0.49794047 0.36837835 0.19291461 0.43359167
0.55953864 0.97118492 0.6051522  0.37442824 0.78729846 0.8097812  0.30292388 0.35152084 0.48456138 0.27696987 0.4900476  0.48061  0.48467887 0.28480517 0.31833319 0.48508002
0.61394539 0.93881092 0.695162   0.39345733 0.71837164 0.80945114  0.31210166 0.37513    0.39345612 0.26250318 0.51057885 0.49514931  0.66859659 0.29728867 0.32169969 0.33479766
0.65805022 0.92138712 0.7373149  0.31012533 0.74412133 0.76429746  0.43924706 0.4652228  0.48067139 0.30639943 0.49818077 0.43543281  0.75991174 0.28540263 0.39351213 0.40328743
0.68687212 0.90955758 0.75869184 0.30190995 0.72979008 0.72204899  0.51747089 0.42906026 0.39372576 0.33974704 0.526937   0.48127495  0.79903179 0.35234738 0.40020658 0.37849827
0.7365857  0.86020482 0.74787969 0.20906826 0.74455225 0.66123375  0.58823856 0.50244217 0.32947829 0.36734022 0.45794392 0.51794606  0.76944267 0.33802137 0.50114677 0.44740596
0.77968724 0.81169286 0.82593751 0.21759623 0.71423333 0.57086281  0.60849129 0.58542202 0.3330185  0.54704435 0.5215296  0.50076504  0.74519076 0.38400641 0.58443368 0.37028074
0.79512181 0.78441296 0.83263453 0.19727353 0.70514769 0.55378415  0.57959487 0.64618668 0.32997366 0.55448451 0.50439454 0.50817807  0.65300859 0.32225025 0.63690355 0.37230877
0.82391893 0.71887787 0.81825755 0.15280543 0.71883763 0.49536907  0.55074917 0.57972753 0.42362918 0.5412754  0.46115935 0.51551705  0.69627484 0.46277815 0.64533609 0.34311593
0.853187   0.65989051 0.81658188 0.13970585 0.67114424 0.45021866  0.5216197  0.54861591 0.44062463 0.56835321 0.3392133  0.50333591  0.58362217 0.49143845 0.73847324 0.31134274
0.85269094 0.65554613 0.80662213 0.15131809 0.62325332 0.43664701  0.53742624 0.54566358 0.45461272 0.56082909 0.30347844 0.45104618  0.57086799 0.50820283 0.73459322 0.29356695
0.85676714 0.64502029 0.81672878 0.17863459 0.62621355 0.41718277  0.58368054 0.54882638 0.53559843 0.60163017 0.31488928 0.46985199  0.5936089  0.43431133 0.70573249 0.36479759
0.85676714 0.64502029 0.81672878 0.17863459 0.62621355 0.41718277  0.58368054 0.54882638 0.53559843 0.60163017 0.31488928 0.46985199  0.5936089  0.43431133 0.70573249 0.36479759
0.88271419 0.5749754  0.7997639  0.17512768 0.66307281 0.37799454  0.51582349 0.42540856 0.60518586 0.57430304 0.31557116 0.4579652  0.60237021 0.36732871 0.60212153 0.29817394
0.89367584 0.53387548 0.77163428 0.19206957 0.63456484 0.35795226  0.50624995 0.3359062  0.64243339 0.58612339 0.24399025 0.42292159  0.6333572  0.34748149 0.60202687 0.24906074
0.88322193 0.50501605 0.69472913 0.22794932 0.51720261 0.35892736  0.51821389 0.3358661  0.61606605 0.54512725 0.20847006 0.395388  0.64702241 0.35068773 0.63530366 0.14999539
0.8784248  0.40170749 0.54713921 0.30740527 0.31030124 0.30544897  0.50947916 0.32526084 0.61483962 0.45180492 0.33758857 0.50215754  0.63712033 0.23445431 0.60633755 0.23793733
0.85915989 0.34374491 0.40979408 0.33278939 0.23063148 0.33525093  0.44050254 0.35670988 0.47223664 0.43496036 0.47908194 0.61724397  0.62082491 0.26858073 0.67278018 0.24451593
0.8498003  0.29524192 0.31763568 0.36973236 0.21971748 0.39156409  0.40260958 0.38349951 0.39144114 0.50948454 0.517946   0.58632544  0.63772845 0.38922424 0.56707294 0.2712646 
0.86560046 0.19821588 0.2661566  0.48953708 0.30007037 0.48289214  0.37268688 0.39784007 0.24892601 0.57271345 0.57610493 0.43464355  0.64712391 0.4028442  0.5971097  0.38121511
0.86952241 0.18151853 0.26365931 0.52716905 0.32148658 0.5113096  0.39759831 0.41891601 0.25703884 0.56268661 0.54904195 0.42873821  0.62993332 0.44163718 0.59339103 0.37021646
0.87442379 0.16016858 0.25972629 0.57388155 0.3461086  0.54804143  0.41974569 0.44141758 0.24256408 0.54931173 0.52947088 0.41215914  0.63188444 0.45372191 0.63489446 0.35428924
0.87109821 0.13637797 0.21777586 0.59408549 0.39522298 0.60890872  0.41044631 0.46918006 0.21530569 0.54193625 0.49034714 0.36706119  0.59207151 0.48983808 0.65440461 0.35411952
0.85971803 0.1413696  0.18328565 0.56731137 0.42557495 0.62435907  0.4102881  0.48361089 0.25049832 0.52156866 0.44927891 0.33279642  0.54574915 0.43511107 0.67938656 0.38936809
0.85971803 0.1413696  0.18328565 0.56731137 0.42557495 0.62435907  0.4102881  0.48361089 0.25049832 0.52156866 0.44927891 0.33279642  0.54574915 0.43511107 0.67938656 0.38936809
0.86226263 0.12976984 0.18120785 0.59956664 0.44445646 0.65042852  0.44279118 0.50992825 0.27640254 0.4991478  0.40911414 0.35746147  0.52148039 0.46438837 0.66497334 0.33593318
0.86226263 0.12976984 0.18120785 0.59956664 0.44445646 0.65042852  0.44279118 0.50992825 0.27640254 0.4991478  0.40911414 0.35746147  0.52148039 0.46438837 0.66497334 0.33593318
0.83839181 0.15846857 0.12499187 0.54519768 0.49471796 0.6960016  0.43540765 0.49990921 0.3586242  0.39586848 0.3255709  0.30772143  0.51770613 0.41573641 0.59936816 0.44082066
0.81792082 0.19184106 0.08554442 0.47808378 0.52935228 0.72526902  0.42837162 0.51109002 0.40333093 0.33696493 0.2029051  0.25899991  0.44164123 0.37789661 0.63411773 0.43747564
0.81792082 0.19184106 0.08554442 0.47808378 0.52935228 0.72526902  0.42837162 0.51109002 0.40333093 0.33696493 0.2029051  0.25899991  0.44164123 0.37789661 0.63411773 0.43747564
0.81792082 0.19184106 0.08554442 0.47808378 0.52935228 0.72526902  0.42837162 0.51109002 0.40333093 0.33696493 0.2029051  0.25899991  0.44164123 0.37789661 0.63411773 0.43747564
0.81792082 0.19184106 0.08554442 0.47808378 0.52935228 0.72526902  0.42837162 0.51109002 0.40333093 0.33696493 0.2029051  0.25899991  0.44164123 0.37789661 0.63411773 0.43747564
0.81792082 0.19184106 0.08554442 0.47808378 0.52935228 0.72526902  0.42837162 0.51109002 0.40333093 0.33696493 0.2029051  0.25899991  0.44164123 0.37789661 0.63411773 0.43747564
0.81537622 0.20344082 0.08762222 0.44582851 0.51047077 0.69919957  0.39586853 0.48477267 0.3774267  0.35938579 0.24306986 0.23433486  0.46590999 0.34861932 0.64853095 0.49091055
0.77249395 0.29406386 0.05757603 0.34778801 0.50628365 0.64457694  0.45660644 0.4167237  0.50875276 0.31492995 0.28962607 0.28770631  0.59305566 0.38236636 0.6488129  0.51391216
0.70531187 0.43080621 0.04110623 0.28159221 0.4773981  0.55020303  0.52400088 0.23100123 0.61001541 0.28466771 0.39737627 0.37267023  0.70833665 0.43622754 0.59794978 0.41055814
0.60087978 0.6395923  0.05594569 0.30492914 0.4076458  0.53221942  0.64387106 0.15389081 0.55474973 0.41789498 0.40340217 0.50088291  0.6158481  0.52656429 0.63846324 0.4394358 
0.39959851 0.75913029 0.09836533 0.53182141 0.45483569 0.2796929  0.62834597 0.43560147 0.3321915  0.40493469 0.50461778 0.45060432  0.32268845 0.42848506 0.56087548 0.32747457
0.25199751 0.67578485 0.16878887 0.61973121 0.45750335 0.19108214  0.43912324 0.51944642 0.30596882 0.39652465 0.24354564 0.4879376  0.52048882 0.37952313 0.43259541 0.46770545
0.12440017 0.54590072 0.25553648 0.56951008 0.41500592 0.27984344  0.36660049 0.573536   0.4031488  0.35895289 0.25716352 0.46023151  0.74080632 0.38769006 0.32975746 0.53921284
0.00039479 0.36283831 0.35232302 0.39930133 0.34523319 0.50234819  0.48417291 0.45702496 0.47508945 0.39693445 0.45000532 0.44589633  0.47476172 0.42761975 0.50206904 0.41641874
0.00039479 0.36283831 0.35232302 0.39930133 0.34523319 0.50234819  0.48417291 0.45702496 0.47508945 0.39693445 0.45000532 0.44589633  0.47476172 0.42761975 0.50206904 0.41641874
0.00039479 0.36283831 0.35232302 0.39930133 0.34523319 0.50234819  0.48417291 0.45702496 0.47508945 0.39693445 0.45000532 0.44589633  0.47476172 0.42761975 0.50206904 0.41641874
0.00039479 0.36283831 0.35232302 0.39930133 0.34523319 0.50234819  0.48417291 0.45702496 0.47508945 0.39693445 0.45000532 0.44589633  0.47476172 0.42761975 0.50206904 0.41641874
0.00039479 0.36283831 0.35232302 0.39930133 0.34523319 0.50234819  0.48417291 0.45702496 0.47508945 0.39693445 0.45000532 0.44589633  0.47476172 0.42761975 0.50206904 0.41641874
0.00039479 0.36283831 0.35232302 0.39930133 0.34523319 0.50234819  0.48417291 0.45702496 0.47508945 0.39693445 0.45000532 0.44589633  0.47476172 0.42761975 0.50206904 0.41641874
0.00039479 0.36283831 0.35232302 0.39930133 0.34523319 0.50234819  0.48417291 0.45702496 0.47508945 0.39693445 0.45000532 0.44589633  0.47476172 0.42761975 0.50206904 0.41641874
0.09090877 0.48933723 0.28734534 0.50361178 0.38145184 0.39955858  0.40276051 0.51916813 0.50105594 0.37195606 0.43937721 0.43869567  0.55621714 0.47400442 0.53184919 0.38872747
0.21886533 0.66163235 0.20064467 0.62550815 0.4191049  0.32031592  0.32074158 0.55473406 0.56682503 0.36436817 0.51910994 0.42586871  0.47977457 0.52403183 0.63742286 0.31517864
0.29185453 0.74077459 0.16103792 0.65189407 0.41778988 0.3255871  0.32666498 0.55711226 0.56284413 0.3366047  0.56026706 0.40180838  0.54378608 0.46447032 0.45084772 0.32798655
0.29185453 0.74077459 0.16103792 0.65189407 0.41778988 0.3255871  0.32666498 0.55711226 0.56284413 0.3366047  0.56026706 0.40180838  0.54378608 0.46447032 0.45084772 0.32798655
0.34587152 0.71829212 0.14756129 0.53133215 0.42326534 0.33672821  0.47656886 0.60795492 0.5236119  0.27439354 0.65029729 0.35714549  0.67411924 0.53727156 0.492416   0.30986155
0.38134694 0.70582844 0.13429023 0.46882272 0.43104618 0.32403206  0.55497975 0.62928814 0.50195954 0.2443085  0.70404414 0.34043953  0.65896613 0.54293102 0.51923802 0.27918746
0.39878865 0.69899053 0.12117695 0.43383322 0.44706691 0.29723393  0.63304536 0.60755643 0.45020654 0.25728852 0.69173214 0.3520169  0.65176381 0.55514875 0.55091442 0.28964687
0.39878865 0.69899053 0.12117695 0.43383322 0.44706691 0.29723393  0.63304536 0.60755643 0.45020654 0.25728852 0.69173214 0.3520169  0.65176381 0.55514875 0.55091442 0.28964687
0.41768274 0.70798713 0.11964939 0.41616674 0.42873629 0.3536406  0.63951948 0.60180031 0.47841728 0.25449256 0.73570481 0.34149997  0.67163118 0.53978308 0.50248542 0.30302991
0.43506782 0.69210997 0.12210797 0.37487721 0.42326264 0.35891616  0.6510495  0.66791653 0.48131144 0.23216717 0.74328559 0.32875707  0.73834218 0.55551216 0.51119396 0.32102107
0.43506782 0.69210997 0.12210797 0.37487721 0.42326264 0.35891616  0.6510495  0.66791653 0.48131144 0.23216717 0.74328559 0.32875707  0.73834218 0.55551216 0.51119396 0.32102107
0.44747371 0.65673945 0.11559977 0.37932019 0.43926577 0.33533695  0.61359508 0.6533992  0.50623657 0.20510495 0.80598284 0.30420624  0.71829509 0.49359255 0.41716939 0.29396549
0.46054969 0.62139504 0.1083193  0.3766419  0.45778824 0.30985588  0.57842603 0.6067352  0.54455386 0.18307677 0.82870879 0.29034382  0.71290904 0.45647868 0.3430553  0.25869378
0.46054969 0.62139504 0.1083193  0.3766419  0.45778824 0.30985588  0.57842603 0.6067352  0.54455386 0.18307677 0.82870879 0.29034382  0.71290904 0.45647868 0.3430553  0.25869378
0.46054969 0.62139504 0.1083193  0.3766419  0.45778824 0.30985588  0.57842603 0.6067352  0.54455386 0.18307677 0.82870879 0.29034382  0.71290904 0.45647868 0.3430553  0.25869378
0.46054969 0.62139504 0.1083193  0.3766419  0.45778824 0.30985588  0.57842603 0.6067352  0.54455386 0.18307677 0.82870879 0.29034382  0.71290904 0.45647868 0.3430553  0.25869378
0.46054969 0.62139504 0.1083193  0.3766419  0.45778824 0.30985588  0.57842603 0.6067352  0.54455386 0.18307677 0.82870879 0.29034382  0.71290904 0.45647868 0.3430553  0.25869378
0.46054969 0.62139504 0.1083193  0.3766419  0.45778824 0.30985588  0.57842603 0.6067352  0.54455386 0.18307677 0.82870879 0.29034382  0.71290904 0.45647868 0.3430553  0.25869378
0.44747371 0.65673945 0.11559977 0.37932019 0.43926577 0.33533695  0.61359508 0.6533992  0.50623657 0.20510495 0.80598284 0.30420624  0.71829509 0.49359255 0.41716939 0.29396549
0.44747371 0.65673945 0.11559977 0.37932019 0.43926577 0.33533695  0.61359508 0.6533992  0.50623657 0.20510495 0.80598284 0.30420624  0.71829509 0.49359255 0.41716939 0.29396549
0.43506782 0.69210997 0.12210797 0.37487721 0.42326264 0.35891616  0.6510495  0.66791653 0.48131144 0.23216717 0.74328559 0.32875707  0.73834218 0.55551216 0.51119396 0.32102107
0.39878865 0.69899053 0.12117695 0.43383322 0.44706691 0.29723393  0.63304536 0.60755643 0.45020654 0.25728852 0.69173214 0.3520169  0.65176381 0.55514875 0.55091442 0.28964687
0.30945411 0.72903865 0.15397767 0.60870338 0.42808708 0.31239238  0.38558727 0.56455433 0.54941644 0.32525092 0.57684105 0.39532102  0.5907046  0.5032116  0.51081224 0.3229604 
0.21669598 0.6659807  0.19504366 0.64781162 0.43659056 0.23836167  0.3178021  0.59115956 0.46518276 0.3444222  0.36168358 0.43931837  0.6540983  0.44845426 0.43684638 0.41975202
0.05403899 0.43903845 0.31262229 0.4649893  0.37111967 0.42556623  0.43688011 0.49915502 0.46866829 0.37937528 0.4126476  0.44583755  0.55247922 0.44482423 0.49169285 0.42227185
0.0177474  0.38984345 0.33852207 0.42635267 0.35697043 0.47086435  0.45750391 0.47765391 0.48169648 0.39463854 0.42895995 0.44917931  0.51265071 0.44991576 0.53083289 0.43501917
0.00039479 0.36283831 0.35232302 0.39930133 0.34523319 0.50234819  0.48417291 0.45702496 0.47508945 0.39693445 0.45000532 0.44589633  0.47476172 0.42761975 0.50206904 0.41641874
0.00039479 0.36283831 0.35232302 0.39930133 0.34523319 0.50234819  0.48417291 0.45702496 0.47508945 0.39693445 0.45000532 0.44589633  0.47476172 0.42761975 0.50206904 0.41641874
0.00039479 0.36283831 0.35232302 0.39930133 0.34523319 0.50234819  0.48417291 0.45702496 0.47508945 0.39693445 0.45000532 0.44589633  0.47476172 0.42761975 0.50206904 0.41641874
0.00039479 0.36283831 0.35232302 0.39930133 0.34523319 0.50234819  0.48417291 0.45702496 0.47508945 0.39693445 0.45000532 0.44589633  0.47476172 0.42761975 0.50206904 0.41641874
0.00039479 0.36283831 0.35232302 0.39930133 0.34523319 0.50234819  0.48417291 0.45702496 0.47508945 0.39693445 0.45000532 0.44589633  0.47476172 0.42761975 0.50206904 0.41641874
0.00039479 0.36283831 0.35232302 0.39930133 0.34523319 0.50234819  0.48417291 0.45702496 0.47508945 0.39693445 0.45000532 0.44589633  0.47476172 0.42761975 0.50206904 0.41641874
0.00039479 0.36283831 0.35232302 0.39930133 0.34523319 0.50234819  0.48417291 0.45702496 0.47508945 0.39693445 0.45000532 0.44589633  0.47476172 0.42761975 0.50206904 0.41641874
0.00039479 0.36283831 0.35232302 0.39930133 0.34523319 0.50234819  0.48417291 0.45702496 0.47508945 0.39693445 0.45000532 0.44589633  0.47476172 0.42761975 0.50206904 0.41641874
0.00039479 0.36283831 0.35232302 0.39930133 0.34523319 0.50234819  0.48417291 0.45702496 0.47508945 0.39693445 0.45000532 0.44589633  0.47476172 0.42761975 0.50206904 0.41641874
0.00039479 0.36283831 0.35232302 0.39930133 0.34523319 0.50234819  0.48417291 0.45702496 0.47508945 0.39693445 0.45000532 0.44589633  0.47476172 0.42761975 0.50206904 0.41641874
0.00039479 0.36283831 0.35232302 0.39930133 0.34523319 0.50234819  0.48417291 0.45702496 0.47508945 0.39693445 0.45000532 0.44589633  0.47476172 0.42761975 0.50206904 0.41641874
0.00039479 0.36283831 0.35232302 0.39930133 0.34523319 0.50234819  0.48417291 0.45702496 0.47508945 0.39693445 0.45000532 0.44589633  0.47476172 0.42761975 0.50206904 0.41641874
0.00039479 0.36283831 0.35232302 0.39930133 0.34523319 0.50234819  0.48417291 0.45702496 0.47508945 0.39693445 0.45000532 0.44589633  0.47476172 0.42761975 0.50206904 0.41641874
0.00039479 0.36283831 0.35232302 0.39930133 0.34523319 0.50234819  0.48417291 0.45702496 0.47508945 0.39693445 0.45000532 0.44589633  0.47476172 0.42761975 0.50206904 0.41641874
0.00039479 0.36283831 0.35232302 0.39930133 0.34523319 0.50234819  0.48417291 0.45702496 0.47508945 0.39693445 0.45000532 0.44589633  0.47476172 0.42761975 0.50206904 0.41641874
0.00039479 0.36283831 0.35232302 0.39930133 0.34523319 0.50234819  0.48417291 0.45702496 0.47508945 0.39693445 0.45000532 0.44589633  0.47476172 0.42761975 0.50206904 0.41641874
0.00039479 0.36283831 0.35232302 0.39930133 0.34523319 0.50234819  0.48417291 0.45702496 0.47508945 0.39693445 0.45000532 0.44589633  0.47476172 0.42761975 0.50206904 0.41641874
0.00039479 0.36283831 0.35232302 0.39930133 0.34523319 0.50234819  0.48417291 0.45702496 0.47508945 0.39693445 0.45000532 0.44589633  0.47476172 0.42761975 0.50206904 0.41641874
0.00039479 0.36283831 0.35232302 0.39930133 0.34523319 0.50234819  0.48417291 0.45702496 0.47508945 0.39693445 0.45000532 0.44589633  0.47476172 0.42761975 0.50206904 0.41641874
0.00039479 0.36283831 0.35232302 0.39930133 0.34523319 0.50234819  0.48417291 0.45702496 0.47508945 0.39693445 0.45000532 0.44589633  0.47476172 0.42761975 0.50206904 0.41641874
0.00039479 0.36283831 0.35232302 0.39930133 0.34523319 0.50234819  0.48417291 0.45702496 0.47508945 0.39693445 0.45000532 0.44589633  0.47476172 0.42761975 0.50206904 0.41641874
0.00039479 0.36283831 0.35232302 0.39930133 0.34523319 0.50234819  0.48417291 0.45702496 0.47508945 0.39693445 0.45000532 0.44589633  0.47476172 0.42761975 0.50206904 0.41641874
