0.01790387 0.3898545  0.33817562 0.42642862 0.35681041 0.46717525  0.46152885 0.47694295 0.46991849 0.39350101 0.41724602 0.4497633  0.51968443 0.43336993 0.49846349 0.44236435
0.01790387 0.3898545  0.33817562 0.42642862 0.35681041 0.46717525  0.46152885 0.47694295 0.46991849 0.39350101 0.41724602 0.4497633  0.51968443 0.43336993 0.49846349 0.44236435
0.01790387 0.3898545  0.33817562 0.42642862 0.35681041 0.46717525  0.46152885 0.47694295 0.46991849 0.39350101 0.41724602 0.4497633  0.51968443 0.43336993 0.49846349 0.44236435
0.01790387 0.3898545  0.33817562 0.42642862 0.35681041 0.46717525  0.46152885 0.47694295 0.46991849 0.39350101 0.41724602 0.4497633  0.51968443 0.43336993 0.49846349 0.44236435
0.01790387 0.3898545  0.33817562 0.42642862 0.35681041 0.46717525  0.46152885 0.47694295 0.46991849 0.39350101 0.41724602 0.4497633  0.51968443 0.43336993 0.49846349 0.44236435
0.01790387 0.3898545  0.33817562 0.42642862 0.35681041 0.46717525  0.46152885 0.47694295 0.46991849 0.39350101 0.41724602 0.4497633  0.51968443 0.43336993 0.49846349 0.44236435
0.01790387 0.3898545  0.33817562 0.42642862 0.35681041 0.46717525  0.46152885 0.47694295 0.46991849 0.39350101 0.41724602 0.4497633  0.51968443 0.43336993 0.49846349 0.44236435
0.01790387 0.3898545  0.33817562 0.42642862 0.35681041 0.46717525  0.46152885 0.47694295 0.46991849 0.39350101 0.41724602 0.4497633  0.51968443 0.43336993 0.49846349 0.44236435
0.01790387 0.3898545  0.33817562 0.42642862 0.35681041 0.46717525  0.46152885 0.47694295 0.46991849 0.39350101 0.41724602 0.4497633  0.51968443 0.43336993 0.49846349 0.44236435
0.01790387 0.3898545  0.33817562 0.42642862 0.35681041 0.46717525  0.46152885 0.47694295 0.46991849 0.39350101 0.41724602 0.4497633  0.51968443 0.43336993 0.49846349 0.44236435
0.01790387 0.3898545  0.33817562 0.42642862 0.35681041 0.46717525  0.46152885 0.47694295 0.46991849 0.39350101 0.41724602 0.4497633  0.51968443 0.43336993 0.49846349 0.44236435
0.01790387 0.3898545  0.33817562 0.42642862 0.35681041 0.46717525  0.46152885 0.47694295 0.46991849 0.39350101 0.41724602 0.4497633  0.51968443 0.43336993 0.49846349 0.44236435
0.01790387 0.3898545  0.33817562 0.42642862 0.35681041 0.46717525  0.46152885 0.47694295 0.46991849 0.39350101 0.41724602 0.4497633  0.51968443 0.43336993 0.49846349 0.44236435
0.01790387 0.3898545  0.33817562 0.42642862 0.35681041 0.46717525  0.46152885 0.47694295 0.46991849 0.39350101 0.41724602 0.4497633  0.51968443 0.43336993 0.49846349 0.44236435
0.01790387 0.3898545  0.33817562 0.42642862 0.35681041 0.46717525  0.46152885 0.47694295 0.46991849 0.39350101 0.41724602 0.4497633  0.51968443 0.43336993 0.49846349 0.44236435
0.01790387 0.3898545  0.33817562 0.42642862 0.35681041 0.46717525  0.46152885 0.47694295 0.46991849 0.39350101 0.41724602 0.4497633  0.51968443 0.43336993 0.49846349 0.44236435
0.01790387 0.3898545  0.33817562 0.42642862 0.35681041 0.46717525  0.46152885 0.47694295 0.46991849 0.39350101 0.41724602 0.4497633  0.51968443 0.43336993 0.49846349 0.44236435
0.01790387 0.3898545  0.33817562 0.42642862 0.35681041 0.46717525  0.46152885 0.47694295 0.46991849 0.39350101 0.41724602 0.4497633  0.51968443 0.43336993 0.49846349 0.44236435
0.01790387 0.3898545  0.33817562 0.42642862 0.35681041 0.46717525  0.46152885 0.47694295 0.46991849 0.39350101 0.41724602 0.4497633  0.51968443 0.43336993 0.49846349 0.44236435
0.01790387 0.3898545  0.33817562 0.42642862 0.35681041 0.46717525  0.46152885 0.47694295 0.46991849 0.39350101 0.41724602 0.4497633  0.51968443 0.43336993 0.49846349 0.44236435
0.01790387 0.3898545  0.33817562 0.42642862 0.35681041 0.46717525  0.46152885 0.47694295 0.46991849 0.39350101 0.41724602 0.4497633  0.51968443 0.43336993 0.49846349 0.44236435
0.01790387 0.3898545  0.33817562 0.42642862 0.35681041 0.46717525  0.46152885 0.47694295 0.46991849 0.39350101 0.41724602 0.4497633  0.51968443 0.43336993 0.49846349 0.44236435
0.00039479 0.36283831 0.35232302 0.39930133 0.34523319 0.50234819  0.48417291 0.45702496 0.47508945 0.39693445 0.45000532 0.44589633  0.47476172 0.42761975 0.50206904 0.41641874
0.00039479 0.36283831 0.35232302 0.39930133 0.34523319 0.50234819  0.48417291 0.45702496 0.47508945 0.39693445 0.45000532 0.44589633  0.47476172 0.42761975 0.50206904 0.41641874
0.00039479 0.36283831 0.35232302 0.39930133 0.34523319 0.50234819  0.48417291 0.45702496 0.47508945 0.39693445 0.45000532 0.44589633  0.47476172 0.42761975 0.50206904 0.41641874
0.00039479 0.36283831 0.35232302 0.39930133 0.34523319 0.50234819  0.48417291 0.45702496 0.47508945 0.39693445 0.45000532 0.44589633  0.47476172 0.42761975 0.50206904 0.41641874
0.00039479 0.36283831 0.35232302 0.39930133 0.34523319 0.50234819  0.48417291 0.45702496 0.47508945 0.39693445 0.45000532 0.44589633  0.47476172 0.42761975 0.50206904 0.41641874
0.00039479 0.36283831 0.35232302 0.39930133 0.34523319 0.50234819  0.48417291 0.45702496 0.47508945 0.39693445 0.45000532 0.44589633  0.47476172 0.42761975 0.50206904 0.41641874
0.00039479 0.36283831 0.35232302 0.39930133 0.34523319 0.50234819  0.48417291 0.45702496 0.47508945 0.39693445 0.45000532 0.44589633  0.47476172 0.42761975 0.50206904 0.41641874
0.01790387 0.3898545  0.33817562 0.42642862 0.35681041 0.46717525  0.46152885 0.47694295 0.46991849 0.39350101 0.41724602 0.4497633  0.51968443 0.43336993 0.49846349 0.44236435
0.01790387 0.3898545  0.33817562 0.42642862 0.35681041 0.46717525  0.46152885 0.47694295 0.46991849 0.39350101 0.41724602 0.4497633  0.51968443 0.43336993 0.49846349 0.44236435
0.01790387 0.3898545  0.33817562 0.42642862 0.35681041 0.46717525  0.46152885 0.47694295 0.46991849 0.39350101 0.41724602 0.4497633  0.51968443 0.43336993 0.49846349 0.44236435
0.10732207 0.50276571 0.27227412 0.50691984 0.39810894 0.33768808  0.46386691 0.49876709 0.34630862 0.38152381 0.29668021 0.46255429  0.53990532 0.34928263 0.33897897 0.4767264 
0.23443141 0.63244514 0.18543927 0.55457147 0.4437589  0.23298717  0.54294175 0.47310033 0.22527229 0.38770664 0.27181006 0.47285695  0.44882884 0.29806439 0.27588962 0.44456276
0.44765521 0.65405957 0.09677758 0.36883392 0.45478436 0.28739586  0.74487571 0.36547835 0.33371495 0.32616546 0.46755567 0.44431532  0.54212152 0.56567515 0.45459864 0.36131108
0.66479178 0.4327184  0.03744481 0.40955068 0.55553032 0.53595244  0.70707285 0.35788785 0.63496899 0.2652971  0.33347576 0.44183535  0.52903207 0.69568131 0.53286405 0.319025  
0.77687933 0.21170379 0.03443989 0.58750907 0.64327611 0.75078992  0.65917413 0.5246385  0.62041536 0.21028488 0.21712294 0.38187289  0.38031698 0.62270037 0.52426149 0.36343643
0.81986816 0.13759223 0.06726582 0.64091312 0.60412039 0.77477511  0.63856263 0.6260617  0.60633772 0.26981691 0.18240321 0.46892664  0.29642259 0.59070226 0.44409697 0.38007424
0.8321929  0.12294633 0.09491939 0.66701736 0.57428397 0.75397863  0.63274391 0.63185031 0.5590156  0.3194814  0.22760508 0.49796349  0.28022082 0.63045233 0.44972251 0.34371441
0.84488025 0.10339236 0.12410844 0.71569524 0.5606684  0.73978196  0.67324491 0.65410948 0.55639479 0.35536459 0.24409504 0.5597471  0.2786733  0.65599306 0.46761152 0.24806051
0.87993614 0.05790393 0.1967344  0.82975427 0.51792858 0.7284465  0.73811091 0.6736357  0.62964427 0.43150431 0.25285862 0.68401342  0.35805301 0.57341983 0.31369407 0.25563622
0.88999531 0.05908854 0.23508622 0.86516387 0.49956061 0.72476159  0.76452305 0.65976302 0.65534123 0.38512898 0.25044432 0.73689313  0.37775805 0.61902594 0.24619428 0.26021826
0.91927487 0.04648378 0.33635056 0.96254837 0.46459784 0.68166246  0.8716281  0.65185729 0.74003646 0.38469013 0.23914716 0.79632717  0.46030197 0.53218782 0.27897557 0.19762396
0.9194452  0.04573866 0.33664698 0.96580602 0.46549956 0.68269314  0.876843   0.65443132 0.74775936 0.3803607  0.23527992 0.80274914  0.45558862 0.53167805 0.27190875 0.19747623
0.91953041 0.04560918 0.33697168 0.9663227  0.46612937 0.68232847  0.8783489  0.65548923 0.75126119 0.38118284 0.2347342  0.8027191  0.4533893  0.53134518 0.26813984 0.20080869
0.9194452  0.04573866 0.33664698 0.96580602 0.46549956 0.68269314  0.876843   0.65443132 0.74775936 0.3803607  0.23527992 0.80274914  0.45558862 0.53167805 0.27190875 0.19747623
0.9194452  0.04573866 0.33664698 0.96580602 0.46549956 0.68269314  0.876843   0.65443132 0.74775936 0.3803607  0.23527992 0.80274914  0.45558862 0.53167805 0.27190875 0.19747623
0.9194452  0.04573866 0.33664698 0.96580602 0.46549956 0.68269314  0.876843   0.65443132 0.74775936 0.3803607  0.23527992 0.80274914  0.45558862 0.53167805 0.27190875 0.19747623
0.9194452  0.04573866 0.33664698 0.96580602 0.46549956 0.68269314  0.876843   0.65443132 0.74775936 0.3803607  0.23527992 0.80274914  0.45558862 0.53167805 0.27190875 0.19747623
0.9194452  0.04573866 0.33664698 0.96580602 0.46549956 0.68269314  0.876843   0.65443132 0.74775936 0.3803607  0.23527992 0.80274914  0.45558862 0.53167805 0.27190875 0.19747623
0.9194452  0.04573866 0.33664698 0.96580602 0.46549956 0.68269314  0.876843   0.65443132 0.74775936 0.3803607  0.23527992 0.80274914  0.45558862 0.53167805 0.27190875 0.19747623
0.91927487 0.04648378 0.33635056 0.96254837 0.46459784 0.68166246  0.8716281  0.65185729 0.74003646 0.38469013 0.23914716 0.79632717  0.46030197 0.53218782 0.27897557 0.19762396
0.91927487 0.04648378 0.33635056 0.96254837 0.46459784 0.68166246  0.8716281  0.65185729 0.74003646 0.38469013 0.23914716 0.79632717  0.46030197 0.53218782 0.27897557 0.19762396
0.91927487 0.04648378 0.33635056 0.96254837 0.46459784 0.68166246  0.8716281  0.65185729 0.74003646 0.38469013 0.23914716 0.79632717  0.46030197 0.53218782 0.27897557 0.19762396
0.91927487 0.04648378 0.33635056 0.96254837 0.46459784 0.68166246  0.8716281  0.65185729 0.74003646 0.38469013 0.23914716 0.79632717  0.46030197 0.53218782 0.27897557 0.19762396
0.91828583 0.05113799 0.33642529 0.94574746 0.45646673 0.67039954  0.84848636 0.63458874 0.71144783 0.40387709 0.26792318 0.76240169  0.4963958  0.49647095 0.32626915 0.22932427
0.91569742 0.06285749 0.33555021 0.90331775 0.4390679  0.64739535  0.78973697 0.59857297 0.63739415 0.44585901 0.32533407 0.68776562  0.55580601 0.45771924 0.41126934 0.27444693
0.90287146 0.07479541 0.29729534 0.8254607  0.44047531 0.62487262  0.71455882 0.57543588 0.56364317 0.52080194 0.36859788 0.57324732  0.5677076  0.38366931 0.5312189  0.32698732
0.90130463 0.08190767 0.29642654 0.79995688 0.43181059 0.6127587  0.68031346 0.55630154 0.52134213 0.54378437 0.39521714 0.53059424  0.59241315 0.37277874 0.57290037 0.34113048
0.90130463 0.08190767 0.29642654 0.79995688 0.43181059 0.6127587  0.68031346 0.55630154 0.52134213 0.54378437 0.39521714 0.53059424  0.59241315 0.37277874 0.57290037 0.34113048
0.89637607 0.10467786 0.29883405 0.73412466 0.39983883 0.56600834  0.61453389 0.50380332 0.47067435 0.58278975 0.45893357 0.46865129  0.63157472 0.3249042  0.61247532 0.43114059
0.88107534 0.10092454 0.23244104 0.69913301 0.41849444 0.6139453  0.54642051 0.51615199 0.39531351 0.56206053 0.47238774 0.48166359  0.59724339 0.41288547 0.5396655  0.42475175
0.87961846 0.10772402 0.23176996 0.675948   0.41083076 0.6022391  0.51922525 0.4990296  0.36853005 0.57915581 0.49137544 0.44856538  0.61706647 0.38991745 0.574059   0.44339297
0.87961846 0.10772402 0.23176996 0.675948   0.41083076 0.6022391  0.51922525 0.4990296  0.36853005 0.57915581 0.49137544 0.44856538  0.61706647 0.38991745 0.574059   0.44339297
0.87961846 0.10772402 0.23176996 0.675948   0.41083076 0.6022391  0.51922525 0.4990296  0.36853005 0.57915581 0.49137544 0.44856538  0.61706647 0.38991745 0.574059   0.44339297
0.87961846 0.10772402 0.23176996 0.675948   0.41083076 0.6022391  0.51922525 0.4990296  0.36853005 0.57915581 0.49137544 0.44856538  0.61706647 0.38991745 0.574059   0.44339297
0.87961846 0.10772402 0.23176996 0.675948   0.41083076 0.6022391  0.51922525 0.4990296  0.36853005 0.57915581 0.49137544 0.44856538  0.61706647 0.38991745 0.574059   0.44339297
0.87961846 0.10772402 0.23176996 0.675948   0.41083076 0.6022391  0.51922525 0.4990296  0.36853005 0.57915581 0.49137544 0.44856538  0.61706647 0.38991745 0.574059   0.44339297
0.87961846 0.10772402 0.23176996 0.675948   0.41083076 0.6022391  0.51922525 0.4990296  0.36853005 0.57915581 0.49137544 0.44856538  0.61706647 0.38991745 0.574059   0.44339297
0.87231068 0.13061579 0.21781756 0.6131046  0.40325154 0.62098402  0.43317385 0.4867931  0.23922545 0.52720514 0.46814854 0.39532949  0.56835846 0.51538906 0.62083712 0.32728247
0.87231068 0.13061579 0.21781756 0.6131046  0.40325154 0.62098402  0.43317385 0.4867931  0.23922545 0.52720514 0.46814854 0.39532949  0.56835846 0.51538906 0.62083712 0.32728247
0.87109821 0.13637797 0.21777586 0.59408549 0.39522298 0.60890872  0.41044631 0.46918006 0.21530569 0.54193625 0.49034714 0.36706119  0.59207151 0.48983808 0.65440461 0.35411952
0.83117466 0.18478537 0.12631012 0.46236835 0.44478377 0.61698789  0.38141895 0.47199691 0.34979389 0.47683873 0.40630577 0.31134251  0.46051004 0.3929019  0.57386372 0.55274215
0.81884992 0.19943126 0.09865655 0.43626411 0.47462019 0.63778437  0.38723766 0.4662083  0.39711601 0.42717425 0.36110391 0.28230567  0.47671181 0.35315183 0.56823818 0.58910198
0.76701488 0.31787704 0.06832601 0.30451162 0.47166843 0.59077922  0.44349681 0.39894882 0.53493761 0.35196082 0.34115325 0.328128  0.56857109 0.42492847 0.5220275  0.58417907
0.72358696 0.44015372 0.07706234 0.23063709 0.41770187 0.58184229  0.51937619 0.36465268 0.59613155 0.36157407 0.25877016 0.45005758  0.66880838 0.54588011 0.53050714 0.5071012 
0.72358696 0.44015372 0.07706234 0.23063709 0.41770187 0.58184229  0.51937619 0.36465268 0.59613155 0.36157407 0.25877016 0.45005758  0.66880838 0.54588011 0.53050714 0.5071012 
0.6659832  0.55679245 0.07465464 0.19877095 0.37996849 0.53251897  0.57592207 0.30541925 0.58060259 0.39501763 0.32431431 0.51200936  0.66934858 0.55640965 0.59418683 0.47371422
0.6161855  0.61274946 0.05720218 0.28452872 0.40565145 0.52127338  0.61505725 0.16251842 0.58060595 0.39341788 0.39771783 0.49759256  0.62435143 0.56082201 0.55876907 0.44219196
0.6161855  0.61274946 0.05720218 0.28452872 0.40565145 0.52127338  0.61505725 0.16251842 0.58060595 0.39341788 0.39771783 0.49759256  0.62435143 0.56082201 0.55876907 0.44219196
0.60147418 0.64492901 0.06211699 0.30658057 0.3955913  0.55397224  0.63569474 0.17903235 0.5340202  0.41732814 0.39264684 0.49270509  0.62452983 0.51121113 0.57835064 0.44339028
0.60147418 0.64492901 0.06211699 0.30658057 0.3955913  0.55397224  0.63569474 0.17903235 0.5340202  0.41732814 0.39264684 0.49270509  0.62452983 0.51121113 0.57835064 0.44339028
0.6161855  0.61274946 0.05720218 0.28452872 0.40565145 0.52127338  0.61505725 0.16251842 0.58060595 0.39341788 0.39771783 0.49759256  0.62435143 0.56082201 0.55876907 0.44219196
0.63347374 0.60332398 0.07151514 0.26805241 0.37928378 0.56303402  0.57863613 0.191813   0.56015475 0.39982021 0.31951023 0.50692341  0.66639305 0.54751574 0.50464354 0.44760133
0.6659832  0.55679245 0.07465464 0.19877095 0.37996849 0.53251897  0.57592207 0.30541925 0.58060259 0.39501763 0.32431431 0.51200936  0.66934858 0.55640965 0.59418683 0.47371422
0.74422026 0.40566768 0.08003383 0.16765074 0.40098051 0.51553303  0.4507382  0.40889461 0.65178416 0.32698072 0.29027736 0.48438091  0.56232545 0.39537737 0.49236696 0.41436535
0.74422026 0.40566768 0.08003383 0.16765074 0.40098051 0.51553303  0.4507382  0.40889461 0.65178416 0.32698072 0.29027736 0.48438091  0.56232545 0.39537737 0.49236696 0.41436535
0.78934323 0.30764763 0.10550186 0.26322124 0.41065243 0.57757217  0.36584182 0.45690538 0.49707259 0.37808492 0.24054036 0.38915768  0.44942261 0.3289198  0.52595576 0.41297286
0.78934323 0.30764763 0.10550186 0.26322124 0.41065243 0.57757217  0.36584182 0.45690538 0.49707259 0.37808492 0.24054036 0.38915768  0.44942261 0.3289198  0.52595576 0.41297286
0.82770096 0.18879493 0.11527579 0.47193275 0.48063435 0.67840309  0.39004982 0.49056128 0.33010459 0.40905028 0.28827173 0.26337171  0.44970822 0.38836938 0.65415649 0.45455072
0.84762212 0.14938258 0.1509395  0.53734556 0.4489807  0.62894312  0.41676858 0.49872891 0.3004196  0.51707868 0.42507608 0.31546663  0.48243719 0.41388851 0.67534679 0.46828729
0.84762212 0.14938258 0.1509395  0.53734556 0.4489807  0.62894312  0.41676858 0.49872891 0.3004196  0.51707868 0.42507608 0.31546663  0.48243719 0.41388851 0.67534679 0.46828729
0.84762212 0.14938258 0.1509395  0.53734556 0.4489807  0.62894312  0.41676858 0.49872891 0.3004196  0.51707868 0.42507608 0.31546663  0.48243719 0.41388851 0.67534679 0.46828729
0.87432978 0.12401204 0.22162161 0.6296124  0.39984196 0.60962805  0.45024341 0.47825376 0.26362457 0.55308583 0.50216319 0.40149128  0.61803862 0.43825797 0.63648722 0.39899938
0.87840598 0.1134862  0.23172827 0.6569289  0.40280219 0.5901638  0.49649771 0.48141655 0.34461028 0.59388692 0.51357403 0.42029708  0.64077952 0.36436647 0.60762649 0.47023001
0.88095059 0.10188644 0.22965046 0.68918416 0.4216837  0.61623325  0.5290008  0.50773391 0.37051451 0.57146605 0.47340927 0.44496213  0.61651076 0.39364377 0.59321326 0.4167951 
0.88095059 0.10188644 0.22965046 0.68918416 0.4216837  0.61623325  0.5290008  0.50773391 0.37051451 0.57146605 0.47340927 0.44496213  0.61651076 0.39364377 0.59321326 0.4167951 
0.88095059 0.10188644 0.22965046 0.68918416 0.4216837  0.61623325  0.5290008  0.50773391 0.37051451 0.57146605 0.47340927 0.44496213  0.61651076 0.39364377 0.59321326 0.4167951 
0.88997011 0.10219961 0.26536503 0.71396911 0.40229516 0.59505173  0.55564974 0.49159141 0.38102618 0.56314462 0.48368724 0.45471969  0.66296388 0.36228431 0.63870186 0.40163308
0.89863527 0.09446933 0.29571377 0.75775276 0.41611834 0.5889772  0.63039066 0.5215661  0.47063891 0.57561076 0.43640343 0.46922773  0.63594927 0.32425974 0.64086135 0.38660873
0.89863527 0.09446933 0.29571377 0.75775276 0.41611834 0.5889772  0.63039066 0.5215661  0.47063891 0.57561076 0.43640343 0.46922773  0.63594927 0.32425974 0.64086135 0.38660873
0.89984775 0.08870715 0.29575547 0.77677187 0.42414691 0.6010525  0.6531182  0.53917915 0.49455867 0.56087965 0.41420484 0.49749602  0.61223622 0.34981072 0.60729386 0.35977169
0.89984775 0.08870715 0.29575547 0.77677187 0.42414691 0.6010525  0.6531182  0.53917915 0.49455867 0.56087965 0.41420484 0.49749602  0.61223622 0.34981072 0.60729386 0.35977169
0.89984775 0.08870715 0.29575547 0.77677187 0.42414691 0.6010525  0.6531182  0.53917915 0.49455867 0.56087965 0.41420484 0.49749602  0.61223622 0.34981072 0.60729386 0.35977169
0.89984775 0.08870715 0.29575547 0.77677187 0.42414691 0.6010525  0.6531182  0.53917915 0.49455867 0.56087965 0.41420484 0.49749602  0.61223622 0.34981072 0.60729386 0.35977169
0.89984775 0.08870715 0.29575547 0.77677187 0.42414691 0.6010525  0.6531182  0.53917915 0.49455867 0.56087965 0.41420484 0.49749602  0.61223622 0.34981072 0.60729386 0.35977169
0.89984775 0.08870715 0.29575547 0.77677187 0.42414691 0.6010525  0.6531182  0.53917915 0.49455867 0.56087965 0.41420484 0.49749602  0.61223622 0.34981072 0.60729386 0.35977169
0.89984775 0.08870715 0.29575547 0.77677187 0.42414691 0.6010525  0.6531182  0.53917915 0.49455867 0.56087965 0.41420484 0.49749602  0.61223622 0.34981072 0.60729386 0.35977169
0.90168546 0.0799465  0.29506965 0.80363235 0.4368622  0.62040311  0.68252147 0.56497901 0.52194246 0.54272267 0.38362352 0.53296752  0.58704336 0.3756095  0.57439192 0.31336045
0.90168546 0.0799465  0.29506965 0.80363235 0.4368622  0.62040311  0.68252147 0.56497901 0.52194246 0.54272267 0.38362352 0.53296752  0.58704336 0.3756095  0.57439192 0.31336045
0.90168546 0.0799465  0.29506965 0.80363235 0.4368622  0.62040311  0.68252147 0.56497901 0.52194246 0.54272267 0.38362352 0.53296752  0.58704336 0.3756095  0.57439192 0.31336045
0.89863527 0.09446933 0.29571377 0.75775276 0.41611834 0.5889772  0.63039066 0.5215661  0.47063891 0.57561076 0.43640343 0.46922773  0.63594927 0.32425974 0.64086135 0.38660873
0.89235407 0.09102919 0.26503532 0.74754606 0.41538542 0.61573264  0.58892622 0.51777227 0.40578974 0.5465601  0.46013557 0.49199759  0.64807107 0.38088156 0.61354013 0.36505788
0.88997011 0.10219961 0.26536503 0.71396911 0.40229516 0.59505173  0.55564974 0.49159141 0.38102618 0.56314462 0.48368724 0.45471969  0.66296388 0.36228431 0.63870186 0.40163308
0.87109821 0.13637797 0.21777586 0.59408549 0.39522298 0.60890872  0.41044631 0.46918006 0.21530569 0.54193625 0.49034714 0.36706119  0.59207151 0.48983808 0.65440461 0.35411952
0.85134295 0.16672912 0.17618434 0.53016327 0.43680352 0.64904245  0.39677159 0.47967368 0.24528377 0.46715509 0.35081594 0.30140469  0.53299621 0.41849383 0.71817591 0.30710387
0.83097354 0.21882925 0.15405225 0.41755409 0.41119038 0.60866975  0.33651052 0.43186575 0.28654524 0.43694198 0.35910861 0.30318591  0.52825965 0.35871423 0.62041151 0.4025574 
0.77821413 0.35250937 0.11078182 0.17848262 0.36559738 0.52350332  0.33864324 0.43382403 0.52273208 0.37314048 0.25354835 0.44652416  0.47235953 0.26329985 0.53308895 0.3562632 
0.77045293 0.38261378 0.11810865 0.13503757 0.33883886 0.48945744  0.34555663 0.43957064 0.56631317 0.37898498 0.25354133 0.50240491  0.4553934  0.28566417 0.47715708 0.3362237 
0.77045293 0.38261378 0.11810865 0.13503757 0.33883886 0.48945744  0.34555663 0.43957064 0.56631317 0.37898498 0.25354133 0.50240491  0.4553934  0.28566417 0.47715708 0.3362237 
0.7321     0.4880292  0.14158173 0.1341015  0.28597647 0.5522249  0.4508681  0.57750578 0.47180062 0.43337432 0.19016221 0.53884252  0.46667918 0.41456639 0.6747926  0.42990293
0.68850024 0.55967769 0.12321589 0.14928036 0.29645485 0.55462767  0.54344266 0.57895708 0.5095939  0.39532467 0.28893591 0.51701621  0.50443971 0.47833776 0.69912837 0.51451695
0.62936194 0.67797168 0.12809022 0.21718934 0.28713751 0.64219209  0.61796075 0.6706535  0.42078798 0.3913507  0.4175318  0.45349888  0.58575601 0.33853978 0.58292065 0.52007308
0.61392737 0.70525158 0.1213932  0.23751204 0.29622314 0.65927076  0.64685717 0.60988884 0.42383282 0.38391055 0.43466685 0.44608585  0.67793819 0.40029594 0.53045078 0.51804505
0.56320429 0.75664931 0.1034581  0.32836129 0.32768841 0.63142352  0.68545387 0.45794911 0.41817395 0.41803627 0.49847915 0.44745702  0.58734245 0.42080494 0.51453347 0.48236441
0.56320429 0.75664931 0.1034581  0.32836129 0.32768841 0.63142352  0.68545387 0.45794911 0.41817395 0.41803627 0.49847915 0.44745702  0.58734245 0.42080494 0.51453347 0.48236441
0.56320429 0.75664931 0.1034581  0.32836129 0.32768841 0.63142352  0.68545387 0.45794911 0.41817395 0.41803627 0.49847915 0.44745702  0.58734245 0.42080494 0.51453347 0.48236441
0.54641361 0.77786319 0.10717082 0.37130226 0.32110757 0.64790077  0.66574753 0.41697443 0.39455026 0.43979481 0.48014303 0.45202209  0.52931319 0.3897227  0.44571233 0.46832773
0.5285742  0.78917237 0.10836181 0.41484499 0.3231666  0.63939141  0.63196879 0.3723932  0.39568727 0.46917039 0.45178965 0.46962024  0.44923705 0.35934097 0.43585082 0.45624961
0.54641361 0.77786319 0.10717082 0.37130226 0.32110757 0.64790077  0.66574753 0.41697443 0.39455026 0.43979481 0.48014303 0.45202209  0.52931319 0.3897227  0.44571233 0.46832773
0.57925061 0.74862101 0.13276947 0.33783379 0.29156041 0.67010247  0.63250812 0.49337909 0.34688578 0.43620976 0.44542089 0.44432931  0.5901007  0.39769045 0.39839748 0.41803962
0.57925061 0.74862101 0.13276947 0.33783379 0.29156041 0.67010247  0.63250812 0.49337909 0.34688578 0.43620976 0.44542089 0.44432931  0.5901007  0.39769045 0.39839748 0.41803962
0.67368844 0.71007773 0.31730847 0.31852624 0.19299166 0.63239929  0.60016853 0.52928133 0.28412016 0.30668151 0.44591908 0.47736357  0.74948576 0.54755204 0.40193154 0.43353539
0.68763768 0.6603014  0.34480937 0.29542328 0.16393243 0.63158303  0.47536999 0.70290189 0.36259476 0.29868185 0.48904914 0.46284245  0.63477448 0.48682748 0.46372665 0.40484484
0.75407825 0.6332167  0.54932349 0.3921512  0.07205533 0.52500263  0.49544509 0.68375249 0.27654777 0.28175831 0.52468006 0.47306105  0.55895747 0.39560896 0.70850151 0.29526276
0.76035946 0.63665684 0.58000194 0.40235791 0.07278826 0.49824719  0.53690953 0.68754633 0.34139694 0.31080897 0.50094792 0.45029119  0.54683567 0.33898715 0.73582274 0.31681361
0.77068733 0.66912116 0.65622282 0.37695174 0.14045093 0.4875822  0.54842193 0.6900641  0.39599902 0.34599486 0.44188198 0.34547779  0.47947096 0.35077728 0.72151636 0.30431529
0.75324562 0.67595907 0.6693361  0.41194124 0.1244302  0.51438032  0.47035632 0.7117958  0.44775203 0.33301484 0.45419398 0.33390042  0.48667328 0.33855955 0.68983996 0.29385587
0.75324562 0.67595907 0.6693361  0.41194124 0.1244302  0.51438032  0.47035632 0.7117958  0.44775203 0.33301484 0.45419398 0.33390042  0.48667328 0.33855955 0.68983996 0.29385587
0.75324562 0.67595907 0.6693361  0.41194124 0.1244302  0.51438032  0.47035632 0.7117958  0.44775203 0.33301484 0.45419398 0.33390042  0.48667328 0.33855955 0.68983996 0.29385587
0.75723074 0.68804724 0.69688129 0.40730811 0.14463109 0.51889767  0.46258647 0.70211204 0.43893458 0.27783332 0.44444322 0.32678926  0.45021896 0.32227052 0.71716394 0.31036638
0.76328981 0.71733877 0.75778706 0.35994145 0.30186583 0.55507576  0.4241626  0.70778918 0.40350207 0.28898715 0.48252421 0.37963169  0.44916225 0.31115042 0.72265205 0.29326432
0.76737927 0.73386842 0.79422635 0.32601766 0.40212567 0.56146042  0.42279853 0.71503932 0.42416361 0.36958984 0.47286825 0.35121826  0.50081135 0.3311726  0.68576297 0.2347294 
0.76737927 0.73386842 0.79422635 0.32601766 0.40212567 0.56146042  0.42279853 0.71503932 0.42416361 0.36958984 0.47286825 0.35121826  0.50081135 0.3311726  0.68576297 0.2347294 
0.79148193 0.75394172 0.84683464 0.22825153 0.63639099 0.56056701  0.47329897 0.71764729 0.38676728 0.51633936 0.54475581 0.46757041  0.56508173 0.29027554 0.67637374 0.2861807 
0.79255503 0.76017018 0.85801296 0.21791024 0.67971179 0.57656808  0.45675605 0.72352164 0.36492223 0.50644463 0.58134117 0.53592991  0.55315184 0.26088532 0.69101177 0.34159059
0.81383534 0.74682311 0.85416796 0.2216665  0.69674947 0.52680365  0.57649208 0.6864601  0.36121264 0.57964148 0.51895486 0.58632087  0.54334811 0.16377391 0.67354794 0.45561603
0.81177785 0.73913909 0.83717037 0.23623384 0.65365782 0.52718976  0.57313605 0.68374649 0.34097474 0.53009836 0.53248664 0.6210777  0.51749744 0.14425769 0.70739693 0.48575718
0.81177785 0.73913909 0.83717037 0.23623384 0.65365782 0.52718976  0.57313605 0.68374649 0.34097474 0.53009836 0.53248664 0.6210777  0.51749744 0.14425769 0.70739693 0.48575718
0.82192163 0.68757322 0.79499468 0.27876166 0.52050993 0.46384871  0.57725125 0.66125351 0.3993595  0.46379405 0.51229877 0.47953069  0.45347392 0.11322038 0.61685659 0.4404414 
0.84181957 0.62083604 0.73095701 0.23838266 0.4424202  0.44459329  0.48411591 0.57005354 0.33840218 0.26398352 0.44739582 0.49357514  0.44277676 0.33325143 0.70982038 0.32334009
0.86347328 0.46750549 0.59658554 0.33825311 0.20398945 0.32874476  0.50619682 0.44229573 0.43663277 0.25058991 0.48718857 0.52705811  0.48379915 0.38122828 0.68158988 0.41110646
0.86052275 0.45497006 0.57074155 0.35394817 0.15699076 0.31982014  0.51711477 0.4438393  0.44507018 0.25551383 0.49197185 0.53252208  0.49662301 0.38179779 0.67556083 0.43152064
0.85691311 0.38175606 0.46039605 0.3582765  0.16098884 0.32541083  0.46908074 0.40516593 0.44625184 0.35447546 0.53360497 0.62281949  0.61040701 0.33133934 0.65262416 0.32742116
0.84664678 0.36622774 0.4021724  0.35270292 0.14005503 0.34764891  0.43538615 0.41105586 0.39022011 0.38060632 0.56708787 0.65270051  0.65898312 0.40425017 0.59797896 0.28935979
0.85054759 0.29906387 0.32037976 0.36191572 0.21240414 0.39191921  0.37110371 0.36365697 0.3655451  0.49081406 0.5469787  0.5934659  0.62849675 0.46350157 0.47165658 0.3183538 
0.85054759 0.29906387 0.32037976 0.36191572 0.21240414 0.39191921  0.37110371 0.36365697 0.3655451  0.49081406 0.5469787  0.5934659  0.62849675 0.46350157 0.47165658 0.3183538 
0.79758226 0.31691458 0.14607381 0.25841921 0.35936251 0.5260737  0.33874815 0.42025345 0.44312642 0.41429955 0.32861303 0.41936253  0.50798487 0.35880214 0.45492552 0.40707873
0.78548636 0.32492756 0.11372766 0.22845341 0.38276825 0.53065775  0.34522863 0.43537146 0.4930477  0.40980957 0.3044102  0.40203274  0.44467291 0.33757959 0.45088574 0.48599792
0.78548636 0.32492756 0.11372766 0.22845341 0.38276825 0.53065775  0.34522863 0.43537146 0.4930477  0.40980957 0.3044102  0.40203274  0.44467291 0.33757959 0.45088574 0.48599792
0.77003444 0.33829257 0.09058759 0.22063234 0.40684176 0.51373162  0.38999806 0.42508302 0.54360635 0.39106923 0.34671314 0.39698263  0.4505964  0.34534091 0.50690913 0.55427719
0.71217365 0.48305321 0.08218708 0.15191628 0.36945731 0.52473258  0.48570159 0.32970443 0.62192206 0.34711382 0.26817514 0.50518606  0.65463687 0.44069232 0.56938805 0.44034337
0.62010513 0.62623606 0.06317386 0.24241638 0.3938955  0.5185033  0.66745159 0.2802469  0.5729595  0.37695829 0.43809802 0.49105185  0.66823333 0.62177299 0.65708709 0.48758058
0.39733005 0.70180719 0.11615888 0.47075033 0.42288378 0.3621436  0.65519246 0.33600942 0.333293   0.41064831 0.44311488 0.46995911  0.34992154 0.41292451 0.43501772 0.38606496
0.23508911 0.63011074 0.188622   0.5443025  0.43426677 0.27916063  0.53679052 0.45511701 0.2958866  0.40634114 0.3588276  0.46892257  0.336497   0.35941982 0.44229673 0.39686965
0.07097281 0.46650736 0.29758055 0.49447041 0.38466161 0.38100866  0.41764751 0.51932693 0.44433957 0.37915488 0.35349602 0.45328608  0.59895274 0.42038512 0.44400709 0.48045808
0.01790387 0.3898545  0.33817562 0.42642862 0.35681041 0.46717525  0.46152885 0.47694295 0.46991849 0.39350101 0.41724602 0.4497633  0.51968443 0.43336993 0.49846349 0.44236435
0.01790387 0.3898545  0.33817562 0.42642862 0.35681041 0.46717525  0.46152885 0.47694295 0.46991849 0.39350101 0.41724602 0.4497633  0.51968443 0.43336993 0.49846349 0.44236435
0.00039479 0.36283831 0.35232302 0.39930133 0.34523319 0.50234819  0.48417291 0.45702496 0.47508945 0.39693445 0.45000532 0.44589633  0.47476172 0.42761975 0.50206904 0.41641874
0.01790387 0.3898545  0.33817562 0.42642862 0.35681041 0.46717525  0.46152885 0.47694295 0.46991849 0.39350101 0.41724602 0.4497633  0.51968443 0.43336993 0.49846349 0.44236435
0.01790387 0.3898545  0.33817562 0.42642862 0.35681041 0.46717525  0.46152885 0.47694295 0.46991849 0.39350101 0.41724602 0.4497633  0.51968443 0.43336993 0.49846349 0.44236435
0.08862557 0.49385355 0.28356657 0.5215325  0.39584062 0.34978265  0.39259025 0.5385717  0.44824257 0.37709802 0.33155718 0.45651863  0.63406829 0.43388237 0.45981921 0.49760793
0.16158413 0.5930601  0.23234419 0.59545389 0.42061789 0.27919981  0.35506827 0.56564607 0.4314191  0.36656631 0.31146772 0.4574096  0.64898403 0.40227122 0.40092468 0.4961372 
0.42197165 0.81966524 0.12883817 0.58940231 0.33714667 0.59212695  0.40594522 0.39674552 0.58230231 0.4492814  0.58590683 0.4428437  0.32859787 0.35979088 0.44326054 0.39509047
0.51146511 0.79993663 0.10042651 0.43160372 0.33703057 0.62117098  0.64169506 0.38324518 0.42832268 0.44930576 0.54564566 0.45127321  0.43645501 0.36708524 0.42951453 0.47368495
0.54644978 0.77232352 0.09582484 0.34712351 0.34185412 0.61325183  0.71214736 0.45680348 0.41778916 0.41562658 0.56980044 0.43204295  0.55008453 0.4215556  0.49818758 0.48664996
0.56324047 0.75110964 0.09211211 0.30418254 0.34843496 0.59677457  0.7318537  0.49777815 0.44141285 0.39386804 0.58813656 0.42747788  0.60811379 0.45263783 0.56700873 0.50068664
0.56324047 0.75110964 0.09211211 0.30418254 0.34843496 0.59677457  0.7318537  0.49777815 0.44141285 0.39386804 0.58813656 0.42747788  0.60811379 0.45263783 0.56700873 0.50068664
0.54585538 0.76698681 0.08965354 0.34547207 0.35390861 0.59149901  0.72032369 0.43166193 0.43851868 0.41619343 0.58055577 0.44022078  0.54140279 0.43690875 0.55830019 0.48269548
0.54585538 0.76698681 0.08965354 0.34547207 0.35390861 0.59149901  0.72032369 0.43166193 0.43851868 0.41619343 0.58055577 0.44022078  0.54140279 0.43690875 0.55830019 0.48269548
0.4538642  0.74497427 0.08886662 0.4334967  0.43889151 0.33462137  0.71827248 0.46622464 0.34738844 0.3567808  0.59355046 0.41802834  0.42157219 0.44688499 0.55602316 0.33026357
0.4538642  0.74497427 0.08886662 0.4334967  0.43889151 0.33462137  0.71827248 0.46622464 0.34738844 0.3567808  0.59355046 0.41802834  0.42157219 0.44688499 0.55602316 0.33026357
0.34445982 0.73531648 0.11915741 0.57303031 0.46379951 0.22052313  0.57925822 0.45828153 0.28030893 0.38781631 0.41432293 0.45579546  0.3693052  0.3927589  0.4419658  0.34198385
0.34445982 0.73531648 0.11915741 0.57303031 0.46379951 0.22052313  0.57925822 0.45828153 0.28030893 0.38781631 0.41432293 0.45579546  0.3693052  0.3927589  0.4419658  0.34198385
0.21463628 0.59233633 0.19362729 0.52428538 0.45627687 0.20007132  0.57545196 0.47038195 0.192595   0.40723709 0.19001285 0.50218648  0.54226204 0.32909102 0.33383081 0.51242291
0.10557724 0.49067152 0.26906522 0.49887986 0.41115523 0.30637833  0.47319166 0.50257024 0.33030166 0.40352897 0.22005928 0.49069071  0.64587596 0.36999705 0.37968525 0.56899921
0.05336775 0.43914143 0.31083182 0.46832666 0.37416152 0.39938838  0.45143619 0.50292086 0.40448693 0.37548598 0.33684065 0.45259001  0.60541605 0.3574237  0.32371238 0.49045415
0.05336775 0.43914143 0.31083182 0.46832666 0.37416152 0.39938838  0.45143619 0.50292086 0.40448693 0.37548598 0.33684065 0.45259001  0.60541605 0.3574237  0.32371238 0.49045415
0.05336775 0.43914143 0.31083182 0.46832666 0.37416152 0.39938838  0.45143619 0.50292086 0.40448693 0.37548598 0.33684065 0.45259001  0.60541605 0.3574237  0.32371238 0.49045415
0.05336775 0.43914143 0.31083182 0.46832666 0.37416152 0.39938838  0.45143619 0.50292086 0.40448693 0.37548598 0.33684065 0.45259001  0.60541605 0.3574237  0.32371238 0.49045415
0.07072036 0.46614656 0.29703087 0.49537801 0.38589877 0.36790454  0.42476719 0.52354981 0.41109396 0.37319006 0.31579528 0.455873  0.64330505 0.37971972 0.35247623 0.50905457
0.07072036 0.46614656 0.29703087 0.49537801 0.38589877 0.36790454  0.42476719 0.52354981 0.41109396 0.37319006 0.31579528 0.455873  0.64330505 0.37971972 0.35247623 0.50905457
0.1066886  0.5192832  0.26990593 0.54268417 0.40456641 0.31974235  0.38557783 0.54966614 0.42337763 0.37006716 0.30185953 0.45791138  0.66547709 0.40477406 0.39340476 0.51337685
0.21657589 0.66787403 0.19504984 0.65172815 0.43575129 0.24711155  0.30219757 0.59281335 0.49439254 0.35852699 0.36991114 0.44557948  0.63061711 0.46863811 0.50839988 0.43721993
0.2905891  0.74350638 0.15382504 0.67461803 0.43475786 0.26801415  0.32752409 0.54218014 0.48558686 0.39258504 0.41411807 0.45543131  0.42393328 0.44464253 0.57446973 0.36941585
0.30779321 0.74068516 0.13987338 0.6510578  0.44883532 0.23771396  0.40100581 0.50195581 0.40089156 0.42498081 0.34032091 0.48701647  0.39138865 0.42142261 0.58586663 0.41221065
0.34538015 0.76809625 0.13160282 0.63832788 0.41991855 0.33696256  0.40731413 0.44413734 0.44403563 0.46173742 0.37498019 0.49718957  0.34051924 0.40345066 0.59451577 0.43099078
0.36549583 0.79542322 0.14048465 0.6481925  0.3740396  0.47635993  0.32774923 0.43131397 0.58312683 0.4653174  0.48102973 0.47293506  0.34439689 0.41693988 0.57910438 0.41248892
0.38439283 0.80191844 0.13992406 0.62663726 0.35427729 0.53193919  0.34076655 0.42214311 0.59936761 0.46040386 0.50652344 0.46550152  0.38191287 0.40057935 0.53368866 0.42641821
0.42197165 0.81966524 0.12883817 0.58940231 0.33714667 0.59212695  0.40594522 0.39674552 0.58230231 0.4492814  0.58590683 0.4428437  0.32859787 0.35979088 0.44326054 0.39509047
0.45769011 0.81091681 0.14822078 0.55104837 0.28538645 0.69569411  0.36274502 0.43109521 0.57012433 0.46118968 0.48009098 0.45561706  0.43482895 0.33072119 0.35071193 0.43893896
0.6470777  0.92714436 0.70741715 0.4472057  0.59063459 0.66443099  0.51389119 0.24757651 0.32977366 0.36758214 0.31412128 0.41881642  0.54925399 0.30827559 0.3387092  0.3095601 
0.72637789 0.86746478 0.77981808 0.35467222 0.60239432 0.616603  0.63068561 0.39002829 0.26264195 0.47779273 0.46436287 0.44195094  0.76943712 0.423934   0.45869061 0.2432199 
0.74376044 0.84199173 0.79148933 0.33158418 0.56235313 0.57246378  0.63894064 0.46850483 0.31692406 0.54777881 0.40274848 0.35863944  0.68908335 0.44015229 0.44524009 0.25615207
0.75908371 0.81264376 0.77127345 0.30224453 0.52093475 0.54123536  0.67445817 0.50434846 0.36185406 0.53548726 0.39244242 0.31190558  0.75486291 0.48520904 0.50300111 0.24948651
0.78267118 0.73479849 0.72675948 0.27123218 0.46747459 0.47677119  0.6509396  0.56948419 0.42737213 0.5780418  0.34875417 0.27544046  0.67555934 0.47657548 0.53593833 0.18379865
0.79730812 0.64162631 0.6319288  0.25545214 0.33987845 0.42306137  0.6291922  0.70541728 0.4608028  0.70832259 0.33213708 0.27880611  0.57416606 0.43281041 0.55476855 0.15907402
0.78868358 0.50697118 0.39115926 0.25217348 0.1991242  0.44148931  0.55044431 0.63427906 0.39742403 0.63817082 0.31734241 0.52542355  0.59244524 0.52550639 0.73943402 0.18447037
0.71967093 0.52099502 0.1532082  0.13076093 0.26648521 0.55751601  0.47625283 0.66187709 0.4558594  0.43102097 0.23310094 0.53171735  0.44344248 0.44838812 0.66382713 0.45831389
0.68951631 0.56074627 0.11763066 0.12574211 0.30721065 0.55517413  0.55652297 0.61012512 0.53321756 0.38904356 0.29689995 0.51959869  0.56756511 0.51930834 0.68275568 0.54745419
0.65836296 0.61334382 0.10408142 0.1724053  0.32219242 0.58629059  0.60783979 0.47672889 0.53943825 0.36464744 0.32756704 0.50253464  0.71482103 0.60325283 0.60956367 0.53334995
0.6146679  0.5824077  0.05217072 0.24732668 0.43404386 0.4341654  0.65173725 0.24211974 0.57747857 0.33092106 0.4519291  0.47060685  0.68214301 0.59492722 0.60294713 0.40698123
0.6155911  0.60741275 0.05103088 0.28287729 0.41770594 0.49952056  0.62323357 0.13737687 0.60133547 0.39398473 0.40847316 0.50577038  0.61566969 0.57617517 0.61888168 0.43823748
0.6155911  0.60741275 0.05103088 0.28287729 0.41770594 0.49952056  0.62323357 0.13737687 0.60133547 0.39398473 0.40847316 0.50577038  0.61566969 0.57617517 0.61888168 0.43823748
0.51245443 0.65833614 0.05979119 0.4193614  0.46181377 0.33317913  0.61317192 0.17131717 0.49631359 0.40908711 0.42181744 0.50752837  0.36147381 0.57972689 0.62889161 0.34185881
0.47884902 0.68151909 0.06623355 0.45907973 0.47008424 0.30947132  0.62733529 0.19358723 0.4215171  0.43579332 0.3727738  0.51315782  0.34178484 0.54548169 0.69690217 0.32967409
0.46032141 0.66134721 0.07357682 0.44914126 0.47935534 0.2755733  0.64806031 0.2092883  0.38385169 0.40255862 0.36718048 0.49677161  0.40641544 0.54178909 0.60929943 0.31420276
0.44180224 0.64682703 0.07645976 0.44834012 0.49674448 0.21604893  0.66250921 0.24910458 0.35481946 0.35721869 0.38901781 0.47232724  0.45095549 0.54799498 0.55467492 0.27491853
0.388689   0.6489143  0.0936689  0.49418311 0.51033472 0.16126128  0.64154429 0.32853236 0.27405529 0.37593136 0.30904263 0.47944635  0.46637955 0.48740012 0.59089257 0.31083626
0.35263796 0.63722955 0.11213905 0.52241738 0.4979583  0.1755958  0.59935092 0.31426764 0.25524595 0.39075681 0.25574172 0.49316205  0.43392024 0.41750123 0.48038473 0.34838284
0.33405996 0.6366669  0.11736444 0.55624588 0.50072101 0.15976933  0.54214807 0.31544829 0.27991348 0.41223861 0.21063887 0.51373942  0.43058173 0.41382299 0.50864248 0.37355981
0.32163089 0.66963272 0.12899091 0.55290531 0.48122974 0.16506044  0.5675328  0.39981959 0.26397226 0.40988525 0.2535776  0.50661424  0.40734504 0.44764472 0.497677   0.40197077
0.28867797 0.67378748 0.14802215 0.55246646 0.46905491 0.18677754  0.59735122 0.46247295 0.20307565 0.39303605 0.30159513 0.4753648  0.41516159 0.34592679 0.36388875 0.40286959
0.27029524 0.65046343 0.16009555 0.5372445  0.46402263 0.20036626  0.60386801 0.45713861 0.20140104 0.40030561 0.2903184  0.47969564  0.41674824 0.33867007 0.36193314 0.42819869
0.23305648 0.60429951 0.18248832 0.51315027 0.46125577 0.19231546  0.62167087 0.45998081 0.14849899 0.40199353 0.20504301 0.49451332  0.49163688 0.30323285 0.29244085 0.49346788
0.23305648 0.60429951 0.18248832 0.51315027 0.46125577 0.19231546  0.62167087 0.45998081 0.14849899 0.40199353 0.20504301 0.49451332  0.49163688 0.30323285 0.29244085 0.49346788
0.23305648 0.60429951 0.18248832 0.51315027 0.46125577 0.19231546  0.62167087 0.45998081 0.14849899 0.40199353 0.20504301 0.49451332  0.49163688 0.30323285 0.29244085 0.49346788
0.23305648 0.60429951 0.18248832 0.51315027 0.46125577 0.19231546  0.62167087 0.45998081 0.14849899 0.40199353 0.20504301 0.49451332  0.49163688 0.30323285 0.29244085 0.49346788
0.17881184 0.57585018 0.21881397 0.54405291 0.43522386 0.24045817  0.50390313 0.48677931 0.24267339 0.40152663 0.19104812 0.49493995  0.551051   0.30961656 0.3001988  0.5272926 
0.16090298 0.54997924 0.23264034 0.52063825 0.42610691 0.27216757  0.51801014 0.47061254 0.2573762  0.40952032 0.2186372  0.49395088  0.50963585 0.32196481 0.34129445 0.51471081
0.16090298 0.54997924 0.23264034 0.52063825 0.42610691 0.27216757  0.51801014 0.47061254 0.2573762  0.40952032 0.2186372  0.49395088  0.50963585 0.32196481 0.34129445 0.51471081
0.16090298 0.54997924 0.23264034 0.52063825 0.42610691 0.27216757  0.51801014 0.47061254 0.2573762  0.40952032 0.2186372  0.49395088  0.50963585 0.32196481 0.34129445 0.51471081
0.16090298 0.54997924 0.23264034 0.52063825 0.42610691 0.27216757  0.51801014 0.47061254 0.2573762  0.40952032 0.2186372  0.49395088  0.50963585 0.32196481 0.34129445 0.51471081
0.16090298 0.54997924 0.23264034 0.52063825 0.42610691 0.27216757  0.51801014 0.47061254 0.2573762  0.40952032 0.2186372  0.49395088  0.50963585 0.32196481 0.34129445 0.51471081
0.16090298 0.54997924 0.23264034 0.52063825 0.42610691 0.27216757  0.51801014 0.47061254 0.2573762  0.40952032 0.2186372  0.49395088  0.50963585 0.32196481 0.34129445 0.51471081
0.14355037 0.5229741  0.24644129 0.4935869  0.41436966 0.30365141  0.54467914 0.44998359 0.25076917 0.41181624 0.23968257 0.49066789  0.47174686 0.2996688  0.3125306  0.49611039
0.14355037 0.5229741  0.24644129 0.4935869  0.41436966 0.30365141  0.54467914 0.44998359 0.25076917 0.41181624 0.23968257 0.49066789  0.47174686 0.2996688  0.3125306  0.49611039
0.14355037 0.5229741  0.24644129 0.4935869  0.41436966 0.30365141  0.54467914 0.44998359 0.25076917 0.41181624 0.23968257 0.49066789  0.47174686 0.2996688  0.3125306  0.49611039
0.14355037 0.5229741  0.24644129 0.4935869  0.41436966 0.30365141  0.54467914 0.44998359 0.25076917 0.41181624 0.23968257 0.49066789  0.47174686 0.2996688  0.3125306  0.49611039
0.14355037 0.5229741  0.24644129 0.4935869  0.41436966 0.30365141  0.54467914 0.44998359 0.25076917 0.41181624 0.23968257 0.49066789  0.47174686 0.2996688  0.3125306  0.49611039
0.1258976  0.49562792 0.26045528 0.46652482 0.40319065 0.33487742  0.5697364  0.43073883 0.24686617 0.4138731  0.26162141 0.48743535  0.43663131 0.28617154 0.29671849 0.47896054
0.1258976  0.49562792 0.26045528 0.46652482 0.40319065 0.33487742  0.5697364  0.43073883 0.24686617 0.4138731  0.26162141 0.48743535  0.43663131 0.28617154 0.29671849 0.47896054
0.08996945 0.47576057 0.28607508 0.47986849 0.38637169 0.36917192  0.49053591 0.47813814 0.33970159 0.38381973 0.31772558 0.4592713  0.50201633 0.32698662 0.31021512 0.45812598
0.08996945 0.47576057 0.28607508 0.47986849 0.38637169 0.36917192  0.49053591 0.47813814 0.33970159 0.38381973 0.31772558 0.4592713  0.50201633 0.32698662 0.31021512 0.45812598
0.07168322 0.46493189 0.29772087 0.48857074 0.38165016 0.3824522  0.43730409 0.50979243 0.4128676  0.37441994 0.34484374 0.45139585  0.59247255 0.36898079 0.34882879 0.47762658
0.07168322 0.46493189 0.29772087 0.48857074 0.38165016 0.3824522  0.43730409 0.50979243 0.4128676  0.37441994 0.34484374 0.45139585  0.59247255 0.36898079 0.34882879 0.47762658
