0.00039479 0.36283831 0.35232302 0.39930133 0.34523319 0.50234819  0.48417291 0.45702496 0.47508945 0.39693445 0.45000532 0.44589633  0.47476172 0.42761975 0.50206904 0.41641874
0.00039479 0.36283831 0.35232302 0.39930133 0.34523319 0.50234819  0.48417291 0.45702496 0.47508945 0.39693445 0.45000532 0.44589633  0.47476172 0.42761975 0.50206904 0.41641874
0.00039479 0.36283831 0.35232302 0.39930133 0.34523319 0.50234819  0.48417291 0.45702496 0.47508945 0.39693445 0.45000532 0.44589633  0.47476172 0.42761975 0.50206904 0.41641874
0.00039479 0.36283831 0.35232302 0.39930133 0.34523319 0.50234819  0.48417291 0.45702496 0.47508945 0.39693445 0.45000532 0.44589633  0.47476172 0.42761975 0.50206904 0.41641874
0.00039479 0.36283831 0.35232302 0.39930133 0.34523319 0.50234819  0.48417291 0.45702496 0.47508945 0.39693445 0.45000532 0.44589633  0.47476172 0.42761975 0.50206904 0.41641874
0.00039479 0.36283831 0.35232302 0.39930133 0.34523319 0.50234819  0.48417291 0.45702496 0.47508945 0.39693445 0.45000532 0.44589633  0.47476172 0.42761975 0.50206904 0.41641874
0.00039479 0.36283831 0.35232302 0.39930133 0.34523319 0.50234819  0.48417291 0.45702496 0.47508945 0.39693445 0.45000532 0.44589633  0.47476172 0.42761975 0.50206904 0.41641874
0.00039479 0.36283831 0.35232302 0.39930133 0.34523319 0.50234819  0.48417291 0.45702496 0.47508945 0.39693445 0.45000532 0.44589633  0.47476172 0.42761975 0.50206904 0.41641874
0.00039479 0.36283831 0.35232302 0.39930133 0.34523319 0.50234819  0.48417291 0.45702496 0.47508945 0.39693445 0.45000532 0.44589633  0.47476172 0.42761975 0.50206904 0.41641874
0.00039479 0.36283831 0.35232302 0.39930133 0.34523319 0.50234819  0.48417291 0.45702496 0.47508945 0.39693445 0.45000532 0.44589633  0.47476172 0.42761975 0.50206904 0.41641874
0.00039479 0.36283831 0.35232302 0.39930133 0.34523319 0.50234819  0.48417291 0.45702496 0.47508945 0.39693445 0.45000532 0.44589633  0.47476172 0.42761975 0.50206904 0.41641874
0.00039479 0.36283831 0.35232302 0.39930133 0.34523319 0.50234819  0.48417291 0.45702496 0.47508945 0.39693445 0.45000532 0.44589633  0.47476172 0.42761975 0.50206904 0.41641874
0.00039479 0.36283831 0.35232302 0.39930133 0.34523319 0.50234819  0.48417291 0.45702496 0.47508945 0.39693445 0.45000532 0.44589633  0.47476172 0.42761975 0.50206904 0.41641874
0.00039479 0.36283831 0.35232302 0.39930133 0.34523319 0.50234819  0.48417291 0.45702496 0.47508945 0.39693445 0.45000532 0.44589633  0.47476172 0.42761975 0.50206904 0.41641874
0.00039479 0.36283831 0.35232302 0.39930133 0.34523319 0.50234819  0.48417291 0.45702496 0.47508945 0.39693445 0.45000532 0.44589633  0.47476172 0.42761975 0.50206904 0.41641874
0.00039479 0.36283831 0.35232302 0.39930133 0.34523319 0.50234819  0.48417291 0.45702496 0.47508945 0.39693445 0.45000532 0.44589633  0.47476172 0.42761975 0.50206904 0.41641874
0.00039479 0.36283831 0.35232302 0.39930133 0.34523319 0.50234819  0.48417291 0.45702496 0.47508945 0.39693445 0.45000532 0.44589633  0.47476172 0.42761975 0.50206904 0.41641874
0.00039479 0.36283831 0.35232302 0.39930133 0.34523319 0.50234819  0.48417291 0.45702496 0.47508945 0.39693445 0.45000532 0.44589633  0.47476172 0.42761975 0.50206904 0.41641874
0.00039479 0.36283831 0.35232302 0.39930133 0.34523319 0.50234819  0.48417291 0.45702496 0.47508945 0.39693445 0.45000532 0.44589633  0.47476172 0.42761975 0.50206904 0.41641874
0.00039479 0.36283831 0.35232302 0.39930133 0.34523319 0.50234819  0.48417291 0.45702496 0.47508945 0.39693445 0.45000532 0.44589633  0.47476172 0.42761975 0.50206904 0.41641874
0.00039479 0.36283831 0.35232302 0.39930133 0.34523319 0.50234819  0.48417291 0.45702496 0.47508945 0.39693445 0.45000532 0.44589633  0.47476172 0.42761975 0.50206904 0.41641874
0.00039479 0.36283831 0.35232302 0.39930133 0.34523319 0.50234819  0.48417291 0.45702496 0.47508945 0.39693445 0.45000532 0.44589633  0.47476172 0.42761975 0.50206904 0.41641874
0.00039479 0.36283831 0.35232302 0.39930133 0.34523319 0.50234819  0.48417291 0.45702496 0.47508945 0.39693445 0.45000532 0.44589633  0.47476172 0.42761975 0.50206904 0.41641874
0.00039479 0.36283831 0.35232302 0.39930133 0.34523319 0.50234819  0.48417291 0.45702496 0.47508945 0.39693445 0.45000532 0.44589633  0.47476172 0.42761975 0.50206904 0.41641874
0.00039479 0.36283831 0.35232302 0.39930133 0.34523319 0.50234819  0.48417291 0.45702496 0.47508945 0.39693445 0.45000532 0.44589633  0.47476172 0.42761975 0.50206904 0.41641874
0.00039479 0.36283831 0.35232302 0.39930133 0.34523319 0.50234819  0.48417291 0.45702496 0.47508945 0.39693445 0.45000532 0.44589633  0.47476172 0.42761975 0.50206904 0.41641874
0.00039479 0.36283831 0.35232302 0.39930133 0.34523319 0.50234819  0.48417291 0.45702496 0.47508945 0.39693445 0.45000532 0.44589633  0.47476172 0.42761975 0.50206904 0.41641874
0.00039479 0.36283831 0.35232302 0.39930133 0.34523319 0.50234819  0.48417291 0.45702496 0.47508945 0.39693445 0.45000532 0.44589633  0.47476172 0.42761975 0.50206904 0.41641874
0.00039479 0.36283831 0.35232302 0.39930133 0.34523319 0.50234819  0.48417291 0.45702496 0.47508945 0.39693445 0.45000532 0.44589633  0.47476172 0.42761975 0.50206904 0.41641874
0.00039479 0.36283831 0.35232302 0.39930133 0.34523319 0.50234819  0.48417291 0.45702496 0.47508945 0.39693445 0.45000532 0.44589633  0.47476172 0.42761975 0.50206904 0.41641874
0.00039479 0.36283831 0.35232302 0.39930133 0.34523319 0.50234819  0.48417291 0.45702496 0.47508945 0.39693445 0.45000532 0.44589633  0.47476172 0.42761975 0.50206904 0.41641874
0.00039479 0.36283831 0.35232302 0.39930133 0.34523319 0.50234819  0.48417291 0.45702496 0.47508945 0.39693445 0.45000532 0.44589633  0.47476172 0.42761975 0.50206904 0.41641874
0.00039479 0.36283831 0.35232302 0.39930133 0.34523319 0.50234819  0.48417291 0.45702496 0.47508945 0.39693445 0.45000532 0.44589633  0.47476172 0.42761975 0.50206904 0.41641874
0.00039479 0.36283831 0.35232302 0.39930133 0.34523319 0.50234819  0.48417291 0.45702496 0.47508945 0.39693445 0.45000532 0.44589633  0.47476172 0.42761975 0.50206904 0.41641874
0.00039479 0.36283831 0.35232302 0.39930133 0.34523319 0.50234819  0.48417291 0.45702496 0.47508945 0.39693445 0.45000532 0.44589633  0.47476172 0.42761975 0.50206904 0.41641874
0.00039479 0.36283831 0.35232302 0.39930133 0.34523319 0.50234819  0.48417291 0.45702496 0.47508945 0.39693445 0.45000532 0.44589633  0.47476172 0.42761975 0.50206904 0.41641874
0.00039479 0.36283831 0.35232302 0.39930133 0.34523319 0.50234819  0.48417291 0.45702496 0.47508945 0.39693445 0.45000532 0.44589633  0.47476172 0.42761975 0.50206904 0.41641874
0.00039479 0.36283831 0.35232302 0.39930133 0.34523319 0.50234819  0.48417291 0.45702496 0.47508945 0.39693445 0.45000532 0.44589633  0.47476172 0.42761975 0.50206904 0.41641874
0.07102744 0.47074286 0.29670665 0.50419737 0.38853785 0.37933971  0.39080016 0.53139132 0.48328318 0.38496162 0.36515797 0.45641572  0.61365954 0.47598453 0.54560422 0.47854126
0.14412002 0.57060106 0.24645796 0.57968804 0.41102451 0.3263846  0.33080541 0.5631681  0.52992034 0.3802283  0.39969462 0.45131625  0.59259779 0.51703147 0.6283586  0.44110098
0.25348622 0.71136997 0.17563316 0.67688859 0.43151247 0.26742085  0.27495577 0.58244661 0.53373258 0.38449213 0.38678118 0.45763486  0.56439986 0.47958742 0.59795822 0.42736216
0.30983353 0.76257574 0.15619934 0.67616474 0.40265727 0.37928527  0.27073384 0.51959709 0.61542993 0.42376266 0.48752646 0.45691024  0.44094478 0.47372309 0.63905033 0.40324622
0.42197165 0.81966524 0.12883817 0.58940231 0.33714667 0.59212695  0.40594522 0.39674552 0.58230231 0.4492814  0.58590683 0.4428437  0.32859787 0.35979088 0.44326054 0.39509047
0.49402118 0.80233109 0.1085089  0.455516   0.33530935 0.62976709  0.59335689 0.38633036 0.5007273  0.43493177 0.60766342 0.43079884  0.43584203 0.39866471 0.46822064 0.41378588
0.58108692 0.75256055 0.12394235 0.31353641 0.28926624 0.69493698  0.64085643 0.51238524 0.37699323 0.42387175 0.40951623 0.44861004  0.63806581 0.39214551 0.40029533 0.49172826
0.60993405 0.77673258 0.21919347 0.22785365 0.45021786 0.72219684  0.60427444 0.53374384 0.35352102 0.337843   0.46358006 0.49166321  0.65626633 0.43474288 0.45890419 0.54344012
0.6962492  0.74686087 0.43998548 0.19514992 0.56130167 0.7158608  0.48939244 0.59930648 0.21107974 0.22019564 0.53709687 0.67631058  0.71686449 0.29109283 0.6262208  0.48040604
0.78490894 0.74465827 0.71500628 0.17843797 0.61550458 0.58676145  0.52133778 0.55454115 0.28377933 0.31355295 0.40920563 0.50997299  0.69674499 0.44196656 0.70208966 0.31155221
0.82249495 0.69328231 0.7652543  0.15667107 0.62554138 0.49993064  0.52436726 0.59308456 0.40937666 0.40652316 0.35257047 0.46165211  0.57968777 0.3739105  0.71234111 0.30748225
0.84974422 0.63784664 0.76831955 0.19002562 0.4795318  0.39799781  0.58062171 0.53339958 0.50511632 0.55550942 0.21164959 0.31266759  0.55113997 0.56054951 0.70855237 0.24644424
0.86445532 0.53292852 0.664548   0.22167806 0.41098831 0.35001358  0.56302611 0.39702159 0.57811727 0.60736705 0.13958125 0.31631896  0.62060248 0.47136939 0.7112934  0.16970839
0.83808753 0.47808485 0.50015297 0.24968316 0.25097563 0.35878692  0.5547727  0.45096139 0.5562601  0.69452485 0.17223641 0.37752512  0.59533934 0.53272196 0.63013087 0.17222198
0.78022207 0.41963835 0.22260352 0.21441596 0.22369978 0.4774943  0.42572185 0.49634017 0.38565647 0.55172228 0.29272961 0.62482298  0.53092316 0.48807661 0.68591896 0.25841494
0.74497106 0.45332872 0.13189733 0.13327288 0.30431326 0.53851772  0.4181801  0.50075198 0.50307075 0.42807538 0.16811814 0.54081816  0.48082654 0.38469764 0.64529573 0.39855099
0.67179948 0.5872399  0.10422199 0.17145723 0.32572741 0.59966055  0.58067215 0.48150309 0.50561788 0.40786701 0.26602529 0.51442338  0.68316239 0.4976319  0.66083285 0.51821351
0.53775382 0.72518566 0.06970612 0.3949316  0.4001934  0.52400038  0.6743146  0.23161936 0.45257521 0.44481334 0.47936736 0.47778769  0.45967204 0.46204558 0.59914674 0.40877111
0.47434361 0.77541211 0.10089748 0.43887698 0.37270014 0.53880018  0.69034661 0.33422828 0.37552176 0.46529325 0.52474761 0.46616983  0.35356714 0.36005061 0.4674973  0.450662  
0.32663476 0.70669179 0.13952966 0.55529322 0.43485044 0.30684494  0.56672499 0.39331477 0.29405067 0.48074184 0.32590078 0.51484268  0.24303411 0.34855806 0.55086125 0.43116353
0.16049637 0.55005972 0.23192492 0.52380883 0.42773522 0.25739435  0.51803523 0.47990774 0.23429272 0.40259266 0.18304503 0.49613411  0.56399451 0.29805947 0.2750824  0.54012016
0.10557724 0.49067152 0.26906522 0.49887986 0.41115523 0.30637833  0.47319166 0.50257024 0.33030166 0.40352897 0.22005928 0.49069071  0.64587596 0.36999705 0.37968525 0.56899921
0.05321128 0.43913037 0.31117827 0.46825072 0.37432155 0.40307748  0.44741125 0.50363182 0.41626492 0.3766235  0.34855458 0.45200603  0.59838234 0.37396954 0.35608178 0.48310896
0.01779563 0.38669558 0.33863985 0.42004769 0.35385851 0.46460162  0.48109267 0.47190843 0.43452283 0.38595027 0.3992976  0.44733029  0.52908455 0.38078184 0.39373238 0.44873962
0.01779563 0.38669558 0.33863985 0.42004769 0.35385851 0.46460162  0.48109267 0.47190843 0.43452283 0.38595027 0.3992976  0.44733029  0.52908455 0.38078184 0.39373238 0.44873962
0.01779563 0.38669558 0.33863985 0.42004769 0.35385851 0.46460162  0.48109267 0.47190843 0.43452283 0.38595027 0.3992976  0.44733029  0.52908455 0.38078184 0.39373238 0.44873962
0.00039479 0.36283831 0.35232302 0.39930133 0.34523319 0.50234819  0.48417291 0.45702496 0.47508945 0.39693445 0.45000532 0.44589633  0.47476172 0.42761975 0.50206904 0.41641874
0.00039479 0.36283831 0.35232302 0.39930133 0.34523319 0.50234819  0.48417291 0.45702496 0.47508945 0.39693445 0.45000532 0.44589633  0.47476172 0.42761975 0.50206904 0.41641874
0.00039479 0.36283831 0.35232302 0.39930133 0.34523319 0.50234819  0.48417291 0.45702496 0.47508945 0.39693445 0.45000532 0.44589633  0.47476172 0.42761975 0.50206904 0.41641874
0.0177474  0.38984345 0.33852207 0.42635267 0.35697043 0.47086435  0.45750391 0.47765391 0.48169648 0.39463854 0.42895995 0.44917931  0.51265071 0.44991576 0.53083289 0.43501917
0.07056619 0.46658785 0.29686513 0.497641   0.38628993 0.36623544  0.4176726  0.52862213 0.42125609 0.37222723 0.31790385 0.45546932  0.6533114  0.39647978 0.37779503 0.50586743
0.19785185 0.64518546 0.20671798 0.64151159 0.43300978 0.25110585  0.29647881 0.59998832 0.50253266 0.36086939 0.35221816 0.4490006  0.66345749 0.48623326 0.53329341 0.45918016
0.30913033 0.75632575 0.16390663 0.6783825  0.39083563 0.41144953  0.2428697  0.49539152 0.61453616 0.46926347 0.38352375 0.49442087  0.47008713 0.47740784 0.69235099 0.47744809
0.60582332 0.9178036  0.76381365 0.57433045 0.51077048 0.65338281  0.35185768 0.31961255 0.51825818 0.4713627  0.34834886 0.33725864  0.62683089 0.34058971 0.33823011 0.1886915 
0.67882867 0.90929702 0.75089692 0.41340024 0.63976342 0.62361455  0.59119557 0.27354222 0.3082069  0.47982921 0.38322683 0.44325514  0.63885175 0.33807313 0.43449503 0.24951046
0.72895306 0.85714711 0.73640486 0.29274652 0.6229159  0.63371448  0.63850742 0.41541436 0.29262582 0.34177698 0.45397505 0.44585605  0.83022603 0.41315239 0.55646926 0.29717788
0.77615617 0.77845446 0.75111768 0.21299992 0.60831018 0.58340905  0.57348501 0.60533951 0.30962102 0.34797043 0.43012246 0.46496098  0.66481323 0.3062761  0.69099558 0.32356222
0.8178739  0.70805019 0.7842447  0.21760227 0.56980364 0.53115006  0.52446848 0.58295017 0.2655116  0.43088595 0.38630643 0.53038553  0.5476636  0.35714463 0.7939951  0.27330374
0.84467248 0.62781509 0.73559435 0.2099027  0.44406959 0.43639895  0.53634367 0.50716769 0.40160843 0.39628921 0.25489959 0.41913656  0.54756713 0.53817083 0.78678799 0.23452355
0.83716105 0.52983785 0.57812367 0.27849859 0.28683775 0.43073156  0.50653852 0.43344373 0.36567384 0.3449875  0.29951324 0.58660881  0.59796547 0.43768953 0.87420878 0.27510539
0.83829488 0.39399196 0.38995283 0.31445242 0.15477174 0.3906204  0.43393933 0.33726468 0.37602166 0.35560833 0.36298893 0.65298479  0.68951397 0.4157308  0.74175836 0.20574019
0.83829488 0.39399196 0.38995283 0.31445242 0.15477174 0.3906204  0.43393933 0.33726468 0.37602166 0.35560833 0.36298893 0.65298479  0.68951397 0.4157308  0.74175836 0.20574019
0.81543918 0.34621525 0.24238534 0.24415728 0.24578307 0.4181188  0.37310864 0.41832915 0.44468191 0.47843284 0.37156538 0.5792323  0.56893274 0.32417922 0.59229063 0.137255  
0.80641966 0.34590208 0.20667078 0.21937233 0.26517161 0.43930032  0.34645969 0.43447165 0.43417024 0.48675427 0.36128741 0.56947474  0.52247962 0.35553868 0.54680203 0.15241702
0.78975599 0.34643641 0.14767213 0.21211002 0.33907196 0.51052478  0.3413633  0.42645803 0.48261956 0.39844623 0.29179915 0.46827355  0.51295902 0.33371369 0.47778233 0.32501282
0.80713309 0.27615721 0.13161215 0.33817593 0.41697253 0.6126739  0.37671091 0.45340734 0.43040458 0.36687798 0.23589742 0.37114709  0.51937476 0.35489907 0.59499429 0.31872192
0.80264857 0.25431261 0.09315356 0.35280682 0.46555821 0.64691882  0.3763363  0.46847567 0.4313946  0.35690736 0.22582706 0.29982496  0.46893303 0.31144614 0.62988434 0.42477186
0.81047484 0.22479077 0.09155524 0.39911602 0.48584876 0.66246775  0.37372115 0.46227109 0.39190146 0.37276068 0.26264094 0.25091394  0.46395887 0.33653459 0.60702753 0.50683777
0.81047484 0.22479077 0.09155524 0.39911602 0.48584876 0.66246775  0.37372115 0.46227109 0.39190146 0.37276068 0.26264094 0.25091394  0.46395887 0.33653459 0.60702753 0.50683777
0.81537622 0.20344082 0.08762222 0.44582851 0.51047077 0.69919957  0.39586853 0.48477267 0.3774267  0.35938579 0.24306986 0.23433486  0.46590999 0.34861932 0.64853095 0.49091055
0.81792082 0.19184106 0.08554442 0.47808378 0.52935228 0.72526902  0.42837162 0.51109002 0.40333093 0.33696493 0.2029051  0.25899991  0.44164123 0.37789661 0.63411773 0.43747564
0.81792082 0.19184106 0.08554442 0.47808378 0.52935228 0.72526902  0.42837162 0.51109002 0.40333093 0.33696493 0.2029051  0.25899991  0.44164123 0.37789661 0.63411773 0.43747564
0.81792082 0.19184106 0.08554442 0.47808378 0.52935228 0.72526902  0.42837162 0.51109002 0.40333093 0.33696493 0.2029051  0.25899991  0.44164123 0.37789661 0.63411773 0.43747564
0.81792082 0.19184106 0.08554442 0.47808378 0.52935228 0.72526902  0.42837162 0.51109002 0.40333093 0.33696493 0.2029051  0.25899991  0.44164123 0.37789661 0.63411773 0.43747564
0.81792082 0.19184106 0.08554442 0.47808378 0.52935228 0.72526902  0.42837162 0.51109002 0.40333093 0.33696493 0.2029051  0.25899991  0.44164123 0.37789661 0.63411773 0.43747564
0.81792082 0.19184106 0.08554442 0.47808378 0.52935228 0.72526902  0.42837162 0.51109002 0.40333093 0.33696493 0.2029051  0.25899991  0.44164123 0.37789661 0.63411773 0.43747564
0.81792082 0.19184106 0.08554442 0.47808378 0.52935228 0.72526902  0.42837162 0.51109002 0.40333093 0.33696493 0.2029051  0.25899991  0.44164123 0.37789661 0.63411773 0.43747564
0.81792082 0.19184106 0.08554442 0.47808378 0.52935228 0.72526902  0.42837162 0.51109002 0.40333093 0.33696493 0.2029051  0.25899991  0.44164123 0.37789661 0.63411773 0.43747564
0.8024689  0.20520608 0.06240434 0.47026271 0.55342578 0.70834289  0.47314104 0.50080158 0.45388958 0.31822459 0.24520803 0.2539498  0.44756472 0.38565794 0.69014112 0.5057549 
0.77993993 0.26111415 0.0515652  0.42675577 0.54978717 0.70737822  0.5112569  0.46554263 0.52018223 0.2791342  0.22989023 0.29579228  0.57073802 0.42372839 0.6759031  0.44455003
0.77993993 0.26111415 0.0515652  0.42675577 0.54978717 0.70737822  0.5112569  0.46554263 0.52018223 0.2791342  0.22989023 0.29579228  0.57073802 0.42372839 0.6759031  0.44455003
0.77993993 0.26111415 0.0515652  0.42675577 0.54978717 0.70737822  0.5112569  0.46554263 0.52018223 0.2791342  0.22989023 0.29579228  0.57073802 0.42372839 0.6759031  0.44455003
0.67087525 0.45296226 0.02413817 0.44394315 0.55215885 0.64426545  0.68959262 0.23259733 0.60176142 0.28226716 0.32314233 0.39012457  0.66109274 0.61733778 0.6977783  0.3453039 
0.62623661 0.50620967 0.02304025 0.42276585 0.53698683 0.51203408  0.63778287 0.11784849 0.59695597 0.32248832 0.38980385 0.42190938  0.54543175 0.56649442 0.68970807 0.31579951
0.60121948 0.5800934  0.03735969 0.36911737 0.48128666 0.48461762  0.63283066 0.11379167 0.56804708 0.37466394 0.42489062 0.44823761  0.55291278 0.50997057 0.66777099 0.35039323
0.45816693 0.66265449 0.06486505 0.48180521 0.49788284 0.25964282  0.61977898 0.20365423 0.38474753 0.39052127 0.41721601 0.46844693  0.38066229 0.44275018 0.57436549 0.24949708
0.37448847 0.69061472 0.10047069 0.5331802  0.49358798 0.2020373  0.61279577 0.38135231 0.28282247 0.37881587 0.38795819 0.45643328  0.43946042 0.39767846 0.5128958  0.30854675
0.2510171  0.64409075 0.16790603 0.56707919 0.46928108 0.1701068  0.53432821 0.49194473 0.22633406 0.40988571 0.2004133  0.50425365  0.53816478 0.36335292 0.40990469 0.50498835
0.07057186 0.4363202  0.29688016 0.44476643 0.38823898 0.36908819  0.52491791 0.46269653 0.31979163 0.40788175 0.2630435  0.48417518  0.57287142 0.33420379 0.33510928 0.53324894
0.07057186 0.4363202  0.29688016 0.44476643 0.38823898 0.36908819  0.52491791 0.46269653 0.31979163 0.40788175 0.2630435  0.48417518  0.57287142 0.33420379 0.33510928 0.53324894
0.01779563 0.38669558 0.33863985 0.42004769 0.35385851 0.46460162  0.48109267 0.47190843 0.43452283 0.38595027 0.3992976  0.44733029  0.52908455 0.38078184 0.39373238 0.44873962
0.00039479 0.36283831 0.35232302 0.39930133 0.34523319 0.50234819  0.48417291 0.45702496 0.47508945 0.39693445 0.45000532 0.44589633  0.47476172 0.42761975 0.50206904 0.41641874
0.00039479 0.36283831 0.35232302 0.39930133 0.34523319 0.50234819  0.48417291 0.45702496 0.47508945 0.39693445 0.45000532 0.44589633  0.47476172 0.42761975 0.50206904 0.41641874
0.00039479 0.36283831 0.35232302 0.39930133 0.34523319 0.50234819  0.48417291 0.45702496 0.47508945 0.39693445 0.45000532 0.44589633  0.47476172 0.42761975 0.50206904 0.41641874
0.00039479 0.36283831 0.35232302 0.39930133 0.34523319 0.50234819  0.48417291 0.45702496 0.47508945 0.39693445 0.45000532 0.44589633  0.47476172 0.42761975 0.50206904 0.41641874
0.00039479 0.36283831 0.35232302 0.39930133 0.34523319 0.50234819  0.48417291 0.45702496 0.47508945 0.39693445 0.45000532 0.44589633  0.47476172 0.42761975 0.50206904 0.41641874
0.00039479 0.36283831 0.35232302 0.39930133 0.34523319 0.50234819  0.48417291 0.45702496 0.47508945 0.39693445 0.45000532 0.44589633  0.47476172 0.42761975 0.50206904 0.41641874
0.00039479 0.36283831 0.35232302 0.39930133 0.34523319 0.50234819  0.48417291 0.45702496 0.47508945 0.39693445 0.45000532 0.44589633  0.47476172 0.42761975 0.50206904 0.41641874
0.00039479 0.36283831 0.35232302 0.39930133 0.34523319 0.50234819  0.48417291 0.45702496 0.47508945 0.39693445 0.45000532 0.44589633  0.47476172 0.42761975 0.50206904 0.41641874
0.00039479 0.36283831 0.35232302 0.39930133 0.34523319 0.50234819  0.48417291 0.45702496 0.47508945 0.39693445 0.45000532 0.44589633  0.47476172 0.42761975 0.50206904 0.41641874
0.00039479 0.36283831 0.35232302 0.39930133 0.34523319 0.50234819  0.48417291 0.45702496 0.47508945 0.39693445 0.45000532 0.44589633  0.47476172 0.42761975 0.50206904 0.41641874
0.00039479 0.36283831 0.35232302 0.39930133 0.34523319 0.50234819  0.48417291 0.45702496 0.47508945 0.39693445 0.45000532 0.44589633  0.47476172 0.42761975 0.50206904 0.41641874
0.00039479 0.36283831 0.35232302 0.39930133 0.34523319 0.50234819  0.48417291 0.45702496 0.47508945 0.39693445 0.45000532 0.44589633  0.47476172 0.42761975 0.50206904 0.41641874
0.00039479 0.36283831 0.35232302 0.39930133 0.34523319 0.50234819  0.48417291 0.45702496 0.47508945 0.39693445 0.45000532 0.44589633  0.47476172 0.42761975 0.50206904 0.41641874
0.00039479 0.36283831 0.35232302 0.39930133 0.34523319 0.50234819  0.48417291 0.45702496 0.47508945 0.39693445 0.45000532 0.44589633  0.47476172 0.42761975 0.50206904 0.41641874
0.00039479 0.36283831 0.35232302 0.39930133 0.34523319 0.50234819  0.48417291 0.45702496 0.47508945 0.39693445 0.45000532 0.44589633  0.47476172 0.42761975 0.50206904 0.41641874
0.00039479 0.36283831 0.35232302 0.39930133 0.34523319 0.50234819  0.48417291 0.45702496 0.47508945 0.39693445 0.45000532 0.44589633  0.47476172 0.42761975 0.50206904 0.41641874
0.00039479 0.36283831 0.35232302 0.39930133 0.34523319 0.50234819  0.48417291 0.45702496 0.47508945 0.39693445 0.45000532 0.44589633  0.47476172 0.42761975 0.50206904 0.41641874
0.00039479 0.36283831 0.35232302 0.39930133 0.34523319 0.50234819  0.48417291 0.45702496 0.47508945 0.39693445 0.45000532 0.44589633  0.47476172 0.42761975 0.50206904 0.41641874
0.00039479 0.36283831 0.35232302 0.39930133 0.34523319 0.50234819  0.48417291 0.45702496 0.47508945 0.39693445 0.45000532 0.44589633  0.47476172 0.42761975 0.50206904 0.41641874
0.00039479 0.36283831 0.35232302 0.39930133 0.34523319 0.50234819  0.48417291 0.45702496 0.47508945 0.39693445 0.45000532 0.44589633  0.47476172 0.42761975 0.50206904 0.41641874
0.00039479 0.36283831 0.35232302 0.39930133 0.34523319 0.50234819  0.48417291 0.45702496 0.47508945 0.39693445 0.45000532 0.44589633  0.47476172 0.42761975 0.50206904 0.41641874
