0.00039479 0.36283831 0.35232302 0.39930133 0.34523319 0.50234819  0.48417291 0.45702496 0.47508945 0.39693445 0.45000532 0.44589633  0.47476172 0.42761975 0.50206904 0.41641874
0.00039479 0.36283831 0.35232302 0.39930133 0.34523319 0.50234819  0.48417291 0.45702496 0.47508945 0.39693445 0.45000532 0.44589633  0.47476172 0.42761975 0.50206904 0.41641874
0.00039479 0.36283831 0.35232302 0.39930133 0.34523319 0.50234819  0.48417291 0.45702496 0.47508945 0.39693445 0.45000532 0.44589633  0.47476172 0.42761975 0.50206904 0.41641874
0.00039479 0.36283831 0.35232302 0.39930133 0.34523319 0.50234819  0.48417291 0.45702496 0.47508945 0.39693445 0.45000532 0.44589633  0.47476172 0.42761975 0.50206904 0.41641874
0.00039479 0.36283831 0.35232302 0.39930133 0.34523319 0.50234819  0.48417291 0.45702496 0.47508945 0.39693445 0.45000532 0.44589633  0.47476172 0.42761975 0.50206904 0.41641874
0.00039479 0.36283831 0.35232302 0.39930133 0.34523319 0.50234819  0.48417291 0.45702496 0.47508945 0.39693445 0.45000532 0.44589633  0.47476172 0.42761975 0.50206904 0.41641874
0.00039479 0.36283831 0.35232302 0.39930133 0.34523319 0.50234819  0.48417291 0.45702496 0.47508945 0.39693445 0.45000532 0.44589633  0.47476172 0.42761975 0.50206904 0.41641874
0.00039479 0.36283831 0.35232302 0.39930133 0.34523319 0.50234819  0.48417291 0.45702496 0.47508945 0.39693445 0.45000532 0.44589633  0.47476172 0.42761975 0.50206904 0.41641874
0.00039479 0.36283831 0.35232302 0.39930133 0.34523319 0.50234819  0.48417291 0.45702496 0.47508945 0.39693445 0.45000532 0.44589633  0.47476172 0.42761975 0.50206904 0.41641874
0.00039479 0.36283831 0.35232302 0.39930133 0.34523319 0.50234819  0.48417291 0.45702496 0.47508945 0.39693445 0.45000532 0.44589633  0.47476172 0.42761975 0.50206904 0.41641874
0.00039479 0.36283831 0.35232302 0.39930133 0.34523319 0.50234819  0.48417291 0.45702496 0.47508945 0.39693445 0.45000532 0.44589633  0.47476172 0.42761975 0.50206904 0.41641874
0.00039479 0.36283831 0.35232302 0.39930133 0.34523319 0.50234819  0.48417291 0.45702496 0.47508945 0.39693445 0.45000532 0.44589633  0.47476172 0.42761975 0.50206904 0.41641874
0.00039479 0.36283831 0.35232302 0.39930133 0.34523319 0.50234819  0.48417291 0.45702496 0.47508945 0.39693445 0.45000532 0.44589633  0.47476172 0.42761975 0.50206904 0.41641874
0.00039479 0.36283831 0.35232302 0.39930133 0.34523319 0.50234819  0.48417291 0.45702496 0.47508945 0.39693445 0.45000532 0.44589633  0.47476172 0.42761975 0.50206904 0.41641874
0.00039479 0.36283831 0.35232302 0.39930133 0.34523319 0.50234819  0.48417291 0.45702496 0.47508945 0.39693445 0.45000532 0.44589633  0.47476172 0.42761975 0.50206904 0.41641874
0.00039479 0.36283831 0.35232302 0.39930133 0.34523319 0.50234819  0.48417291 0.45702496 0.47508945 0.39693445 0.45000532 0.44589633  0.47476172 0.42761975 0.50206904 0.41641874
0.00039479 0.36283831 0.35232302 0.39930133 0.34523319 0.50234819  0.48417291 0.45702496 0.47508945 0.39693445 0.45000532 0.44589633  0.47476172 0.42761975 0.50206904 0.41641874
0.00039479 0.36283831 0.35232302 0.39930133 0.34523319 0.50234819  0.48417291 0.45702496 0.47508945 0.39693445 0.45000532 0.44589633  0.47476172 0.42761975 0.50206904 0.41641874
0.00039479 0.36283831 0.35232302 0.39930133 0.34523319 0.50234819  0.48417291 0.45702496 0.47508945 0.39693445 0.45000532 0.44589633  0.47476172 0.42761975 0.50206904 0.41641874
0.00039479 0.36283831 0.35232302 0.39930133 0.34523319 0.50234819  0.48417291 0.45702496 0.47508945 0.39693445 0.45000532 0.44589633  0.47476172 0.42761975 0.50206904 0.41641874
0.00039479 0.36283831 0.35232302 0.39930133 0.34523319 0.50234819  0.48417291 0.45702496 0.47508945 0.39693445 0.45000532 0.44589633  0.47476172 0.42761975 0.50206904 0.41641874
0.00039479 0.36283831 0.35232302 0.39930133 0.34523319 0.50234819  0.48417291 0.45702496 0.47508945 0.39693445 0.45000532 0.44589633  0.47476172 0.42761975 0.50206904 0.41641874
0.00039479 0.36283831 0.35232302 0.39930133 0.34523319 0.50234819  0.48417291 0.45702496 0.47508945 0.39693445 0.45000532 0.44589633  0.47476172 0.42761975 0.50206904 0.41641874
0.00039479 0.36283831 0.35232302 0.39930133 0.34523319 0.50234819  0.48417291 0.45702496 0.47508945 0.39693445 0.45000532 0.44589633  0.47476172 0.42761975 0.50206904 0.41641874
0.00039479 0.36283831 0.35232302 0.39930133 0.34523319 0.50234819  0.48417291 0.45702496 0.47508945 0.39693445 0.45000532 0.44589633  0.47476172 0.42761975 0.50206904 0.41641874
0.00039479 0.36283831 0.35232302 0.39930133 0.34523319 0.50234819  0.48417291 0.45702496 0.47508945 0.39693445 0.45000532 0.44589633  0.47476172 0.42761975 0.50206904 0.41641874
0.00039479 0.36283831 0.35232302 0.39930133 0.34523319 0.50234819  0.48417291 0.45702496 0.47508945 0.39693445 0.45000532 0.44589633  0.47476172 0.42761975 0.50206904 0.41641874
0.00039479 0.36283831 0.35232302 0.39930133 0.34523319 0.50234819  0.48417291 0.45702496 0.47508945 0.39693445 0.45000532 0.44589633  0.47476172 0.42761975 0.50206904 0.41641874
0.00039479 0.36283831 0.35232302 0.39930133 0.34523319 0.50234819  0.48417291 0.45702496 0.47508945 0.39693445 0.45000532 0.44589633  0.47476172 0.42761975 0.50206904 0.41641874
0.00039479 0.36283831 0.35232302 0.39930133 0.34523319 0.50234819  0.48417291 0.45702496 0.47508945 0.39693445 0.45000532 0.44589633  0.47476172 0.42761975 0.50206904 0.41641874
0.00039479 0.36283831 0.35232302 0.39930133 0.34523319 0.50234819  0.48417291 0.45702496 0.47508945 0.39693445 0.45000532 0.44589633  0.47476172 0.42761975 0.50206904 0.41641874
0.00039479 0.36283831 0.35232302 0.39930133 0.34523319 0.50234819  0.48417291 0.45702496 0.47508945 0.39693445 0.45000532 0.44589633  0.47476172 0.42761975 0.50206904 0.41641874
0.00039479 0.36283831 0.35232302 0.39930133 0.34523319 0.50234819  0.48417291 0.45702496 0.47508945 0.39693445 0.45000532 0.44589633  0.47476172 0.42761975 0.50206904 0.41641874
0.00039479 0.36283831 0.35232302 0.39930133 0.34523319 0.50234819  0.48417291 0.45702496 0.47508945 0.39693445 0.45000532 0.44589633  0.47476172 0.42761975 0.50206904 0.41641874
0.00039479 0.36283831 0.35232302 0.39930133 0.34523319 0.50234819  0.48417291 0.45702496 0.47508945 0.39693445 0.45000532 0.44589633  0.47476172 0.42761975 0.50206904 0.41641874
0.00039479 0.36283831 0.35232302 0.39930133 0.34523319 0.50234819  0.48417291 0.45702496 0.47508945 0.39693445 0.45000532 0.44589633  0.47476172 0.42761975 0.50206904 0.41641874
0.00039479 0.36283831 0.35232302 0.39930133 0.34523319 0.50234819  0.48417291 0.45702496 0.47508945 0.39693445 0.45000532 0.44589633  0.47476172 0.42761975 0.50206904 0.41641874
0.00039479 0.36283831 0.35232302 0.39930133 0.34523319 0.50234819  0.48417291 0.45702496 0.47508945 0.39693445 0.45000532 0.44589633  0.47476172 0.42761975 0.50206904 0.41641874
0.00039479 0.36283831 0.35232302 0.39930133 0.34523319 0.50234819  0.48417291 0.45702496 0.47508945 0.39693445 0.45000532 0.44589633  0.47476172 0.42761975 0.50206904 0.41641874
0.00039479 0.36283831 0.35232302 0.39930133 0.34523319 0.50234819  0.48417291 0.45702496 0.47508945 0.39693445 0.45000532 0.44589633  0.47476172 0.42761975 0.50206904 0.41641874
0.00039479 0.36283831 0.35232302 0.39930133 0.34523319 0.50234819  0.48417291 0.45702496 0.47508945 0.39693445 0.45000532 0.44589633  0.47476172 0.42761975 0.50206904 0.41641874
0.00039479 0.36283831 0.35232302 0.39930133 0.34523319 0.50234819  0.48417291 0.45702496 0.47508945 0.39693445 0.45000532 0.44589633  0.47476172 0.42761975 0.50206904 0.41641874
0.00039479 0.36283831 0.35232302 0.39930133 0.34523319 0.50234819  0.48417291 0.45702496 0.47508945 0.39693445 0.45000532 0.44589633  0.47476172 0.42761975 0.50206904 0.41641874
0.00039479 0.36283831 0.35232302 0.39930133 0.34523319 0.50234819  0.48417291 0.45702496 0.47508945 0.39693445 0.45000532 0.44589633  0.47476172 0.42761975 0.50206904 0.41641874
0.00039479 0.36283831 0.35232302 0.39930133 0.34523319 0.50234819  0.48417291 0.45702496 0.47508945 0.39693445 0.45000532 0.44589633  0.47476172 0.42761975 0.50206904 0.41641874
0.00039479 0.36283831 0.35232302 0.39930133 0.34523319 0.50234819  0.48417291 0.45702496 0.47508945 0.39693445 0.45000532 0.44589633  0.47476172 0.42761975 0.50206904 0.41641874
0.00039479 0.36283831 0.35232302 0.39930133 0.34523319 0.50234819  0.48417291 0.45702496 0.47508945 0.39693445 0.45000532 0.44589633  0.47476172 0.42761975 0.50206904 0.41641874
0.00039479 0.36283831 0.35232302 0.39930133 0.34523319 0.50234819  0.48417291 0.45702496 0.47508945 0.39693445 0.45000532 0.44589633  0.47476172 0.42761975 0.50206904 0.41641874
0.00039479 0.36283831 0.35232302 0.39930133 0.34523319 0.50234819  0.48417291 0.45702496 0.47508945 0.39693445 0.45000532 0.44589633  0.47476172 0.42761975 0.50206904 0.41641874
0.01790387 0.3898545  0.33817562 0.42642862 0.35681041 0.46717525  0.46152885 0.47694295 0.46991849 0.39350101 0.41724602 0.4497633  0.51968443 0.43336993 0.49846349 0.44236435
0.03525649 0.41685964 0.32437467 0.45347996 0.36854765 0.43569141  0.43485985 0.4975719  0.47652552 0.39120509 0.39620065 0.45304628  0.55757342 0.45566594 0.52722734 0.46096477
0.05357196 0.4426501  0.31126372 0.47372404 0.37603629 0.41875523  0.42072775 0.50444347 0.48490619 0.39013906 0.40420374 0.45185212  0.54462992 0.46722303 0.55234375 0.44813721
0.07199408 0.46750629 0.29903328 0.49138657 0.38027929 0.41293245  0.4035884  0.51021345 0.51278795 0.38975802 0.43502408 0.44711343  0.51975164 0.49561098 0.60671087 0.42131372
0.09081072 0.48881402 0.28887095 0.49781827 0.37880315 0.42680603  0.4029249  0.50160127 0.53780824 0.38845114 0.48947913 0.43703443  0.46974127 0.50266025 0.62183604 0.38286802
0.09081072 0.48881402 0.28887095 0.49781827 0.37880315 0.42680603  0.4029249  0.50160127 0.53780824 0.38845114 0.48947913 0.43703443  0.46974127 0.50266025 0.62183604 0.38286802
0.16313054 0.57874331 0.23748992 0.55897191 0.40770789 0.35233521  0.38997571 0.51075452 0.50228428 0.39844269 0.45082258 0.4502096  0.41030335 0.50842524 0.67510837 0.37308271
0.2550276  0.67257658 0.19488673 0.58518525 0.38746736 0.41331949  0.37652264 0.50085417 0.53037372 0.40610387 0.48811073 0.44381562  0.42236707 0.4140982  0.51087342 0.42507241
0.31034524 0.72988629 0.15983388 0.59924802 0.40052581 0.38139689  0.42683894 0.49020451 0.46225474 0.38744128 0.51362537 0.42924268  0.35775946 0.35873201 0.40288511 0.37098318
0.3471727  0.75353435 0.15826967 0.59431023 0.36132511 0.51155198  0.39541638 0.41176159 0.51803803 0.47351949 0.45591289 0.47610769  0.31345709 0.34950316 0.4821527  0.45951482
0.3471727  0.75353435 0.15826967 0.59431023 0.36132511 0.51155198  0.39541638 0.41176159 0.51803803 0.47351949 0.45591289 0.47610769  0.31345709 0.34950316 0.4821527  0.45951482
0.3471727  0.75353435 0.15826967 0.59431023 0.36132511 0.51155198  0.39541638 0.41176159 0.51803803 0.47351949 0.45591289 0.47610769  0.31345709 0.34950316 0.4821527  0.45951482
0.3657507  0.754097   0.15304428 0.56048173 0.3585624  0.52737845  0.45261923 0.41058094 0.4933705  0.45203768 0.50101574 0.45553031  0.31679559 0.35318139 0.45389496 0.43433785
0.32886441 0.74440647 0.15695094 0.60004916 0.38313668 0.44092126  0.41239004 0.45038823 0.49128697 0.43278121 0.49178805 0.45368705  0.31321941 0.35252613 0.45750962 0.41026741
0.32886441 0.74440647 0.15695094 0.60004916 0.38313668 0.44092126  0.41239004 0.45038823 0.49128697 0.43278121 0.49178805 0.45368705  0.31321941 0.35252613 0.45750962 0.41026741
0.29145116 0.72088969 0.16136143 0.6169145  0.41885642 0.32499023  0.42036482 0.49596063 0.43404399 0.39023724 0.4696527  0.4397596  0.33789209 0.37409769 0.45131411 0.35760014
0.25508704 0.67850669 0.18155094 0.59781984 0.4171091  0.31800761  0.43614334 0.48975275 0.39979213 0.39729568 0.42257053 0.45156661  0.32890777 0.3585094  0.45120783 0.36395419
0.18033401 0.60558831 0.22028303 0.59080157 0.42391485 0.2704492  0.39310854 0.54088244 0.39052259 0.37603676 0.30941845 0.4608214  0.54957149 0.39078547 0.41537258 0.45359957
0.19768663 0.63259345 0.20648208 0.61785292 0.4356521  0.23896536  0.36643954 0.56151138 0.39712962 0.37374084 0.28837308 0.46410439  0.58746048 0.41308148 0.44413643 0.47219999
0.14282229 0.57075692 0.24330604 0.5871726  0.41924892 0.27402066  0.34946114 0.57930598 0.43103056 0.35857185 0.28798386 0.45549283  0.71592804 0.416078   0.38412458 0.51238936
0.0703101  0.46806309 0.29667752 0.50128842 0.38835198 0.36671883  0.40672235 0.53170012 0.4398619  0.37816405 0.32355409 0.45771279  0.6470118  0.42232529 0.4347028  0.51043549
0.05280101 0.4410469  0.31082492 0.47416113 0.37677476 0.40189177  0.42936641 0.51178214 0.44503286 0.38159749 0.35631339 0.45384582  0.60208909 0.41657511 0.43830835 0.48448989
0.03514825 0.41370071 0.3248389  0.44709904 0.36559576 0.43311778  0.45442367 0.49253738 0.44112986 0.38365436 0.37825223 0.45061328  0.56697354 0.40307785 0.42249623 0.46734004
0.00039479 0.36283831 0.35232302 0.39930133 0.34523319 0.50234819  0.48417291 0.45702496 0.47508945 0.39693445 0.45000532 0.44589633  0.47476172 0.42761975 0.50206904 0.41641874
0.00039479 0.36283831 0.35232302 0.39930133 0.34523319 0.50234819  0.48417291 0.45702496 0.47508945 0.39693445 0.45000532 0.44589633  0.47476172 0.42761975 0.50206904 0.41641874
0.00039479 0.36283831 0.35232302 0.39930133 0.34523319 0.50234819  0.48417291 0.45702496 0.47508945 0.39693445 0.45000532 0.44589633  0.47476172 0.42761975 0.50206904 0.41641874
0.00039479 0.36283831 0.35232302 0.39930133 0.34523319 0.50234819  0.48417291 0.45702496 0.47508945 0.39693445 0.45000532 0.44589633  0.47476172 0.42761975 0.50206904 0.41641874
0.00039479 0.36283831 0.35232302 0.39930133 0.34523319 0.50234819  0.48417291 0.45702496 0.47508945 0.39693445 0.45000532 0.44589633  0.47476172 0.42761975 0.50206904 0.41641874
0.00039479 0.36283831 0.35232302 0.39930133 0.34523319 0.50234819  0.48417291 0.45702496 0.47508945 0.39693445 0.45000532 0.44589633  0.47476172 0.42761975 0.50206904 0.41641874
0.00039479 0.36283831 0.35232302 0.39930133 0.34523319 0.50234819  0.48417291 0.45702496 0.47508945 0.39693445 0.45000532 0.44589633  0.47476172 0.42761975 0.50206904 0.41641874
0.00039479 0.36283831 0.35232302 0.39930133 0.34523319 0.50234819  0.48417291 0.45702496 0.47508945 0.39693445 0.45000532 0.44589633  0.47476172 0.42761975 0.50206904 0.41641874
0.00039479 0.36283831 0.35232302 0.39930133 0.34523319 0.50234819  0.48417291 0.45702496 0.47508945 0.39693445 0.45000532 0.44589633  0.47476172 0.42761975 0.50206904 0.41641874
0.00039479 0.36283831 0.35232302 0.39930133 0.34523319 0.50234819  0.48417291 0.45702496 0.47508945 0.39693445 0.45000532 0.44589633  0.47476172 0.42761975 0.50206904 0.41641874
0.00039479 0.36283831 0.35232302 0.39930133 0.34523319 0.50234819  0.48417291 0.45702496 0.47508945 0.39693445 0.45000532 0.44589633  0.47476172 0.42761975 0.50206904 0.41641874
0.00039479 0.36283831 0.35232302 0.39930133 0.34523319 0.50234819  0.48417291 0.45702496 0.47508945 0.39693445 0.45000532 0.44589633  0.47476172 0.42761975 0.50206904 0.41641874
0.00039479 0.36283831 0.35232302 0.39930133 0.34523319 0.50234819  0.48417291 0.45702496 0.47508945 0.39693445 0.45000532 0.44589633  0.47476172 0.42761975 0.50206904 0.41641874
0.00039479 0.36283831 0.35232302 0.39930133 0.34523319 0.50234819  0.48417291 0.45702496 0.47508945 0.39693445 0.45000532 0.44589633  0.47476172 0.42761975 0.50206904 0.41641874
0.00039479 0.36283831 0.35232302 0.39930133 0.34523319 0.50234819  0.48417291 0.45702496 0.47508945 0.39693445 0.45000532 0.44589633  0.47476172 0.42761975 0.50206904 0.41641874
0.00039479 0.36283831 0.35232302 0.39930133 0.34523319 0.50234819  0.48417291 0.45702496 0.47508945 0.39693445 0.45000532 0.44589633  0.47476172 0.42761975 0.50206904 0.41641874
0.00039479 0.36283831 0.35232302 0.39930133 0.34523319 0.50234819  0.48417291 0.45702496 0.47508945 0.39693445 0.45000532 0.44589633  0.47476172 0.42761975 0.50206904 0.41641874
0.00039479 0.36283831 0.35232302 0.39930133 0.34523319 0.50234819  0.48417291 0.45702496 0.47508945 0.39693445 0.45000532 0.44589633  0.47476172 0.42761975 0.50206904 0.41641874
0.00039479 0.36283831 0.35232302 0.39930133 0.34523319 0.50234819  0.48417291 0.45702496 0.47508945 0.39693445 0.45000532 0.44589633  0.47476172 0.42761975 0.50206904 0.41641874
0.00039479 0.36283831 0.35232302 0.39930133 0.34523319 0.50234819  0.48417291 0.45702496 0.47508945 0.39693445 0.45000532 0.44589633  0.47476172 0.42761975 0.50206904 0.41641874
0.00039479 0.36283831 0.35232302 0.39930133 0.34523319 0.50234819  0.48417291 0.45702496 0.47508945 0.39693445 0.45000532 0.44589633  0.47476172 0.42761975 0.50206904 0.41641874
0.00039479 0.36283831 0.35232302 0.39930133 0.34523319 0.50234819  0.48417291 0.45702496 0.47508945 0.39693445 0.45000532 0.44589633  0.47476172 0.42761975 0.50206904 0.41641874
0.00039479 0.36283831 0.35232302 0.39930133 0.34523319 0.50234819  0.48417291 0.45702496 0.47508945 0.39693445 0.45000532 0.44589633  0.47476172 0.42761975 0.50206904 0.41641874
0.00039479 0.36283831 0.35232302 0.39930133 0.34523319 0.50234819  0.48417291 0.45702496 0.47508945 0.39693445 0.45000532 0.44589633  0.47476172 0.42761975 0.50206904 0.41641874
0.00039479 0.36283831 0.35232302 0.39930133 0.34523319 0.50234819  0.48417291 0.45702496 0.47508945 0.39693445 0.45000532 0.44589633  0.47476172 0.42761975 0.50206904 0.41641874
0.00039479 0.36283831 0.35232302 0.39930133 0.34523319 0.50234819  0.48417291 0.45702496 0.47508945 0.39693445 0.45000532 0.44589633  0.47476172 0.42761975 0.50206904 0.41641874
0.00039479 0.36283831 0.35232302 0.39930133 0.34523319 0.50234819  0.48417291 0.45702496 0.47508945 0.39693445 0.45000532 0.44589633  0.47476172 0.42761975 0.50206904 0.41641874
0.00039479 0.36283831 0.35232302 0.39930133 0.34523319 0.50234819  0.48417291 0.45702496 0.47508945 0.39693445 0.45000532 0.44589633  0.47476172 0.42761975 0.50206904 0.41641874
0.00039479 0.36283831 0.35232302 0.39930133 0.34523319 0.50234819  0.48417291 0.45702496 0.47508945 0.39693445 0.45000532 0.44589633  0.47476172 0.42761975 0.50206904 0.41641874
0.0177474  0.38984345 0.33852207 0.42635267 0.35697043 0.47086435  0.45750391 0.47765391 0.48169648 0.39463854 0.42895995 0.44917931  0.51265071 0.44991576 0.53083289 0.43501917
0.10846349 0.5161602  0.27485696 0.52488035 0.38998215 0.39558002  0.37786764 0.52084603 0.54171124 0.38639428 0.46754028 0.44026698  0.50485682 0.51615751 0.63764816 0.40001787
0.18163138 0.61603284 0.22380693 0.5990424  0.41445366 0.33158089  0.33545024 0.54632829 0.54244524 0.37966964 0.46593607 0.44030578  0.49932798 0.50371594 0.62241404 0.386392  
0.32911727 0.75008744 0.14625419 0.5984971  0.41622716 0.34519466  0.44257239 0.53629015 0.49290055 0.3067964  0.64078064 0.36909012  0.47394221 0.44272577 0.38059085 0.2580988 
0.3652429  0.74960695 0.13341741 0.54625212 0.41888966 0.34042375  0.52958294 0.54921709 0.41859753 0.28682062 0.64201587 0.35936742  0.46356213 0.43111332 0.35183869 0.25067632
0.39963317 0.71665713 0.12264443 0.46012047 0.43576771 0.31075177  0.60821157 0.59763384 0.42879353 0.25370829 0.67692598 0.34831498  0.56850991 0.50093684 0.48062435 0.25968685
0.41707489 0.70981922 0.10953116 0.42513097 0.45178843 0.28395365  0.68627718 0.57590214 0.37704053 0.26668831 0.66461398 0.35989235  0.56130759 0.51315458 0.51230075 0.27014627
0.52153975 0.67133111 0.09880708 0.29942293 0.40938696 0.38322533  0.66223053 0.65140529 0.53185328 0.2277752  0.75913994 0.35251355  0.60243605 0.52752911 0.55652005 0.34200288
0.52153975 0.67133111 0.09880708 0.29942293 0.40938696 0.38322533  0.66223053 0.65140529 0.53185328 0.2277752  0.75913994 0.35251355  0.60243605 0.52752911 0.55652005 0.34200288
0.59801757 0.60857127 0.12164435 0.26883135 0.34039494 0.44875638  0.60320225 0.75397755 0.56815257 0.35743076 0.77749023 0.4288562  0.48758248 0.43823255 0.60712415 0.51609468
0.59801757 0.60857127 0.12164435 0.26883135 0.34039494 0.44875638  0.60320225 0.75397755 0.56815257 0.35743076 0.77749023 0.4288562  0.48758248 0.43823255 0.60712415 0.51609468
0.63351267 0.61056741 0.18154615 0.28374442 0.22326268 0.64598498  0.42200881 0.85064184 0.53247546 0.44058152 0.5670758  0.45844764  0.46498303 0.28081197 0.55887498 0.54029825
0.64368975 0.59429244 0.23940005 0.36086041 0.15905556 0.65530935  0.31249838 0.85927681 0.44802239 0.52034014 0.55340074 0.49902196  0.39593925 0.27405944 0.44851261 0.44068531
0.63827924 0.61051469 0.27760298 0.4305755  0.12212274 0.65633626  0.29295026 0.8038713  0.38920607 0.56246626 0.57613285 0.5378518  0.38423235 0.29770421 0.35470952 0.39140006
0.64145025 0.62182137 0.29906409 0.42169212 0.11292622 0.65624304  0.292636   0.80416451 0.34909198 0.56166753 0.51601126 0.52716327  0.39145544 0.28998886 0.45347851 0.24060819
0.66384819 0.64257483 0.3535693  0.47894685 0.0798683  0.62982382  0.37338821 0.66451818 0.18159595 0.58888199 0.47615422 0.58838524  0.4768289  0.35557969 0.37709541 0.20977327
0.68718165 0.64842797 0.37469312 0.44066078 0.09176894 0.5892507  0.46696597 0.63273919 0.14244773 0.577327   0.43646894 0.55996202  0.43228831 0.38730786 0.39230852 0.24343775
0.72843958 0.6548802  0.50752848 0.43473108 0.09129032 0.5225223  0.50858993 0.65228115 0.24538458 0.51869745 0.39573988 0.49233979  0.39158074 0.31569513 0.5075234  0.29148928
0.78491885 0.60010044 0.52623298 0.34444601 0.10802629 0.4638997  0.59306053 0.604715   0.29610243 0.43689835 0.3559226  0.50350431  0.52924653 0.42666982 0.73855634 0.32674783
0.79704919 0.61727378 0.59108282 0.35625363 0.11123292 0.44481013  0.61368248 0.57317211 0.31117889 0.34191114 0.32421943 0.4625886  0.5005182  0.37622284 0.82200679 0.35895053
0.81208317 0.58691773 0.58564986 0.33189838 0.11916023 0.42140709  0.60299969 0.52616758 0.35018637 0.33654432 0.27957046 0.48483076  0.52032816 0.45529148 0.8604221  0.36849137
0.81208317 0.58691773 0.58564986 0.33189838 0.11916023 0.42140709  0.60299969 0.52616758 0.35018637 0.33654432 0.27957046 0.48483076  0.52032816 0.45529148 0.8604221  0.36849137
0.82679449 0.55473817 0.58073505 0.30984653 0.12922038 0.38870822  0.5823622  0.50965364 0.39677211 0.31263406 0.28464144 0.48971823  0.52014976 0.50490236 0.84084053 0.36729306
0.82679449 0.55473817 0.58073505 0.30984653 0.12922038 0.38870822  0.5823622  0.50965364 0.39677211 0.31263406 0.28464144 0.48971823  0.52014976 0.50490236 0.84084053 0.36729306
0.84329976 0.51124651 0.57921524 0.3405036  0.15167187 0.36395287  0.60323178 0.42844513 0.49369905 0.3557885  0.25311356 0.51564921  0.56612736 0.39718913 0.82294528 0.41011273
0.87182824 0.40282994 0.53492422 0.37216076 0.17522916 0.29934552  0.56004569 0.33248927 0.57548235 0.45129294 0.3531528  0.53486842  0.61891585 0.33192272 0.6851499  0.36859057
0.88423413 0.36745941 0.52841602 0.37660374 0.19123228 0.2757663  0.52259127 0.31797194 0.60040748 0.42423072 0.41585004 0.51031759  0.59886876 0.27000312 0.59112533 0.341535  
0.88746571 0.35509348 0.53226177 0.41213065 0.19585127 0.27648562  0.56238836 0.32704565 0.64872636 0.43538031 0.4276661  0.54474768  0.62483587 0.218423   0.57320793 0.38641485
0.894481   0.2944499  0.49613049 0.50669123 0.22517879 0.33089268  0.59121632 0.35124054 0.61172541 0.43306287 0.44785311 0.54431773  0.62750672 0.25964364 0.58039907 0.47090465
0.91576242 0.21134622 0.48096948 0.64143437 0.3019537  0.42017326  0.59903735 0.35090933 0.51190446 0.42737476 0.45582823 0.40418558  0.64613889 0.26712448 0.67847288 0.55767832
0.9160388  0.1771256  0.44200375 0.67037904 0.3403124  0.4626651  0.58254864 0.37789413 0.47236178 0.50557377 0.46625435 0.34250203  0.65671333 0.28151933 0.64846026 0.5449861 
0.9160388  0.1771256  0.44200375 0.67037904 0.3403124  0.4626651  0.58254864 0.37789413 0.47236178 0.50557377 0.46625435 0.34250203  0.65671333 0.28151933 0.64846026 0.5449861 
0.92094017 0.15577565 0.43807072 0.71709154 0.36493441 0.49939693  0.60469602 0.40039571 0.45788702 0.49219888 0.44668328 0.32592296  0.65866445 0.29360406 0.68996369 0.52905888
0.92094017 0.15577565 0.43807072 0.71709154 0.36493441 0.49939693  0.60469602 0.40039571 0.45788702 0.49219888 0.44668328 0.32592296  0.65866445 0.29360406 0.68996369 0.52905888
0.91504843 0.14308461 0.40383363 0.72038811 0.3690545  0.51317192  0.58918387 0.410443   0.44528224 0.51673389 0.47405656 0.36592355  0.69600272 0.27409362 0.70642698 0.50585381
0.9202624  0.11892319 0.4024686  0.79484749 0.40362825 0.56302286  0.67160975 0.47149579 0.52188969 0.46248664 0.3927055  0.4519551  0.62819784 0.35188992 0.62405277 0.40694064
0.92264635 0.10775276 0.40213889 0.82842444 0.4167185  0.58370378  0.70488623 0.49767665 0.54665326 0.44590212 0.36915383 0.489233  0.61330502 0.37048716 0.59889104 0.37036544
0.92448406 0.09899212 0.40145307 0.85528492 0.42943379 0.60305438  0.7342895  0.52347652 0.57403705 0.42774514 0.33857251 0.52470449  0.58811216 0.39628594 0.5659891  0.3239542 
0.92157166 0.07783671 0.37198169 0.89155638 0.420147   0.61873486  0.76877331 0.54754588 0.60882768 0.41339466 0.35193621 0.62842797  0.60403691 0.3900283  0.50741278 0.34151052
0.92157166 0.07783671 0.37198169 0.89155638 0.420147   0.61873486  0.76877331 0.54754588 0.60882768 0.41339466 0.35193621 0.62842797  0.60403691 0.3900283  0.50741278 0.34151052
0.92302249 0.07116156 0.37265438 0.91572479 0.42893829 0.63108249  0.80190556 0.56720222 0.6500218  0.39013541 0.3236739  0.6715617  0.57711529 0.40558137 0.46344781 0.31982989
0.92326736 0.07074181 0.37360942 0.91752296 0.43014548 0.6297844  0.80701264 0.56915156 0.66015577 0.39405319 0.32096362 0.67207337  0.57474752 0.40006001 0.45595146 0.32536106
0.91411968 0.06524923 0.33633512 0.89975721 0.45349906 0.64050836  0.80696727 0.59692662 0.66981933 0.42192713 0.30441184 0.65772547  0.53829826 0.35540363 0.48643693 0.30779148
0.91411968 0.06524923 0.33633512 0.89975721 0.45349906 0.64050836  0.80696727 0.59692662 0.66981933 0.42192713 0.30441184 0.65772547  0.53829826 0.35540363 0.48643693 0.30779148
0.91333998 0.06810413 0.33575066 0.89041107 0.44760701 0.6353925  0.79215376 0.58675305 0.6481874  0.42634973 0.32215582 0.64579561  0.55786048 0.34130461 0.51176426 0.318934  
0.9138748  0.06566898 0.33538008 0.89795905 0.45229187 0.64180644  0.8018602  0.59497728 0.65968535 0.41800936 0.30712212 0.6572138  0.54066604 0.36092498 0.49393328 0.30226031
0.9138748  0.06566898 0.33538008 0.89795905 0.45229187 0.64180644  0.8018602  0.59497728 0.65968535 0.41800936 0.30712212 0.6572138  0.54066604 0.36092498 0.49393328 0.30226031
0.9138748  0.06566898 0.33538008 0.89795905 0.45229187 0.64180644  0.8018602  0.59497728 0.65968535 0.41800936 0.30712212 0.6572138  0.54066604 0.36092498 0.49393328 0.30226031
0.9064761  0.05812678 0.29893859 0.88341282 0.46041576 0.6538788  0.78832112 0.62131871 0.64917571 0.47671009 0.31432769 0.66431601  0.5251993  0.39405118 0.45196515 0.28297467
0.9064761  0.05812678 0.29893859 0.88341282 0.46041576 0.6538788  0.78832112 0.62131871 0.64917571 0.47671009 0.31432769 0.66431601  0.5251993  0.39405118 0.45196515 0.28297467
0.9064761  0.05812678 0.29893859 0.88341282 0.46041576 0.6538788  0.78832112 0.62131871 0.64917571 0.47671009 0.31432769 0.66431601  0.5251993  0.39405118 0.45196515 0.28297467
0.9064761  0.05812678 0.29893859 0.88341282 0.46041576 0.6538788  0.78832112 0.62131871 0.64917571 0.47671009 0.31432769 0.66431601  0.5251993  0.39405118 0.45196515 0.28297467
0.9064761  0.05812678 0.29893859 0.88341282 0.46041576 0.6538788  0.78832112 0.62131871 0.64917571 0.47671009 0.31432769 0.66431601  0.5251993  0.39405118 0.45196515 0.28297467
0.9064761  0.05812678 0.29893859 0.88341282 0.46041576 0.6538788  0.78832112 0.62131871 0.64917571 0.47671009 0.31432769 0.66431601  0.5251993  0.39405118 0.45196515 0.28297467
0.88601578 0.07226338 0.23020149 0.79738451 0.47882979 0.68072904  0.67780051 0.60096264 0.53056734 0.46786877 0.33226603 0.565989  0.51582526 0.42009269 0.51982818 0.29174326
0.87292006 0.08247604 0.18438027 0.74528307 0.49525809 0.7213748  0.60489726 0.61394234 0.43906996 0.43538912 0.31057721 0.53742564  0.44663124 0.52534365 0.50320031 0.23567465
0.87092835 0.09171067 0.18407977 0.71455008 0.48290955 0.70325466  0.56799556 0.58859572 0.40078854 0.46082478 0.34459862 0.49290924  0.48364876 0.48275525 0.55542478 0.27098955
0.82151726 0.17490846 0.08525641 0.53067983 0.5504711  0.75802523  0.48437563 0.55488393 0.45201425 0.3056493  0.15715484 0.3245461  0.40303536 0.42204484 0.57538851 0.37406339
0.81792082 0.19184106 0.08554442 0.47808378 0.52935228 0.72526902  0.42837162 0.51109002 0.40333093 0.33696493 0.2029051  0.25899991  0.44164123 0.37789661 0.63411773 0.43747564
0.79464263 0.23472791 0.06400266 0.42395352 0.53313523 0.69279396  0.47575619 0.50700616 0.49338272 0.30237128 0.20839415 0.30286082  0.45253888 0.36056949 0.71299793 0.42368899
0.7678314  0.31062849 0.0582809  0.33293664 0.50152631 0.64499501  0.48682238 0.44103565 0.56842931 0.27753781 0.23540631 0.3638325  0.57453324 0.38481669 0.6378142  0.39276893
0.7652868  0.32222825 0.0603587  0.30068137 0.48264481 0.61892556  0.45431929 0.41471829 0.54252509 0.29995867 0.27557108 0.33916745  0.59880199 0.3555394  0.65222742 0.44620384
0.70339753 0.4138638  0.03399868 0.27838029 0.49453267 0.49319986  0.52997428 0.26547871 0.6273153  0.29026501 0.46231784 0.37284701  0.57021482 0.3905752  0.69418637 0.41291725
0.66210193 0.53009608 0.04737255 0.20582606 0.43113082 0.46012609  0.58588894 0.21335801 0.66576282 0.3314285  0.4455944  0.48120594  0.65883775 0.53185857 0.61481044 0.43323704
0.58244955 0.63891525 0.05087603 0.32680677 0.43303835 0.47041291  0.65065014 0.1488357  0.54647652 0.41238904 0.43101044 0.49744041  0.55165864 0.54232772 0.67688632 0.40099669
0.46419287 0.70385018 0.07398886 0.4610786  0.45978375 0.32892926  0.66548431 0.27123717 0.36971818 0.39090666 0.46475379 0.45903776  0.40403091 0.45625839 0.55844664 0.29477832
0.28920353 0.66371553 0.15487114 0.5251894  0.45244501 0.24107443  0.61964327 0.44035457 0.21851553 0.39893857 0.33549895 0.47209332  0.41022933 0.32595663 0.33509976 0.42665688
0.23410871 0.59841664 0.18773916 0.49165048 0.4460445  0.25818529  0.63199549 0.42761532 0.21625184 0.4197022  0.31569527 0.48523863  0.35417296 0.3432496  0.41960601 0.43415255
0.10717356 0.47293935 0.27212342 0.45630826 0.40044915 0.33887172  0.56401763 0.4379138  0.25500629 0.4162155  0.24392843 0.49085647  0.46947169 0.3037667  0.32161202 0.50092078
0.10717356 0.47293935 0.27212342 0.45630826 0.40044915 0.33887172  0.56401763 0.4379138  0.25500629 0.4162155  0.24392843 0.49085647  0.46947169 0.3037667  0.32161202 0.50092078
0.03530472 0.41371177 0.32449245 0.44717499 0.36543573 0.42942868  0.4584486  0.49182641 0.42935187 0.38251683 0.3665383  0.45119726  0.57400726 0.38653202 0.39012683 0.47468522
0.03530472 0.41371177 0.32449245 0.44717499 0.36543573 0.42942868  0.4584486  0.49182641 0.42935187 0.38251683 0.3665383  0.45119726  0.57400726 0.38653202 0.39012683 0.47468522
0.01790387 0.3898545  0.33817562 0.42642862 0.35681041 0.46717525  0.46152885 0.47694295 0.46991849 0.39350101 0.41724602 0.4497633  0.51968443 0.43336993 0.49846349 0.44236435
0.00039479 0.36283831 0.35232302 0.39930133 0.34523319 0.50234819  0.48417291 0.45702496 0.47508945 0.39693445 0.45000532 0.44589633  0.47476172 0.42761975 0.50206904 0.41641874
0.00039479 0.36283831 0.35232302 0.39930133 0.34523319 0.50234819  0.48417291 0.45702496 0.47508945 0.39693445 0.45000532 0.44589633  0.47476172 0.42761975 0.50206904 0.41641874
0.00039479 0.36283831 0.35232302 0.39930133 0.34523319 0.50234819  0.48417291 0.45702496 0.47508945 0.39693445 0.45000532 0.44589633  0.47476172 0.42761975 0.50206904 0.41641874
0.00039479 0.36283831 0.35232302 0.39930133 0.34523319 0.50234819  0.48417291 0.45702496 0.47508945 0.39693445 0.45000532 0.44589633  0.47476172 0.42761975 0.50206904 0.41641874
0.00039479 0.36283831 0.35232302 0.39930133 0.34523319 0.50234819  0.48417291 0.45702496 0.47508945 0.39693445 0.45000532 0.44589633  0.47476172 0.42761975 0.50206904 0.41641874
0.00039479 0.36283831 0.35232302 0.39930133 0.34523319 0.50234819  0.48417291 0.45702496 0.47508945 0.39693445 0.45000532 0.44589633  0.47476172 0.42761975 0.50206904 0.41641874
0.00039479 0.36283831 0.35232302 0.39930133 0.34523319 0.50234819  0.48417291 0.45702496 0.47508945 0.39693445 0.45000532 0.44589633  0.47476172 0.42761975 0.50206904 0.41641874
0.00039479 0.36283831 0.35232302 0.39930133 0.34523319 0.50234819  0.48417291 0.45702496 0.47508945 0.39693445 0.45000532 0.44589633  0.47476172 0.42761975 0.50206904 0.41641874
0.00039479 0.36283831 0.35232302 0.39930133 0.34523319 0.50234819  0.48417291 0.45702496 0.47508945 0.39693445 0.45000532 0.44589633  0.47476172 0.42761975 0.50206904 0.41641874
0.00039479 0.36283831 0.35232302 0.39930133 0.34523319 0.50234819  0.48417291 0.45702496 0.47508945 0.39693445 0.45000532 0.44589633  0.47476172 0.42761975 0.50206904 0.41641874
