0.00039479 0.36283831 0.35232302 0.39930133 0.34523319 0.50234819  0.48417291 0.45702496 0.47508945 0.39693445 0.45000532 0.44589633  0.47476172 0.42761975 0.50206904 0.41641874
0.00039479 0.36283831 0.35232302 0.39930133 0.34523319 0.50234819  0.48417291 0.45702496 0.47508945 0.39693445 0.45000532 0.44589633  0.47476172 0.42761975 0.50206904 0.41641874
0.00039479 0.36283831 0.35232302 0.39930133 0.34523319 0.50234819  0.48417291 0.45702496 0.47508945 0.39693445 0.45000532 0.44589633  0.47476172 0.42761975 0.50206904 0.41641874
0.00039479 0.36283831 0.35232302 0.39930133 0.34523319 0.50234819  0.48417291 0.45702496 0.47508945 0.39693445 0.45000532 0.44589633  0.47476172 0.42761975 0.50206904 0.41641874
0.00039479 0.36283831 0.35232302 0.39930133 0.34523319 0.50234819  0.48417291 0.45702496 0.47508945 0.39693445 0.45000532 0.44589633  0.47476172 0.42761975 0.50206904 0.41641874
0.00039479 0.36283831 0.35232302 0.39930133 0.34523319 0.50234819  0.48417291 0.45702496 0.47508945 0.39693445 0.45000532 0.44589633  0.47476172 0.42761975 0.50206904 0.41641874
0.00039479 0.36283831 0.35232302 0.39930133 0.34523319 0.50234819  0.48417291 0.45702496 0.47508945 0.39693445 0.45000532 0.44589633  0.47476172 0.42761975 0.50206904 0.41641874
0.00039479 0.36283831 0.35232302 0.39930133 0.34523319 0.50234819  0.48417291 0.45702496 0.47508945 0.39693445 0.45000532 0.44589633  0.47476172 0.42761975 0.50206904 0.41641874
0.00039479 0.36283831 0.35232302 0.39930133 0.34523319 0.50234819  0.48417291 0.45702496 0.47508945 0.39693445 0.45000532 0.44589633  0.47476172 0.42761975 0.50206904 0.41641874
0.00039479 0.36283831 0.35232302 0.39930133 0.34523319 0.50234819  0.48417291 0.45702496 0.47508945 0.39693445 0.45000532 0.44589633  0.47476172 0.42761975 0.50206904 0.41641874
0.00039479 0.36283831 0.35232302 0.39930133 0.34523319 0.50234819  0.48417291 0.45702496 0.47508945 0.39693445 0.45000532 0.44589633  0.47476172 0.42761975 0.50206904 0.41641874
0.00039479 0.36283831 0.35232302 0.39930133 0.34523319 0.50234819  0.48417291 0.45702496 0.47508945 0.39693445 0.45000532 0.44589633  0.47476172 0.42761975 0.50206904 0.41641874
0.00039479 0.36283831 0.35232302 0.39930133 0.34523319 0.50234819  0.48417291 0.45702496 0.47508945 0.39693445 0.45000532 0.44589633  0.47476172 0.42761975 0.50206904 0.41641874
0.00039479 0.36283831 0.35232302 0.39930133 0.34523319 0.50234819  0.48417291 0.45702496 0.47508945 0.39693445 0.45000532 0.44589633  0.47476172 0.42761975 0.50206904 0.41641874
0.00039479 0.36283831 0.35232302 0.39930133 0.34523319 0.50234819  0.48417291 0.45702496 0.47508945 0.39693445 0.45000532 0.44589633  0.47476172 0.42761975 0.50206904 0.41641874
0.00039479 0.36283831 0.35232302 0.39930133 0.34523319 0.50234819  0.48417291 0.45702496 0.47508945 0.39693445 0.45000532 0.44589633  0.47476172 0.42761975 0.50206904 0.41641874
0.00039479 0.36283831 0.35232302 0.39930133 0.34523319 0.50234819  0.48417291 0.45702496 0.47508945 0.39693445 0.45000532 0.44589633  0.47476172 0.42761975 0.50206904 0.41641874
0.00039479 0.36283831 0.35232302 0.39930133 0.34523319 0.50234819  0.48417291 0.45702496 0.47508945 0.39693445 0.45000532 0.44589633  0.47476172 0.42761975 0.50206904 0.41641874
0.00039479 0.36283831 0.35232302 0.39930133 0.34523319 0.50234819  0.48417291 0.45702496 0.47508945 0.39693445 0.45000532 0.44589633  0.47476172 0.42761975 0.50206904 0.41641874
0.00039479 0.36283831 0.35232302 0.39930133 0.34523319 0.50234819  0.48417291 0.45702496 0.47508945 0.39693445 0.45000532 0.44589633  0.47476172 0.42761975 0.50206904 0.41641874
0.00039479 0.36283831 0.35232302 0.39930133 0.34523319 0.50234819  0.48417291 0.45702496 0.47508945 0.39693445 0.45000532 0.44589633  0.47476172 0.42761975 0.50206904 0.41641874
0.00039479 0.36283831 0.35232302 0.39930133 0.34523319 0.50234819  0.48417291 0.45702496 0.47508945 0.39693445 0.45000532 0.44589633  0.47476172 0.42761975 0.50206904 0.41641874
0.00039479 0.36283831 0.35232302 0.39930133 0.34523319 0.50234819  0.48417291 0.45702496 0.47508945 0.39693445 0.45000532 0.44589633  0.47476172 0.42761975 0.50206904 0.41641874
0.00039479 0.36283831 0.35232302 0.39930133 0.34523319 0.50234819  0.48417291 0.45702496 0.47508945 0.39693445 0.45000532 0.44589633  0.47476172 0.42761975 0.50206904 0.41641874
0.00039479 0.36283831 0.35232302 0.39930133 0.34523319 0.50234819  0.48417291 0.45702496 0.47508945 0.39693445 0.45000532 0.44589633  0.47476172 0.42761975 0.50206904 0.41641874
0.00039479 0.36283831 0.35232302 0.39930133 0.34523319 0.50234819  0.48417291 0.45702496 0.47508945 0.39693445 0.45000532 0.44589633  0.47476172 0.42761975 0.50206904 0.41641874
0.00039479 0.36283831 0.35232302 0.39930133 0.34523319 0.50234819  0.48417291 0.45702496 0.47508945 0.39693445 0.45000532 0.44589633  0.47476172 0.42761975 0.50206904 0.41641874
0.00039479 0.36283831 0.35232302 0.39930133 0.34523319 0.50234819  0.48417291 0.45702496 0.47508945 0.39693445 0.45000532 0.44589633  0.47476172 0.42761975 0.50206904 0.41641874
0.00039479 0.36283831 0.35232302 0.39930133 0.34523319 0.50234819  0.48417291 0.45702496 0.47508945 0.39693445 0.45000532 0.44589633  0.47476172 0.42761975 0.50206904 0.41641874
0.00039479 0.36283831 0.35232302 0.39930133 0.34523319 0.50234819  0.48417291 0.45702496 0.47508945 0.39693445 0.45000532 0.44589633  0.47476172 0.42761975 0.50206904 0.41641874
0.00039479 0.36283831 0.35232302 0.39930133 0.34523319 0.50234819  0.48417291 0.45702496 0.47508945 0.39693445 0.45000532 0.44589633  0.47476172 0.42761975 0.50206904 0.41641874
0.00039479 0.36283831 0.35232302 0.39930133 0.34523319 0.50234819  0.48417291 0.45702496 0.47508945 0.39693445 0.45000532 0.44589633  0.47476172 0.42761975 0.50206904 0.41641874
0.00039479 0.36283831 0.35232302 0.39930133 0.34523319 0.50234819  0.48417291 0.45702496 0.47508945 0.39693445 0.45000532 0.44589633  0.47476172 0.42761975 0.50206904 0.41641874
0.00039479 0.36283831 0.35232302 0.39930133 0.34523319 0.50234819  0.48417291 0.45702496 0.47508945 0.39693445 0.45000532 0.44589633  0.47476172 0.42761975 0.50206904 0.41641874
0.00039479 0.36283831 0.35232302 0.39930133 0.34523319 0.50234819  0.48417291 0.45702496 0.47508945 0.39693445 0.45000532 0.44589633  0.47476172 0.42761975 0.50206904 0.41641874
0.00039479 0.36283831 0.35232302 0.39930133 0.34523319 0.50234819  0.48417291 0.45702496 0.47508945 0.39693445 0.45000532 0.44589633  0.47476172 0.42761975 0.50206904 0.41641874
0.00039479 0.36283831 0.35232302 0.39930133 0.34523319 0.50234819  0.48417291 0.45702496 0.47508945 0.39693445 0.45000532 0.44589633  0.47476172 0.42761975 0.50206904 0.41641874
0.00039479 0.36283831 0.35232302 0.39930133 0.34523319 0.50234819  0.48417291 0.45702496 0.47508945 0.39693445 0.45000532 0.44589633  0.47476172 0.42761975 0.50206904 0.41641874
0.00039479 0.36283831 0.35232302 0.39930133 0.34523319 0.50234819  0.48417291 0.45702496 0.47508945 0.39693445 0.45000532 0.44589633  0.47476172 0.42761975 0.50206904 0.41641874
0.00039479 0.36283831 0.35232302 0.39930133 0.34523319 0.50234819  0.48417291 0.45702496 0.47508945 0.39693445 0.45000532 0.44589633  0.47476172 0.42761975 0.50206904 0.41641874
0.00039479 0.36283831 0.35232302 0.39930133 0.34523319 0.50234819  0.48417291 0.45702496 0.47508945 0.39693445 0.45000532 0.44589633  0.47476172 0.42761975 0.50206904 0.41641874
0.00039479 0.36283831 0.35232302 0.39930133 0.34523319 0.50234819  0.48417291 0.45702496 0.47508945 0.39693445 0.45000532 0.44589633  0.47476172 0.42761975 0.50206904 0.41641874
0.00039479 0.36283831 0.35232302 0.39930133 0.34523319 0.50234819  0.48417291 0.45702496 0.47508945 0.39693445 0.45000532 0.44589633  0.47476172 0.42761975 0.50206904 0.41641874
0.00039479 0.36283831 0.35232302 0.39930133 0.34523319 0.50234819  0.48417291 0.45702496 0.47508945 0.39693445 0.45000532 0.44589633  0.47476172 0.42761975 0.50206904 0.41641874
0.00039479 0.36283831 0.35232302 0.39930133 0.34523319 0.50234819  0.48417291 0.45702496 0.47508945 0.39693445 0.45000532 0.44589633  0.47476172 0.42761975 0.50206904 0.41641874
0.01865742 0.3880557  0.34025579 0.41843982 0.3494262  0.49750935  0.46205159 0.46401308 0.50597385 0.40376969 0.46950961 0.4478266  0.44969389 0.45506031 0.57557814 0.40855754
0.07193746 0.46895511 0.29844038 0.49628452 0.38099362 0.40598471  0.39534784 0.51775049 0.50756055 0.39409277 0.40570763 0.45506301  0.55070272 0.48112909 0.59034948 0.45207963
0.27272676 0.71656311 0.17994088 0.65072621 0.39488348 0.39686829  0.27153187 0.52143772 0.62189543 0.43337462 0.45855675 0.4646622  0.4753718  0.48406153 0.66198826 0.45053555
0.34703591 0.78070022 0.15599052 0.65275933 0.36251509 0.50632265  0.2602343  0.47521433 0.67039174 0.46170498 0.49562397 0.46881395  0.46104983 0.45533444 0.61526442 0.46587666
0.44040188 0.82034229 0.13390782 0.56752468 0.31175412 0.65393346  0.39916614 0.40180063 0.59057552 0.45478735 0.55829857 0.44628621  0.39278733 0.34402745 0.40483746 0.43352958
0.5805287  0.74168416 0.10642507 0.28770622 0.32206729 0.63853522  0.69543258 0.52707274 0.42096165 0.40027037 0.50992896 0.43680873  0.65015541 0.43933157 0.5128832  0.50609601
0.61331218 0.70406677 0.12692664 0.25027275 0.28676145 0.66138106  0.63166635 0.61412457 0.39757208 0.40955337 0.41071729 0.451458  0.6039129  0.36147159 0.52158634 0.50779298
0.62936194 0.67797168 0.12809022 0.21718934 0.28713751 0.64219209  0.61796075 0.6706535  0.42078798 0.3913507  0.4175318  0.45349888  0.58575601 0.33853978 0.58292065 0.52007308
0.73274692 0.48565061 0.14592772 0.12808264 0.28500768 0.53203495  0.44108379 0.61521308 0.49417669 0.40899279 0.2558269  0.51785492  0.43805643 0.41127425 0.58971304 0.42304218
0.77045293 0.38261378 0.11810865 0.13503757 0.33883886 0.48945744  0.34555663 0.43957064 0.56631317 0.37898498 0.25354133 0.50240491  0.4553934  0.28566417 0.47715708 0.3362237 
0.77045293 0.38261378 0.11810865 0.13503757 0.33883886 0.48945744  0.34555663 0.43957064 0.56631317 0.37898498 0.25354133 0.50240491  0.4553934  0.28566417 0.47715708 0.3362237 
0.78277767 0.36796789 0.14576222 0.16114181 0.30900244 0.46866096  0.33973792 0.44535925 0.51899106 0.42864946 0.2987432  0.53144176  0.43919163 0.32541423 0.48278262 0.29986387
0.78277767 0.36796789 0.14576222 0.16114181 0.30900244 0.46866096  0.33973792 0.44535925 0.51899106 0.42864946 0.2987432  0.53144176  0.43919163 0.32541423 0.48278262 0.29986387
0.79038906 0.3381103  0.13964978 0.2057385  0.33418237 0.49832184  0.33288283 0.44530957 0.47005979 0.42316883 0.31287567 0.47744942  0.45206186 0.30318386 0.52171244 0.32699461
0.79053887 0.33786347 0.13843539 0.20458686 0.33576096 0.50270684  0.33282452 0.43961264 0.47540997 0.42280496 0.29875022 0.47556101  0.45615777 0.30304991 0.53871449 0.31990337
0.78277767 0.36796789 0.14576222 0.16114181 0.30900244 0.46866096  0.33973792 0.44535925 0.51899106 0.42864946 0.2987432  0.53144176  0.43919163 0.32541423 0.48278262 0.29986387
0.78277767 0.36796789 0.14576222 0.16114181 0.30900244 0.46866096  0.33973792 0.44535925 0.51899106 0.42864946 0.2987432  0.53144176  0.43919163 0.32541423 0.48278262 0.29986387
0.77045293 0.38261378 0.11810865 0.13503757 0.33883886 0.48945744  0.34555663 0.43957064 0.56631317 0.37898498 0.25354133 0.50240491  0.4553934  0.28566417 0.47715708 0.3362237 
0.77045293 0.38261378 0.11810865 0.13503757 0.33883886 0.48945744  0.34555663 0.43957064 0.56631317 0.37898498 0.25354133 0.50240491  0.4553934  0.28566417 0.47715708 0.3362237 
0.71546336 0.49070137 0.10066578 0.12223521 0.34406991 0.5159859  0.48866592 0.4867073  0.60280498 0.36171643 0.29758183 0.50771191  0.57632643 0.45232573 0.57914472 0.48083054
0.65836296 0.61334382 0.10408142 0.1724053  0.32219242 0.58629059  0.60783979 0.47672889 0.53943825 0.36464744 0.32756704 0.50253464  0.71482103 0.60325283 0.60956367 0.53334995
0.59787761 0.73134667 0.12022963 0.27059545 0.29584709 0.67845973  0.66056277 0.55335991 0.40061692 0.40211321 0.42785235 0.44404497  0.69609507 0.42322775 0.46911648 0.50576494
0.59787761 0.73134667 0.12022963 0.27059545 0.29584709 0.67845973  0.66056277 0.55335991 0.40061692 0.40211321 0.42785235 0.44404497  0.69609507 0.42322775 0.46911648 0.50576494
0.59787761 0.73134667 0.12022963 0.27059545 0.29584709 0.67845973  0.66056277 0.55335991 0.40061692 0.40211321 0.42785235 0.44404497  0.69609507 0.42322775 0.46911648 0.50576494
0.59787761 0.73134667 0.12022963 0.27059545 0.29584709 0.67845973  0.66056277 0.55335991 0.40061692 0.40211321 0.42785235 0.44404497  0.69609507 0.42322775 0.46911648 0.50576494
0.61332953 0.71798166 0.1433697  0.27841651 0.27177359 0.69538586  0.61579334 0.56364836 0.35005827 0.42085355 0.38554941 0.44909509  0.69017158 0.41546642 0.41309309 0.43748568
0.67007279 0.79201243 0.42853021 0.2824945  0.40373215 0.6938653  0.57046691 0.47826115 0.25236904 0.38583696 0.42899991 0.43096184  0.75933104 0.61101348 0.28681655 0.34384645
0.74917552 0.8197872  0.71585826 0.2050579  0.6378209  0.62526432  0.58917917 0.54034443 0.3475654  0.28691544 0.40891613 0.43684476  0.73701938 0.35913038 0.57854607 0.39006184
0.76150025 0.8051413  0.74351183 0.23116214 0.60798449 0.60446783  0.58336046 0.54613304 0.30024329 0.33657993 0.454118   0.4658816  0.72081761 0.39888044 0.58417161 0.35370201
0.81820517 0.70408036 0.76637428 0.19604927 0.5943829  0.52233127  0.5492864  0.49448211 0.3313186  0.40228206 0.36315354 0.54555915  0.68567271 0.49937218 0.79531557 0.30370562
0.81820517 0.70408036 0.76637428 0.19604927 0.5943829  0.52233127  0.5492864  0.49448211 0.3313186  0.40228206 0.36315354 0.54555915  0.68567271 0.49937218 0.79531557 0.30370562
0.80383856 0.65265853 0.64754044 0.25547618 0.36615027 0.46592667  0.62310091 0.51333696 0.40330976 0.49501717 0.26774774 0.39786838  0.71415579 0.54968293 0.75815674 0.20029979
0.74483847 0.60600764 0.3693988  0.23289865 0.22842876 0.53068161  0.58590976 0.55429939 0.4110751  0.43553561 0.26092039 0.46917429  0.71286495 0.57297002 0.61087792 0.35080088
0.74483847 0.60600764 0.3693988  0.23289865 0.22842876 0.53068161  0.58590976 0.55429939 0.4110751  0.43553561 0.26092039 0.46917429  0.71286495 0.57297002 0.61087792 0.35080088
0.64332066 0.64630081 0.11468488 0.20120006 0.30586009 0.62414063  0.61976248 0.50934547 0.46646076 0.42371632 0.30214952 0.50525732  0.67808258 0.55438544 0.58853307 0.53434437
0.64332066 0.64630081 0.11468488 0.20120006 0.30586009 0.62414063  0.61976248 0.50934547 0.46646076 0.42371632 0.30214952 0.50525732  0.67808258 0.55438544 0.58853307 0.53434437
0.62760188 0.67161847 0.10783265 0.22754056 0.31175622 0.63817842  0.64218288 0.4367139  0.46963661 0.40676036 0.31568156 0.4956063  0.73315632 0.57657376 0.56781093 0.52226816
0.62760188 0.67161847 0.10783265 0.22754056 0.31175622 0.63817842  0.64218288 0.4367139  0.46963661 0.40676036 0.31568156 0.4956063  0.73315632 0.57657376 0.56781093 0.52226816
0.62760188 0.67161847 0.10783265 0.22754056 0.31175622 0.63817842  0.64218288 0.4367139  0.46963661 0.40676036 0.31568156 0.4956063  0.73315632 0.57657376 0.56781093 0.52226816
0.62760188 0.67161847 0.10783265 0.22754056 0.31175622 0.63817842  0.64218288 0.4367139  0.46963661 0.40676036 0.31568156 0.4956063  0.73315632 0.57657376 0.56781093 0.52226816
0.61025297 0.68195596 0.09402809 0.24465134 0.33797643 0.59825391  0.6770527  0.41042673 0.48998134 0.40491751 0.39775817 0.48837005  0.68721666 0.59267758 0.61157765 0.52259923
0.61025297 0.68195596 0.09402809 0.24465134 0.33797643 0.59825391  0.6770527  0.41042673 0.48998134 0.40491751 0.39775817 0.48837005  0.68721666 0.59267758 0.61157765 0.52259923
0.59296473 0.69138144 0.07971514 0.26112765 0.3643441  0.55649327  0.71347382 0.38113214 0.51043254 0.39851518 0.47596577 0.4790392  0.64517503 0.60598385 0.66570318 0.51718986
0.59296473 0.69138144 0.07971514 0.26112765 0.3643441  0.55649327  0.71347382 0.38113214 0.51043254 0.39851518 0.47596577 0.4790392  0.64517503 0.60598385 0.66570318 0.51718986
0.59296473 0.69138144 0.07971514 0.26112765 0.3643441  0.55649327  0.71347382 0.38113214 0.51043254 0.39851518 0.47596577 0.4790392  0.64517503 0.60598385 0.66570318 0.51718986
0.59296473 0.69138144 0.07971514 0.26112765 0.3643441  0.55649327  0.71347382 0.38113214 0.51043254 0.39851518 0.47596577 0.4790392  0.64517503 0.60598385 0.66570318 0.51718986
0.55878896 0.72847248 0.08096928 0.34535815 0.3632369  0.56769496  0.68223746 0.27404124 0.48391469 0.44259912 0.45004886 0.49634717  0.52043477 0.55917253 0.58817349 0.48516202
0.54035873 0.72779543 0.07589963 0.36723578 0.38862945 0.50588845  0.68901654 0.26898614 0.47564147 0.43709317 0.47765712 0.49290466  0.45624531 0.57493596 0.62659657 0.44672291
0.52205044 0.71866755 0.07458089 0.37297471 0.41044102 0.43525773  0.7059902  0.30761278 0.44889041 0.39635489 0.51353228 0.47048403  0.45600764 0.57795893 0.60195348 0.39747551
0.50421104 0.72997673 0.07577188 0.41651744 0.41250006 0.42674836  0.67221146 0.26303155 0.45002741 0.42573046 0.4851789  0.48808218  0.3759315  0.54757721 0.59209198 0.38539738
0.48569187 0.71545655 0.07865481 0.4157163  0.42988919 0.36722399  0.68666037 0.30284783 0.42099518 0.38039053 0.50701622 0.46363781  0.42047155 0.55378309 0.53746747 0.34611315
0.45176089 0.73931739 0.08464836 0.46162678 0.44172418 0.33504777  0.68432584 0.35902322 0.36574692 0.3906709  0.52617148 0.44882919  0.3631456  0.49107498 0.54446788 0.32264302
0.41526722 0.74205673 0.09323617 0.52248394 0.44975759 0.29183583  0.61892943 0.35733726 0.35096386 0.40482064 0.46562483 0.46583348  0.29635971 0.46769938 0.53293236 0.31428613
0.41526722 0.74205673 0.09323617 0.52248394 0.44975759 0.29183583  0.61892943 0.35733726 0.35096386 0.40482064 0.46562483 0.46583348  0.29635971 0.46769938 0.53293236 0.31428613
0.32551861 0.69956752 0.13072953 0.53777645 0.47048522 0.19776517  0.63243275 0.46828043 0.20929253 0.37838949 0.36620227 0.4567177  0.39343226 0.37704559 0.40914011 0.36983142
0.28851848 0.67414867 0.14818536 0.55394243 0.46900493 0.18776148  0.59236925 0.46369109 0.2060783  0.40025233 0.29027908 0.48203376  0.41497204 0.34497941 0.38303074 0.42183187
0.27013576 0.65082462 0.16025877 0.53872046 0.46397264 0.20135021  0.59888604 0.45835675 0.20440369 0.40752189 0.27900236 0.4863646  0.41655868 0.33772269 0.38107513 0.44716098
0.23457585 0.63112549 0.18702607 0.55005464 0.43914072 0.25327401  0.53982286 0.4655138  0.25330203 0.39872849 0.30041819 0.47465033  0.40279043 0.31868362 0.34683396 0.43627492
0.16090298 0.54997924 0.23264034 0.52063825 0.42610691 0.27216757  0.51801014 0.47061254 0.2573762  0.40952032 0.2186372  0.49395088  0.50963585 0.32196481 0.34129445 0.51471081
0.16090298 0.54997924 0.23264034 0.52063825 0.42610691 0.27216757  0.51801014 0.47061254 0.2573762  0.40952032 0.2186372  0.49395088  0.50963585 0.32196481 0.34129445 0.51471081
0.12497483 0.53011189 0.25826014 0.53398192 0.40928794 0.30646206  0.43880966 0.51801185 0.35021162 0.37946695 0.27474137 0.46578683  0.57502087 0.36277988 0.35479109 0.49387625
0.10762221 0.50310676 0.27206109 0.50693057 0.3975507  0.3379459  0.46547865 0.4973829  0.34360459 0.38176287 0.29578674 0.46250385  0.53713188 0.34048387 0.32602724 0.47527582
0.10762221 0.50310676 0.27206109 0.50693057 0.3975507  0.3379459  0.46547865 0.4973829  0.34360459 0.38176287 0.29578674 0.46250385  0.53713188 0.34048387 0.32602724 0.47527582
0.08933598 0.49227807 0.28370689 0.51563283 0.39282917 0.35122619  0.41224683 0.52903719 0.4167706  0.37236308 0.3229049  0.45462839  0.62758809 0.38247804 0.3646409  0.49477643
0.08933598 0.49227807 0.28370689 0.51563283 0.39282917 0.35122619  0.41224683 0.52903719 0.4167706  0.37236308 0.3229049  0.45462839  0.62758809 0.38247804 0.3646409  0.49477643
0.05295748 0.44105795 0.31047847 0.47423707 0.37661473 0.39820267  0.43339135 0.51107118 0.43325487 0.38045997 0.34459946 0.45442981  0.6091228  0.40002928 0.40593895 0.49183507
0.05295748 0.44105795 0.31047847 0.47423707 0.37661473 0.39820267  0.43339135 0.51107118 0.43325487 0.38045997 0.34459946 0.45442981  0.6091228  0.40002928 0.40593895 0.49183507
0.05295748 0.44105795 0.31047847 0.47423707 0.37661473 0.39820267  0.43339135 0.51107118 0.43325487 0.38045997 0.34459946 0.45442981  0.6091228  0.40002928 0.40593895 0.49183507
0.05295748 0.44105795 0.31047847 0.47423707 0.37661473 0.39820267  0.43339135 0.51107118 0.43325487 0.38045997 0.34459946 0.45442981  0.6091228  0.40002928 0.40593895 0.49183507
0.03530472 0.41371177 0.32449245 0.44717499 0.36543573 0.42942868  0.4584486  0.49182641 0.42935187 0.38251683 0.3665383  0.45119726  0.57400726 0.38653202 0.39012683 0.47468522
0.01790387 0.3898545  0.33817562 0.42642862 0.35681041 0.46717525  0.46152885 0.47694295 0.46991849 0.39350101 0.41724602 0.4497633  0.51968443 0.43336993 0.49846349 0.44236435
0.00039479 0.36283831 0.35232302 0.39930133 0.34523319 0.50234819  0.48417291 0.45702496 0.47508945 0.39693445 0.45000532 0.44589633  0.47476172 0.42761975 0.50206904 0.41641874
0.00039479 0.36283831 0.35232302 0.39930133 0.34523319 0.50234819  0.48417291 0.45702496 0.47508945 0.39693445 0.45000532 0.44589633  0.47476172 0.42761975 0.50206904 0.41641874
0.00039479 0.36283831 0.35232302 0.39930133 0.34523319 0.50234819  0.48417291 0.45702496 0.47508945 0.39693445 0.45000532 0.44589633  0.47476172 0.42761975 0.50206904 0.41641874
0.01779563 0.38669558 0.33863985 0.42004769 0.35385851 0.46460162  0.48109267 0.47190843 0.43452283 0.38595027 0.3992976  0.44733029  0.52908455 0.38078184 0.39373238 0.44873962
0.01779563 0.38669558 0.33863985 0.42004769 0.35385851 0.46460162  0.48109267 0.47190843 0.43452283 0.38595027 0.3992976  0.44733029  0.52908455 0.38078184 0.39373238 0.44873962
0.00039479 0.36283831 0.35232302 0.39930133 0.34523319 0.50234819  0.48417291 0.45702496 0.47508945 0.39693445 0.45000532 0.44589633  0.47476172 0.42761975 0.50206904 0.41641874
0.00039479 0.36283831 0.35232302 0.39930133 0.34523319 0.50234819  0.48417291 0.45702496 0.47508945 0.39693445 0.45000532 0.44589633  0.47476172 0.42761975 0.50206904 0.41641874
0.00039479 0.36283831 0.35232302 0.39930133 0.34523319 0.50234819  0.48417291 0.45702496 0.47508945 0.39693445 0.45000532 0.44589633  0.47476172 0.42761975 0.50206904 0.41641874
0.00039479 0.36283831 0.35232302 0.39930133 0.34523319 0.50234819  0.48417291 0.45702496 0.47508945 0.39693445 0.45000532 0.44589633  0.47476172 0.42761975 0.50206904 0.41641874
0.00039479 0.36283831 0.35232302 0.39930133 0.34523319 0.50234819  0.48417291 0.45702496 0.47508945 0.39693445 0.45000532 0.44589633  0.47476172 0.42761975 0.50206904 0.41641874
0.00039479 0.36283831 0.35232302 0.39930133 0.34523319 0.50234819  0.48417291 0.45702496 0.47508945 0.39693445 0.45000532 0.44589633  0.47476172 0.42761975 0.50206904 0.41641874
