0.00039479 0.36283831 0.35232302 0.39930133 0.34523319 0.50234819  0.48417291 0.45702496 0.47508945 0.39693445 0.45000532 0.44589633  0.47476172 0.42761975 0.50206904 0.41641874
0.00039479 0.36283831 0.35232302 0.39930133 0.34523319 0.50234819  0.48417291 0.45702496 0.47508945 0.39693445 0.45000532 0.44589633  0.47476172 0.42761975 0.50206904 0.41641874
0.00039479 0.36283831 0.35232302 0.39930133 0.34523319 0.50234819  0.48417291 0.45702496 0.47508945 0.39693445 0.45000532 0.44589633  0.47476172 0.42761975 0.50206904 0.41641874
0.00039479 0.36283831 0.35232302 0.39930133 0.34523319 0.50234819  0.48417291 0.45702496 0.47508945 0.39693445 0.45000532 0.44589633  0.47476172 0.42761975 0.50206904 0.41641874
0.00039479 0.36283831 0.35232302 0.39930133 0.34523319 0.50234819  0.48417291 0.45702496 0.47508945 0.39693445 0.45000532 0.44589633  0.47476172 0.42761975 0.50206904 0.41641874
0.00039479 0.36283831 0.35232302 0.39930133 0.34523319 0.50234819  0.48417291 0.45702496 0.47508945 0.39693445 0.45000532 0.44589633  0.47476172 0.42761975 0.50206904 0.41641874
0.00039479 0.36283831 0.35232302 0.39930133 0.34523319 0.50234819  0.48417291 0.45702496 0.47508945 0.39693445 0.45000532 0.44589633  0.47476172 0.42761975 0.50206904 0.41641874
0.00039479 0.36283831 0.35232302 0.39930133 0.34523319 0.50234819  0.48417291 0.45702496 0.47508945 0.39693445 0.45000532 0.44589633  0.47476172 0.42761975 0.50206904 0.41641874
0.00039479 0.36283831 0.35232302 0.39930133 0.34523319 0.50234819  0.48417291 0.45702496 0.47508945 0.39693445 0.45000532 0.44589633  0.47476172 0.42761975 0.50206904 0.41641874
0.00039479 0.36283831 0.35232302 0.39930133 0.34523319 0.50234819  0.48417291 0.45702496 0.47508945 0.39693445 0.45000532 0.44589633  0.47476172 0.42761975 0.50206904 0.41641874
0.00039479 0.36283831 0.35232302 0.39930133 0.34523319 0.50234819  0.48417291 0.45702496 0.47508945 0.39693445 0.45000532 0.44589633  0.47476172 0.42761975 0.50206904 0.41641874
0.00039479 0.36283831 0.35232302 0.39930133 0.34523319 0.50234819  0.48417291 0.45702496 0.47508945 0.39693445 0.45000532 0.44589633  0.47476172 0.42761975 0.50206904 0.41641874
0.00039479 0.36283831 0.35232302 0.39930133 0.34523319 0.50234819  0.48417291 0.45702496 0.47508945 0.39693445 0.45000532 0.44589633  0.47476172 0.42761975 0.50206904 0.41641874
0.00039479 0.36283831 0.35232302 0.39930133 0.34523319 0.50234819  0.48417291 0.45702496 0.47508945 0.39693445 0.45000532 0.44589633  0.47476172 0.42761975 0.50206904 0.41641874
0.00039479 0.36283831 0.35232302 0.39930133 0.34523319 0.50234819  0.48417291 0.45702496 0.47508945 0.39693445 0.45000532 0.44589633  0.47476172 0.42761975 0.50206904 0.41641874
0.00039479 0.36283831 0.35232302 0.39930133 0.34523319 0.50234819  0.48417291 0.45702496 0.47508945 0.39693445 0.45000532 0.44589633  0.47476172 0.42761975 0.50206904 0.41641874
0.00039479 0.36283831 0.35232302 0.39930133 0.34523319 0.50234819  0.48417291 0.45702496 0.47508945 0.39693445 0.45000532 0.44589633  0.47476172 0.42761975 0.50206904 0.41641874
0.00039479 0.36283831 0.35232302 0.39930133 0.34523319 0.50234819  0.48417291 0.45702496 0.47508945 0.39693445 0.45000532 0.44589633  0.47476172 0.42761975 0.50206904 0.41641874
0.00039479 0.36283831 0.35232302 0.39930133 0.34523319 0.50234819  0.48417291 0.45702496 0.47508945 0.39693445 0.45000532 0.44589633  0.47476172 0.42761975 0.50206904 0.41641874
0.00039479 0.36283831 0.35232302 0.39930133 0.34523319 0.50234819  0.48417291 0.45702496 0.47508945 0.39693445 0.45000532 0.44589633  0.47476172 0.42761975 0.50206904 0.41641874
0.00039479 0.36283831 0.35232302 0.39930133 0.34523319 0.50234819  0.48417291 0.45702496 0.47508945 0.39693445 0.45000532 0.44589633  0.47476172 0.42761975 0.50206904 0.41641874
0.00039479 0.36283831 0.35232302 0.39930133 0.34523319 0.50234819  0.48417291 0.45702496 0.47508945 0.39693445 0.45000532 0.44589633  0.47476172 0.42761975 0.50206904 0.41641874
0.00039479 0.36283831 0.35232302 0.39930133 0.34523319 0.50234819  0.48417291 0.45702496 0.47508945 0.39693445 0.45000532 0.44589633  0.47476172 0.42761975 0.50206904 0.41641874
0.00039479 0.36283831 0.35232302 0.39930133 0.34523319 0.50234819  0.48417291 0.45702496 0.47508945 0.39693445 0.45000532 0.44589633  0.47476172 0.42761975 0.50206904 0.41641874
0.00039479 0.36283831 0.35232302 0.39930133 0.34523319 0.50234819  0.48417291 0.45702496 0.47508945 0.39693445 0.45000532 0.44589633  0.47476172 0.42761975 0.50206904 0.41641874
0.00039479 0.36283831 0.35232302 0.39930133 0.34523319 0.50234819  0.48417291 0.45702496 0.47508945 0.39693445 0.45000532 0.44589633  0.47476172 0.42761975 0.50206904 0.41641874
0.00039479 0.36283831 0.35232302 0.39930133 0.34523319 0.50234819  0.48417291 0.45702496 0.47508945 0.39693445 0.45000532 0.44589633  0.47476172 0.42761975 0.50206904 0.41641874
0.00039479 0.36283831 0.35232302 0.39930133 0.34523319 0.50234819  0.48417291 0.45702496 0.47508945 0.39693445 0.45000532 0.44589633  0.47476172 0.42761975 0.50206904 0.41641874
0.00039479 0.36283831 0.35232302 0.39930133 0.34523319 0.50234819  0.48417291 0.45702496 0.47508945 0.39693445 0.45000532 0.44589633  0.47476172 0.42761975 0.50206904 0.41641874
0.00039479 0.36283831 0.35232302 0.39930133 0.34523319 0.50234819  0.48417291 0.45702496 0.47508945 0.39693445 0.45000532 0.44589633  0.47476172 0.42761975 0.50206904 0.41641874
0.00039479 0.36283831 0.35232302 0.39930133 0.34523319 0.50234819  0.48417291 0.45702496 0.47508945 0.39693445 0.45000532 0.44589633  0.47476172 0.42761975 0.50206904 0.41641874
0.00039479 0.36283831 0.35232302 0.39930133 0.34523319 0.50234819  0.48417291 0.45702496 0.47508945 0.39693445 0.45000532 0.44589633  0.47476172 0.42761975 0.50206904 0.41641874
0.00039479 0.36283831 0.35232302 0.39930133 0.34523319 0.50234819  0.48417291 0.45702496 0.47508945 0.39693445 0.45000532 0.44589633  0.47476172 0.42761975 0.50206904 0.41641874
0.00039479 0.36283831 0.35232302 0.39930133 0.34523319 0.50234819  0.48417291 0.45702496 0.47508945 0.39693445 0.45000532 0.44589633  0.47476172 0.42761975 0.50206904 0.41641874
0.00039479 0.36283831 0.35232302 0.39930133 0.34523319 0.50234819  0.48417291 0.45702496 0.47508945 0.39693445 0.45000532 0.44589633  0.47476172 0.42761975 0.50206904 0.41641874
0.00039479 0.36283831 0.35232302 0.39930133 0.34523319 0.50234819  0.48417291 0.45702496 0.47508945 0.39693445 0.45000532 0.44589633  0.47476172 0.42761975 0.50206904 0.41641874
0.00039479 0.36283831 0.35232302 0.39930133 0.34523319 0.50234819  0.48417291 0.45702496 0.47508945 0.39693445 0.45000532 0.44589633  0.47476172 0.42761975 0.50206904 0.41641874
0.00039479 0.36283831 0.35232302 0.39930133 0.34523319 0.50234819  0.48417291 0.45702496 0.47508945 0.39693445 0.45000532 0.44589633  0.47476172 0.42761975 0.50206904 0.41641874
0.00039479 0.36283831 0.35232302 0.39930133 0.34523319 0.50234819  0.48417291 0.45702496 0.47508945 0.39693445 0.45000532 0.44589633  0.47476172 0.42761975 0.50206904 0.41641874
0.00039479 0.36283831 0.35232302 0.39930133 0.34523319 0.50234819  0.48417291 0.45702496 0.47508945 0.39693445 0.45000532 0.44589633  0.47476172 0.42761975 0.50206904 0.41641874
0.00039479 0.36283831 0.35232302 0.39930133 0.34523319 0.50234819  0.48417291 0.45702496 0.47508945 0.39693445 0.45000532 0.44589633  0.47476172 0.42761975 0.50206904 0.41641874
0.00039479 0.36283831 0.35232302 0.39930133 0.34523319 0.50234819  0.48417291 0.45702496 0.47508945 0.39693445 0.45000532 0.44589633  0.47476172 0.42761975 0.50206904 0.41641874
0.00039479 0.36283831 0.35232302 0.39930133 0.34523319 0.50234819  0.48417291 0.45702496 0.47508945 0.39693445 0.45000532 0.44589633  0.47476172 0.42761975 0.50206904 0.41641874
0.00039479 0.36283831 0.35232302 0.39930133 0.34523319 0.50234819  0.48417291 0.45702496 0.47508945 0.39693445 0.45000532 0.44589633  0.47476172 0.42761975 0.50206904 0.41641874
0.00039479 0.36283831 0.35232302 0.39930133 0.34523319 0.50234819  0.48417291 0.45702496 0.47508945 0.39693445 0.45000532 0.44589633  0.47476172 0.42761975 0.50206904 0.41641874
0.00039479 0.36283831 0.35232302 0.39930133 0.34523319 0.50234819  0.48417291 0.45702496 0.47508945 0.39693445 0.45000532 0.44589633  0.47476172 0.42761975 0.50206904 0.41641874
0.00039479 0.36283831 0.35232302 0.39930133 0.34523319 0.50234819  0.48417291 0.45702496 0.47508945 0.39693445 0.45000532 0.44589633  0.47476172 0.42761975 0.50206904 0.41641874
0.00039479 0.36283831 0.35232302 0.39930133 0.34523319 0.50234819  0.48417291 0.45702496 0.47508945 0.39693445 0.45000532 0.44589633  0.47476172 0.42761975 0.50206904 0.41641874
0.00039479 0.36283831 0.35232302 0.39930133 0.34523319 0.50234819  0.48417291 0.45702496 0.47508945 0.39693445 0.45000532 0.44589633  0.47476172 0.42761975 0.50206904 0.41641874
0.00039479 0.36283831 0.35232302 0.39930133 0.34523319 0.50234819  0.48417291 0.45702496 0.47508945 0.39693445 0.45000532 0.44589633  0.47476172 0.42761975 0.50206904 0.41641874
0.00039479 0.36283831 0.35232302 0.39930133 0.34523319 0.50234819  0.48417291 0.45702496 0.47508945 0.39693445 0.45000532 0.44589633  0.47476172 0.42761975 0.50206904 0.41641874
0.00039479 0.36283831 0.35232302 0.39930133 0.34523319 0.50234819  0.48417291 0.45702496 0.47508945 0.39693445 0.45000532 0.44589633  0.47476172 0.42761975 0.50206904 0.41641874
0.00039479 0.36283831 0.35232302 0.39930133 0.34523319 0.50234819  0.48417291 0.45702496 0.47508945 0.39693445 0.45000532 0.44589633  0.47476172 0.42761975 0.50206904 0.41641874
0.00039479 0.36283831 0.35232302 0.39930133 0.34523319 0.50234819  0.48417291 0.45702496 0.47508945 0.39693445 0.45000532 0.44589633  0.47476172 0.42761975 0.50206904 0.41641874
0.00039479 0.36283831 0.35232302 0.39930133 0.34523319 0.50234819  0.48417291 0.45702496 0.47508945 0.39693445 0.45000532 0.44589633  0.47476172 0.42761975 0.50206904 0.41641874
0.0177474  0.38984345 0.33852207 0.42635267 0.35697043 0.47086435  0.45750391 0.47765391 0.48169648 0.39463854 0.42895995 0.44917931  0.51265071 0.44991576 0.53083289 0.43501917
0.03525649 0.41685964 0.32437467 0.45347996 0.36854765 0.43569141  0.43485985 0.4975719  0.47652552 0.39120509 0.39620065 0.45304628  0.55757342 0.45566594 0.52722734 0.46096477
0.03525649 0.41685964 0.32437467 0.45347996 0.36854765 0.43569141  0.43485985 0.4975719  0.47652552 0.39120509 0.39620065 0.45304628  0.55757342 0.45566594 0.52722734 0.46096477
0.05357196 0.4426501  0.31126372 0.47372404 0.37603629 0.41875523  0.42072775 0.50444347 0.48490619 0.39013906 0.40420374 0.45185212  0.54462992 0.46722303 0.55234375 0.44813721
0.10790948 0.52006986 0.27295207 0.53758714 0.39565131 0.37686759  0.35640982 0.53644634 0.54757535 0.39453639 0.43258952 0.45227625  0.52979935 0.5365488  0.69603209 0.43060237
0.18128077 0.61395744 0.22796607 0.6010273  0.40283221 0.36780412  0.30191187 0.54287451 0.5984129  0.41428391 0.45594497 0.45970943  0.47754411 0.54176376 0.76022912 0.42063643
0.42780271 0.78101937 0.32169575 0.59503406 0.2883072  0.63935814  0.22285915 0.45223109 0.5163942  0.47995101 0.28751945 0.48173209  0.56119319 0.49185743 0.36352164 0.44696379
0.64985705 0.89027697 0.77523126 0.50090202 0.49073041 0.6471653  0.42233994 0.43020075 0.49549733 0.6004627  0.42123737 0.27374031  0.63639638 0.45925777 0.23812017 0.13459186
0.67793442 0.90271508 0.85173041 0.4236405  0.66847965 0.68854669  0.4169159  0.46686013 0.44729305 0.55209556 0.57578897 0.4371724  0.77685526 0.38215358 0.32011706 0.24612431
0.6936532  0.87739743 0.85858265 0.39730001 0.66258351 0.67450889  0.3944955  0.5394917  0.4441172  0.56905152 0.56225693 0.44682342  0.72178152 0.35996526 0.34083921 0.25820051
0.70773493 0.84343784 0.85391124 0.41451231 0.55901738 0.6326651  0.38886967 0.57506923 0.44508853 0.57859125 0.47209784 0.35303339  0.57912339 0.33111257 0.36981719 0.20168916
0.70545294 0.83162694 0.82618325 0.44386857 0.45294454 0.61422166  0.40783119 0.56184259 0.45499638 0.52760053 0.41826899 0.28055293  0.54549542 0.36766705 0.3747411  0.17770811
0.67944003 0.81674724 0.7176042  0.51054086 0.26927001 0.60866067  0.46846591 0.51064777 0.47588829 0.45546298 0.4157981  0.25825562  0.67962218 0.43529489 0.34395864 0.18596289
0.66860135 0.78436774 0.64165522 0.52873056 0.20923962 0.60496928  0.47954508 0.52768455 0.45502717 0.47121821 0.43941259 0.30645081  0.71777597 0.41111538 0.38821304 0.15516128
0.52884152 0.77395563 0.15806754 0.41527683 0.24887085 0.76523002  0.4303868  0.5668992  0.52686922 0.38984976 0.47905139 0.41193488  0.63089425 0.36440641 0.29725751 0.44350019
0.51100211 0.78526481 0.15925853 0.45881955 0.25092989 0.75672065  0.39660807 0.52231796 0.52800623 0.41922533 0.450698   0.42953303  0.55081811 0.33402468 0.287396   0.43142207
0.47626812 0.81147946 0.14299539 0.51721986 0.28262374 0.71152057  0.41994787 0.42991457 0.5454568  0.43970787 0.52519383 0.43503968  0.43816745 0.33439942 0.32245419 0.41376199
0.45783789 0.81080241 0.13792573 0.53909749 0.30801629 0.64971407  0.42672695 0.42485946 0.53718359 0.43420193 0.55280209 0.43159718  0.37397799 0.35016285 0.36087726 0.37532288
0.44054965 0.82022789 0.12361278 0.55557381 0.33438396 0.60795342  0.46314807 0.39556488 0.55763478 0.4277996  0.63100969 0.42226633  0.33193637 0.36346912 0.41500279 0.3699135 
0.47626812 0.81147946 0.14299539 0.51721986 0.28262374 0.71152057  0.41994787 0.42991457 0.5454568  0.43970787 0.52519383 0.43503968  0.43816745 0.33439942 0.32245419 0.41376199
0.47626812 0.81147946 0.14299539 0.51721986 0.28262374 0.71152057  0.41994787 0.42991457 0.5454568  0.43970787 0.52519383 0.43503968  0.43816745 0.33439942 0.32245419 0.41376199
0.47626812 0.81147946 0.14299539 0.51721986 0.28262374 0.71152057  0.41994787 0.42991457 0.5454568  0.43970787 0.52519383 0.43503968  0.43816745 0.33439942 0.32245419 0.41376199
0.51145643 0.78983279 0.15560896 0.45656636 0.25434451 0.75995445  0.41885679 0.50078297 0.52397506 0.41217515 0.4714706  0.42467778  0.56418325 0.34867733 0.28854897 0.42550904
0.52884152 0.77395563 0.15806754 0.41527683 0.24887085 0.76523002  0.4303868  0.5668992  0.52686922 0.38984976 0.47905139 0.41193488  0.63089425 0.36440641 0.29725751 0.44350019
0.54604563 0.7711344  0.14411588 0.39171659 0.26294831 0.73492983  0.50386853 0.52667486 0.44217393 0.42224553 0.40525423 0.44352004  0.59834961 0.34118649 0.30865441 0.48629499
0.57893926 0.75093148 0.15414268 0.36454816 0.25489554 0.72505783  0.53716471 0.5152316  0.33986227 0.45396588 0.3506393  0.46014752  0.5852238  0.34564291 0.28430743 0.42847515
0.61836296 0.7059763  0.22313869 0.39108603 0.18881101 0.67477321  0.50908382 0.57922095 0.25417168 0.54095392 0.42337736 0.53310016  0.56027066 0.41793166 0.28567316 0.36894295
0.63228734 0.69595982 0.26645081 0.41084322 0.1776019  0.62984232  0.5404381  0.59378957 0.26252865 0.65299216 0.44430449 0.50857076  0.56422775 0.44528075 0.32190485 0.31833688
0.64750863 0.68018752 0.24464085 0.37616006 0.17868313 0.63680189  0.58120835 0.59089344 0.20584444 0.58321496 0.47829273 0.54731599  0.62716521 0.46557483 0.40561732 0.29538915
0.63596254 0.69424035 0.21607844 0.34789535 0.19910822 0.66157849  0.5680061  0.58666302 0.24074399 0.52960013 0.43995135 0.5266128  0.60718918 0.45667294 0.34563768 0.3639168 
0.63596254 0.69424035 0.21607844 0.34789535 0.19910822 0.66157849  0.5680061  0.58666302 0.24074399 0.52960013 0.43995135 0.5266128  0.60718918 0.45667294 0.34563768 0.3639168 
0.63928506 0.67284575 0.19402569 0.31831897 0.21280825 0.66244458  0.53234718 0.64255739 0.2491371  0.53246961 0.37738705 0.49941657  0.44266767 0.33878703 0.40771446 0.37830434
0.61149599 0.69787075 0.12383057 0.26849627 0.29135193 0.66402092  0.61073893 0.51537532 0.40382958 0.45084168 0.32846237 0.48758023  0.60024335 0.44423455 0.48129662 0.51076684
0.61149599 0.69787075 0.12383057 0.26849627 0.29135193 0.66402092  0.61073893 0.51537532 0.40382958 0.45084168 0.32846237 0.48758023  0.60024335 0.44423455 0.48129662 0.51076684
0.48849729 0.73450343 0.08289679 0.39652881 0.41990284 0.3991364  0.73112189 0.39443359 0.38085069 0.35638178 0.58001857 0.4237975  0.48073772 0.50509617 0.50891367 0.34865043
0.30657541 0.70111784 0.13470736 0.58012967 0.47680328 0.16692532  0.55916449 0.4848959  0.2411768  0.39770651 0.30337129 0.48014574  0.42564492 0.39747569 0.472816   0.40093366
0.30657541 0.70111784 0.13470736 0.58012967 0.47680328 0.16692532  0.55916449 0.4848959  0.2411768  0.39770651 0.30337129 0.48014574  0.42564492 0.39747569 0.472816   0.40093366
0.30657541 0.70111784 0.13470736 0.58012967 0.47680328 0.16692532  0.55916449 0.4848959  0.2411768  0.39770651 0.30337129 0.48014574  0.42564492 0.39747569 0.472816   0.40093366
0.17871106 0.58909212 0.21784328 0.57138837 0.43685717 0.23196023  0.43928419 0.53147103 0.311988   0.3817367  0.21233608 0.48406472  0.67383466 0.3541317  0.31821644 0.5347183 
0.00039479 0.36283831 0.35232302 0.39930133 0.34523319 0.50234819  0.48417291 0.45702496 0.47508945 0.39693445 0.45000532 0.44589633  0.47476172 0.42761975 0.50206904 0.41641874
0.00039479 0.36283831 0.35232302 0.39930133 0.34523319 0.50234819  0.48417291 0.45702496 0.47508945 0.39693445 0.45000532 0.44589633  0.47476172 0.42761975 0.50206904 0.41641874
0.00039479 0.36283831 0.35232302 0.39930133 0.34523319 0.50234819  0.48417291 0.45702496 0.47508945 0.39693445 0.45000532 0.44589633  0.47476172 0.42761975 0.50206904 0.41641874
0.00039479 0.36283831 0.35232302 0.39930133 0.34523319 0.50234819  0.48417291 0.45702496 0.47508945 0.39693445 0.45000532 0.44589633  0.47476172 0.42761975 0.50206904 0.41641874
0.00039479 0.36283831 0.35232302 0.39930133 0.34523319 0.50234819  0.48417291 0.45702496 0.47508945 0.39693445 0.45000532 0.44589633  0.47476172 0.42761975 0.50206904 0.41641874
0.00039479 0.36283831 0.35232302 0.39930133 0.34523319 0.50234819  0.48417291 0.45702496 0.47508945 0.39693445 0.45000532 0.44589633  0.47476172 0.42761975 0.50206904 0.41641874
0.00039479 0.36283831 0.35232302 0.39930133 0.34523319 0.50234819  0.48417291 0.45702496 0.47508945 0.39693445 0.45000532 0.44589633  0.47476172 0.42761975 0.50206904 0.41641874
0.00039479 0.36283831 0.35232302 0.39930133 0.34523319 0.50234819  0.48417291 0.45702496 0.47508945 0.39693445 0.45000532 0.44589633  0.47476172 0.42761975 0.50206904 0.41641874
0.00039479 0.36283831 0.35232302 0.39930133 0.34523319 0.50234819  0.48417291 0.45702496 0.47508945 0.39693445 0.45000532 0.44589633  0.47476172 0.42761975 0.50206904 0.41641874
0.00039479 0.36283831 0.35232302 0.39930133 0.34523319 0.50234819  0.48417291 0.45702496 0.47508945 0.39693445 0.45000532 0.44589633  0.47476172 0.42761975 0.50206904 0.41641874
0.00039479 0.36283831 0.35232302 0.39930133 0.34523319 0.50234819  0.48417291 0.45702496 0.47508945 0.39693445 0.45000532 0.44589633  0.47476172 0.42761975 0.50206904 0.41641874
0.00039479 0.36283831 0.35232302 0.39930133 0.34523319 0.50234819  0.48417291 0.45702496 0.47508945 0.39693445 0.45000532 0.44589633  0.47476172 0.42761975 0.50206904 0.41641874
0.00039479 0.36283831 0.35232302 0.39930133 0.34523319 0.50234819  0.48417291 0.45702496 0.47508945 0.39693445 0.45000532 0.44589633  0.47476172 0.42761975 0.50206904 0.41641874
0.00039479 0.36283831 0.35232302 0.39930133 0.34523319 0.50234819  0.48417291 0.45702496 0.47508945 0.39693445 0.45000532 0.44589633  0.47476172 0.42761975 0.50206904 0.41641874
0.00039479 0.36283831 0.35232302 0.39930133 0.34523319 0.50234819  0.48417291 0.45702496 0.47508945 0.39693445 0.45000532 0.44589633  0.47476172 0.42761975 0.50206904 0.41641874
0.00039479 0.36283831 0.35232302 0.39930133 0.34523319 0.50234819  0.48417291 0.45702496 0.47508945 0.39693445 0.45000532 0.44589633  0.47476172 0.42761975 0.50206904 0.41641874
0.00039479 0.36283831 0.35232302 0.39930133 0.34523319 0.50234819  0.48417291 0.45702496 0.47508945 0.39693445 0.45000532 0.44589633  0.47476172 0.42761975 0.50206904 0.41641874
0.00039479 0.36283831 0.35232302 0.39930133 0.34523319 0.50234819  0.48417291 0.45702496 0.47508945 0.39693445 0.45000532 0.44589633  0.47476172 0.42761975 0.50206904 0.41641874
0.00039479 0.36283831 0.35232302 0.39930133 0.34523319 0.50234819  0.48417291 0.45702496 0.47508945 0.39693445 0.45000532 0.44589633  0.47476172 0.42761975 0.50206904 0.41641874
0.00039479 0.36283831 0.35232302 0.39930133 0.34523319 0.50234819  0.48417291 0.45702496 0.47508945 0.39693445 0.45000532 0.44589633  0.47476172 0.42761975 0.50206904 0.41641874
0.00039479 0.36283831 0.35232302 0.39930133 0.34523319 0.50234819  0.48417291 0.45702496 0.47508945 0.39693445 0.45000532 0.44589633  0.47476172 0.42761975 0.50206904 0.41641874
0.00039479 0.36283831 0.35232302 0.39930133 0.34523319 0.50234819  0.48417291 0.45702496 0.47508945 0.39693445 0.45000532 0.44589633  0.47476172 0.42761975 0.50206904 0.41641874
0.00039479 0.36283831 0.35232302 0.39930133 0.34523319 0.50234819  0.48417291 0.45702496 0.47508945 0.39693445 0.45000532 0.44589633  0.47476172 0.42761975 0.50206904 0.41641874
0.00039479 0.36283831 0.35232302 0.39930133 0.34523319 0.50234819  0.48417291 0.45702496 0.47508945 0.39693445 0.45000532 0.44589633  0.47476172 0.42761975 0.50206904 0.41641874
0.16574775 0.56605088 0.25375107 0.51036022 0.36315961 0.50296501  0.39330917 0.48231556 0.65176031 0.37984544 0.68115493 0.40174068  0.38517305 0.55053171 0.69067318 0.28823205
0.22009907 0.64229267 0.2142815  0.57135939 0.38628952 0.43867208  0.35738144 0.50963323 0.64130389 0.36988299 0.65698478 0.40232342  0.41822595 0.54550808 0.66473887 0.29264407
0.27445368 0.71691733 0.17472109 0.6311477  0.40916456 0.36333366  0.32974523 0.54222879 0.60341075 0.34758888 0.61097478 0.40037442  0.48946325 0.51130823 0.55918437 0.29566567
0.31087109 0.7061708  0.16830471 0.55377647 0.40434282 0.3876695  0.42072682 0.58562937 0.57760621 0.29673151 0.68443102 0.36219889  0.5728779  0.54536819 0.54078813 0.28256683
0.40024103 0.71482504 0.13276267 0.45115624 0.41271556 0.38043872  0.56145387 0.62353202 0.53017029 0.24151255 0.7480168  0.3299226  0.6788335  0.52756534 0.47080902 0.29257049
0.41762611 0.69894788 0.13522125 0.40986671 0.40724191 0.38571429  0.57298388 0.68964824 0.53306445 0.21918716 0.75559759 0.3171797  0.7455445  0.54329442 0.47951756 0.31056165
0.46829165 0.65403034 0.14267646 0.32888756 0.38195952 0.40806678  0.5498752  0.80963786 0.56934527 0.21302691 0.77437376 0.32143807  0.70982985 0.48181375 0.51615829 0.34884725
0.48681926 0.67420223 0.13533319 0.33882603 0.37268842 0.44196481  0.52915019 0.79393679 0.60701069 0.24626161 0.77996707 0.33782428  0.64519925 0.48550635 0.60376102 0.36431859
0.55649146 0.65269408 0.15852988 0.28095053 0.29445343 0.58797767  0.44260467 0.84923486 0.6208201  0.31094996 0.63517884 0.38245503  0.61470811 0.3884746  0.6183068  0.44947934
0.57477769 0.66352277 0.14688409 0.27224828 0.29917496 0.57469738  0.49583649 0.81758056 0.54765409 0.32034975 0.60806068 0.39033049  0.52425189 0.34648043 0.57969313 0.42997874
0.64508072 0.65265402 0.13494245 0.19084885 0.28124137 0.6281543  0.59554035 0.74328506 0.41761212 0.40830666 0.40399976 0.4631499  0.53068227 0.31635145 0.6036428  0.53214929
0.67480498 0.59292582 0.12254547 0.14779396 0.29715051 0.58787299  0.57716046 0.62663905 0.48663181 0.41295381 0.29182897 0.51471122  0.56774352 0.46969747 0.70233725 0.54865251
0.72594554 0.44821823 0.09103984 0.21299268 0.39009376 0.59024469  0.52564882 0.47208135 0.55476941 0.39104241 0.21890916 0.47133303  0.58201225 0.52123781 0.6570911  0.54440095
0.79844509 0.21835977 0.06627309 0.47790581 0.55743629 0.71974974  0.54237238 0.55398352 0.56787388 0.27678773 0.14751229 0.38471389  0.34941851 0.50365357 0.55661116 0.36866041
0.80744715 0.18188211 0.06001466 0.54411363 0.59249953 0.76413332  0.56121087 0.5751013  0.54595088 0.25319905 0.13338783 0.36306918  0.32908065 0.51902429 0.55243195 0.36109501
0.80744715 0.18188211 0.06001466 0.54411363 0.59249953 0.76413332  0.56121087 0.5751013  0.54595088 0.25319905 0.13338783 0.36306918  0.32908065 0.51902429 0.55243195 0.36109501
0.80623467 0.18764429 0.05997296 0.52509453 0.58447096 0.75205802  0.53848333 0.55748826 0.52203111 0.26793016 0.15558642 0.33480089  0.3527937  0.49347331 0.58599944 0.38793206
0.78843637 0.25827519 0.0659732  0.39198529 0.51880239 0.67945318  0.49329574 0.52116431 0.54989308 0.27128677 0.16478734 0.3804088  0.42657471 0.36885765 0.68129026 0.31829485
0.77200165 0.32618007 0.07851595 0.26304412 0.44758423 0.584643  0.45309202 0.47763648 0.60518626 0.30016913 0.19728893 0.45688555  0.42894396 0.34021032 0.60457568 0.31808998
0.76323956 0.3609016  0.08665492 0.20446067 0.41151971 0.53828653  0.44017871 0.46721952 0.62602932 0.32212686 0.22683373 0.48667946  0.44368833 0.3274595  0.583766   0.33573631
0.71285844 0.48809161 0.09447227 0.14993103 0.35563386 0.53409783  0.47396398 0.44934052 0.57973872 0.3694366  0.29929207 0.49259493  0.57975316 0.33943535 0.5516949  0.44287874
0.66935236 0.58093323 0.09981533 0.20100165 0.33294737 0.60631555  0.55219091 0.4398869  0.49801154 0.39841908 0.28502717 0.49191886  0.64039135 0.34912667 0.6246684  0.46727256
0.64179101 0.64500586 0.11646375 0.22052992 0.30662877 0.63690098  0.59257602 0.58628219 0.4367292  0.39370406 0.37459307 0.46062406  0.60899271 0.30471805 0.59388613 0.49166212
0.62936194 0.67797168 0.12809022 0.21718934 0.28713751 0.64219209  0.61796075 0.6706535  0.42078798 0.3913507  0.4175318  0.45349888  0.58575601 0.33853978 0.58292065 0.52007308
0.62936194 0.67797168 0.12809022 0.21718934 0.28713751 0.64219209  0.61796075 0.6706535  0.42078798 0.3913507  0.4175318  0.45349888  0.58575601 0.33853978 0.58292065 0.52007308
0.62936194 0.67797168 0.12809022 0.21718934 0.28713751 0.64219209  0.61796075 0.6706535  0.42078798 0.3913507  0.4175318  0.45349888  0.58575601 0.33853978 0.58292065 0.52007308
0.62936194 0.67797168 0.12809022 0.21718934 0.28713751 0.64219209  0.61796075 0.6706535  0.42078798 0.3913507  0.4175318  0.45349888  0.58575601 0.33853978 0.58292065 0.52007308
0.62936194 0.67797168 0.12809022 0.21718934 0.28713751 0.64219209  0.61796075 0.6706535  0.42078798 0.3913507  0.4175318  0.45349888  0.58575601 0.33853978 0.58292065 0.52007308
0.65466207 0.61030538 0.10677935 0.2197013  0.32496556 0.62319381  0.55988801 0.50952838 0.46799934 0.38840511 0.35254899 0.46259969  0.62314007 0.2748493  0.56438926 0.46031018
0.68242834 0.54558882 0.09253485 0.19832337 0.35146984 0.58083449  0.51702186 0.39322289 0.53632883 0.3763909  0.30775313 0.47805644  0.6350053  0.3120128  0.55055431 0.43200085
0.74259513 0.43134932 0.10147678 0.12277353 0.34690923 0.49611053  0.42778048 0.44379952 0.59194669 0.38730686 0.23314702 0.52190563  0.48136398 0.35534509 0.62720503 0.43155854
0.75500101 0.3959788  0.09496858 0.12721651 0.36291236 0.47253131  0.39032606 0.42928219 0.61687182 0.36024464 0.29584427 0.49735479  0.46131689 0.29342549 0.53318046 0.40450296
0.75500101 0.3959788  0.09496858 0.12721651 0.36291236 0.47253131  0.39032606 0.42928219 0.61687182 0.36024464 0.29584427 0.49735479  0.46131689 0.29342549 0.53318046 0.40450296
0.77606755 0.31253936 0.07529345 0.26024714 0.44457665 0.57592384  0.39390715 0.43510588 0.50761275 0.33322258 0.28113798 0.35214133  0.49779344 0.25358751 0.69304092 0.43634146
0.79151947 0.29917435 0.09843352 0.2680682  0.42050315 0.59284998  0.34913772 0.44539433 0.4570541  0.35196292 0.23883505 0.35719145  0.49186995 0.24582619 0.63701753 0.3680622 
0.79934574 0.26965251 0.0968352  0.3143774  0.4407937  0.6083989  0.34652257 0.43918975 0.41756096 0.36781624 0.27564893 0.30828042  0.48689579 0.27091464 0.61416072 0.45012811
0.81145427 0.22013817 0.09011951 0.40819653 0.48905456 0.67078211  0.3709571  0.46369673 0.36931387 0.36941263 0.27013284 0.2402402  0.48310058 0.30982634 0.65224962 0.50190921
0.81145427 0.22013817 0.09011951 0.40819653 0.48905456 0.67078211  0.3709571  0.46369673 0.36931387 0.36941263 0.27013284 0.2402402  0.48310058 0.30982634 0.65224962 0.50190921
0.81145427 0.22013817 0.09011951 0.40819653 0.48905456 0.67078211  0.3709571  0.46369673 0.36931387 0.36941263 0.27013284 0.2402402  0.48310058 0.30982634 0.65224962 0.50190921
0.81792082 0.19184106 0.08554442 0.47808378 0.52935228 0.72526902  0.42837162 0.51109002 0.40333093 0.33696493 0.2029051  0.25899991  0.44164123 0.37789661 0.63411773 0.43747564
0.81792082 0.19184106 0.08554442 0.47808378 0.52935228 0.72526902  0.42837162 0.51109002 0.40333093 0.33696493 0.2029051  0.25899991  0.44164123 0.37789661 0.63411773 0.43747564
0.8024689  0.20520608 0.06240434 0.47026271 0.55342578 0.70834289  0.47314104 0.50080158 0.45388958 0.31822459 0.24520803 0.2539498  0.44756472 0.38565794 0.69014112 0.5057549 
0.8024689  0.20520608 0.06240434 0.47026271 0.55342578 0.70834289  0.47314104 0.50080158 0.45388958 0.31822459 0.24520803 0.2539498  0.44756472 0.38565794 0.69014112 0.5057549 
0.8024689  0.20520608 0.06240434 0.47026271 0.55342578 0.70834289  0.47314104 0.50080158 0.45388958 0.31822459 0.24520803 0.2539498  0.44756472 0.38565794 0.69014112 0.5057549 
0.8024689  0.20520608 0.06240434 0.47026271 0.55342578 0.70834289  0.47314104 0.50080158 0.45388958 0.31822459 0.24520803 0.2539498  0.44756472 0.38565794 0.69014112 0.5057549 
0.8024689  0.20520608 0.06240434 0.47026271 0.55342578 0.70834289  0.47314104 0.50080158 0.45388958 0.31822459 0.24520803 0.2539498  0.44756472 0.38565794 0.69014112 0.5057549 
0.7443434  0.26141174 0.03593351 0.44897101 0.59796641 0.59498685  0.56465168 0.47487468 0.51388235 0.2319936  0.34397298 0.2640408  0.52845872 0.44005763 0.70538555 0.38989325
0.66965467 0.43201582 0.02598293 0.30444191 0.52542988 0.4396478  0.57584436 0.24334069 0.60360908 0.24208658 0.51532805 0.34301335  0.66215931 0.45535434 0.61707341 0.36164181
0.58572202 0.45811233 0.03648411 0.34422036 0.56110348 0.32718708  0.66895737 0.25179135 0.48049719 0.20327089 0.48966857 0.32125021  0.74534449 0.55848246 0.5459595  0.2832226 
0.47251271 0.60081737 0.06558438 0.40396877 0.51302223 0.21085112  0.66359994 0.216932   0.38495259 0.32254417 0.39532712 0.45670472  0.545179   0.54850796 0.53503956 0.25564471
0.35225537 0.59042392 0.12274127 0.43741934 0.49184721 0.19777355  0.70222569 0.30638425 0.20438069 0.36220072 0.26075955 0.47806248  0.56000667 0.41275627 0.40191579 0.36346255
0.13745291 0.43003373 0.24882648 0.41463182 0.43121401 0.31972437  0.63654938 0.31776425 0.20267372 0.43027251 0.19836759 0.50733206  0.4656092  0.25301046 0.31424395 0.47383656
0.10751476 0.43598336 0.27460035 0.38416395 0.40014553 0.36018842  0.68457817 0.38221757 0.19190345 0.43135259 0.27406562 0.49633991  0.39744979 0.28108201 0.30688402 0.47630192
0.10751476 0.43598336 0.27460035 0.38416395 0.40014553 0.36018842  0.68457817 0.38221757 0.19190345 0.43135259 0.27406562 0.49633991  0.39744979 0.28108201 0.30688402 0.47630192
0.05306277 0.40930401 0.31102756 0.41763914 0.37666176 0.40426113  0.54756198 0.44277854 0.32496259 0.41131519 0.2958028  0.48030821  0.52794871 0.3284536  0.33871483 0.50730334
0.05306277 0.40930401 0.31102756 0.41763914 0.37666176 0.40426113  0.54756198 0.44277854 0.32496259 0.41131519 0.2958028  0.48030821  0.52794871 0.3284536  0.33871483 0.50730334
0.01779563 0.38669558 0.33863985 0.42004769 0.35385851 0.46460162  0.48109267 0.47190843 0.43452283 0.38595027 0.3992976  0.44733029  0.52908455 0.38078184 0.39373238 0.44873962
0.01779563 0.38669558 0.33863985 0.42004769 0.35385851 0.46460162  0.48109267 0.47190843 0.43452283 0.38595027 0.3992976  0.44733029  0.52908455 0.38078184 0.39373238 0.44873962
0.01779563 0.38669558 0.33863985 0.42004769 0.35385851 0.46460162  0.48109267 0.47190843 0.43452283 0.38595027 0.3992976  0.44733029  0.52908455 0.38078184 0.39373238 0.44873962
0.00039479 0.36283831 0.35232302 0.39930133 0.34523319 0.50234819  0.48417291 0.45702496 0.47508945 0.39693445 0.45000532 0.44589633  0.47476172 0.42761975 0.50206904 0.41641874
0.00039479 0.36283831 0.35232302 0.39930133 0.34523319 0.50234819  0.48417291 0.45702496 0.47508945 0.39693445 0.45000532 0.44589633  0.47476172 0.42761975 0.50206904 0.41641874
0.00039479 0.36283831 0.35232302 0.39930133 0.34523319 0.50234819  0.48417291 0.45702496 0.47508945 0.39693445 0.45000532 0.44589633  0.47476172 0.42761975 0.50206904 0.41641874
0.00039479 0.36283831 0.35232302 0.39930133 0.34523319 0.50234819  0.48417291 0.45702496 0.47508945 0.39693445 0.45000532 0.44589633  0.47476172 0.42761975 0.50206904 0.41641874
0.00039479 0.36283831 0.35232302 0.39930133 0.34523319 0.50234819  0.48417291 0.45702496 0.47508945 0.39693445 0.45000532 0.44589633  0.47476172 0.42761975 0.50206904 0.41641874
0.00039479 0.36283831 0.35232302 0.39930133 0.34523319 0.50234819  0.48417291 0.45702496 0.47508945 0.39693445 0.45000532 0.44589633  0.47476172 0.42761975 0.50206904 0.41641874
0.00039479 0.36283831 0.35232302 0.39930133 0.34523319 0.50234819  0.48417291 0.45702496 0.47508945 0.39693445 0.45000532 0.44589633  0.47476172 0.42761975 0.50206904 0.41641874
0.00039479 0.36283831 0.35232302 0.39930133 0.34523319 0.50234819  0.48417291 0.45702496 0.47508945 0.39693445 0.45000532 0.44589633  0.47476172 0.42761975 0.50206904 0.41641874
0.00039479 0.36283831 0.35232302 0.39930133 0.34523319 0.50234819  0.48417291 0.45702496 0.47508945 0.39693445 0.45000532 0.44589633  0.47476172 0.42761975 0.50206904 0.41641874
0.00039479 0.36283831 0.35232302 0.39930133 0.34523319 0.50234819  0.48417291 0.45702496 0.47508945 0.39693445 0.45000532 0.44589633  0.47476172 0.42761975 0.50206904 0.41641874
0.00039479 0.36283831 0.35232302 0.39930133 0.34523319 0.50234819  0.48417291 0.45702496 0.47508945 0.39693445 0.45000532 0.44589633  0.47476172 0.42761975 0.50206904 0.41641874
0.00039479 0.36283831 0.35232302 0.39930133 0.34523319 0.50234819  0.48417291 0.45702496 0.47508945 0.39693445 0.45000532 0.44589633  0.47476172 0.42761975 0.50206904 0.41641874
