0.00039479 0.36283831 0.35232302 0.39930133 0.34523319 0.50234819  0.48417291 0.45702496 0.47508945 0.39693445 0.45000532 0.44589633  0.47476172 0.42761975 0.50206904 0.41641874
0.00039479 0.36283831 0.35232302 0.39930133 0.34523319 0.50234819  0.48417291 0.45702496 0.47508945 0.39693445 0.45000532 0.44589633  0.47476172 0.42761975 0.50206904 0.41641874
0.00039479 0.36283831 0.35232302 0.39930133 0.34523319 0.50234819  0.48417291 0.45702496 0.47508945 0.39693445 0.45000532 0.44589633  0.47476172 0.42761975 0.50206904 0.41641874
0.00039479 0.36283831 0.35232302 0.39930133 0.34523319 0.50234819  0.48417291 0.45702496 0.47508945 0.39693445 0.45000532 0.44589633  0.47476172 0.42761975 0.50206904 0.41641874
0.00039479 0.36283831 0.35232302 0.39930133 0.34523319 0.50234819  0.48417291 0.45702496 0.47508945 0.39693445 0.45000532 0.44589633  0.47476172 0.42761975 0.50206904 0.41641874
0.00039479 0.36283831 0.35232302 0.39930133 0.34523319 0.50234819  0.48417291 0.45702496 0.47508945 0.39693445 0.45000532 0.44589633  0.47476172 0.42761975 0.50206904 0.41641874
0.00039479 0.36283831 0.35232302 0.39930133 0.34523319 0.50234819  0.48417291 0.45702496 0.47508945 0.39693445 0.45000532 0.44589633  0.47476172 0.42761975 0.50206904 0.41641874
0.00039479 0.36283831 0.35232302 0.39930133 0.34523319 0.50234819  0.48417291 0.45702496 0.47508945 0.39693445 0.45000532 0.44589633  0.47476172 0.42761975 0.50206904 0.41641874
0.00039479 0.36283831 0.35232302 0.39930133 0.34523319 0.50234819  0.48417291 0.45702496 0.47508945 0.39693445 0.45000532 0.44589633  0.47476172 0.42761975 0.50206904 0.41641874
0.00039479 0.36283831 0.35232302 0.39930133 0.34523319 0.50234819  0.48417291 0.45702496 0.47508945 0.39693445 0.45000532 0.44589633  0.47476172 0.42761975 0.50206904 0.41641874
0.00039479 0.36283831 0.35232302 0.39930133 0.34523319 0.50234819  0.48417291 0.45702496 0.47508945 0.39693445 0.45000532 0.44589633  0.47476172 0.42761975 0.50206904 0.41641874
0.00039479 0.36283831 0.35232302 0.39930133 0.34523319 0.50234819  0.48417291 0.45702496 0.47508945 0.39693445 0.45000532 0.44589633  0.47476172 0.42761975 0.50206904 0.41641874
0.00039479 0.36283831 0.35232302 0.39930133 0.34523319 0.50234819  0.48417291 0.45702496 0.47508945 0.39693445 0.45000532 0.44589633  0.47476172 0.42761975 0.50206904 0.41641874
0.00039479 0.36283831 0.35232302 0.39930133 0.34523319 0.50234819  0.48417291 0.45702496 0.47508945 0.39693445 0.45000532 0.44589633  0.47476172 0.42761975 0.50206904 0.41641874
0.00039479 0.36283831 0.35232302 0.39930133 0.34523319 0.50234819  0.48417291 0.45702496 0.47508945 0.39693445 0.45000532 0.44589633  0.47476172 0.42761975 0.50206904 0.41641874
0.00039479 0.36283831 0.35232302 0.39930133 0.34523319 0.50234819  0.48417291 0.45702496 0.47508945 0.39693445 0.45000532 0.44589633  0.47476172 0.42761975 0.50206904 0.41641874
0.00039479 0.36283831 0.35232302 0.39930133 0.34523319 0.50234819  0.48417291 0.45702496 0.47508945 0.39693445 0.45000532 0.44589633  0.47476172 0.42761975 0.50206904 0.41641874
0.00039479 0.36283831 0.35232302 0.39930133 0.34523319 0.50234819  0.48417291 0.45702496 0.47508945 0.39693445 0.45000532 0.44589633  0.47476172 0.42761975 0.50206904 0.41641874
0.00039479 0.36283831 0.35232302 0.39930133 0.34523319 0.50234819  0.48417291 0.45702496 0.47508945 0.39693445 0.45000532 0.44589633  0.47476172 0.42761975 0.50206904 0.41641874
0.00039479 0.36283831 0.35232302 0.39930133 0.34523319 0.50234819  0.48417291 0.45702496 0.47508945 0.39693445 0.45000532 0.44589633  0.47476172 0.42761975 0.50206904 0.41641874
0.00039479 0.36283831 0.35232302 0.39930133 0.34523319 0.50234819  0.48417291 0.45702496 0.47508945 0.39693445 0.45000532 0.44589633  0.47476172 0.42761975 0.50206904 0.41641874
0.00039479 0.36283831 0.35232302 0.39930133 0.34523319 0.50234819  0.48417291 0.45702496 0.47508945 0.39693445 0.45000532 0.44589633  0.47476172 0.42761975 0.50206904 0.41641874
0.00039479 0.36283831 0.35232302 0.39930133 0.34523319 0.50234819  0.48417291 0.45702496 0.47508945 0.39693445 0.45000532 0.44589633  0.47476172 0.42761975 0.50206904 0.41641874
0.00039479 0.36283831 0.35232302 0.39930133 0.34523319 0.50234819  0.48417291 0.45702496 0.47508945 0.39693445 0.45000532 0.44589633  0.47476172 0.42761975 0.50206904 0.41641874
0.00039479 0.36283831 0.35232302 0.39930133 0.34523319 0.50234819  0.48417291 0.45702496 0.47508945 0.39693445 0.45000532 0.44589633  0.47476172 0.42761975 0.50206904 0.41641874
0.00039479 0.36283831 0.35232302 0.39930133 0.34523319 0.50234819  0.48417291 0.45702496 0.47508945 0.39693445 0.45000532 0.44589633  0.47476172 0.42761975 0.50206904 0.41641874
0.00039479 0.36283831 0.35232302 0.39930133 0.34523319 0.50234819  0.48417291 0.45702496 0.47508945 0.39693445 0.45000532 0.44589633  0.47476172 0.42761975 0.50206904 0.41641874
0.00039479 0.36283831 0.35232302 0.39930133 0.34523319 0.50234819  0.48417291 0.45702496 0.47508945 0.39693445 0.45000532 0.44589633  0.47476172 0.42761975 0.50206904 0.41641874
0.00039479 0.36283831 0.35232302 0.39930133 0.34523319 0.50234819  0.48417291 0.45702496 0.47508945 0.39693445 0.45000532 0.44589633  0.47476172 0.42761975 0.50206904 0.41641874
0.00039479 0.36283831 0.35232302 0.39930133 0.34523319 0.50234819  0.48417291 0.45702496 0.47508945 0.39693445 0.45000532 0.44589633  0.47476172 0.42761975 0.50206904 0.41641874
0.00039479 0.36283831 0.35232302 0.39930133 0.34523319 0.50234819  0.48417291 0.45702496 0.47508945 0.39693445 0.45000532 0.44589633  0.47476172 0.42761975 0.50206904 0.41641874
0.00039479 0.36283831 0.35232302 0.39930133 0.34523319 0.50234819  0.48417291 0.45702496 0.47508945 0.39693445 0.45000532 0.44589633  0.47476172 0.42761975 0.50206904 0.41641874
0.00039479 0.36283831 0.35232302 0.39930133 0.34523319 0.50234819  0.48417291 0.45702496 0.47508945 0.39693445 0.45000532 0.44589633  0.47476172 0.42761975 0.50206904 0.41641874
0.00039479 0.36283831 0.35232302 0.39930133 0.34523319 0.50234819  0.48417291 0.45702496 0.47508945 0.39693445 0.45000532 0.44589633  0.47476172 0.42761975 0.50206904 0.41641874
0.00039479 0.36283831 0.35232302 0.39930133 0.34523319 0.50234819  0.48417291 0.45702496 0.47508945 0.39693445 0.45000532 0.44589633  0.47476172 0.42761975 0.50206904 0.41641874
0.00039479 0.36283831 0.35232302 0.39930133 0.34523319 0.50234819  0.48417291 0.45702496 0.47508945 0.39693445 0.45000532 0.44589633  0.47476172 0.42761975 0.50206904 0.41641874
0.00039479 0.36283831 0.35232302 0.39930133 0.34523319 0.50234819  0.48417291 0.45702496 0.47508945 0.39693445 0.45000532 0.44589633  0.47476172 0.42761975 0.50206904 0.41641874
0.00039479 0.36283831 0.35232302 0.39930133 0.34523319 0.50234819  0.48417291 0.45702496 0.47508945 0.39693445 0.45000532 0.44589633  0.47476172 0.42761975 0.50206904 0.41641874
0.00039479 0.36283831 0.35232302 0.39930133 0.34523319 0.50234819  0.48417291 0.45702496 0.47508945 0.39693445 0.45000532 0.44589633  0.47476172 0.42761975 0.50206904 0.41641874
0.00039479 0.36283831 0.35232302 0.39930133 0.34523319 0.50234819  0.48417291 0.45702496 0.47508945 0.39693445 0.45000532 0.44589633  0.47476172 0.42761975 0.50206904 0.41641874
0.00039479 0.36283831 0.35232302 0.39930133 0.34523319 0.50234819  0.48417291 0.45702496 0.47508945 0.39693445 0.45000532 0.44589633  0.47476172 0.42761975 0.50206904 0.41641874
0.00039479 0.36283831 0.35232302 0.39930133 0.34523319 0.50234819  0.48417291 0.45702496 0.47508945 0.39693445 0.45000532 0.44589633  0.47476172 0.42761975 0.50206904 0.41641874
0.00039479 0.36283831 0.35232302 0.39930133 0.34523319 0.50234819  0.48417291 0.45702496 0.47508945 0.39693445 0.45000532 0.44589633  0.47476172 0.42761975 0.50206904 0.41641874
0.00039479 0.36283831 0.35232302 0.39930133 0.34523319 0.50234819  0.48417291 0.45702496 0.47508945 0.39693445 0.45000532 0.44589633  0.47476172 0.42761975 0.50206904 0.41641874
0.00039479 0.36283831 0.35232302 0.39930133 0.34523319 0.50234819  0.48417291 0.45702496 0.47508945 0.39693445 0.45000532 0.44589633  0.47476172 0.42761975 0.50206904 0.41641874
0.00039479 0.36283831 0.35232302 0.39930133 0.34523319 0.50234819  0.48417291 0.45702496 0.47508945 0.39693445 0.45000532 0.44589633  0.47476172 0.42761975 0.50206904 0.41641874
0.00039479 0.36283831 0.35232302 0.39930133 0.34523319 0.50234819  0.48417291 0.45702496 0.47508945 0.39693445 0.45000532 0.44589633  0.47476172 0.42761975 0.50206904 0.41641874
0.00039479 0.36283831 0.35232302 0.39930133 0.34523319 0.50234819  0.48417291 0.45702496 0.47508945 0.39693445 0.45000532 0.44589633  0.47476172 0.42761975 0.50206904 0.41641874
0.01790387 0.3898545  0.33817562 0.42642862 0.35681041 0.46717525  0.46152885 0.47694295 0.46991849 0.39350101 0.41724602 0.4497633  0.51968443 0.43336993 0.49846349 0.44236435
0.08962333 0.49284391 0.28688357 0.51463696 0.38599889 0.39848676  0.37095236 0.53062742 0.54354995 0.39251181 0.43049301 0.45098076  0.55316193 0.52776137 0.66709188 0.43773298
0.14403311 0.56857594 0.24732976 0.57692891 0.40895932 0.32806296  0.33132612 0.56670319 0.53337641 0.37306194 0.40507683 0.4477759  0.61396101 0.52949117 0.63051661 0.42541231
0.21623457 0.66850952 0.19464458 0.65673355 0.43804207 0.23751713  0.28996202 0.60532266 0.50420728 0.35359983 0.36349489 0.44466976  0.66187085 0.49348998 0.53524902 0.43385105
0.21623457 0.66850952 0.19464458 0.65673355 0.43804207 0.23751713  0.28996202 0.60532266 0.50420728 0.35359983 0.36349489 0.44466976  0.66187085 0.49348998 0.53524902 0.43385105
0.23505122 0.68981724 0.18448225 0.66316525 0.43656593 0.25139071  0.28929851 0.59671048 0.52922757 0.35229296 0.41794994 0.43459076  0.61186048 0.50053926 0.5503742  0.39540535
0.23505122 0.68981724 0.18448225 0.66316525 0.43656593 0.25139071  0.28929851 0.59671048 0.52922757 0.35229296 0.41794994 0.43459076  0.61186048 0.50053926 0.5503742  0.39540535
0.27259032 0.72536699 0.17075042 0.66514703 0.4173049  0.3237552  0.27946398 0.56658834 0.59453782 0.38076513 0.4916708  0.43588699  0.51832521 0.49752413 0.60931936 0.38592222
0.29131437 0.74805556 0.15908228 0.6753636  0.42004641 0.3197609  0.28518274 0.55941337 0.5863977  0.37842273 0.50936378 0.43246587  0.48548483 0.47992898 0.58442582 0.36396198
0.34703591 0.78070022 0.15599052 0.65275933 0.36251509 0.50632265  0.2602343  0.47521433 0.67039174 0.46170498 0.49562397 0.46881395  0.46104983 0.45533444 0.61526442 0.46587666
0.36610368 0.79359113 0.15060289 0.63922827 0.35098746 0.54604688  0.28099153 0.45721214 0.68450359 0.45312166 0.55212056 0.45454268  0.45472048 0.44356838 0.56928905 0.44537256
0.36610368 0.79359113 0.15060289 0.63922827 0.35098746 0.54604688  0.28099153 0.45721214 0.68450359 0.45312166 0.55212056 0.45454268  0.45472048 0.44356838 0.56928905 0.44537256
0.40343091 0.8007634  0.15511196 0.5957954  0.3058326  0.66343265  0.28722977 0.45309638 0.70901758 0.45371406 0.550006   0.45055164  0.55642592 0.41144441 0.48545025 0.49774096
0.43940388 0.80008813 0.15986657 0.55975062 0.28066492 0.70897439  0.3095132  0.46274951 0.64329034 0.45178989 0.50720914 0.4477416  0.52528517 0.37271536 0.3893256  0.45843956
0.49049094 0.78721431 0.18516541 0.54175865 0.23509275 0.75254475  0.28310577 0.46767083 0.49922095 0.48177286 0.35571143 0.46790342  0.47484512 0.30685605 0.25092183 0.37032862
0.54748636 0.79327709 0.31847812 0.58441986 0.15729214 0.73834861  0.32287727 0.38564153 0.37279463 0.38885668 0.48174273 0.51355423  0.59299296 0.44604127 0.16663152 0.30571619
0.57713134 0.81818654 0.45772456 0.63610648 0.11248086 0.67848878  0.38821106 0.30607583 0.39703214 0.21361986 0.4611482  0.4839002  0.61987032 0.36444083 0.3065674  0.37286784
0.61455143 0.82432745 0.60494493 0.67780594 0.12074113 0.62156994  0.41780171 0.31546311 0.37788163 0.34128177 0.48152213 0.44295996  0.56559336 0.38803497 0.38010304 0.23895142
0.65143455 0.79487436 0.65183753 0.62986975 0.11500092 0.60600264  0.40481934 0.41853446 0.37844131 0.33088588 0.43219732 0.38867868  0.4830811  0.32678339 0.44041442 0.22846129
0.65143455 0.79487436 0.65183753 0.62986975 0.11500092 0.60600264  0.40481934 0.41853446 0.37844131 0.33088588 0.43219732 0.38867868  0.4830811  0.32678339 0.44041442 0.22846129
0.66927395 0.78356518 0.65064655 0.58632702 0.11294189 0.61451201  0.43859808 0.46311569 0.37730431 0.30151031 0.46055071 0.37108053  0.56315724 0.35716512 0.45027593 0.24053941
0.68897785 0.77033571 0.68504397 0.55535339 0.12724664 0.60499157  0.40840784 0.5260635  0.36531101 0.26328475 0.43726791 0.37362039  0.47162918 0.31868777 0.49832205 0.26912612
0.68499273 0.75824753 0.65749878 0.55998652 0.10704576 0.60047422  0.41617768 0.53574726 0.37412845 0.31846627 0.44701867 0.38073155  0.5080835  0.33497679 0.47099808 0.25261561
0.7004273  0.73096763 0.66419579 0.53966383 0.09796012 0.58339555  0.38728126 0.59651192 0.37108361 0.32590642 0.42988362 0.38814457  0.41590133 0.27322063 0.52346794 0.25464365
0.73076452 0.68241698 0.62277147 0.48464515 0.0722956  0.52166056  0.46926923 0.63462117 0.35566598 0.33261373 0.43062829 0.4127367  0.41086378 0.25534187 0.62154508 0.30018282
0.77344976 0.61805377 0.53519895 0.38861965 0.07113818 0.46828522  0.61202062 0.64843554 0.24536019 0.33594286 0.46034577 0.53881289  0.53989881 0.29136792 0.76154396 0.38738855
0.77344976 0.61805377 0.53519895 0.38861965 0.07113818 0.46828522  0.61202062 0.64843554 0.24536019 0.33594286 0.46034577 0.53881289  0.53989881 0.29136792 0.76154396 0.38738855
0.77344976 0.61805377 0.53519895 0.38861965 0.07113818 0.46828522  0.61202062 0.64843554 0.24536019 0.33594286 0.46034577 0.53881289  0.53989881 0.29136792 0.76154396 0.38738855
0.77344976 0.61805377 0.53519895 0.38861965 0.07113818 0.46828522  0.61202062 0.64843554 0.24536019 0.33594286 0.46034577 0.53881289  0.53989881 0.29136792 0.76154396 0.38738855
0.81788536 0.52614602 0.51788716 0.32351292 0.09710746 0.39530505  0.57300325 0.51527559 0.36096563 0.31667975 0.35324596 0.59526168  0.57678165 0.49432481 0.84065685 0.40269346
0.81788536 0.52614602 0.51788716 0.32351292 0.09710746 0.39530505  0.57300325 0.51527559 0.36096563 0.31667975 0.35324596 0.59526168  0.57678165 0.49432481 0.84065685 0.40269346
0.83033663 0.49026066 0.53509512 0.38797751 0.08883912 0.35115743  0.63277406 0.52237559 0.44716589 0.4118944  0.46311978 0.64545921  0.61227549 0.43705055 0.77300677 0.55618831
0.88435021 0.3395135  0.50384133 0.42778106 0.16581175 0.28381819  0.54187495 0.30914285 0.60593854 0.371008   0.49537622 0.65057686  0.65019352 0.22274648 0.56841932 0.47897797
0.88638284 0.29697949 0.46781557 0.47210622 0.1840289  0.29863137  0.55041426 0.32646301 0.57342673 0.45527931 0.5330845  0.60138011  0.6764936  0.2329339  0.55016743 0.50388116
0.90896259 0.20885311 0.45159363 0.6072546  0.25960619 0.38798951  0.53893293 0.32267213 0.44714206 0.45892545 0.56127897 0.44004589  0.70058362 0.21516617 0.64161461 0.61875971
0.91955791 0.16402572 0.44142474 0.69895599 0.31395405 0.46440711  0.57842988 0.35679368 0.41592058 0.42985365 0.51286213 0.38812643  0.70917494 0.23200762 0.74811679 0.58750076
0.91366616 0.15133468 0.40718764 0.70225256 0.31807414 0.4781821  0.56291773 0.36684098 0.4033158  0.45438866 0.54023541 0.42812702  0.74651321 0.21249718 0.76458008 0.56429568
0.917507   0.13336478 0.40752901 0.75901452 0.33882807 0.51056921  0.62338946 0.41014423 0.45486283 0.42070886 0.49769604 0.49850313  0.71179732 0.25406245 0.70502485 0.50907927
0.92142895 0.11666743 0.40503172 0.79664649 0.36024428 0.53898668  0.6483009  0.43122017 0.46297566 0.41068202 0.47063306 0.49259779  0.69460673 0.29285543 0.70130619 0.49808062
0.92397356 0.10506766 0.40295392 0.82890176 0.37912579 0.56505612  0.68080398 0.45753752 0.48887988 0.38826116 0.43046829 0.51726284  0.67033797 0.32213272 0.68689297 0.44464571
0.92397356 0.10506766 0.40295392 0.82890176 0.37912579 0.56505612  0.68080398 0.45753752 0.48887988 0.38826116 0.43046829 0.51726284  0.67033797 0.32213272 0.68689297 0.44464571
0.92702374 0.09054484 0.4023098  0.87478135 0.39986964 0.59648203  0.73293479 0.50095043 0.54018344 0.35537307 0.37768838 0.58100262  0.62143205 0.37348248 0.62042354 0.37139742
0.92989632 0.07719788 0.40521556 0.92596801 0.41308038 0.61607808  0.80320323 0.53697282 0.62701726 0.31181902 0.33686854 0.67693643  0.59076297 0.36834744 0.5400109  0.35022922
0.92249761 0.06965567 0.36877407 0.91142179 0.42120428 0.62815044  0.78966416 0.56331424 0.61650762 0.37051975 0.34407411 0.68403864  0.57529623 0.40147365 0.49804277 0.33094358
0.92249761 0.06965567 0.36877407 0.91142179 0.42120428 0.62815044  0.78966416 0.56331424 0.61650762 0.37051975 0.34407411 0.68403864  0.57529623 0.40147365 0.49804277 0.33094358
0.9151626  0.06529264 0.33592078 0.89576977 0.43438304 0.6409814  0.78003054 0.59034873 0.6258962  0.45419939 0.34036777 0.67634743  0.57300045 0.43809887 0.42910033 0.29112062
0.9151626  0.06529264 0.33592078 0.89576977 0.43438304 0.6409814  0.78003054 0.59034873 0.6258962  0.45419939 0.34036777 0.67634743  0.57300045 0.43809887 0.42910033 0.29112062
0.9151626  0.06529264 0.33592078 0.89576977 0.43438304 0.6409814  0.78003054 0.59034873 0.6258962  0.45419939 0.34036777 0.67634743  0.57300045 0.43809887 0.42910033 0.29112062
0.9151626  0.06529264 0.33592078 0.89576977 0.43438304 0.6409814  0.78003054 0.59034873 0.6258962  0.45419939 0.34036777 0.67634743  0.57300045 0.43809887 0.42910033 0.29112062
0.9151626  0.06529264 0.33592078 0.89576977 0.43438304 0.6409814  0.78003054 0.59034873 0.6258962  0.45419939 0.34036777 0.67634743  0.57300045 0.43809887 0.42910033 0.29112062
0.9151626  0.06529264 0.33592078 0.89576977 0.43438304 0.6409814  0.78003054 0.59034873 0.6258962  0.45419939 0.34036777 0.67634743  0.57300045 0.43809887 0.42910033 0.29112062
0.9151626  0.06529264 0.33592078 0.89576977 0.43438304 0.6409814  0.78003054 0.59034873 0.6258962  0.45419939 0.34036777 0.67634743  0.57300045 0.43809887 0.42910033 0.29112062
0.9151626  0.06529264 0.33592078 0.89576977 0.43438304 0.6409814  0.78003054 0.59034873 0.6258962  0.45419939 0.34036777 0.67634743  0.57300045 0.43809887 0.42910033 0.29112062
0.92249761 0.06965567 0.36877407 0.91142179 0.42120428 0.62815044  0.78966416 0.56331424 0.61650762 0.37051975 0.34407411 0.68403864  0.57529623 0.40147365 0.49804277 0.33094358
0.92249761 0.06965567 0.36877407 0.91142179 0.42120428 0.62815044  0.78966416 0.56331424 0.61650762 0.37051975 0.34407411 0.68403864  0.57529623 0.40147365 0.49804277 0.33094358
0.92249761 0.06965567 0.36877407 0.91142179 0.42120428 0.62815044  0.78966416 0.56331424 0.61650762 0.37051975 0.34407411 0.68403864  0.57529623 0.40147365 0.49804277 0.33094358
0.92249761 0.06965567 0.36877407 0.91142179 0.42120428 0.62815044  0.78966416 0.56331424 0.61650762 0.37051975 0.34407411 0.68403864  0.57529623 0.40147365 0.49804277 0.33094358
0.92249761 0.06965567 0.36877407 0.91142179 0.42120428 0.62815044  0.78966416 0.56331424 0.61650762 0.37051975 0.34407411 0.68403864  0.57529623 0.40147365 0.49804277 0.33094358
0.9151626  0.06529264 0.33592078 0.89576977 0.43438304 0.6409814  0.78003054 0.59034873 0.6258962  0.45419939 0.34036777 0.67634743  0.57300045 0.43809887 0.42910033 0.29112062
0.9151626  0.06529264 0.33592078 0.89576977 0.43438304 0.6409814  0.78003054 0.59034873 0.6258962  0.45419939 0.34036777 0.67634743  0.57300045 0.43809887 0.42910033 0.29112062
0.9151626  0.06529264 0.33592078 0.89576977 0.43438304 0.6409814  0.78003054 0.59034873 0.6258962  0.45419939 0.34036777 0.67634743  0.57300045 0.43809887 0.42910033 0.29112062
0.9151626  0.06529264 0.33592078 0.89576977 0.43438304 0.6409814  0.78003054 0.59034873 0.6258962  0.45419939 0.34036777 0.67634743  0.57300045 0.43809887 0.42910033 0.29112062
0.9151626  0.06529264 0.33592078 0.89576977 0.43438304 0.6409814  0.78003054 0.59034873 0.6258962  0.45419939 0.34036777 0.67634743  0.57300045 0.43809887 0.42910033 0.29112062
0.9151626  0.06529264 0.33592078 0.89576977 0.43438304 0.6409814  0.78003054 0.59034873 0.6258962  0.45419939 0.34036777 0.67634743  0.57300045 0.43809887 0.42910033 0.29112062
0.9151626  0.06529264 0.33592078 0.89576977 0.43438304 0.6409814  0.78003054 0.59034873 0.6258962  0.45419939 0.34036777 0.67634743  0.57300045 0.43809887 0.42910033 0.29112062
0.9151626  0.06529264 0.33592078 0.89576977 0.43438304 0.6409814  0.78003054 0.59034873 0.6258962  0.45419939 0.34036777 0.67634743  0.57300045 0.43809887 0.42910033 0.29112062
0.9151626  0.06529264 0.33592078 0.89576977 0.43438304 0.6409814  0.78003054 0.59034873 0.6258962  0.45419939 0.34036777 0.67634743  0.57300045 0.43809887 0.42910033 0.29112062
0.9151626  0.06529264 0.33592078 0.89576977 0.43438304 0.6409814  0.78003054 0.59034873 0.6258962  0.45419939 0.34036777 0.67634743  0.57300045 0.43809887 0.42910033 0.29112062
0.90784939 0.06652961 0.30400296 0.86760722 0.42967025 0.66203687  0.71402717 0.5756448  0.53024395 0.43979078 0.37568546 0.6678824  0.59263335 0.50345049 0.42562959 0.26703923
0.88376541 0.07991955 0.21924106 0.76450921 0.46022125 0.6995105  0.59534903 0.59128728 0.39237938 0.46409709 0.36667914 0.56027223  0.51014805 0.56045029 0.49604934 0.21709977
0.88053384 0.09228548 0.21539531 0.7289823  0.45560227 0.69879118  0.55555194 0.58221357 0.3440605  0.4529475  0.35486309 0.52584214  0.48418094 0.61203041 0.51396673 0.17221991
0.84551166 0.11934293 0.11999654 0.64397766 0.52978508 0.74360218  0.54867195 0.607532   0.46407395 0.3744751  0.25125065 0.45354439  0.35457059 0.52717895 0.47492927 0.35491533
0.81975853 0.18308042 0.0848586  0.50494426 0.54206757 0.74461963  0.45777488 0.53688988 0.43071472 0.31880795 0.17232378 0.29447141  0.41644836 0.40369539 0.60121579 0.3910644 
0.7877662  0.23159231 0.04996688 0.47306497 0.57007772 0.72292714  0.50864176 0.45933805 0.48068909 0.29498752 0.26670411 0.24688126  0.56576387 0.44881684 0.65304629 0.52661594
0.68316847 0.44665664 0.02769742 0.33885669 0.51279511 0.56351862  0.58947003 0.2191817  0.55650375 0.30440644 0.43088811 0.33599248  0.6953143  0.49202059 0.77467089 0.46507553
0.54957617 0.68058048 0.05749998 0.39470474 0.42717006 0.48530658  0.62755419 0.151259   0.50860604 0.44713143 0.44730602 0.49279641  0.45177253 0.43287735 0.62860951 0.37937772
0.38759158 0.62837187 0.10185795 0.4758426  0.49356874 0.2450172  0.65045387 0.27512415 0.2669717  0.38912253 0.34906303 0.46618478  0.43165317 0.31563499 0.43783348 0.32683309
0.32533072 0.67215147 0.14046762 0.49193719 0.45347111 0.26177774  0.65784055 0.43209557 0.24275326 0.42081948 0.35766625 0.48199217  0.39251725 0.36839051 0.48266701 0.43710207
0.14186142 0.49352811 0.24428073 0.45155143 0.4292772  0.26607437  0.61705108 0.44472206 0.1840728  0.420211   0.17408542 0.50784962  0.55174358 0.30557635 0.30288848 0.55393939
0.07057186 0.4363202  0.29688016 0.44476643 0.38823898 0.36908819  0.52491791 0.46269653 0.31979163 0.40788175 0.2630435  0.48417518  0.57287142 0.33420379 0.33510928 0.53324894
0.03585866 0.41212524 0.32497922 0.44119937 0.36258431 0.43456132  0.47408025 0.48300288 0.40965789 0.37891942 0.36959995 0.44872305  0.56049334 0.35167352 0.32731793 0.46450854
0.01779563 0.38669558 0.33863985 0.42004769 0.35385851 0.46460162  0.48109267 0.47190843 0.43452283 0.38595027 0.3992976  0.44733029  0.52908455 0.38078184 0.39373238 0.44873962
0.00039479 0.36283831 0.35232302 0.39930133 0.34523319 0.50234819  0.48417291 0.45702496 0.47508945 0.39693445 0.45000532 0.44589633  0.47476172 0.42761975 0.50206904 0.41641874
0.00039479 0.36283831 0.35232302 0.39930133 0.34523319 0.50234819  0.48417291 0.45702496 0.47508945 0.39693445 0.45000532 0.44589633  0.47476172 0.42761975 0.50206904 0.41641874
0.00039479 0.36283831 0.35232302 0.39930133 0.34523319 0.50234819  0.48417291 0.45702496 0.47508945 0.39693445 0.45000532 0.44589633  0.47476172 0.42761975 0.50206904 0.41641874
0.00039479 0.36283831 0.35232302 0.39930133 0.34523319 0.50234819  0.48417291 0.45702496 0.47508945 0.39693445 0.45000532 0.44589633  0.47476172 0.42761975 0.50206904 0.41641874
0.00039479 0.36283831 0.35232302 0.39930133 0.34523319 0.50234819  0.48417291 0.45702496 0.47508945 0.39693445 0.45000532 0.44589633  0.47476172 0.42761975 0.50206904 0.41641874
0.00039479 0.36283831 0.35232302 0.39930133 0.34523319 0.50234819  0.48417291 0.45702496 0.47508945 0.39693445 0.45000532 0.44589633  0.47476172 0.42761975 0.50206904 0.41641874
0.00039479 0.36283831 0.35232302 0.39930133 0.34523319 0.50234819  0.48417291 0.45702496 0.47508945 0.39693445 0.45000532 0.44589633  0.47476172 0.42761975 0.50206904 0.41641874
0.00039479 0.36283831 0.35232302 0.39930133 0.34523319 0.50234819  0.48417291 0.45702496 0.47508945 0.39693445 0.45000532 0.44589633  0.47476172 0.42761975 0.50206904 0.41641874
0.00039479 0.36283831 0.35232302 0.39930133 0.34523319 0.50234819  0.48417291 0.45702496 0.47508945 0.39693445 0.45000532 0.44589633  0.47476172 0.42761975 0.50206904 0.41641874
0.00039479 0.36283831 0.35232302 0.39930133 0.34523319 0.50234819  0.48417291 0.45702496 0.47508945 0.39693445 0.45000532 0.44589633  0.47476172 0.42761975 0.50206904 0.41641874
0.00039479 0.36283831 0.35232302 0.39930133 0.34523319 0.50234819  0.48417291 0.45702496 0.47508945 0.39693445 0.45000532 0.44589633  0.47476172 0.42761975 0.50206904 0.41641874
0.00039479 0.36283831 0.35232302 0.39930133 0.34523319 0.50234819  0.48417291 0.45702496 0.47508945 0.39693445 0.45000532 0.44589633  0.47476172 0.42761975 0.50206904 0.41641874
0.00039479 0.36283831 0.35232302 0.39930133 0.34523319 0.50234819  0.48417291 0.45702496 0.47508945 0.39693445 0.45000532 0.44589633  0.47476172 0.42761975 0.50206904 0.41641874
0.00039479 0.36283831 0.35232302 0.39930133 0.34523319 0.50234819  0.48417291 0.45702496 0.47508945 0.39693445 0.45000532 0.44589633  0.47476172 0.42761975 0.50206904 0.41641874
0.00039479 0.36283831 0.35232302 0.39930133 0.34523319 0.50234819  0.48417291 0.45702496 0.47508945 0.39693445 0.45000532 0.44589633  0.47476172 0.42761975 0.50206904 0.41641874
0.00039479 0.36283831 0.35232302 0.39930133 0.34523319 0.50234819  0.48417291 0.45702496 0.47508945 0.39693445 0.45000532 0.44589633  0.47476172 0.42761975 0.50206904 0.41641874
0.00039479 0.36283831 0.35232302 0.39930133 0.34523319 0.50234819  0.48417291 0.45702496 0.47508945 0.39693445 0.45000532 0.44589633  0.47476172 0.42761975 0.50206904 0.41641874
0.00039479 0.36283831 0.35232302 0.39930133 0.34523319 0.50234819  0.48417291 0.45702496 0.47508945 0.39693445 0.45000532 0.44589633  0.47476172 0.42761975 0.50206904 0.41641874
0.00039479 0.36283831 0.35232302 0.39930133 0.34523319 0.50234819  0.48417291 0.45702496 0.47508945 0.39693445 0.45000532 0.44589633  0.47476172 0.42761975 0.50206904 0.41641874
0.00039479 0.36283831 0.35232302 0.39930133 0.34523319 0.50234819  0.48417291 0.45702496 0.47508945 0.39693445 0.45000532 0.44589633  0.47476172 0.42761975 0.50206904 0.41641874
0.00039479 0.36283831 0.35232302 0.39930133 0.34523319 0.50234819  0.48417291 0.45702496 0.47508945 0.39693445 0.45000532 0.44589633  0.47476172 0.42761975 0.50206904 0.41641874
0.00039479 0.36283831 0.35232302 0.39930133 0.34523319 0.50234819  0.48417291 0.45702496 0.47508945 0.39693445 0.45000532 0.44589633  0.47476172 0.42761975 0.50206904 0.41641874
