0.00039479 0.36283831 0.35232302 0.39930133 0.34523319 0.50234819  0.48417291 0.45702496 0.47508945 0.39693445 0.45000532 0.44589633  0.47476172 0.42761975 0.50206904 0.41641874
0.00039479 0.36283831 0.35232302 0.39930133 0.34523319 0.50234819  0.48417291 0.45702496 0.47508945 0.39693445 0.45000532 0.44589633  0.47476172 0.42761975 0.50206904 0.41641874
0.00039479 0.36283831 0.35232302 0.39930133 0.34523319 0.50234819  0.48417291 0.45702496 0.47508945 0.39693445 0.45000532 0.44589633  0.47476172 0.42761975 0.50206904 0.41641874
0.00039479 0.36283831 0.35232302 0.39930133 0.34523319 0.50234819  0.48417291 0.45702496 0.47508945 0.39693445 0.45000532 0.44589633  0.47476172 0.42761975 0.50206904 0.41641874
0.00039479 0.36283831 0.35232302 0.39930133 0.34523319 0.50234819  0.48417291 0.45702496 0.47508945 0.39693445 0.45000532 0.44589633  0.47476172 0.42761975 0.50206904 0.41641874
0.00039479 0.36283831 0.35232302 0.39930133 0.34523319 0.50234819  0.48417291 0.45702496 0.47508945 0.39693445 0.45000532 0.44589633  0.47476172 0.42761975 0.50206904 0.41641874
0.00039479 0.36283831 0.35232302 0.39930133 0.34523319 0.50234819  0.48417291 0.45702496 0.47508945 0.39693445 0.45000532 0.44589633  0.47476172 0.42761975 0.50206904 0.41641874
0.00039479 0.36283831 0.35232302 0.39930133 0.34523319 0.50234819  0.48417291 0.45702496 0.47508945 0.39693445 0.45000532 0.44589633  0.47476172 0.42761975 0.50206904 0.41641874
0.00039479 0.36283831 0.35232302 0.39930133 0.34523319 0.50234819  0.48417291 0.45702496 0.47508945 0.39693445 0.45000532 0.44589633  0.47476172 0.42761975 0.50206904 0.41641874
0.00039479 0.36283831 0.35232302 0.39930133 0.34523319 0.50234819  0.48417291 0.45702496 0.47508945 0.39693445 0.45000532 0.44589633  0.47476172 0.42761975 0.50206904 0.41641874
0.00039479 0.36283831 0.35232302 0.39930133 0.34523319 0.50234819  0.48417291 0.45702496 0.47508945 0.39693445 0.45000532 0.44589633  0.47476172 0.42761975 0.50206904 0.41641874
0.00039479 0.36283831 0.35232302 0.39930133 0.34523319 0.50234819  0.48417291 0.45702496 0.47508945 0.39693445 0.45000532 0.44589633  0.47476172 0.42761975 0.50206904 0.41641874
0.00039479 0.36283831 0.35232302 0.39930133 0.34523319 0.50234819  0.48417291 0.45702496 0.47508945 0.39693445 0.45000532 0.44589633  0.47476172 0.42761975 0.50206904 0.41641874
0.00039479 0.36283831 0.35232302 0.39930133 0.34523319 0.50234819  0.48417291 0.45702496 0.47508945 0.39693445 0.45000532 0.44589633  0.47476172 0.42761975 0.50206904 0.41641874
0.00039479 0.36283831 0.35232302 0.39930133 0.34523319 0.50234819  0.48417291 0.45702496 0.47508945 0.39693445 0.45000532 0.44589633  0.47476172 0.42761975 0.50206904 0.41641874
0.00039479 0.36283831 0.35232302 0.39930133 0.34523319 0.50234819  0.48417291 0.45702496 0.47508945 0.39693445 0.45000532 0.44589633  0.47476172 0.42761975 0.50206904 0.41641874
0.00039479 0.36283831 0.35232302 0.39930133 0.34523319 0.50234819  0.48417291 0.45702496 0.47508945 0.39693445 0.45000532 0.44589633  0.47476172 0.42761975 0.50206904 0.41641874
0.00039479 0.36283831 0.35232302 0.39930133 0.34523319 0.50234819  0.48417291 0.45702496 0.47508945 0.39693445 0.45000532 0.44589633  0.47476172 0.42761975 0.50206904 0.41641874
0.00039479 0.36283831 0.35232302 0.39930133 0.34523319 0.50234819  0.48417291 0.45702496 0.47508945 0.39693445 0.45000532 0.44589633  0.47476172 0.42761975 0.50206904 0.41641874
0.00039479 0.36283831 0.35232302 0.39930133 0.34523319 0.50234819  0.48417291 0.45702496 0.47508945 0.39693445 0.45000532 0.44589633  0.47476172 0.42761975 0.50206904 0.41641874
0.00039479 0.36283831 0.35232302 0.39930133 0.34523319 0.50234819  0.48417291 0.45702496 0.47508945 0.39693445 0.45000532 0.44589633  0.47476172 0.42761975 0.50206904 0.41641874
0.00039479 0.36283831 0.35232302 0.39930133 0.34523319 0.50234819  0.48417291 0.45702496 0.47508945 0.39693445 0.45000532 0.44589633  0.47476172 0.42761975 0.50206904 0.41641874
0.00039479 0.36283831 0.35232302 0.39930133 0.34523319 0.50234819  0.48417291 0.45702496 0.47508945 0.39693445 0.45000532 0.44589633  0.47476172 0.42761975 0.50206904 0.41641874
0.00039479 0.36283831 0.35232302 0.39930133 0.34523319 0.50234819  0.48417291 0.45702496 0.47508945 0.39693445 0.45000532 0.44589633  0.47476172 0.42761975 0.50206904 0.41641874
0.00039479 0.36283831 0.35232302 0.39930133 0.34523319 0.50234819  0.48417291 0.45702496 0.47508945 0.39693445 0.45000532 0.44589633  0.47476172 0.42761975 0.50206904 0.41641874
0.00039479 0.36283831 0.35232302 0.39930133 0.34523319 0.50234819  0.48417291 0.45702496 0.47508945 0.39693445 0.45000532 0.44589633  0.47476172 0.42761975 0.50206904 0.41641874
0.00039479 0.36283831 0.35232302 0.39930133 0.34523319 0.50234819  0.48417291 0.45702496 0.47508945 0.39693445 0.45000532 0.44589633  0.47476172 0.42761975 0.50206904 0.41641874
0.00039479 0.36283831 0.35232302 0.39930133 0.34523319 0.50234819  0.48417291 0.45702496 0.47508945 0.39693445 0.45000532 0.44589633  0.47476172 0.42761975 0.50206904 0.41641874
0.00039479 0.36283831 0.35232302 0.39930133 0.34523319 0.50234819  0.48417291 0.45702496 0.47508945 0.39693445 0.45000532 0.44589633  0.47476172 0.42761975 0.50206904 0.41641874
0.00039479 0.36283831 0.35232302 0.39930133 0.34523319 0.50234819  0.48417291 0.45702496 0.47508945 0.39693445 0.45000532 0.44589633  0.47476172 0.42761975 0.50206904 0.41641874
0.00039479 0.36283831 0.35232302 0.39930133 0.34523319 0.50234819  0.48417291 0.45702496 0.47508945 0.39693445 0.45000532 0.44589633  0.47476172 0.42761975 0.50206904 0.41641874
0.00039479 0.36283831 0.35232302 0.39930133 0.34523319 0.50234819  0.48417291 0.45702496 0.47508945 0.39693445 0.45000532 0.44589633  0.47476172 0.42761975 0.50206904 0.41641874
0.00039479 0.36283831 0.35232302 0.39930133 0.34523319 0.50234819  0.48417291 0.45702496 0.47508945 0.39693445 0.45000532 0.44589633  0.47476172 0.42761975 0.50206904 0.41641874
0.00039479 0.36283831 0.35232302 0.39930133 0.34523319 0.50234819  0.48417291 0.45702496 0.47508945 0.39693445 0.45000532 0.44589633  0.47476172 0.42761975 0.50206904 0.41641874
0.00039479 0.36283831 0.35232302 0.39930133 0.34523319 0.50234819  0.48417291 0.45702496 0.47508945 0.39693445 0.45000532 0.44589633  0.47476172 0.42761975 0.50206904 0.41641874
0.00039479 0.36283831 0.35232302 0.39930133 0.34523319 0.50234819  0.48417291 0.45702496 0.47508945 0.39693445 0.45000532 0.44589633  0.47476172 0.42761975 0.50206904 0.41641874
0.00039479 0.36283831 0.35232302 0.39930133 0.34523319 0.50234819  0.48417291 0.45702496 0.47508945 0.39693445 0.45000532 0.44589633  0.47476172 0.42761975 0.50206904 0.41641874
0.00039479 0.36283831 0.35232302 0.39930133 0.34523319 0.50234819  0.48417291 0.45702496 0.47508945 0.39693445 0.45000532 0.44589633  0.47476172 0.42761975 0.50206904 0.41641874
0.13234281 0.48269154 0.378366   0.38522453 0.37229149 0.75649614  0.32396533 0.41281413 0.59498089 0.53800783 0.37009007 0.51833845  0.43975469 0.45373673 0.65199029 0.50976358
0.26319365 0.68798909 0.55885142 0.42417188 0.70743718 0.72846385  0.15562966 0.40584504 0.56069069 0.54892485 0.55197743 0.66194057  0.53058161 0.61483892 0.67097449 0.47648   
0.3587282  0.8028149  0.67078663 0.40388446 0.80357078 0.77630653  0.1530421  0.39756821 0.70911063 0.53165873 0.56308413 0.5451991  0.54047883 0.58169622 0.69993717 0.48763698
0.50314351 0.87210057 0.72943645 0.43272769 0.72425893 0.82975858  0.09603655 0.42453914 0.58247691 0.54383046 0.51421745 0.55231673  0.59007258 0.51030501 0.37402025 0.43618578
0.64614596 0.90151176 0.82175619 0.41107627 0.67358101 0.74646382  0.3189222  0.48013112 0.49144946 0.38560703 0.60568923 0.49836924  0.81969109 0.39170615 0.36174442 0.37065168
0.70963759 0.85062456 0.85873553 0.36409532 0.66825306 0.66238792  0.36693351 0.59166772 0.44438588 0.51196767 0.59371699 0.50113276  0.68942239 0.31560751 0.43058381 0.30341828
0.75724953 0.7819935  0.86366064 0.306182   0.61378942 0.60384239  0.37552702 0.69840431 0.41489659 0.52511789 0.53873169 0.46055812  0.51425479 0.24697556 0.57587619 0.26168461
0.8055619  0.7414587  0.80595843 0.22779438 0.5710378  0.52787403  0.55031761 0.66292985 0.27875591 0.4792954  0.436414   0.45583376  0.51439338 0.30131447 0.709968   0.28426294
0.80055768 0.71607519 0.75065825 0.28106924 0.38422463 0.48961094  0.59015706 0.64795223 0.30902161 0.42443262 0.35811692 0.352212  0.46881468 0.33414493 0.71777614 0.26728138
0.81730593 0.6047901  0.63119744 0.29798511 0.20782354 0.41236705  0.58578755 0.58314556 0.3805204  0.34871804 0.32945632 0.41725553  0.51694524 0.44615418 0.75904882 0.30651953
0.82160947 0.53960007 0.54791936 0.30868002 0.14726437 0.39444146  0.58194256 0.52634896 0.37993679 0.31593154 0.32426781 0.56779699  0.53252487 0.42970474 0.89559943 0.38491921
0.86609435 0.33826979 0.42614226 0.36187887 0.17592326 0.31721576  0.44603224 0.33221918 0.46735273 0.40933321 0.51570473 0.66559495  0.66204544 0.29419837 0.64477133 0.31299791
0.85981315 0.33482965 0.39546381 0.35167216 0.17519034 0.3439712  0.4045678  0.32842535 0.40250357 0.38028255 0.53943687 0.68836481  0.67416723 0.35082018 0.61745011 0.29144706
0.84333045 0.32497404 0.32533623 0.3182544  0.21172268 0.36752611  0.39488881 0.38323489 0.4215557  0.49183614 0.51917874 0.6663257  0.6354222  0.34278902 0.57899313 0.23405452
0.83593174 0.31743184 0.28889474 0.30370817 0.21984657 0.37959847  0.38134973 0.40957632 0.41104606 0.55053687 0.52638431 0.67342792  0.61995546 0.37591522 0.53702501 0.21476887
0.85130434 0.25746984 0.27545547 0.39174991 0.27178502 0.44330523  0.36758125 0.40378003 0.31853371 0.53921174 0.54052379 0.56355484  0.64979181 0.33132053 0.6318867  0.26193912
0.85851149 0.22930545 0.2726728  0.43885655 0.29542387 0.46895661  0.3698684  0.40578544 0.28476138 0.55418301 0.55457878 0.5120937  0.64404548 0.3581475  0.62847218 0.32964743
0.86633776 0.19978361 0.27107448 0.48516575 0.31571442 0.48450554  0.36725325 0.39958086 0.24526824 0.57003633 0.59139266 0.46318267  0.63907132 0.38323595 0.60561537 0.41171334
0.851632   0.18098463 0.19463384 0.47859557 0.39518077 0.56082318  0.35779566 0.44177417 0.25320247 0.54229326 0.51120069 0.38381996  0.55293603 0.36462511 0.65010747 0.44679219
0.80997133 0.24117378 0.11230757 0.34927192 0.43912218 0.57129453  0.33954304 0.43525317 0.40209213 0.45022088 0.43230039 0.35209051  0.47920962 0.28999388 0.51546376 0.64593061
0.77045293 0.38261378 0.11810865 0.13503757 0.33883886 0.48945744  0.34555663 0.43957064 0.56631317 0.37898498 0.25354133 0.50240491  0.4553934  0.28566417 0.47715708 0.3362237 
0.74334434 0.44437054 0.11217939 0.13339684 0.33948767 0.52762092  0.41851176 0.41262444 0.56818756 0.38281012 0.21234017 0.5198872  0.59363963 0.41074267 0.53408681 0.38414032
0.50911686 0.75718187 0.08326514 0.37308863 0.40111273 0.45906178  0.74407643 0.46523347 0.4034944  0.3699492  0.64403919 0.41435763  0.47697565 0.45569516 0.57208018 0.39500896
0.32897038 0.75720131 0.14456392 0.61833986 0.40940801 0.36357466  0.42439313 0.48478109 0.48039287 0.37818226 0.56287621 0.41825999  0.31710353 0.39348924 0.45588205 0.30457561
0.1794004  0.62176476 0.21812787 0.62655517 0.43093057 0.25224564  0.31320772 0.59316568 0.47029563 0.36434105 0.31549124 0.45622894  0.6779167  0.45507566 0.4827501  0.49170059
0.07158747 0.46758677 0.29831786 0.49455715 0.3819076  0.39815923  0.40361349 0.51950865 0.48970447 0.38283036 0.39943191 0.44929667  0.57411029 0.47170564 0.54049881 0.44672307
0.07158747 0.46758677 0.29831786 0.49455715 0.3819076  0.39815923  0.40361349 0.51950865 0.48970447 0.38283036 0.39943191 0.44929667  0.57411029 0.47170564 0.54049881 0.44672307
0.05367861 0.44171583 0.31214423 0.47114249 0.37279065 0.42986862  0.4177205  0.50334188 0.50440728 0.39082405 0.42702098 0.4483076  0.53269514 0.48405389 0.58159446 0.43414129
0.22010871 0.60112116 0.24971707 0.50725765 0.31380184 0.64084321  0.33115792 0.45719472 0.70342208 0.4697516  0.55529251 0.46086343  0.4257705  0.50324795 0.73787486 0.47377991
0.36749815 0.73103942 0.17994604 0.51609355 0.30823402 0.66909816  0.34807482 0.51032634 0.74656107 0.40161524 0.69463991 0.40770614  0.55053276 0.52079534 0.64541979 0.41248188
0.48741211 0.67121211 0.16867307 0.36281213 0.29531774 0.61363557  0.40347741 0.75664005 0.67164192 0.34864414 0.72918404 0.38274265  0.41339588 0.37879526 0.65198332 0.40273856
0.52160364 0.6738555  0.15127718 0.34061753 0.3105239  0.55941174  0.4201035  0.81249819 0.65469898 0.31590142 0.69681244 0.37961155  0.52574797 0.36303959 0.61246781 0.44909612
0.54468142 0.62210976 0.17081595 0.37496337 0.28264339 0.52014411  0.3981193  0.85789893 0.63311402 0.39355207 0.77377933 0.41807181  0.42030176 0.31649793 0.61077329 0.5104993 
0.58031657 0.62260095 0.17297471 0.34915034 0.26114472 0.54678834  0.4164813  0.85253181 0.53960327 0.4047947  0.66458456 0.43318351  0.37578521 0.25839993 0.5283929  0.49066762
0.61591309 0.62230336 0.1886064  0.3269351  0.21296547 0.6591797  0.36308652 0.84319976 0.54590315 0.45193531 0.55050181 0.464935  0.41806451 0.24207069 0.49891046 0.5453244 
0.61591309 0.62230336 0.1886064  0.3269351  0.21296547 0.6591797  0.36308652 0.84319976 0.54590315 0.45193531 0.55050181 0.464935  0.41806451 0.24207069 0.49891046 0.5453244 
0.66089386 0.59147122 0.22544839 0.33730018 0.17313301 0.62500916  0.38598011 0.81905248 0.36332709 0.5527359  0.47960359 0.53060712  0.36339461 0.25083952 0.45990951 0.48348011
0.66089386 0.59147122 0.22544839 0.33730018 0.17313301 0.62500916  0.38598011 0.81905248 0.36332709 0.5527359  0.47960359 0.53060712  0.36339461 0.25083952 0.45990951 0.48348011
0.67523534 0.61290278 0.17051998 0.19586766 0.24051593 0.63049618  0.51527021 0.79503703 0.34025396 0.45028408 0.34020075 0.47526855  0.40655964 0.24543123 0.58471424 0.44300899
0.67523534 0.61290278 0.17051998 0.19586766 0.24051593 0.63049618  0.51527021 0.79503703 0.34025396 0.45028408 0.34020075 0.47526855  0.40655964 0.24543123 0.58471424 0.44300899
0.7023547  0.55056481 0.1519295  0.18050859 0.26798901 0.6083268  0.48218838 0.64102425 0.38620739 0.46265139 0.2297402  0.5117129  0.44704761 0.28588686 0.65595886 0.42156041
0.73025974 0.48550827 0.13681214 0.15532472 0.29425312 0.57121659  0.43881759 0.51726591 0.45648501 0.45198563 0.16304716 0.53593069  0.48100494 0.33508676 0.6648773  0.39974931
0.77037179 0.40333841 0.15227042 0.15669883 0.29299932 0.49224018  0.37719233 0.45987658 0.49406593 0.45571168 0.23604596 0.55599259  0.45923872 0.38733384 0.57680718 0.32691945
0.79432375 0.35391506 0.17432463 0.18940653 0.28857736 0.44388436  0.35294017 0.44958967 0.48409151 0.48226429 0.33708458 0.55214495  0.45916766 0.33431612 0.54276226 0.23133622
0.79432375 0.35391506 0.17432463 0.18940653 0.28857736 0.44388436  0.35294017 0.44958967 0.48409151 0.48226429 0.33708458 0.55214495  0.45916766 0.33431612 0.54276226 0.23133622
0.80343613 0.33012328 0.18634381 0.2221833  0.29299283 0.42081439  0.36102306 0.45526767 0.48564829 0.53400074 0.45083528 0.6120758  0.46386801 0.33132511 0.51247858 0.34409866
0.80735809 0.31342593 0.18384652 0.25981527 0.31440904 0.44923185  0.38593449 0.47634361 0.49376113 0.5239739  0.4237723  0.60617046  0.44667742 0.37011809 0.50875991 0.33310001
0.83785807 0.26874916 0.23843818 0.36437158 0.27176579 0.46162994  0.37813245 0.43930736 0.3687239  0.54566409 0.47376264 0.57334515  0.58133046 0.44331159 0.53524394 0.20847352
0.84506523 0.24058478 0.23565551 0.41147822 0.29540464 0.48728132  0.3804196  0.44131277 0.33495157 0.56063537 0.48781763 0.52188401  0.57558413 0.47013856 0.53182942 0.27618183
0.84506523 0.24058478 0.23565551 0.41147822 0.29540464 0.48728132  0.3804196  0.44131277 0.33495157 0.56063537 0.48781763 0.52188401  0.57558413 0.47013856 0.53182942 0.27618183
0.83368504 0.24557641 0.20116529 0.3847041  0.32575661 0.50273167  0.38026139 0.4557436  0.3701442  0.54026778 0.44674941 0.48761924  0.52926177 0.41541155 0.55681137 0.3114304 
0.81362681 0.31773769 0.20388811 0.26647897 0.28881045 0.4649517  0.34874684 0.43647706 0.40039791 0.50172555 0.3753424  0.5180136  0.51673329 0.38236565 0.54338751 0.22012534
0.75804705 0.41798431 0.12461685 0.13059459 0.32283573 0.51303666  0.38301105 0.45408797 0.54138804 0.4060472  0.19084409 0.52695574  0.47544049 0.34758377 0.57118164 0.36327928
0.75804705 0.41798431 0.12461685 0.13059459 0.32283573 0.51303666  0.38301105 0.45408797 0.54138804 0.4060472  0.19084409 0.52695574  0.47544049 0.34758377 0.57118164 0.36327928
0.71217365 0.48305321 0.08218708 0.15191628 0.36945731 0.52473258  0.48570159 0.32970443 0.62192206 0.34711382 0.26817514 0.50518606  0.65463687 0.44069232 0.56938805 0.44034337
0.68366309 0.54567752 0.08277055 0.17491726 0.36002047 0.56729231  0.54976705 0.31560378 0.58664961 0.36170185 0.26258424 0.51163546  0.75220509 0.53956235 0.59103227 0.47358705
0.65608071 0.61255755 0.09736976 0.19779772 0.33162354 0.61369834  0.60309255 0.40887152 0.50879373 0.39091105 0.27955733 0.50477235  0.73823613 0.51982022 0.64011071 0.50613731
0.62760188 0.67161847 0.10783265 0.22754056 0.31175622 0.63817842  0.64218288 0.4367139  0.46963661 0.40676036 0.31568156 0.4956063  0.73315632 0.57657376 0.56781093 0.52226816
0.57793076 0.72173749 0.0851481  0.2854829  0.35641678 0.57989631  0.7241566  0.42813667 0.47142505 0.403882   0.52061474 0.45679705  0.62536507 0.5269152  0.62728787 0.50764902
0.52906469 0.78820068 0.09336626 0.38841304 0.34732777 0.60797626  0.70061735 0.39068725 0.41489499 0.43795197 0.56221965 0.44478585  0.48337353 0.40582652 0.48947905 0.4686588 
0.52906469 0.78820068 0.09336626 0.38841304 0.34732777 0.60797626  0.70061735 0.39068725 0.41489499 0.43795197 0.56221965 0.44478585  0.48337353 0.40582652 0.48947905 0.4686588 
0.51146511 0.79993663 0.10042651 0.43160372 0.33703057 0.62117098  0.64169506 0.38324518 0.42832268 0.44930576 0.54564566 0.45127321  0.43645501 0.36708524 0.42951453 0.47368495
0.51146511 0.79993663 0.10042651 0.43160372 0.33703057 0.62117098  0.64169506 0.38324518 0.42832268 0.44930576 0.54564566 0.45127321  0.43645501 0.36708524 0.42951453 0.47368495
0.51146511 0.79993663 0.10042651 0.43160372 0.33703057 0.62117098  0.64169506 0.38324518 0.42832268 0.44930576 0.54564566 0.45127321  0.43645501 0.36708524 0.42951453 0.47368495
0.47519548 0.81056876 0.09654784 0.49702408 0.36448215 0.55085511  0.61469541 0.33360884 0.42118648 0.47317538 0.54490054 0.46542886  0.29218941 0.35246694 0.45807609 0.42316772
0.44250969 0.82470287 0.1276437  0.55076001 0.33808407 0.6103943  0.45958269 0.40007766 0.54884055 0.41090978 0.6282847  0.46047062  0.27538364 0.37365659 0.40017227 0.46473066
0.44250969 0.82470287 0.1276437  0.55076001 0.33808407 0.6103943  0.45958269 0.40007766 0.54884055 0.41090978 0.6282847  0.46047062  0.27538364 0.37365659 0.40017227 0.46473066
0.38603839 0.80581209 0.13951079 0.61808288 0.37793893 0.50223057  0.36474505 0.43099651 0.53924899 0.44515787 0.50997412 0.52271239  0.23315335 0.38893755 0.52510244 0.52131143
0.38603839 0.80581209 0.13951079 0.61808288 0.37793893 0.50223057  0.36474505 0.43099651 0.53924899 0.44515787 0.50997412 0.52271239  0.23315335 0.38893755 0.52510244 0.52131143
0.38603839 0.80581209 0.13951079 0.61808288 0.37793893 0.50223057  0.36474505 0.43099651 0.53924899 0.44515787 0.50997412 0.52271239  0.23315335 0.38893755 0.52510244 0.52131143
0.38596691 0.80475408 0.13881731 0.61967482 0.37213671 0.49926434  0.3686053  0.42843136 0.54315545 0.44588845 0.50119155 0.50275281  0.2408585  0.39810495 0.5198211  0.49648243
0.38495506 0.80327859 0.13881559 0.62254962 0.37273414 0.49913665  0.36969609 0.42685925 0.54388738 0.44671031 0.50757374 0.48433916  0.27377654 0.37606911 0.54505283 0.43920065
0.42260084 0.81673216 0.12820257 0.57519006 0.3584438  0.55468734  0.44765617 0.40767642 0.5333317  0.41664518 0.60917319 0.44949051  0.2707857  0.36798128 0.47081971 0.39351958
0.40326992 0.79040862 0.13624677 0.56190709 0.34911398 0.56596288  0.45664754 0.3994014  0.53971938 0.43998271 0.59423925 0.4340307  0.29600703 0.37257294 0.4584629  0.38131332
0.42165265 0.81373267 0.12417337 0.57712905 0.35414627 0.55237416  0.45013075 0.40473574 0.541394   0.43271315 0.60551598 0.42969986  0.29442039 0.37982966 0.46041851 0.35598421
0.42165265 0.81373267 0.12417337 0.57712905 0.35414627 0.55237416  0.45013075 0.40473574 0.541394   0.43271315 0.60551598 0.42969986  0.29442039 0.37982966 0.46041851 0.35598421
0.42165265 0.81373267 0.12417337 0.57712905 0.35414627 0.55237416  0.45013075 0.40473574 0.541394   0.43271315 0.60551598 0.42969986  0.29442039 0.37982966 0.46041851 0.35598421
0.42165265 0.81373267 0.12417337 0.57712905 0.35414627 0.55237416  0.45013075 0.40473574 0.541394   0.43271315 0.60551598 0.42969986  0.29442039 0.37982966 0.46041851 0.35598421
0.44054965 0.82022789 0.12361278 0.55557381 0.33438396 0.60795342  0.46314807 0.39556488 0.55763478 0.4277996  0.63100969 0.42226633  0.33193637 0.36346912 0.41500279 0.3699135 
0.45897988 0.82090494 0.12868243 0.53369618 0.30899141 0.66975993  0.45636899 0.40061998 0.56590799 0.43330554 0.60340142 0.42570883  0.39612583 0.34770569 0.37657972 0.40835261
0.47626812 0.81147946 0.14299539 0.51721986 0.28262374 0.71152057  0.41994787 0.42991457 0.5454568  0.43970787 0.52519383 0.43503968  0.43816745 0.33439942 0.32245419 0.41376199
0.54128219 0.81398111 0.32036907 0.55115748 0.1765778  0.72915766  0.3448699  0.39071226 0.43532068 0.35983169 0.43016662 0.45622386  0.49234273 0.44432915 0.14612845 0.40784046
0.60504114 0.77991773 0.41248771 0.5125733  0.13153049 0.71722385  0.37625008 0.49096676 0.3511759  0.36954708 0.50231049 0.4153129  0.66063228 0.5758119  0.16003949 0.29485057
0.60504114 0.77991773 0.41248771 0.5125733  0.13153049 0.71722385  0.37625008 0.49096676 0.3511759  0.36954708 0.50231049 0.4153129  0.66063228 0.5758119  0.16003949 0.29485057
0.64665134 0.78136756 0.55940913 0.55170001 0.11624866 0.67230266  0.37294306 0.45959984 0.32288965 0.23015239 0.48135099 0.42175411  0.58632712 0.4187068  0.34846706 0.29513646
0.67363199 0.74003483 0.59466856 0.55964203 0.08673794 0.6304474  0.35724889 0.52459492 0.28494527 0.29120737 0.50255731 0.44987033  0.51412097 0.36585253 0.46091657 0.22863685
0.69123157 0.72829888 0.5876083  0.51645135 0.09703515 0.61725268  0.41617118 0.532037   0.27151758 0.27985358 0.51913131 0.44338297  0.56103949 0.40459381 0.52088109 0.2236107 
0.71356254 0.70564393 0.61945032 0.49357464 0.09814413 0.57130827  0.44393002 0.59235975 0.35958264 0.29070158 0.50221367 0.42265399  0.53076081 0.32504019 0.60953661 0.25744166
0.75235266 0.69441914 0.6337825  0.42322903 0.13518781 0.51827221  0.54810641 0.5886017  0.32297607 0.29003124 0.41134312 0.40106716  0.52522132 0.31908075 0.70426267 0.30665288
0.75235266 0.69441914 0.6337825  0.42322903 0.13518781 0.51827221  0.54810641 0.5886017  0.32297607 0.29003124 0.41134312 0.40106716  0.52522132 0.31908075 0.70426267 0.30665288
0.80020344 0.63289143 0.62055744 0.3431994  0.15329423 0.46055803  0.59605453 0.56986008 0.29805941 0.32998118 0.31797726 0.45161472  0.48019654 0.38338752 0.81694036 0.33615088
0.80020344 0.63289143 0.62055744 0.3431994  0.15329423 0.46055803  0.59605453 0.56986008 0.29805941 0.32998118 0.31797726 0.45161472  0.48019654 0.38338752 0.81694036 0.33615088
0.80020344 0.63289143 0.62055744 0.3431994  0.15329423 0.46055803  0.59605453 0.56986008 0.29805941 0.32998118 0.31797726 0.45161472  0.48019654 0.38338752 0.81694036 0.33615088
0.80020344 0.63289143 0.62055744 0.3431994  0.15329423 0.46055803  0.59605453 0.56986008 0.29805941 0.32998118 0.31797726 0.45161472  0.48019654 0.38338752 0.81694036 0.33615088
0.80020344 0.63289143 0.62055744 0.3431994  0.15329423 0.46055803  0.59605453 0.56986008 0.29805941 0.32998118 0.31797726 0.45161472  0.48019654 0.38338752 0.81694036 0.33615088
0.81523742 0.60253537 0.61512448 0.31884415 0.16122154 0.43715499  0.58537174 0.52285555 0.3370669  0.32461436 0.27332829 0.47385687  0.5000065  0.46245617 0.85535567 0.34569172
0.81523742 0.60253537 0.61512448 0.31884415 0.16122154 0.43715499  0.58537174 0.52285555 0.3370669  0.32461436 0.27332829 0.47385687  0.5000065  0.46245617 0.85535567 0.34569172
0.81523742 0.60253537 0.61512448 0.31884415 0.16122154 0.43715499  0.58537174 0.52285555 0.3370669  0.32461436 0.27332829 0.47385687  0.5000065  0.46245617 0.85535567 0.34569172
0.81208317 0.58691773 0.58564986 0.33189838 0.11916023 0.42140709  0.60299969 0.52616758 0.35018637 0.33654432 0.27957046 0.48483076  0.52032816 0.45529148 0.8604221  0.36849137
0.80728784 0.57410741 0.5536533  0.33574279 0.10277485 0.42766569  0.59201136 0.53067598 0.32572133 0.34785189 0.31497998 0.53343768  0.55135228 0.46911324 0.84591409 0.37611163
0.80728784 0.57410741 0.5536533  0.33574279 0.10277485 0.42766569  0.59201136 0.53067598 0.32572133 0.34785189 0.31497998 0.53343768  0.55135228 0.46911324 0.84591409 0.37611163
0.80728784 0.57410741 0.5536533  0.33574279 0.10277485 0.42766569  0.59201136 0.53067598 0.32572133 0.34785189 0.31497998 0.53343768  0.55135228 0.46911324 0.84591409 0.37611163
0.80728784 0.57410741 0.5536533  0.33574279 0.10277485 0.42766569  0.59201136 0.53067598 0.32572133 0.34785189 0.31497998 0.53343768  0.55135228 0.46911324 0.84591409 0.37611163
0.80728784 0.57410741 0.5536533  0.33574279 0.10277485 0.42766569  0.59201136 0.53067598 0.32572133 0.34785189 0.31497998 0.53343768  0.55135228 0.46911324 0.84591409 0.37611163
0.80728784 0.57410741 0.5536533  0.33574279 0.10277485 0.42766569  0.59201136 0.53067598 0.32572133 0.34785189 0.31497998 0.53343768  0.55135228 0.46911324 0.84591409 0.37611163
0.80728784 0.57410741 0.5536533  0.33574279 0.10277485 0.42766569  0.59201136 0.53067598 0.32572133 0.34785189 0.31497998 0.53343768  0.55135228 0.46911324 0.84591409 0.37611163
0.80728784 0.57410741 0.5536533  0.33574279 0.10277485 0.42766569  0.59201136 0.53067598 0.32572133 0.34785189 0.31497998 0.53343768  0.55135228 0.46911324 0.84591409 0.37611163
0.80728784 0.57410741 0.5536533  0.33574279 0.10277485 0.42766569  0.59201136 0.53067598 0.32572133 0.34785189 0.31497998 0.53343768  0.55135228 0.46911324 0.84591409 0.37611163
0.80728784 0.57410741 0.5536533  0.33574279 0.10277485 0.42766569  0.59201136 0.53067598 0.32572133 0.34785189 0.31497998 0.53343768  0.55135228 0.46911324 0.84591409 0.37611163
0.78215911 0.54298019 0.42282875 0.30515981 0.10761704 0.47966267  0.5290036  0.58137161 0.24840965 0.45391972 0.37540634 0.61255508  0.57131933 0.57108717 0.72200661 0.32323231
0.77047372 0.51727698 0.35416421 0.30647235 0.10966373 0.49270193  0.52464591 0.61494365 0.24278621 0.54687273 0.40367402 0.65226994  0.63993184 0.53667569 0.74307483 0.24286452
0.60572546 0.71354635 0.17952481 0.37581432 0.23947161 0.70359553  0.52298713 0.4304721  0.3199532  0.46846983 0.30732031 0.50679648  0.66578704 0.44114283 0.34862635 0.35651833
0.56155418 0.76680865 0.1516841  0.40583769 0.26036919 0.71978227  0.5256347  0.44911538 0.33696811 0.47629127 0.34305852 0.47289042  0.5185128  0.32991383 0.27559889 0.41048399
0.49347223 0.80865824 0.12904373 0.49365963 0.2967012  0.68122038  0.49342959 0.38969023 0.4607615  0.47210364 0.45139668 0.46662485  0.40562282 0.3111795  0.33385109 0.45655679
0.476184   0.81808372 0.11473078 0.51013595 0.32306887 0.63945974  0.52985071 0.36039565 0.48121269 0.46570131 0.52960427 0.45729399  0.36358119 0.32448577 0.38797662 0.45114741
0.43885676 0.81091145 0.11022171 0.55356882 0.36822373 0.52207397  0.52361247 0.36451141 0.4566987  0.46510891 0.53171883 0.46128503  0.26187575 0.35660974 0.47181541 0.39877901
0.3823169  0.78846128 0.12236228 0.61859486 0.40084468 0.41011661  0.43917827 0.38945036 0.43904364 0.49797    0.38614672 0.5066506  0.24499922 0.38006324 0.59447753 0.43107704
0.32771857 0.75258058 0.1547759  0.63488982 0.39172486 0.41553907  0.36132286 0.43876142 0.49441949 0.47760632 0.38053959 0.49448626  0.30803518 0.40273416 0.60978259 0.43856582
0.30941027 0.7434527  0.15345716 0.64062875 0.41353643 0.34490834  0.37829652 0.47738806 0.46766842 0.43686804 0.41641475 0.47206563  0.3077975  0.40575714 0.58513951 0.38931841
0.25348233 0.69749376 0.17756659 0.64917951 0.42698407 0.28559718  0.32832211 0.54402077 0.49205236 0.402197   0.38514836 0.46318326  0.45836031 0.45498096 0.59740766 0.41670519
0.23503088 0.67407306 0.18897647 0.63422309 0.42490485 0.28673697  0.34505103 0.53719813 0.45981533 0.40566866 0.34842144 0.4704116  0.47281952 0.42382336 0.54686434 0.44922562
0.1794004  0.62176476 0.21812787 0.62655517 0.43093057 0.25224564  0.31320772 0.59316568 0.47029563 0.36434105 0.31549124 0.45622894  0.6779167  0.45507566 0.4827501  0.49170059
0.16097828 0.59690857 0.23035831 0.60889265 0.42668757 0.25806842  0.33034707 0.5873957  0.44241388 0.36472209 0.2846709  0.46096762  0.70279498 0.42668771 0.42838298 0.51852408
0.12500639 0.54560797 0.25784531 0.56432631 0.40884482 0.31981812  0.3514665  0.56013448 0.48198163 0.37974664 0.34195763 0.4585858  0.62997103 0.46814428 0.53589308 0.49017337
0.08842829 0.49460012 0.28302349 0.52494374 0.39716317 0.34159314  0.38771992 0.54627478 0.44271655 0.37397744 0.31445025 0.45784969  0.66798237 0.42914663 0.43726757 0.51086214
0.08842829 0.49460012 0.28302349 0.52494374 0.39716317 0.34159314  0.38771992 0.54627478 0.44271655 0.37397744 0.31445025 0.45784969  0.66798237 0.42914663 0.43726757 0.51086214
0.0703101  0.46806309 0.29667752 0.50128842 0.38835198 0.36671883  0.40672235 0.53170012 0.4398619  0.37816405 0.32355409 0.45771279  0.6470118  0.42232529 0.4347028  0.51043549
0.05295748 0.44105795 0.31047847 0.47423707 0.37661473 0.39820267  0.43339135 0.51107118 0.43325487 0.38045997 0.34459946 0.45442981  0.6091228  0.40002928 0.40593895 0.49183507
0.05295748 0.44105795 0.31047847 0.47423707 0.37661473 0.39820267  0.43339135 0.51107118 0.43325487 0.38045997 0.34459946 0.45442981  0.6091228  0.40002928 0.40593895 0.49183507
0.03555663 0.41720068 0.32416163 0.4534907  0.36798941 0.43594923  0.43647159 0.49618771 0.47382149 0.39144415 0.39530718 0.45299584  0.55479998 0.44686718 0.51427561 0.45951419
0.03555663 0.41720068 0.32416163 0.4534907  0.36798941 0.43594923  0.43647159 0.49618771 0.47382149 0.39144415 0.39530718 0.45299584  0.55479998 0.44686718 0.51427561 0.45951419
0.01790387 0.3898545  0.33817562 0.42642862 0.35681041 0.46717525  0.46152885 0.47694295 0.46991849 0.39350101 0.41724602 0.4497633  0.51968443 0.43336993 0.49846349 0.44236435
0.01790387 0.3898545  0.33817562 0.42642862 0.35681041 0.46717525  0.46152885 0.47694295 0.46991849 0.39350101 0.41724602 0.4497633  0.51968443 0.43336993 0.49846349 0.44236435
