0.00039479 0.36283831 0.35232302 0.39930133 0.34523319 0.50234819  0.48417291 0.45702496 0.47508945 0.39693445 0.45000532 0.44589633  0.47476172 0.42761975 0.50206904 0.41641874
0.00039479 0.36283831 0.35232302 0.39930133 0.34523319 0.50234819  0.48417291 0.45702496 0.47508945 0.39693445 0.45000532 0.44589633  0.47476172 0.42761975 0.50206904 0.41641874
0.00039479 0.36283831 0.35232302 0.39930133 0.34523319 0.50234819  0.48417291 0.45702496 0.47508945 0.39693445 0.45000532 0.44589633  0.47476172 0.42761975 0.50206904 0.41641874
0.00039479 0.36283831 0.35232302 0.39930133 0.34523319 0.50234819  0.48417291 0.45702496 0.47508945 0.39693445 0.45000532 0.44589633  0.47476172 0.42761975 0.50206904 0.41641874
0.00039479 0.36283831 0.35232302 0.39930133 0.34523319 0.50234819  0.48417291 0.45702496 0.47508945 0.39693445 0.45000532 0.44589633  0.47476172 0.42761975 0.50206904 0.41641874
0.00039479 0.36283831 0.35232302 0.39930133 0.34523319 0.50234819  0.48417291 0.45702496 0.47508945 0.39693445 0.45000532 0.44589633  0.47476172 0.42761975 0.50206904 0.41641874
0.00039479 0.36283831 0.35232302 0.39930133 0.34523319 0.50234819  0.48417291 0.45702496 0.47508945 0.39693445 0.45000532 0.44589633  0.47476172 0.42761975 0.50206904 0.41641874
0.00039479 0.36283831 0.35232302 0.39930133 0.34523319 0.50234819  0.48417291 0.45702496 0.47508945 0.39693445 0.45000532 0.44589633  0.47476172 0.42761975 0.50206904 0.41641874
0.00039479 0.36283831 0.35232302 0.39930133 0.34523319 0.50234819  0.48417291 0.45702496 0.47508945 0.39693445 0.45000532 0.44589633  0.47476172 0.42761975 0.50206904 0.41641874
0.00039479 0.36283831 0.35232302 0.39930133 0.34523319 0.50234819  0.48417291 0.45702496 0.47508945 0.39693445 0.45000532 0.44589633  0.47476172 0.42761975 0.50206904 0.41641874
0.00039479 0.36283831 0.35232302 0.39930133 0.34523319 0.50234819  0.48417291 0.45702496 0.47508945 0.39693445 0.45000532 0.44589633  0.47476172 0.42761975 0.50206904 0.41641874
0.00039479 0.36283831 0.35232302 0.39930133 0.34523319 0.50234819  0.48417291 0.45702496 0.47508945 0.39693445 0.45000532 0.44589633  0.47476172 0.42761975 0.50206904 0.41641874
0.00039479 0.36283831 0.35232302 0.39930133 0.34523319 0.50234819  0.48417291 0.45702496 0.47508945 0.39693445 0.45000532 0.44589633  0.47476172 0.42761975 0.50206904 0.41641874
0.00039479 0.36283831 0.35232302 0.39930133 0.34523319 0.50234819  0.48417291 0.45702496 0.47508945 0.39693445 0.45000532 0.44589633  0.47476172 0.42761975 0.50206904 0.41641874
0.00039479 0.36283831 0.35232302 0.39930133 0.34523319 0.50234819  0.48417291 0.45702496 0.47508945 0.39693445 0.45000532 0.44589633  0.47476172 0.42761975 0.50206904 0.41641874
0.00039479 0.36283831 0.35232302 0.39930133 0.34523319 0.50234819  0.48417291 0.45702496 0.47508945 0.39693445 0.45000532 0.44589633  0.47476172 0.42761975 0.50206904 0.41641874
0.00039479 0.36283831 0.35232302 0.39930133 0.34523319 0.50234819  0.48417291 0.45702496 0.47508945 0.39693445 0.45000532 0.44589633  0.47476172 0.42761975 0.50206904 0.41641874
0.00039479 0.36283831 0.35232302 0.39930133 0.34523319 0.50234819  0.48417291 0.45702496 0.47508945 0.39693445 0.45000532 0.44589633  0.47476172 0.42761975 0.50206904 0.41641874
0.00039479 0.36283831 0.35232302 0.39930133 0.34523319 0.50234819  0.48417291 0.45702496 0.47508945 0.39693445 0.45000532 0.44589633  0.47476172 0.42761975 0.50206904 0.41641874
0.00039479 0.36283831 0.35232302 0.39930133 0.34523319 0.50234819  0.48417291 0.45702496 0.47508945 0.39693445 0.45000532 0.44589633  0.47476172 0.42761975 0.50206904 0.41641874
0.00039479 0.36283831 0.35232302 0.39930133 0.34523319 0.50234819  0.48417291 0.45702496 0.47508945 0.39693445 0.45000532 0.44589633  0.47476172 0.42761975 0.50206904 0.41641874
0.00039479 0.36283831 0.35232302 0.39930133 0.34523319 0.50234819  0.48417291 0.45702496 0.47508945 0.39693445 0.45000532 0.44589633  0.47476172 0.42761975 0.50206904 0.41641874
0.00039479 0.36283831 0.35232302 0.39930133 0.34523319 0.50234819  0.48417291 0.45702496 0.47508945 0.39693445 0.45000532 0.44589633  0.47476172 0.42761975 0.50206904 0.41641874
0.00039479 0.36283831 0.35232302 0.39930133 0.34523319 0.50234819  0.48417291 0.45702496 0.47508945 0.39693445 0.45000532 0.44589633  0.47476172 0.42761975 0.50206904 0.41641874
0.00039479 0.36283831 0.35232302 0.39930133 0.34523319 0.50234819  0.48417291 0.45702496 0.47508945 0.39693445 0.45000532 0.44589633  0.47476172 0.42761975 0.50206904 0.41641874
0.00039479 0.36283831 0.35232302 0.39930133 0.34523319 0.50234819  0.48417291 0.45702496 0.47508945 0.39693445 0.45000532 0.44589633  0.47476172 0.42761975 0.50206904 0.41641874
0.00039479 0.36283831 0.35232302 0.39930133 0.34523319 0.50234819  0.48417291 0.45702496 0.47508945 0.39693445 0.45000532 0.44589633  0.47476172 0.42761975 0.50206904 0.41641874
0.00039479 0.36283831 0.35232302 0.39930133 0.34523319 0.50234819  0.48417291 0.45702496 0.47508945 0.39693445 0.45000532 0.44589633  0.47476172 0.42761975 0.50206904 0.41641874
0.00039479 0.36283831 0.35232302 0.39930133 0.34523319 0.50234819  0.48417291 0.45702496 0.47508945 0.39693445 0.45000532 0.44589633  0.47476172 0.42761975 0.50206904 0.41641874
0.00039479 0.36283831 0.35232302 0.39930133 0.34523319 0.50234819  0.48417291 0.45702496 0.47508945 0.39693445 0.45000532 0.44589633  0.47476172 0.42761975 0.50206904 0.41641874
0.00039479 0.36283831 0.35232302 0.39930133 0.34523319 0.50234819  0.48417291 0.45702496 0.47508945 0.39693445 0.45000532 0.44589633  0.47476172 0.42761975 0.50206904 0.41641874
0.00039479 0.36283831 0.35232302 0.39930133 0.34523319 0.50234819  0.48417291 0.45702496 0.47508945 0.39693445 0.45000532 0.44589633  0.47476172 0.42761975 0.50206904 0.41641874
0.00039479 0.36283831 0.35232302 0.39930133 0.34523319 0.50234819  0.48417291 0.45702496 0.47508945 0.39693445 0.45000532 0.44589633  0.47476172 0.42761975 0.50206904 0.41641874
0.00039479 0.36283831 0.35232302 0.39930133 0.34523319 0.50234819  0.48417291 0.45702496 0.47508945 0.39693445 0.45000532 0.44589633  0.47476172 0.42761975 0.50206904 0.41641874
0.00039479 0.36283831 0.35232302 0.39930133 0.34523319 0.50234819  0.48417291 0.45702496 0.47508945 0.39693445 0.45000532 0.44589633  0.47476172 0.42761975 0.50206904 0.41641874
0.00039479 0.36283831 0.35232302 0.39930133 0.34523319 0.50234819  0.48417291 0.45702496 0.47508945 0.39693445 0.45000532 0.44589633  0.47476172 0.42761975 0.50206904 0.41641874
0.00039479 0.36283831 0.35232302 0.39930133 0.34523319 0.50234819  0.48417291 0.45702496 0.47508945 0.39693445 0.45000532 0.44589633  0.47476172 0.42761975 0.50206904 0.41641874
0.00039479 0.36283831 0.35232302 0.39930133 0.34523319 0.50234819  0.48417291 0.45702496 0.47508945 0.39693445 0.45000532 0.44589633  0.47476172 0.42761975 0.50206904 0.41641874
0.00039479 0.36283831 0.35232302 0.39930133 0.34523319 0.50234819  0.48417291 0.45702496 0.47508945 0.39693445 0.45000532 0.44589633  0.47476172 0.42761975 0.50206904 0.41641874
0.00039479 0.36283831 0.35232302 0.39930133 0.34523319 0.50234819  0.48417291 0.45702496 0.47508945 0.39693445 0.45000532 0.44589633  0.47476172 0.42761975 0.50206904 0.41641874
0.00039479 0.36283831 0.35232302 0.39930133 0.34523319 0.50234819  0.48417291 0.45702496 0.47508945 0.39693445 0.45000532 0.44589633  0.47476172 0.42761975 0.50206904 0.41641874
0.00039479 0.36283831 0.35232302 0.39930133 0.34523319 0.50234819  0.48417291 0.45702496 0.47508945 0.39693445 0.45000532 0.44589633  0.47476172 0.42761975 0.50206904 0.41641874
0.00039479 0.36283831 0.35232302 0.39930133 0.34523319 0.50234819  0.48417291 0.45702496 0.47508945 0.39693445 0.45000532 0.44589633  0.47476172 0.42761975 0.50206904 0.41641874
0.00039479 0.36283831 0.35232302 0.39930133 0.34523319 0.50234819  0.48417291 0.45702496 0.47508945 0.39693445 0.45000532 0.44589633  0.47476172 0.42761975 0.50206904 0.41641874
0.00039479 0.36283831 0.35232302 0.39930133 0.34523319 0.50234819  0.48417291 0.45702496 0.47508945 0.39693445 0.45000532 0.44589633  0.47476172 0.42761975 0.50206904 0.41641874
0.00039479 0.36283831 0.35232302 0.39930133 0.34523319 0.50234819  0.48417291 0.45702496 0.47508945 0.39693445 0.45000532 0.44589633  0.47476172 0.42761975 0.50206904 0.41641874
0.00039479 0.36283831 0.35232302 0.39930133 0.34523319 0.50234819  0.48417291 0.45702496 0.47508945 0.39693445 0.45000532 0.44589633  0.47476172 0.42761975 0.50206904 0.41641874
0.00039479 0.36283831 0.35232302 0.39930133 0.34523319 0.50234819  0.48417291 0.45702496 0.47508945 0.39693445 0.45000532 0.44589633  0.47476172 0.42761975 0.50206904 0.41641874
0.00039479 0.36283831 0.35232302 0.39930133 0.34523319 0.50234819  0.48417291 0.45702496 0.47508945 0.39693445 0.45000532 0.44589633  0.47476172 0.42761975 0.50206904 0.41641874
0.00039479 0.36283831 0.35232302 0.39930133 0.34523319 0.50234819  0.48417291 0.45702496 0.47508945 0.39693445 0.45000532 0.44589633  0.47476172 0.42761975 0.50206904 0.41641874
0.00039479 0.36283831 0.35232302 0.39930133 0.34523319 0.50234819  0.48417291 0.45702496 0.47508945 0.39693445 0.45000532 0.44589633  0.47476172 0.42761975 0.50206904 0.41641874
0.00039479 0.36283831 0.35232302 0.39930133 0.34523319 0.50234819  0.48417291 0.45702496 0.47508945 0.39693445 0.45000532 0.44589633  0.47476172 0.42761975 0.50206904 0.41641874
0.00039479 0.36283831 0.35232302 0.39930133 0.34523319 0.50234819  0.48417291 0.45702496 0.47508945 0.39693445 0.45000532 0.44589633  0.47476172 0.42761975 0.50206904 0.41641874
0.00039479 0.36283831 0.35232302 0.39930133 0.34523319 0.50234819  0.48417291 0.45702496 0.47508945 0.39693445 0.45000532 0.44589633  0.47476172 0.42761975 0.50206904 0.41641874
0.00039479 0.36283831 0.35232302 0.39930133 0.34523319 0.50234819  0.48417291 0.45702496 0.47508945 0.39693445 0.45000532 0.44589633  0.47476172 0.42761975 0.50206904 0.41641874
0.00039479 0.36283831 0.35232302 0.39930133 0.34523319 0.50234819  0.48417291 0.45702496 0.47508945 0.39693445 0.45000532 0.44589633  0.47476172 0.42761975 0.50206904 0.41641874
0.00039479 0.36283831 0.35232302 0.39930133 0.34523319 0.50234819  0.48417291 0.45702496 0.47508945 0.39693445 0.45000532 0.44589633  0.47476172 0.42761975 0.50206904 0.41641874
0.00039479 0.36283831 0.35232302 0.39930133 0.34523319 0.50234819  0.48417291 0.45702496 0.47508945 0.39693445 0.45000532 0.44589633  0.47476172 0.42761975 0.50206904 0.41641874
0.00039479 0.36283831 0.35232302 0.39930133 0.34523319 0.50234819  0.48417291 0.45702496 0.47508945 0.39693445 0.45000532 0.44589633  0.47476172 0.42761975 0.50206904 0.41641874
0.00039479 0.36283831 0.35232302 0.39930133 0.34523319 0.50234819  0.48417291 0.45702496 0.47508945 0.39693445 0.45000532 0.44589633  0.47476172 0.42761975 0.50206904 0.41641874
0.00039479 0.36283831 0.35232302 0.39930133 0.34523319 0.50234819  0.48417291 0.45702496 0.47508945 0.39693445 0.45000532 0.44589633  0.47476172 0.42761975 0.50206904 0.41641874
0.00039479 0.36283831 0.35232302 0.39930133 0.34523319 0.50234819  0.48417291 0.45702496 0.47508945 0.39693445 0.45000532 0.44589633  0.47476172 0.42761975 0.50206904 0.41641874
0.00039479 0.36283831 0.35232302 0.39930133 0.34523319 0.50234819  0.48417291 0.45702496 0.47508945 0.39693445 0.45000532 0.44589633  0.47476172 0.42761975 0.50206904 0.41641874
0.00039479 0.36283831 0.35232302 0.39930133 0.34523319 0.50234819  0.48417291 0.45702496 0.47508945 0.39693445 0.45000532 0.44589633  0.47476172 0.42761975 0.50206904 0.41641874
0.00039479 0.36283831 0.35232302 0.39930133 0.34523319 0.50234819  0.48417291 0.45702496 0.47508945 0.39693445 0.45000532 0.44589633  0.47476172 0.42761975 0.50206904 0.41641874
0.00039479 0.36283831 0.35232302 0.39930133 0.34523319 0.50234819  0.48417291 0.45702496 0.47508945 0.39693445 0.45000532 0.44589633  0.47476172 0.42761975 0.50206904 0.41641874
0.00039479 0.36283831 0.35232302 0.39930133 0.34523319 0.50234819  0.48417291 0.45702496 0.47508945 0.39693445 0.45000532 0.44589633  0.47476172 0.42761975 0.50206904 0.41641874
0.00039479 0.36283831 0.35232302 0.39930133 0.34523319 0.50234819  0.48417291 0.45702496 0.47508945 0.39693445 0.45000532 0.44589633  0.47476172 0.42761975 0.50206904 0.41641874
0.00039479 0.36283831 0.35232302 0.39930133 0.34523319 0.50234819  0.48417291 0.45702496 0.47508945 0.39693445 0.45000532 0.44589633  0.47476172 0.42761975 0.50206904 0.41641874
0.01779563 0.38669558 0.33863985 0.42004769 0.35385851 0.46460162  0.48109267 0.47190843 0.43452283 0.38595027 0.3992976  0.44733029  0.52908455 0.38078184 0.39373238 0.44873962
0.01779563 0.38669558 0.33863985 0.42004769 0.35385851 0.46460162  0.48109267 0.47190843 0.43452283 0.38595027 0.3992976  0.44733029  0.52908455 0.38078184 0.39373238 0.44873962
0.07072036 0.46614656 0.29703087 0.49537801 0.38589877 0.36790454  0.42476719 0.52354981 0.41109396 0.37319006 0.31579528 0.455873  0.64330505 0.37971972 0.35247623 0.50905457
0.12459746 0.54515415 0.25607956 0.56609884 0.41368336 0.28803295  0.37147083 0.56583291 0.40867482 0.36207347 0.27427045 0.45890045  0.70689224 0.39242581 0.3523091  0.52595864
0.18063593 0.60342069 0.22084533 0.58335561 0.42241336 0.27227768  0.41596666 0.52793748 0.35450071 0.3740754  0.2962911  0.46213897  0.54160939 0.34480237 0.33611192 0.45846282
0.2178747  0.64958461 0.19845256 0.60744983 0.42518022 0.28032848  0.3981638  0.52509528 0.40740276 0.37238748 0.38156648 0.44732128  0.46672075 0.38023959 0.40560422 0.39319363
0.2178747  0.64958461 0.19845256 0.60744983 0.42518022 0.28032848  0.3981638  0.52509528 0.40740276 0.37238748 0.38156648 0.44732128  0.46672075 0.38023959 0.40560422 0.39319363
0.23632614 0.67300531 0.18704267 0.62240625 0.42725943 0.27918869  0.38143489 0.53191793 0.43963979 0.36891582 0.4182934  0.44009295  0.45226154 0.4113972  0.45614753 0.3606732 
0.27206149 0.7233345  0.16116831 0.66467956 0.44402897 0.23411613  0.3482491  0.55788121 0.44792144 0.35935034 0.40852476 0.4390451  0.48856389 0.44094993 0.48686699 0.35394452
0.2905891  0.74350638 0.15382504 0.67461803 0.43475786 0.26801415  0.32752409 0.54218014 0.48558686 0.39258504 0.41411807 0.45543131  0.42393328 0.44464253 0.57446973 0.36941585
0.3096006  0.75888425 0.14743648 0.66666134 0.42476793 0.30648061  0.33841456 0.52775907 0.51323169 0.38782252 0.48224562 0.44034132  0.39502861 0.4379348  0.54581215 0.34446138
0.38375237 0.79220596 0.14941438 0.62217944 0.34184407 0.55484888  0.30668704 0.44861513 0.60549894 0.47661071 0.44089754 0.48013191  0.43478307 0.39757684 0.53822768 0.48481517
0.44040188 0.82034229 0.13390782 0.56752468 0.31175412 0.65393346  0.39916614 0.40180063 0.59057552 0.45478735 0.55829857 0.44628621  0.39278733 0.34402745 0.40483746 0.43352958
0.47983441 0.82481896 0.21005857 0.50281307 0.36346438 0.76386882  0.29855251 0.45616001 0.53097134 0.4766473  0.40599429 0.46801703  0.4799644  0.32520597 0.29027771 0.39841811
0.58503524 0.94106315 0.63574292 0.44079797 0.60259776 0.77405031  0.30071095 0.33699923 0.4407824  0.29698715 0.38948178 0.3713364  0.49135766 0.38603648 0.21878631 0.32883624
0.63673824 0.90262106 0.73735675 0.4767334  0.57933991 0.71447347  0.4079559  0.38636217 0.42296529 0.42025691 0.4984877  0.42620312  0.72958845 0.32370094 0.38050668 0.15975925
0.63673824 0.90262106 0.73735675 0.4767334  0.57933991 0.71447347  0.4079559  0.38636217 0.42296529 0.42025691 0.4984877  0.42620312  0.72958845 0.32370094 0.38050668 0.15975925
0.6910554  0.87191973 0.73168872 0.35014418 0.61607987 0.66696394  0.57417706 0.44798875 0.40164069 0.46415048 0.49385255 0.3810432  0.84945777 0.39250282 0.44627309 0.17962221
0.70825951 0.8690985  0.71773707 0.32658394 0.63015733 0.63666374  0.64765878 0.40776442 0.31694539 0.49654625 0.4200554  0.41262836  0.81691313 0.3692829  0.45766999 0.22241701
0.71110643 0.86441119 0.71386193 0.3672755  0.48850922 0.59875028  0.6796998  0.37197567 0.36046766 0.42280858 0.32733216 0.2745355  0.76591086 0.43653062 0.42702423 0.23245702
0.71110643 0.86441119 0.71386193 0.3672755  0.48850922 0.59875028  0.6796998  0.37197567 0.36046766 0.42280858 0.32733216 0.2745355  0.76591086 0.43653062 0.42702423 0.23245702
0.71110643 0.86441119 0.71386193 0.3672755  0.48850922 0.59875028  0.6796998  0.37197567 0.36046766 0.42280858 0.32733216 0.2745355  0.76591086 0.43653062 0.42702423 0.23245702
0.71386394 0.81402033 0.64175706 0.34798641 0.41335414 0.58052379  0.66711036 0.47923583 0.38118661 0.55308096 0.30562243 0.26746887  0.72547821 0.46383262 0.36308102 0.20558987
0.67306151 0.77081152 0.46088787 0.42729056 0.21657987 0.58587534  0.70264305 0.44695629 0.34272759 0.53638093 0.36002189 0.3440699  0.76543371 0.47209745 0.38181255 0.21911969
0.61765427 0.73149573 0.21514314 0.37610823 0.22239846 0.68609755  0.61625547 0.49141317 0.28702498 0.43878064 0.4016941  0.48074751  0.7419074  0.37424729 0.39380032 0.32936778
0.60863475 0.73118255 0.17942857 0.35132328 0.24178699 0.70727907  0.58960652 0.50755566 0.27651331 0.44710207 0.39141612 0.47098994  0.69545428 0.40560675 0.34831172 0.3445298 
0.56348734 0.7642965  0.13100261 0.3567271  0.27896904 0.7081317  0.58193414 0.50494316 0.39042092 0.43522554 0.39294224 0.45509741  0.59114729 0.35340423 0.34033081 0.49675441
0.56348734 0.7642965  0.13100261 0.3567271  0.27896904 0.7081317  0.58193414 0.50494316 0.39042092 0.43522554 0.39294224 0.45509741  0.59114729 0.35340423 0.34033081 0.49675441
0.52881402 0.78959914 0.11423107 0.41449294 0.31081036 0.66109549  0.60682525 0.40953235 0.40797795 0.4511486  0.46356904 0.45850945  0.48239467 0.35098142 0.38574781 0.47335388
0.51146511 0.79993663 0.10042651 0.43160372 0.33703057 0.62117098  0.64169506 0.38324518 0.42832268 0.44930576 0.54564566 0.45127321  0.43645501 0.36708524 0.42951453 0.47368495
0.49362571 0.81124581 0.1016175  0.47514645 0.3390896  0.61266162  0.60791633 0.33866394 0.42945969 0.47868133 0.51729227 0.46887136  0.35637887 0.33670351 0.41965302 0.46160683
0.49362571 0.81124581 0.1016175  0.47514645 0.3390896  0.61266162  0.60791633 0.33866394 0.42945969 0.47868133 0.51729227 0.46887136  0.35637887 0.33670351 0.41965302 0.46160683
0.47519548 0.81056876 0.09654784 0.49702408 0.36448215 0.55085511  0.61469541 0.33360884 0.42118648 0.47317538 0.54490054 0.46542886  0.29218941 0.35246694 0.45807609 0.42316772
0.47519548 0.81056876 0.09654784 0.49702408 0.36448215 0.55085511  0.61469541 0.33360884 0.42118648 0.47317538 0.54490054 0.46542886  0.29218941 0.35246694 0.45807609 0.42316772
0.47519548 0.81056876 0.09654784 0.49702408 0.36448215 0.55085511  0.61469541 0.33360884 0.42118648 0.47317538 0.54490054 0.46542886  0.29218941 0.35246694 0.45807609 0.42316772
0.45688719 0.80144088 0.09522911 0.50276301 0.38629372 0.48022438  0.63166906 0.37223548 0.39443541 0.4324371  0.58077569 0.44300822  0.29195173 0.35548991 0.43343301 0.37392031
0.43944547 0.80827878 0.10834238 0.5377525  0.37027299 0.50702251  0.55360345 0.39396718 0.44618841 0.41945709 0.59308769 0.43143085  0.29915405 0.34327217 0.40175661 0.36346089
0.43944547 0.80827878 0.10834238 0.5377525  0.37027299 0.50702251  0.55360345 0.39396718 0.44618841 0.41945709 0.59308769 0.43143085  0.29915405 0.34327217 0.40175661 0.36346089
0.43944547 0.80827878 0.10834238 0.5377525  0.37027299 0.50702251  0.55360345 0.39396718 0.44618841 0.41945709 0.59308769 0.43143085  0.29915405 0.34327217 0.40175661 0.36346089
0.43944547 0.80827878 0.10834238 0.5377525  0.37027299 0.50702251  0.55360345 0.39396718 0.44618841 0.41945709 0.59308769 0.43143085  0.29915405 0.34327217 0.40175661 0.36346089
0.43944547 0.80827878 0.10834238 0.5377525  0.37027299 0.50702251  0.55360345 0.39396718 0.44618841 0.41945709 0.59308769 0.43143085  0.29915405 0.34327217 0.40175661 0.36346089
0.40334436 0.80460479 0.12285463 0.58286797 0.37595784 0.48174344  0.46710441 0.44336238 0.51464293 0.39197487 0.64139114 0.40727923  0.29418271 0.38285263 0.43577543 0.3067368 
0.38476636 0.80404214 0.12808002 0.61669648 0.37872055 0.46591697  0.40990156 0.44454303 0.53931046 0.41345667 0.59628828 0.4278566  0.29084421 0.37917439 0.46403317 0.33191377
0.36587227 0.79504554 0.12960758 0.63436296 0.39705116 0.40951031  0.40342744 0.45029915 0.51109971 0.41625263 0.55231562 0.43837353  0.27097683 0.39454007 0.51246217 0.31853074
0.3473531  0.78052536 0.13249051 0.63356182 0.4144403  0.34998594  0.41787634 0.49011543 0.48206749 0.3709127  0.57415294 0.41392916  0.31551688 0.40074596 0.45783766 0.2792465 
0.32828533 0.76763445 0.13787814 0.64709288 0.42596792 0.31026171  0.39711911 0.50811761 0.46795564 0.37949602 0.51765635 0.42820043  0.32184623 0.41251202 0.50381303 0.29975061
0.32828533 0.76763445 0.13787814 0.64709288 0.42596792 0.31026171  0.39711911 0.50811761 0.46795564 0.37949602 0.51765635 0.42820043  0.32184623 0.41251202 0.50381303 0.29975061
0.29192122 0.72525145 0.15806765 0.62799822 0.4242206  0.30327909  0.41289763 0.50190973 0.43370377 0.38655446 0.47057417 0.44000743  0.31286191 0.39692373 0.50370675 0.30610465
0.25470887 0.69632936 0.17496926 0.63762821 0.43229172 0.26559997  0.3749181  0.53725226 0.4413144  0.36164626 0.42957013 0.43576211  0.45067489 0.41865392 0.45810314 0.33534409
0.25470887 0.69632936 0.17496926 0.63762821 0.43229172 0.26559997  0.3749181  0.53725226 0.4413144  0.36164626 0.42957013 0.43576211  0.45067489 0.41865392 0.45810314 0.33534409
0.19798855 0.63042582 0.20704437 0.61040696 0.4341506  0.24079384  0.38929766 0.54856643 0.36110775 0.37177948 0.27524573 0.46542195  0.57949838 0.36709838 0.36487578 0.47706324
0.14286009 0.57037153 0.24401234 0.58523733 0.41787638 0.28319411  0.34934951 0.57282104 0.43955922 0.36890871 0.29377474 0.46083072  0.68182441 0.41986637 0.42581821 0.51809744
0.07102051 0.46648761 0.29681783 0.49538875 0.38534053 0.36816237  0.42637893 0.52216562 0.40838993 0.37342912 0.31490181 0.45582256  0.6405316  0.37092096 0.3395245  0.50760399
0.05336775 0.43914143 0.31083182 0.46832666 0.37416152 0.39938838  0.45143619 0.50292086 0.40448693 0.37548598 0.33684065 0.45259001  0.60541605 0.3574237  0.32371238 0.49045415
0.01779563 0.38669558 0.33863985 0.42004769 0.35385851 0.46460162  0.48109267 0.47190843 0.43452283 0.38595027 0.3992976  0.44733029  0.52908455 0.38078184 0.39373238 0.44873962
0.00039479 0.36283831 0.35232302 0.39930133 0.34523319 0.50234819  0.48417291 0.45702496 0.47508945 0.39693445 0.45000532 0.44589633  0.47476172 0.42761975 0.50206904 0.41641874
0.00039479 0.36283831 0.35232302 0.39930133 0.34523319 0.50234819  0.48417291 0.45702496 0.47508945 0.39693445 0.45000532 0.44589633  0.47476172 0.42761975 0.50206904 0.41641874
0.00039479 0.36283831 0.35232302 0.39930133 0.34523319 0.50234819  0.48417291 0.45702496 0.47508945 0.39693445 0.45000532 0.44589633  0.47476172 0.42761975 0.50206904 0.41641874
0.00039479 0.36283831 0.35232302 0.39930133 0.34523319 0.50234819  0.48417291 0.45702496 0.47508945 0.39693445 0.45000532 0.44589633  0.47476172 0.42761975 0.50206904 0.41641874
0.00039479 0.36283831 0.35232302 0.39930133 0.34523319 0.50234819  0.48417291 0.45702496 0.47508945 0.39693445 0.45000532 0.44589633  0.47476172 0.42761975 0.50206904 0.41641874
0.00039479 0.36283831 0.35232302 0.39930133 0.34523319 0.50234819  0.48417291 0.45702496 0.47508945 0.39693445 0.45000532 0.44589633  0.47476172 0.42761975 0.50206904 0.41641874
0.00039479 0.36283831 0.35232302 0.39930133 0.34523319 0.50234819  0.48417291 0.45702496 0.47508945 0.39693445 0.45000532 0.44589633  0.47476172 0.42761975 0.50206904 0.41641874
0.00039479 0.36283831 0.35232302 0.39930133 0.34523319 0.50234819  0.48417291 0.45702496 0.47508945 0.39693445 0.45000532 0.44589633  0.47476172 0.42761975 0.50206904 0.41641874
0.00039479 0.36283831 0.35232302 0.39930133 0.34523319 0.50234819  0.48417291 0.45702496 0.47508945 0.39693445 0.45000532 0.44589633  0.47476172 0.42761975 0.50206904 0.41641874
0.00039479 0.36283831 0.35232302 0.39930133 0.34523319 0.50234819  0.48417291 0.45702496 0.47508945 0.39693445 0.45000532 0.44589633  0.47476172 0.42761975 0.50206904 0.41641874
0.00039479 0.36283831 0.35232302 0.39930133 0.34523319 0.50234819  0.48417291 0.45702496 0.47508945 0.39693445 0.45000532 0.44589633  0.47476172 0.42761975 0.50206904 0.41641874
0.00039479 0.36283831 0.35232302 0.39930133 0.34523319 0.50234819  0.48417291 0.45702496 0.47508945 0.39693445 0.45000532 0.44589633  0.47476172 0.42761975 0.50206904 0.41641874
0.00039479 0.36283831 0.35232302 0.39930133 0.34523319 0.50234819  0.48417291 0.45702496 0.47508945 0.39693445 0.45000532 0.44589633  0.47476172 0.42761975 0.50206904 0.41641874
0.00039479 0.36283831 0.35232302 0.39930133 0.34523319 0.50234819  0.48417291 0.45702496 0.47508945 0.39693445 0.45000532 0.44589633  0.47476172 0.42761975 0.50206904 0.41641874
0.00039479 0.36283831 0.35232302 0.39930133 0.34523319 0.50234819  0.48417291 0.45702496 0.47508945 0.39693445 0.45000532 0.44589633  0.47476172 0.42761975 0.50206904 0.41641874
0.00039479 0.36283831 0.35232302 0.39930133 0.34523319 0.50234819  0.48417291 0.45702496 0.47508945 0.39693445 0.45000532 0.44589633  0.47476172 0.42761975 0.50206904 0.41641874
0.00039479 0.36283831 0.35232302 0.39930133 0.34523319 0.50234819  0.48417291 0.45702496 0.47508945 0.39693445 0.45000532 0.44589633  0.47476172 0.42761975 0.50206904 0.41641874
0.00039479 0.36283831 0.35232302 0.39930133 0.34523319 0.50234819  0.48417291 0.45702496 0.47508945 0.39693445 0.45000532 0.44589633  0.47476172 0.42761975 0.50206904 0.41641874
0.00039479 0.36283831 0.35232302 0.39930133 0.34523319 0.50234819  0.48417291 0.45702496 0.47508945 0.39693445 0.45000532 0.44589633  0.47476172 0.42761975 0.50206904 0.41641874
