0.00039479 0.36283831 0.35232302 0.39930133 0.34523319 0.50234819  0.48417291 0.45702496 0.47508945 0.39693445 0.45000532 0.44589633  0.47476172 0.42761975 0.50206904 0.41641874
0.00039479 0.36283831 0.35232302 0.39930133 0.34523319 0.50234819  0.48417291 0.45702496 0.47508945 0.39693445 0.45000532 0.44589633  0.47476172 0.42761975 0.50206904 0.41641874
0.00039479 0.36283831 0.35232302 0.39930133 0.34523319 0.50234819  0.48417291 0.45702496 0.47508945 0.39693445 0.45000532 0.44589633  0.47476172 0.42761975 0.50206904 0.41641874
0.00039479 0.36283831 0.35232302 0.39930133 0.34523319 0.50234819  0.48417291 0.45702496 0.47508945 0.39693445 0.45000532 0.44589633  0.47476172 0.42761975 0.50206904 0.41641874
0.00039479 0.36283831 0.35232302 0.39930133 0.34523319 0.50234819  0.48417291 0.45702496 0.47508945 0.39693445 0.45000532 0.44589633  0.47476172 0.42761975 0.50206904 0.41641874
0.00039479 0.36283831 0.35232302 0.39930133 0.34523319 0.50234819  0.48417291 0.45702496 0.47508945 0.39693445 0.45000532 0.44589633  0.47476172 0.42761975 0.50206904 0.41641874
0.00039479 0.36283831 0.35232302 0.39930133 0.34523319 0.50234819  0.48417291 0.45702496 0.47508945 0.39693445 0.45000532 0.44589633  0.47476172 0.42761975 0.50206904 0.41641874
0.00039479 0.36283831 0.35232302 0.39930133 0.34523319 0.50234819  0.48417291 0.45702496 0.47508945 0.39693445 0.45000532 0.44589633  0.47476172 0.42761975 0.50206904 0.41641874
0.00039479 0.36283831 0.35232302 0.39930133 0.34523319 0.50234819  0.48417291 0.45702496 0.47508945 0.39693445 0.45000532 0.44589633  0.47476172 0.42761975 0.50206904 0.41641874
0.00039479 0.36283831 0.35232302 0.39930133 0.34523319 0.50234819  0.48417291 0.45702496 0.47508945 0.39693445 0.45000532 0.44589633  0.47476172 0.42761975 0.50206904 0.41641874
0.00039479 0.36283831 0.35232302 0.39930133 0.34523319 0.50234819  0.48417291 0.45702496 0.47508945 0.39693445 0.45000532 0.44589633  0.47476172 0.42761975 0.50206904 0.41641874
0.00039479 0.36283831 0.35232302 0.39930133 0.34523319 0.50234819  0.48417291 0.45702496 0.47508945 0.39693445 0.45000532 0.44589633  0.47476172 0.42761975 0.50206904 0.41641874
0.00039479 0.36283831 0.35232302 0.39930133 0.34523319 0.50234819  0.48417291 0.45702496 0.47508945 0.39693445 0.45000532 0.44589633  0.47476172 0.42761975 0.50206904 0.41641874
0.00039479 0.36283831 0.35232302 0.39930133 0.34523319 0.50234819  0.48417291 0.45702496 0.47508945 0.39693445 0.45000532 0.44589633  0.47476172 0.42761975 0.50206904 0.41641874
0.00039479 0.36283831 0.35232302 0.39930133 0.34523319 0.50234819  0.48417291 0.45702496 0.47508945 0.39693445 0.45000532 0.44589633  0.47476172 0.42761975 0.50206904 0.41641874
0.00039479 0.36283831 0.35232302 0.39930133 0.34523319 0.50234819  0.48417291 0.45702496 0.47508945 0.39693445 0.45000532 0.44589633  0.47476172 0.42761975 0.50206904 0.41641874
0.00039479 0.36283831 0.35232302 0.39930133 0.34523319 0.50234819  0.48417291 0.45702496 0.47508945 0.39693445 0.45000532 0.44589633  0.47476172 0.42761975 0.50206904 0.41641874
0.00039479 0.36283831 0.35232302 0.39930133 0.34523319 0.50234819  0.48417291 0.45702496 0.47508945 0.39693445 0.45000532 0.44589633  0.47476172 0.42761975 0.50206904 0.41641874
0.00039479 0.36283831 0.35232302 0.39930133 0.34523319 0.50234819  0.48417291 0.45702496 0.47508945 0.39693445 0.45000532 0.44589633  0.47476172 0.42761975 0.50206904 0.41641874
0.00039479 0.36283831 0.35232302 0.39930133 0.34523319 0.50234819  0.48417291 0.45702496 0.47508945 0.39693445 0.45000532 0.44589633  0.47476172 0.42761975 0.50206904 0.41641874
0.00039479 0.36283831 0.35232302 0.39930133 0.34523319 0.50234819  0.48417291 0.45702496 0.47508945 0.39693445 0.45000532 0.44589633  0.47476172 0.42761975 0.50206904 0.41641874
0.00039479 0.36283831 0.35232302 0.39930133 0.34523319 0.50234819  0.48417291 0.45702496 0.47508945 0.39693445 0.45000532 0.44589633  0.47476172 0.42761975 0.50206904 0.41641874
0.00039479 0.36283831 0.35232302 0.39930133 0.34523319 0.50234819  0.48417291 0.45702496 0.47508945 0.39693445 0.45000532 0.44589633  0.47476172 0.42761975 0.50206904 0.41641874
0.00039479 0.36283831 0.35232302 0.39930133 0.34523319 0.50234819  0.48417291 0.45702496 0.47508945 0.39693445 0.45000532 0.44589633  0.47476172 0.42761975 0.50206904 0.41641874
0.00039479 0.36283831 0.35232302 0.39930133 0.34523319 0.50234819  0.48417291 0.45702496 0.47508945 0.39693445 0.45000532 0.44589633  0.47476172 0.42761975 0.50206904 0.41641874
0.00039479 0.36283831 0.35232302 0.39930133 0.34523319 0.50234819  0.48417291 0.45702496 0.47508945 0.39693445 0.45000532 0.44589633  0.47476172 0.42761975 0.50206904 0.41641874
0.00039479 0.36283831 0.35232302 0.39930133 0.34523319 0.50234819  0.48417291 0.45702496 0.47508945 0.39693445 0.45000532 0.44589633  0.47476172 0.42761975 0.50206904 0.41641874
0.00039479 0.36283831 0.35232302 0.39930133 0.34523319 0.50234819  0.48417291 0.45702496 0.47508945 0.39693445 0.45000532 0.44589633  0.47476172 0.42761975 0.50206904 0.41641874
0.00039479 0.36283831 0.35232302 0.39930133 0.34523319 0.50234819  0.48417291 0.45702496 0.47508945 0.39693445 0.45000532 0.44589633  0.47476172 0.42761975 0.50206904 0.41641874
0.00039479 0.36283831 0.35232302 0.39930133 0.34523319 0.50234819  0.48417291 0.45702496 0.47508945 0.39693445 0.45000532 0.44589633  0.47476172 0.42761975 0.50206904 0.41641874
0.00039479 0.36283831 0.35232302 0.39930133 0.34523319 0.50234819  0.48417291 0.45702496 0.47508945 0.39693445 0.45000532 0.44589633  0.47476172 0.42761975 0.50206904 0.41641874
0.00039479 0.36283831 0.35232302 0.39930133 0.34523319 0.50234819  0.48417291 0.45702496 0.47508945 0.39693445 0.45000532 0.44589633  0.47476172 0.42761975 0.50206904 0.41641874
0.00039479 0.36283831 0.35232302 0.39930133 0.34523319 0.50234819  0.48417291 0.45702496 0.47508945 0.39693445 0.45000532 0.44589633  0.47476172 0.42761975 0.50206904 0.41641874
0.00039479 0.36283831 0.35232302 0.39930133 0.34523319 0.50234819  0.48417291 0.45702496 0.47508945 0.39693445 0.45000532 0.44589633  0.47476172 0.42761975 0.50206904 0.41641874
0.00039479 0.36283831 0.35232302 0.39930133 0.34523319 0.50234819  0.48417291 0.45702496 0.47508945 0.39693445 0.45000532 0.44589633  0.47476172 0.42761975 0.50206904 0.41641874
0.00039479 0.36283831 0.35232302 0.39930133 0.34523319 0.50234819  0.48417291 0.45702496 0.47508945 0.39693445 0.45000532 0.44589633  0.47476172 0.42761975 0.50206904 0.41641874
0.00039479 0.36283831 0.35232302 0.39930133 0.34523319 0.50234819  0.48417291 0.45702496 0.47508945 0.39693445 0.45000532 0.44589633  0.47476172 0.42761975 0.50206904 0.41641874
0.00039479 0.36283831 0.35232302 0.39930133 0.34523319 0.50234819  0.48417291 0.45702496 0.47508945 0.39693445 0.45000532 0.44589633  0.47476172 0.42761975 0.50206904 0.41641874
0.00039479 0.36283831 0.35232302 0.39930133 0.34523319 0.50234819  0.48417291 0.45702496 0.47508945 0.39693445 0.45000532 0.44589633  0.47476172 0.42761975 0.50206904 0.41641874
0.01790387 0.3898545  0.33817562 0.42642862 0.35681041 0.46717525  0.46152885 0.47694295 0.46991849 0.39350101 0.41724602 0.4497633  0.51968443 0.43336993 0.49846349 0.44236435
0.12769562 0.52818277 0.27703411 0.51615065 0.37332539 0.4702886  0.35096097 0.4875748  0.56682656 0.4327964  0.42274946 0.50772979  0.46428176 0.52505559 0.66148284 0.55033834
0.34685953 0.73789217 0.18283617 0.59293564 0.33896224 0.55262545  0.29533966 0.4648349  0.5382245  0.48669588 0.34469495 0.53595265  0.3880579  0.37448811 0.4500759  0.59174575
0.47625397 0.78187541 0.17359604 0.4813562  0.26147099 0.77031321  0.38526002 0.45637324 0.51146871 0.43202174 0.44428026 0.48635698  0.45435392 0.2900231  0.29241439 0.50112439
0.56450701 0.76835399 0.13572529 0.35319617 0.28906878 0.71341111  0.57559932 0.51044899 0.37845218 0.41842701 0.40538201 0.49484763  0.55980745 0.33238845 0.35601335 0.55911877
0.64820596 0.69750928 0.2361405  0.30699681 0.23215277 0.62434395  0.62075879 0.59682083 0.28963626 0.44175164 0.54486969 0.59963486  0.66819876 0.49954886 0.46418495 0.55666492
0.70910761 0.60281531 0.27466075 0.26298085 0.16707371 0.5888048  0.50332025 0.76412559 0.23610692 0.47564367 0.4554624  0.59266829  0.44178965 0.36354891 0.5505549  0.45133454
0.73885291 0.5402797  0.26431298 0.21657376 0.18506117 0.5327029  0.47199998 0.70060713 0.32170015 0.4463666  0.41588441 0.61979792  0.46142121 0.49222844 0.56938864 0.45967706
0.7535432  0.51090755 0.25734896 0.19787412 0.19304299 0.51582463  0.46430288 0.63096564 0.35171235 0.45638056 0.34836259 0.64911709  0.47867249 0.5665058  0.62966779 0.46663944
0.79087647 0.40143465 0.2291532  0.20234111 0.23580563 0.44777777  0.36532623 0.48752466 0.45819365 0.41878975 0.39930194 0.57292925  0.49872655 0.45861936 0.41634972 0.31059584
0.80330553 0.36846883 0.21752673 0.20568168 0.25529689 0.44248666  0.3399415  0.40315336 0.47413487 0.4211431  0.35636321 0.58005443  0.52196325 0.42479763 0.4273152  0.28218488
0.80330553 0.36846883 0.21752673 0.20568168 0.25529689 0.44248666  0.3399415  0.40315336 0.47413487 0.4211431  0.35636321 0.58005443  0.52196325 0.42479763 0.4273152  0.28218488
0.80330553 0.36846883 0.21752673 0.20568168 0.25529689 0.44248666  0.3399415  0.40315336 0.47413487 0.4211431  0.35636321 0.58005443  0.52196325 0.42479763 0.4273152  0.28218488
0.82711828 0.28372989 0.21691727 0.33373567 0.2895388  0.46301309  0.34398777 0.40083631 0.39092502 0.48592935 0.50577253 0.50854279  0.54261225 0.44427295 0.40459886 0.47364575
0.83487948 0.25362548 0.20959044 0.37718072 0.31629732 0.49705897  0.33707438 0.3950897  0.34734393 0.48008485 0.50577955 0.45266205  0.55957839 0.42190863 0.46053074 0.49368525
0.8257318  0.2481329  0.17231615 0.35941497 0.3396509  0.50778292  0.33702901 0.42286476 0.35700749 0.5079588  0.48922776 0.43831415  0.52312913 0.37725225 0.4910162  0.47611567
0.81435162 0.25312454 0.13782594 0.33264085 0.37000287 0.52323327  0.3368708  0.43729559 0.39220012 0.48759121 0.44815954 0.40404938  0.47680677 0.32252523 0.51599815 0.51136424
0.80597654 0.27848405 0.13072463 0.29549275 0.38123144 0.54791665  0.32335429 0.43335838 0.38698557 0.43317764 0.34969657 0.37265765  0.46405383 0.30590799 0.5547875  0.42910002
0.7936518  0.29312995 0.10307106 0.26938851 0.41106786 0.56871313  0.329173   0.42756977 0.43430768 0.38351315 0.3044947  0.3436208  0.4802556  0.26615792 0.54916196 0.46545985
0.7703736  0.3360168  0.08152931 0.21525825 0.41485081 0.53623807  0.37655758 0.42348591 0.52435947 0.3489195  0.30998375 0.38748171  0.49115325 0.2488308  0.62804216 0.45167321
0.73234073 0.41757827 0.06835205 0.19980431 0.41221895 0.53519924  0.44133378 0.30944049 0.6032661  0.3142071  0.3308794  0.42475449  0.65155591 0.3564084  0.53129536 0.4333273 
0.64605217 0.55619117 0.04620898 0.23890947 0.43075476 0.47931506  0.59959454 0.15682909 0.64254693 0.34963116 0.4387799  0.47916506  0.67699464 0.55479038 0.55347613 0.42095693
0.47922685 0.67349413 0.0685559  0.43672335 0.46771106 0.30552621  0.65480152 0.22423264 0.40872566 0.38553984 0.42010482 0.48127991  0.42384087 0.53532704 0.59686194 0.30431916
0.3069406  0.69900486 0.13595492 0.57160495 0.47324793 0.1819387  0.5752299  0.46946107 0.23396006 0.39987129 0.32109942 0.47729508  0.39009376 0.37336736 0.43739786 0.39500839
0.16056167 0.55061472 0.23223508 0.52564365 0.42839769 0.26257315  0.50577459 0.48312185 0.26719094 0.40459316 0.21222094 0.49304116  0.54088959 0.34681668 0.3681436  0.51134194
0.10732207 0.50276571 0.27227412 0.50691984 0.39810894 0.33768808  0.46386691 0.49876709 0.34630862 0.38152381 0.29668021 0.46255429  0.53990532 0.34928263 0.33897897 0.4767264 
0.07094357 0.45154559 0.29904571 0.46552408 0.3818945  0.38466456  0.48501143 0.48080107 0.36279289 0.38962071 0.31837477 0.4623557  0.52144003 0.36683386 0.38027702 0.47378505
0.07195542 0.45302109 0.29904743 0.46264927 0.38129708 0.38479225  0.48392063 0.48237317 0.36206096 0.38879885 0.31199258 0.48076935  0.488522   0.38886971 0.35504529 0.53106683
0.07195542 0.45302109 0.29904743 0.46264927 0.38129708 0.38479225  0.48392063 0.48237317 0.36206096 0.38879885 0.31199258 0.48076935  0.488522   0.38886971 0.35504529 0.53106683
0.09027089 0.47881155 0.28593648 0.48289335 0.38878572 0.36785607  0.46978853 0.48924475 0.37044163 0.38773281 0.31999567 0.47957518  0.47557849 0.40042679 0.3801617  0.51823927
0.12598668 0.53158738 0.25826186 0.53110711 0.40869052 0.30658976  0.43771886 0.51958396 0.34947968 0.37864509 0.26835918 0.48420048  0.54210283 0.38481573 0.32955936 0.55115803
0.12598668 0.53158738 0.25826186 0.53110711 0.40869052 0.30658976  0.43771886 0.51958396 0.34947968 0.37864509 0.26835918 0.48420048  0.54210283 0.38481573 0.32955936 0.55115803
0.29145893 0.71031775 0.15309913 0.60178065 0.4609273  0.2111777  0.49359892 0.49570556 0.27691883 0.37000145 0.33068643 0.50392201  0.34074335 0.37133709 0.39089094 0.47936613
0.36508647 0.73968889 0.12169215 0.53467889 0.45197122 0.28501946  0.60882072 0.44415938 0.29637096 0.39376974 0.46264834 0.49332072  0.2304717  0.40811883 0.50184245 0.44797411
0.49184581 0.78567159 0.09361475 0.47351064 0.37616407 0.53641772  0.60343293 0.26848015 0.44240445 0.46629953 0.47465373 0.53295232  0.25288796 0.43693178 0.50352471 0.52494725
0.560749   0.73294746 0.08500021 0.34054435 0.36693701 0.57013583  0.67867209 0.27855403 0.47512046 0.42570929 0.44732387 0.53455147  0.46388205 0.56936    0.57334297 0.57997918
0.67275207 0.58485298 0.09648588 0.17093208 0.34538379 0.58344035  0.57888968 0.39687038 0.54658525 0.35011098 0.28190333 0.54786412  0.681505   0.57961857 0.60569862 0.59975615
0.72985246 0.46221053 0.09307024 0.12076198 0.36726128 0.51313566  0.45971582 0.40684878 0.60995197 0.34717996 0.25191811 0.55304138  0.5430104  0.42869147 0.57527968 0.54723673
0.75601286 0.39745429 0.0949703  0.1243417  0.36231494 0.47265901  0.38923526 0.4308543  0.61613988 0.35942278 0.28946208 0.51576845  0.42839886 0.31546134 0.50794874 0.46178475
0.77146479 0.38408928 0.11811037 0.13216276 0.33824144 0.48958514  0.34446583 0.44114274 0.56558123 0.37816312 0.24715914 0.52081856  0.42247536 0.30770001 0.45192535 0.39350549
0.77045293 0.38261378 0.11810865 0.13503757 0.33883886 0.48945744  0.34555663 0.43957064 0.56631317 0.37898498 0.25354133 0.50240491  0.4553934  0.28566417 0.47715708 0.3362237 
0.77045293 0.38261378 0.11810865 0.13503757 0.33883886 0.48945744  0.34555663 0.43957064 0.56631317 0.37898498 0.25354133 0.50240491  0.4553934  0.28566417 0.47715708 0.3362237 
0.80597654 0.27848405 0.13072463 0.29549275 0.38123144 0.54791665  0.32335429 0.43335838 0.38698557 0.43317764 0.34969657 0.37265765  0.46405383 0.30590799 0.5547875  0.42910002
0.81752262 0.26443122 0.15928704 0.32375747 0.36080635 0.52314005  0.33655654 0.4375888  0.35208603 0.48679247 0.38803795 0.39336084  0.48402986 0.31480988 0.61476714 0.36057237
0.82472977 0.23626683 0.15650437 0.3708641  0.3844452  0.54879143  0.33884369 0.43959421 0.3183137  0.50176375 0.40209294 0.3418997  0.47828352 0.34163684 0.61135262 0.42828068
0.82472977 0.23626683 0.15650437 0.3708641  0.3844452  0.54879143  0.33884369 0.43959421 0.3183137  0.50176375 0.40209294 0.3418997  0.47828352 0.34163684 0.61135262 0.42828068
0.83042372 0.2127894  0.15026851 0.415853   0.41417104 0.5884772  0.35619326 0.45121418 0.30156697 0.48606683 0.37324716 0.30655932  0.48492372 0.34639356 0.67635138 0.41294894
0.83042372 0.2127894  0.15026851 0.415853   0.41417104 0.5884772  0.35619326 0.45121418 0.30156697 0.48606683 0.37324716 0.30655932  0.48492372 0.34639356 0.67635138 0.41294894
0.83042372 0.2127894  0.15026851 0.415853   0.41417104 0.5884772  0.35619326 0.45121418 0.30156697 0.48606683 0.37324716 0.30655932  0.48492372 0.34639356 0.67635138 0.41294894
0.83532509 0.19143944 0.14633549 0.46256549 0.43879306 0.62520903  0.37834064 0.47371576 0.28709222 0.47269195 0.35367609 0.28998025  0.48687484 0.35847829 0.7178548  0.39702172
0.81145427 0.22013817 0.09011951 0.40819653 0.48905456 0.67078211  0.3709571  0.46369673 0.36931387 0.36941263 0.27013284 0.2402402  0.48310058 0.30982634 0.65224962 0.50190921
0.81145427 0.22013817 0.09011951 0.40819653 0.48905456 0.67078211  0.3709571  0.46369673 0.36931387 0.36941263 0.27013284 0.2402402  0.48310058 0.30982634 0.65224962 0.50190921
0.81537622 0.20344082 0.08762222 0.44582851 0.51047077 0.69919957  0.39586853 0.48477267 0.3774267  0.35938579 0.24306986 0.23433486  0.46590999 0.34861932 0.64853095 0.49091055
0.81537622 0.20344082 0.08762222 0.44582851 0.51047077 0.69919957  0.39586853 0.48477267 0.3774267  0.35938579 0.24306986 0.23433486  0.46590999 0.34861932 0.64853095 0.49091055
0.81537622 0.20344082 0.08762222 0.44582851 0.51047077 0.69919957  0.39586853 0.48477267 0.3774267  0.35938579 0.24306986 0.23433486  0.46590999 0.34861932 0.64853095 0.49091055
0.79502292 0.23815579 0.06841517 0.39129495 0.50992226 0.64554162  0.41849058 0.45198265 0.44246011 0.35402034 0.30494387 0.24586382  0.46988236 0.34429591 0.66305091 0.57511703
0.77249395 0.29406386 0.05757603 0.34778801 0.50628365 0.64457694  0.45660644 0.4167237  0.50875276 0.31492995 0.28962607 0.28770631  0.59305566 0.38236636 0.6488129  0.51391216
0.7576754  0.35208583 0.06647114 0.25608468 0.45746487 0.58926468  0.46117438 0.41476798 0.59145635 0.30543931 0.26143861 0.39315979  0.58593177 0.37776977 0.61329759 0.4190731 
0.7576754  0.35208583 0.06647114 0.25608468 0.45746487 0.58926468  0.46117438 0.41476798 0.59145635 0.30543931 0.26143861 0.39315979  0.58593177 0.37776977 0.61329759 0.4190731 
0.69673908 0.51033311 0.07549007 0.17223897 0.37854294 0.54181124  0.514598   0.26893977 0.6249669  0.33967367 0.28531019 0.49777304  0.74681904 0.50244848 0.51691819 0.43831534
0.63297619 0.59153558 0.05348946 0.24158776 0.41223229 0.50479612  0.63476359 0.20349309 0.60422963 0.37165934 0.41605394 0.49302748  0.68238069 0.59190425 0.62759022 0.45622864
0.63297619 0.59153558 0.05348946 0.24158776 0.41223229 0.50479612  0.63476359 0.20349309 0.60422963 0.37165934 0.41605394 0.49302748  0.68238069 0.59190425 0.62759022 0.45622864
0.6053938  0.65841562 0.06808867 0.26446823 0.38383536 0.55120216  0.68808908 0.29676084 0.52637376 0.40086854 0.43302704 0.48616438  0.66841173 0.57216212 0.67666865 0.4887789 
0.6053938  0.65841562 0.06808867 0.26446823 0.38383536 0.55120216  0.68808908 0.29676084 0.52637376 0.40086854 0.43302704 0.48616438  0.66841173 0.57216212 0.67666865 0.4887789 
0.59296473 0.69138144 0.07971514 0.26112765 0.3643441  0.55649327  0.71347382 0.38113214 0.51043254 0.39851518 0.47596577 0.4790392  0.64517503 0.60598385 0.66570318 0.51718986
0.59296473 0.69138144 0.07971514 0.26112765 0.3643441  0.55649327  0.71347382 0.38113214 0.51043254 0.39851518 0.47596577 0.4790392  0.64517503 0.60598385 0.66570318 0.51718986
0.59296473 0.69138144 0.07971514 0.26112765 0.3643441  0.55649327  0.71347382 0.38113214 0.51043254 0.39851518 0.47596577 0.4790392  0.64517503 0.60598385 0.66570318 0.51718986
0.57617405 0.71259532 0.08342786 0.30406862 0.35776325 0.57297053  0.69376748 0.34015746 0.48680885 0.42027373 0.45762965 0.48360427  0.58714577 0.57490161 0.59688203 0.50315318
0.51122529 0.79950986 0.09455724 0.43195576 0.3493868  0.5994669  0.66683861 0.34610602 0.416032   0.46732754 0.53386627 0.462384  0.40329739 0.37544479 0.47961754 0.45658068
0.49362571 0.81124581 0.1016175  0.47514645 0.3390896  0.61266162  0.60791633 0.33866394 0.42945969 0.47868133 0.51729227 0.46887136  0.35637887 0.33670351 0.41965302 0.46160683
0.45775376 0.81740666 0.10966112 0.53201358 0.34846142 0.57765323  0.53662979 0.35534054 0.47293948 0.46019537 0.55721253 0.45385149  0.29939173 0.3402492  0.42639969 0.4127083 
0.42197165 0.81966524 0.12883817 0.58940231 0.33714667 0.59212695  0.40594522 0.39674552 0.58230231 0.4492814  0.58590683 0.4428437  0.32859787 0.35979088 0.44326054 0.39509047
0.30903383 0.74383038 0.16433424 0.65445828 0.39052487 0.41175797  0.30261831 0.45840288 0.53969553 0.48593281 0.34512886 0.50662715  0.38121755 0.42815695 0.65178171 0.48327659
0.19911684 0.61116777 0.23895154 0.57829061 0.35788404 0.50203435  0.28445309 0.46400845 0.63269447 0.49939347 0.36648955 0.5097331  0.46072999 0.51533223 0.80510908 0.53440578
0.05351912 0.44207702 0.31230744 0.47261846 0.37274067 0.43085257  0.41273853 0.50456002 0.50740993 0.39804033 0.41570494 0.45497655  0.53250559 0.48310651 0.60073645 0.45310357
0.0177474  0.38984345 0.33852207 0.42635267 0.35697043 0.47086435  0.45750391 0.47765391 0.48169648 0.39463854 0.42895995 0.44917931  0.51265071 0.44991576 0.53083289 0.43501917
0.00702843 0.39546326 0.41914116 0.34911903 0.51020488 0.5391271  0.44683996 0.45765873 0.45474481 0.44013006 0.46625295 0.46032618  0.49873599 0.44213183 0.47605408 0.35109102
0.00988161 0.41654435 0.46462192 0.30215694 0.69747956 0.59508871  0.386293   0.47131551 0.39067182 0.45375378 0.59607671 0.65183343  0.53366191 0.37543834 0.49978706 0.41679843
0.01283213 0.42907978 0.49046591 0.28646188 0.74447824 0.60401333  0.37537505 0.46977194 0.3822344  0.44882987 0.59129343 0.64636946  0.52083804 0.37486883 0.50581611 0.39638425
0.01283213 0.42907978 0.49046591 0.28646188 0.74447824 0.60401333  0.37537505 0.46977194 0.3822344  0.44882987 0.59129343 0.64636946  0.52083804 0.37486883 0.50581611 0.39638425
0.01283213 0.42907978 0.49046591 0.28646188 0.74447824 0.60401333  0.37537505 0.46977194 0.3822344  0.44882987 0.59129343 0.64636946  0.52083804 0.37486883 0.50581611 0.39638425
0.01283213 0.42907978 0.49046591 0.28646188 0.74447824 0.60401333  0.37537505 0.46977194 0.3822344  0.44882987 0.59129343 0.64636946  0.52083804 0.37486883 0.50581611 0.39638425
0.01074374 0.41337232 0.45685388 0.32007774 0.60956483 0.56200262  0.42106112 0.45875489 0.43131156 0.44459951 0.49398824 0.5033421  0.50412936 0.42314956 0.48663913 0.3400317 
0.00702843 0.39546326 0.41914116 0.34911903 0.51020488 0.5391271  0.44683996 0.45765873 0.45474481 0.44013006 0.46625295 0.46032618  0.49873599 0.44213183 0.47605408 0.35109102
0.00039479 0.36283831 0.35232302 0.39930133 0.34523319 0.50234819  0.48417291 0.45702496 0.47508945 0.39693445 0.45000532 0.44589633  0.47476172 0.42761975 0.50206904 0.41641874
0.00039479 0.36283831 0.35232302 0.39930133 0.34523319 0.50234819  0.48417291 0.45702496 0.47508945 0.39693445 0.45000532 0.44589633  0.47476172 0.42761975 0.50206904 0.41641874
0.00039479 0.36283831 0.35232302 0.39930133 0.34523319 0.50234819  0.48417291 0.45702496 0.47508945 0.39693445 0.45000532 0.44589633  0.47476172 0.42761975 0.50206904 0.41641874
0.00039479 0.36283831 0.35232302 0.39930133 0.34523319 0.50234819  0.48417291 0.45702496 0.47508945 0.39693445 0.45000532 0.44589633  0.47476172 0.42761975 0.50206904 0.41641874
0.00039479 0.36283831 0.35232302 0.39930133 0.34523319 0.50234819  0.48417291 0.45702496 0.47508945 0.39693445 0.45000532 0.44589633  0.47476172 0.42761975 0.50206904 0.41641874
0.00039479 0.36283831 0.35232302 0.39930133 0.34523319 0.50234819  0.48417291 0.45702496 0.47508945 0.39693445 0.45000532 0.44589633  0.47476172 0.42761975 0.50206904 0.41641874
0.00039479 0.36283831 0.35232302 0.39930133 0.34523319 0.50234819  0.48417291 0.45702496 0.47508945 0.39693445 0.45000532 0.44589633  0.47476172 0.42761975 0.50206904 0.41641874
0.00039479 0.36283831 0.35232302 0.39930133 0.34523319 0.50234819  0.48417291 0.45702496 0.47508945 0.39693445 0.45000532 0.44589633  0.47476172 0.42761975 0.50206904 0.41641874
0.00039479 0.36283831 0.35232302 0.39930133 0.34523319 0.50234819  0.48417291 0.45702496 0.47508945 0.39693445 0.45000532 0.44589633  0.47476172 0.42761975 0.50206904 0.41641874
0.00039479 0.36283831 0.35232302 0.39930133 0.34523319 0.50234819  0.48417291 0.45702496 0.47508945 0.39693445 0.45000532 0.44589633  0.47476172 0.42761975 0.50206904 0.41641874
0.00039479 0.36283831 0.35232302 0.39930133 0.34523319 0.50234819  0.48417291 0.45702496 0.47508945 0.39693445 0.45000532 0.44589633  0.47476172 0.42761975 0.50206904 0.41641874
0.00039479 0.36283831 0.35232302 0.39930133 0.34523319 0.50234819  0.48417291 0.45702496 0.47508945 0.39693445 0.45000532 0.44589633  0.47476172 0.42761975 0.50206904 0.41641874
0.05351912 0.44207702 0.31230744 0.47261846 0.37274067 0.43085257  0.41273853 0.50456002 0.50740993 0.39804033 0.41570494 0.45497655  0.53250559 0.48310651 0.60073645 0.45310357
0.18019824 0.61339065 0.22668937 0.60664306 0.40620169 0.34016986  0.30176864 0.55861814 0.56220837 0.40532156 0.39661295 0.46385716  0.54644752 0.51221284 0.68474584 0.45845593
0.23476218 0.6886814  0.1873013  0.66667202 0.42877097 0.27141515  0.269237   0.58962159 0.5418727  0.38683453 0.3690882  0.46105598  0.59724024 0.49718258 0.62285176 0.44932239
0.3096006  0.75888425 0.14743648 0.66666134 0.42476793 0.30648061  0.33841456 0.52775907 0.51323169 0.38782252 0.48224562 0.44034132  0.39502861 0.4379348  0.54581215 0.34446138
0.38476636 0.80404214 0.12808002 0.61669648 0.37872055 0.46591697  0.40990156 0.44454303 0.53931046 0.41345667 0.59628828 0.4278566  0.29084421 0.37917439 0.46403317 0.33191377
0.40197047 0.80122092 0.11412836 0.59313625 0.39279801 0.43561678  0.48338328 0.40431869 0.45461516 0.44585244 0.52249113 0.45944177  0.25829957 0.35595448 0.47543007 0.37470857
0.47519548 0.81056876 0.09654784 0.49702408 0.36448215 0.55085511  0.61469541 0.33360884 0.42118648 0.47317538 0.54490054 0.46542886  0.29218941 0.35246694 0.45807609 0.42316772
0.47519548 0.81056876 0.09654784 0.49702408 0.36448215 0.55085511  0.61469541 0.33360884 0.42118648 0.47317538 0.54490054 0.46542886  0.29218941 0.35246694 0.45807609 0.42316772
0.56324047 0.75110964 0.09211211 0.30418254 0.34843496 0.59677457  0.7318537  0.49777815 0.44141285 0.39386804 0.58813656 0.42747788  0.60811379 0.45263783 0.56700873 0.50068664
0.56324047 0.75110964 0.09211211 0.30418254 0.34843496 0.59677457  0.7318537  0.49777815 0.44141285 0.39386804 0.58813656 0.42747788  0.60811379 0.45263783 0.56700873 0.50068664
0.56324047 0.75110964 0.09211211 0.30418254 0.34843496 0.59677457  0.7318537  0.49777815 0.44141285 0.39386804 0.58813656 0.42747788  0.60811379 0.45263783 0.56700873 0.50068664
0.59296473 0.69138144 0.07971514 0.26112765 0.3643441  0.55649327  0.71347382 0.38113214 0.51043254 0.39851518 0.47596577 0.4790392  0.64517503 0.60598385 0.66570318 0.51718986
0.59296473 0.69138144 0.07971514 0.26112765 0.3643441  0.55649327  0.71347382 0.38113214 0.51043254 0.39851518 0.47596577 0.4790392  0.64517503 0.60598385 0.66570318 0.51718986
0.59296473 0.69138144 0.07971514 0.26112765 0.3643441  0.55649327  0.71347382 0.38113214 0.51043254 0.39851518 0.47596577 0.4790392  0.64517503 0.60598385 0.66570318 0.51718986
0.60767606 0.65920188 0.07480033 0.23907581 0.37440424 0.52379441  0.69283633 0.36461821 0.55701828 0.37460493 0.48103675 0.48392667  0.64499663 0.65559472 0.64612161 0.51599154
0.60767606 0.65920188 0.07480033 0.23907581 0.37440424 0.52379441  0.69283633 0.36461821 0.55701828 0.37460493 0.48103675 0.48392667  0.64499663 0.65559472 0.64612161 0.51599154
0.48463719 0.69515077 0.07899138 0.38984005 0.44616077 0.31932669  0.71396498 0.35318518 0.39164743 0.35381092 0.49139694 0.45655658  0.48068032 0.5995305  0.59575797 0.34480824
0.34397006 0.72298822 0.11931964 0.55273286 0.47256443 0.19662538  0.61570384 0.47510307 0.24152956 0.37491783 0.40292919 0.44948936  0.37897305 0.4082032  0.45968343 0.33731099
0.27088288 0.69718922 0.15929006 0.62589737 0.45307413 0.21740466  0.42824761 0.51232254 0.36155152 0.39901567 0.32345087 0.47496109  0.45760589 0.41047329 0.49630829 0.42206842
0.08837313 0.49349274 0.28301688 0.52244009 0.39707778 0.33667853  0.39970993 0.54279457 0.41499696 0.3711332  0.29385644 0.45910554  0.67842059 0.39321697 0.36828835 0.52620442
0.00039479 0.36283831 0.35232302 0.39930133 0.34523319 0.50234819  0.48417291 0.45702496 0.47508945 0.39693445 0.45000532 0.44589633  0.47476172 0.42761975 0.50206904 0.41641874
0.00039479 0.36283831 0.35232302 0.39930133 0.34523319 0.50234819  0.48417291 0.45702496 0.47508945 0.39693445 0.45000532 0.44589633  0.47476172 0.42761975 0.50206904 0.41641874
0.00039479 0.36283831 0.35232302 0.39930133 0.34523319 0.50234819  0.48417291 0.45702496 0.47508945 0.39693445 0.45000532 0.44589633  0.47476172 0.42761975 0.50206904 0.41641874
0.00039479 0.36283831 0.35232302 0.39930133 0.34523319 0.50234819  0.48417291 0.45702496 0.47508945 0.39693445 0.45000532 0.44589633  0.47476172 0.42761975 0.50206904 0.41641874
0.00039479 0.36283831 0.35232302 0.39930133 0.34523319 0.50234819  0.48417291 0.45702496 0.47508945 0.39693445 0.45000532 0.44589633  0.47476172 0.42761975 0.50206904 0.41641874
0.00039479 0.36283831 0.35232302 0.39930133 0.34523319 0.50234819  0.48417291 0.45702496 0.47508945 0.39693445 0.45000532 0.44589633  0.47476172 0.42761975 0.50206904 0.41641874
0.00039479 0.36283831 0.35232302 0.39930133 0.34523319 0.50234819  0.48417291 0.45702496 0.47508945 0.39693445 0.45000532 0.44589633  0.47476172 0.42761975 0.50206904 0.41641874
0.00039479 0.36283831 0.35232302 0.39930133 0.34523319 0.50234819  0.48417291 0.45702496 0.47508945 0.39693445 0.45000532 0.44589633  0.47476172 0.42761975 0.50206904 0.41641874
0.00039479 0.36283831 0.35232302 0.39930133 0.34523319 0.50234819  0.48417291 0.45702496 0.47508945 0.39693445 0.45000532 0.44589633  0.47476172 0.42761975 0.50206904 0.41641874
0.00039479 0.36283831 0.35232302 0.39930133 0.34523319 0.50234819  0.48417291 0.45702496 0.47508945 0.39693445 0.45000532 0.44589633  0.47476172 0.42761975 0.50206904 0.41641874
0.00039479 0.36283831 0.35232302 0.39930133 0.34523319 0.50234819  0.48417291 0.45702496 0.47508945 0.39693445 0.45000532 0.44589633  0.47476172 0.42761975 0.50206904 0.41641874
0.00039479 0.36283831 0.35232302 0.39930133 0.34523319 0.50234819  0.48417291 0.45702496 0.47508945 0.39693445 0.45000532 0.44589633  0.47476172 0.42761975 0.50206904 0.41641874
0.00039479 0.36283831 0.35232302 0.39930133 0.34523319 0.50234819  0.48417291 0.45702496 0.47508945 0.39693445 0.45000532 0.44589633  0.47476172 0.42761975 0.50206904 0.41641874
0.19910632 0.64392012 0.20806949 0.63124733 0.43007904 0.27240918  0.31548994 0.57644158 0.50439675 0.36571327 0.39516867 0.44704302  0.58916685 0.49157513 0.56814883 0.41209038
0.3467117  0.73445668 0.15674355 0.55910955 0.39122291 0.4030958  0.40187197 0.61629171 0.5692815  0.29000156 0.65692337 0.35797118  0.63370296 0.46851196 0.38286951 0.33418377
0.41762611 0.69894788 0.13522125 0.40986671 0.40724191 0.38571429  0.57298388 0.68964824 0.53306445 0.21918716 0.75559759 0.3171797  0.7455445  0.54329442 0.47951756 0.31056165
0.45257287 0.679348   0.13582423 0.35522806 0.38785566 0.42210458  0.5722956  0.7370063  0.57252113 0.19607095 0.7879058  0.31178704  0.76490359 0.50400207 0.49543614 0.33677105
0.48573336 0.64719244 0.12956319 0.29389806 0.39798025 0.38126866  0.62794082 0.78790616 0.51759227 0.22600692 0.76206176 0.33301543  0.70262753 0.49403149 0.54783469 0.35930667
0.49813925 0.61182191 0.12305499 0.29834104 0.41398338 0.35768944  0.5904864  0.77338883 0.54251739 0.1989447  0.82475901 0.3084646  0.68258044 0.43211188 0.45381012 0.33225109
0.49813925 0.61182191 0.12305499 0.29834104 0.41398338 0.35768944  0.5904864  0.77338883 0.54251739 0.1989447  0.82475901 0.3084646  0.68258044 0.43211188 0.45381012 0.33225109
0.51666685 0.6319938  0.11571172 0.30827951 0.40471228 0.39158747  0.56976139 0.75768776 0.58018281 0.2321794  0.83035232 0.32485081  0.61794984 0.43580448 0.54141286 0.34772243
0.53308994 0.61222885 0.14059167 0.30106868 0.35421336 0.46311344  0.45602027 0.84523922 0.63716419 0.23214548 0.797921   0.32412898  0.59715945 0.34606715 0.52378325 0.37773016
0.50199932 0.63884918 0.15665821 0.31619417 0.33701025 0.48291156  0.43477014 0.87939801 0.65751511 0.2675342  0.69981302 0.3608207  0.69038892 0.43340954 0.65980694 0.44949651
0.44903105 0.67123635 0.17265657 0.43615432 0.32289491 0.49675706  0.29893867 0.8321619  0.67198664 0.32212834 0.61980006 0.39245051  0.58210263 0.35990778 0.55927902 0.46566295
0.32927914 0.76744169 0.15313406 0.6402773  0.38875647 0.41506438  0.31895729 0.53224032 0.61675033 0.36492586 0.59135408 0.41076105  0.51667146 0.45180238 0.49303473 0.35738718
0.32927914 0.76744169 0.15313406 0.6402773  0.38875647 0.41506438  0.31895729 0.53224032 0.61675033 0.36492586 0.59135408 0.41076105  0.51667146 0.45180238 0.49303473 0.35738718
0.0711753  0.46610869 0.2973585  0.49416903 0.3835239  0.3762827  0.42131423 0.52327881 0.42928171 0.37147405 0.34155932 0.45173925  0.62935926 0.39755094 0.38396534 0.48034847
0.01830365 0.38870926 0.33849665 0.42271599 0.35435014 0.47063879  0.4700659  0.47319173 0.46038664 0.38894076 0.42241625 0.4468854  0.51617687 0.4152715  0.46097338 0.42900053
0.01830365 0.38870926 0.33849665 0.42271599 0.35435014 0.47063879  0.4700659  0.47319173 0.46038664 0.38894076 0.42241625 0.4468854  0.51617687 0.4152715  0.46097338 0.42900053
0.00039479 0.36283831 0.35232302 0.39930133 0.34523319 0.50234819  0.48417291 0.45702496 0.47508945 0.39693445 0.45000532 0.44589633  0.47476172 0.42761975 0.50206904 0.41641874
0.00039479 0.36283831 0.35232302 0.39930133 0.34523319 0.50234819  0.48417291 0.45702496 0.47508945 0.39693445 0.45000532 0.44589633  0.47476172 0.42761975 0.50206904 0.41641874
0.00039479 0.36283831 0.35232302 0.39930133 0.34523319 0.50234819  0.48417291 0.45702496 0.47508945 0.39693445 0.45000532 0.44589633  0.47476172 0.42761975 0.50206904 0.41641874
0.00039479 0.36283831 0.35232302 0.39930133 0.34523319 0.50234819  0.48417291 0.45702496 0.47508945 0.39693445 0.45000532 0.44589633  0.47476172 0.42761975 0.50206904 0.41641874
0.00039479 0.36283831 0.35232302 0.39930133 0.34523319 0.50234819  0.48417291 0.45702496 0.47508945 0.39693445 0.45000532 0.44589633  0.47476172 0.42761975 0.50206904 0.41641874
0.00039479 0.36283831 0.35232302 0.39930133 0.34523319 0.50234819  0.48417291 0.45702496 0.47508945 0.39693445 0.45000532 0.44589633  0.47476172 0.42761975 0.50206904 0.41641874
0.00039479 0.36283831 0.35232302 0.39930133 0.34523319 0.50234819  0.48417291 0.45702496 0.47508945 0.39693445 0.45000532 0.44589633  0.47476172 0.42761975 0.50206904 0.41641874
0.00039479 0.36283831 0.35232302 0.39930133 0.34523319 0.50234819  0.48417291 0.45702496 0.47508945 0.39693445 0.45000532 0.44589633  0.47476172 0.42761975 0.50206904 0.41641874
0.00039479 0.36283831 0.35232302 0.39930133 0.34523319 0.50234819  0.48417291 0.45702496 0.47508945 0.39693445 0.45000532 0.44589633  0.47476172 0.42761975 0.50206904 0.41641874
0.00039479 0.36283831 0.35232302 0.39930133 0.34523319 0.50234819  0.48417291 0.45702496 0.47508945 0.39693445 0.45000532 0.44589633  0.47476172 0.42761975 0.50206904 0.41641874
0.03616952 0.41469964 0.32629163 0.4440152  0.36121344 0.46504157  0.44036456 0.48342389 0.50957824 0.3942575  0.45978029 0.44444063  0.48777243 0.47830371 0.58520001 0.40819568
0.12475926 0.54532726 0.25696668 0.56602093 0.41052312 0.30406096  0.35647356 0.56821154 0.4558955  0.36560271 0.31768151 0.45410007  0.68451924 0.44518632 0.45053904 0.49662044
0.25377526 0.71250581 0.1728141  0.67338181 0.43930744 0.24739641  0.29501728 0.58953551 0.52108745 0.34995056 0.43564292 0.43116964  0.5790201  0.4829441  0.52548066 0.37344512
0.34717942 0.77663105 0.13635058 0.6294264  0.40763731 0.36666837  0.40359323 0.50236149 0.49616638 0.37670006 0.56162901 0.4176835  0.34171361 0.39714634 0.45538403 0.31313364
0.47519548 0.81056876 0.09654784 0.49702408 0.36448215 0.55085511  0.61469541 0.33360884 0.42118648 0.47317538 0.54490054 0.46542886  0.29218941 0.35246694 0.45807609 0.42316772
0.54585538 0.76698681 0.08965354 0.34547207 0.35390861 0.59149901  0.72032369 0.43166193 0.43851868 0.41619343 0.58055577 0.44022078  0.54140279 0.43690875 0.55830019 0.48269548
0.64365164 0.64552337 0.10899623 0.19445715 0.31213228 0.61898945  0.62847728 0.49324283 0.49285251 0.3885577  0.32249606 0.49764718  0.71499943 0.55364195 0.62914523 0.53454827
0.68951631 0.56074627 0.11763066 0.12574211 0.30721065 0.55517413  0.55652297 0.61012512 0.53321756 0.38904356 0.29689995 0.51959869  0.56756511 0.51930834 0.68275568 0.54745419
0.77045293 0.38261378 0.11810865 0.13503757 0.33883886 0.48945744  0.34555663 0.43957064 0.56631317 0.37898498 0.25354133 0.50240491  0.4553934  0.28566417 0.47715708 0.3362237 
0.89902218 0.5147067  0.75590625 0.15545727 0.74705894 0.43424912  0.33257712 0.30301125 0.43378775 0.36327024 0.43583185 0.62906129  0.60370507 0.28879399 0.63427563 0.19520639
0.89902218 0.5147067  0.75590625 0.15545727 0.74705894 0.43424912  0.33257712 0.30301125 0.43378775 0.36327024 0.43583185 0.62906129  0.60370507 0.28879399 0.63427563 0.19520639
0.90140047 0.51874306 0.77065596 0.14694974 0.75627492 0.41409483  0.35072915 0.31334945 0.47704427 0.42169365 0.4184176  0.58382869  0.58768613 0.30724119 0.61052768 0.21312797
0.90922674 0.48922122 0.76905764 0.19325894 0.77656547 0.42964376  0.348114   0.30714487 0.43755113 0.43754696 0.45523148 0.53491766  0.58271197 0.33232964 0.58767086 0.29519388
0.92038518 0.44730202 0.76923252 0.27608438 0.76414128 0.42214301  0.4107238  0.30937939 0.49854727 0.48714609 0.44776915 0.45369348  0.58800173 0.30280695 0.55115878 0.41625831
0.91751083 0.43892128 0.74452305 0.29620415 0.70703438 0.42872565  0.40837831 0.29608887 0.46927884 0.42119856 0.42944855 0.44663635  0.5912665  0.30112412 0.57102672 0.38056093
0.9104879  0.43174763 0.69611381 0.30759518 0.56035263 0.40954069  0.40531947 0.28066207 0.43879673 0.37507781 0.32620886 0.28945196  0.54879757 0.4273623  0.5738466  0.26220758
0.89643915 0.37942725 0.5845067  0.36955392 0.37950944 0.39538942  0.4164112  0.28126211 0.3995257  0.29688774 0.38638796 0.40979844  0.53862092 0.38021317 0.63383863 0.35440545
0.86868472 0.31347064 0.40490763 0.39661617 0.26170295 0.4171661  0.38523896 0.31700461 0.3192439  0.35444678 0.47177176 0.52259783  0.64592252 0.4051571  0.6274915  0.30804466
0.87410927 0.27557569 0.38616495 0.44945933 0.20347569 0.38355811  0.40967342 0.32248538 0.33289586 0.41378426 0.57501801 0.55945353  0.67149932 0.42234386 0.5826731  0.41072305
0.88172066 0.24571811 0.38005251 0.49405602 0.22865562 0.41321899  0.40281833 0.3224357  0.2839646  0.40830363 0.58915048 0.50546119  0.68436955 0.40011348 0.62160293 0.43785379
0.88948186 0.2156137  0.37272568 0.53750107 0.25541414 0.44726487  0.39590494 0.3166891  0.24038352 0.40245913 0.5891575  0.44958044  0.70133568 0.37774916 0.6775348  0.45789329
0.86560046 0.19821588 0.2661566  0.48953708 0.30007037 0.48289214  0.37268688 0.39784007 0.24892601 0.57271345 0.57610493 0.43464355  0.64712391 0.4028442  0.5971097  0.38121511
0.87619578 0.15338849 0.25598772 0.58123846 0.35441823 0.55930974  0.41218383 0.43196162 0.21770453 0.54364165 0.52768809 0.3827241  0.65571522 0.41968565 0.70361188 0.34995615
0.88011773 0.13669114 0.25349043 0.61887044 0.37583444 0.5877272  0.43709526 0.45303756 0.22581736 0.53361481 0.50062511 0.37681876  0.63852463 0.45847863 0.69989321 0.3389575 
0.85971803 0.1413696  0.18328565 0.56731137 0.42557495 0.62435907  0.4102881  0.48361089 0.25049832 0.52156866 0.44927891 0.33279642  0.54574915 0.43511107 0.67938656 0.38936809
0.85971803 0.1413696  0.18328565 0.56731137 0.42557495 0.62435907  0.4102881  0.48361089 0.25049832 0.52156866 0.44927891 0.33279642  0.54574915 0.43511107 0.67938656 0.38936809
0.85971803 0.1413696  0.18328565 0.56731137 0.42557495 0.62435907  0.4102881  0.48361089 0.25049832 0.52156866 0.44927891 0.33279642  0.54574915 0.43511107 0.67938656 0.38936809
0.86226263 0.12976984 0.18120785 0.59956664 0.44445646 0.65042852  0.44279118 0.50992825 0.27640254 0.4991478  0.40911414 0.35746147  0.52148039 0.46438837 0.66497334 0.33593318
0.83001673 0.18382808 0.11789056 0.50804958 0.50594653 0.72068497  0.42189114 0.495972   0.35340965 0.34145491 0.22710793 0.2763297  0.50495319 0.39911917 0.63815751 0.35855645
0.8024689  0.20520608 0.06240434 0.47026271 0.55342578 0.70834289  0.47314104 0.50080158 0.45388958 0.31822459 0.24520803 0.2539498  0.44756472 0.38565794 0.69014112 0.5057549 
0.8024689  0.20520608 0.06240434 0.47026271 0.55342578 0.70834289  0.47314104 0.50080158 0.45388958 0.31822459 0.24520803 0.2539498  0.44756472 0.38565794 0.69014112 0.5057549 
0.69584114 0.32434679 0.00857971 0.51274498 0.63916838 0.5861788  0.65083832 0.31519128 0.54044778 0.20575464 0.45671669 0.2397405  0.62977497 0.54010594 0.67596025 0.37612008
0.6810226  0.38236876 0.01747481 0.42104165 0.59034961 0.53086654  0.65540626 0.31323556 0.62315138 0.196264   0.42852923 0.34519398  0.62265108 0.53550934 0.64044495 0.28128103
0.5564835  0.53157392 0.02935487 0.51176583 0.5691279  0.40918619  0.63514116 0.13416395 0.49654542 0.33783182 0.34828198 0.42271635  0.44542897 0.50489047 0.72321404 0.24228926
0.42632177 0.6036273  0.07236102 0.52481232 0.54686972 0.22696411  0.64696309 0.24539635 0.30269055 0.34635218 0.31464938 0.43181033  0.48083775 0.45052203 0.58041908 0.24364847
0.28363551 0.6178731  0.14880387 0.53780162 0.48269292 0.19172643  0.57381271 0.38053392 0.22264703 0.39658939 0.24364991 0.5036174  0.42006083 0.3514279  0.38247587 0.43723904
0.12466427 0.46879161 0.25832186 0.42525122 0.42012107 0.29765363  0.62845555 0.43151158 0.20074771 0.42714378 0.19618578 0.52532463  0.48018384 0.34875921 0.33170414 0.60008997
0.05352068 0.41236604 0.31054252 0.42073995 0.37891576 0.39925618  0.53083953 0.45317419 0.34392464 0.41409074 0.28635896 0.50119607  0.50854458 0.38534795 0.37629201 0.57476181
0.01880749 0.38817107 0.33864157 0.41717289 0.35326109 0.46472932  0.48000187 0.47348054 0.43379089 0.38512841 0.39291541 0.46574394  0.49616651 0.40281769 0.36850065 0.5060214 
0.00140664 0.36431381 0.35232474 0.39642652 0.34463577 0.50247588  0.48308211 0.45859707 0.47435751 0.39611259 0.44362313 0.46430998  0.44184368 0.4496556  0.47683731 0.47370053
0.00140664 0.36431381 0.35232474 0.39642652 0.34463577 0.50247588  0.48308211 0.45859707 0.47435751 0.39611259 0.44362313 0.46430998  0.44184368 0.4496556  0.47683731 0.47370053
0.00039479 0.36283831 0.35232302 0.39930133 0.34523319 0.50234819  0.48417291 0.45702496 0.47508945 0.39693445 0.45000532 0.44589633  0.47476172 0.42761975 0.50206904 0.41641874
0.00039479 0.36283831 0.35232302 0.39930133 0.34523319 0.50234819  0.48417291 0.45702496 0.47508945 0.39693445 0.45000532 0.44589633  0.47476172 0.42761975 0.50206904 0.41641874
0.00039479 0.36283831 0.35232302 0.39930133 0.34523319 0.50234819  0.48417291 0.45702496 0.47508945 0.39693445 0.45000532 0.44589633  0.47476172 0.42761975 0.50206904 0.41641874
0.00039479 0.36283831 0.35232302 0.39930133 0.34523319 0.50234819  0.48417291 0.45702496 0.47508945 0.39693445 0.45000532 0.44589633  0.47476172 0.42761975 0.50206904 0.41641874
0.00039479 0.36283831 0.35232302 0.39930133 0.34523319 0.50234819  0.48417291 0.45702496 0.47508945 0.39693445 0.45000532 0.44589633  0.47476172 0.42761975 0.50206904 0.41641874
0.00039479 0.36283831 0.35232302 0.39930133 0.34523319 0.50234819  0.48417291 0.45702496 0.47508945 0.39693445 0.45000532 0.44589633  0.47476172 0.42761975 0.50206904 0.41641874
0.00039479 0.36283831 0.35232302 0.39930133 0.34523319 0.50234819  0.48417291 0.45702496 0.47508945 0.39693445 0.45000532 0.44589633  0.47476172 0.42761975 0.50206904 0.41641874
0.00039479 0.36283831 0.35232302 0.39930133 0.34523319 0.50234819  0.48417291 0.45702496 0.47508945 0.39693445 0.45000532 0.44589633  0.47476172 0.42761975 0.50206904 0.41641874
0.00039479 0.36283831 0.35232302 0.39930133 0.34523319 0.50234819  0.48417291 0.45702496 0.47508945 0.39693445 0.45000532 0.44589633  0.47476172 0.42761975 0.50206904 0.41641874
0.00039479 0.36283831 0.35232302 0.39930133 0.34523319 0.50234819  0.48417291 0.45702496 0.47508945 0.39693445 0.45000532 0.44589633  0.47476172 0.42761975 0.50206904 0.41641874
0.00039479 0.36283831 0.35232302 0.39930133 0.34523319 0.50234819  0.48417291 0.45702496 0.47508945 0.39693445 0.45000532 0.44589633  0.47476172 0.42761975 0.50206904 0.41641874
0.00039479 0.36283831 0.35232302 0.39930133 0.34523319 0.50234819  0.48417291 0.45702496 0.47508945 0.39693445 0.45000532 0.44589633  0.47476172 0.42761975 0.50206904 0.41641874
0.00039479 0.36283831 0.35232302 0.39930133 0.34523319 0.50234819  0.48417291 0.45702496 0.47508945 0.39693445 0.45000532 0.44589633  0.47476172 0.42761975 0.50206904 0.41641874
0.01790387 0.3898545  0.33817562 0.42642862 0.35681041 0.46717525  0.46152885 0.47694295 0.46991849 0.39350101 0.41724602 0.4497633  0.51968443 0.43336993 0.49846349 0.44236435
0.14353083 0.56850881 0.24458376 0.57655606 0.41611911 0.29062236  0.37229416 0.55706583 0.41809216 0.36353815 0.31044867 0.45462716  0.65360728 0.39400024 0.37107599 0.49184326
0.27111616 0.68251872 0.1611416  0.59137249 0.45219491 0.22232555  0.50368108 0.48585844 0.28403845 0.39416083 0.32213469 0.47004854  0.39888272 0.3538929  0.40376585 0.40987808
0.38263976 0.73117934 0.12312289 0.48944997 0.41490196 0.37902186  0.66288956 0.4056509  0.30328079 0.40063435 0.5106367  0.44063994  0.33267027 0.33864715 0.37473857 0.37910258
0.49223052 0.74145593 0.11684955 0.35823466 0.34021627 0.62270478  0.72386306 0.37853027 0.38098335 0.44869319 0.514216   0.45634502  0.49941939 0.36741219 0.43698012 0.52650834
0.54144027 0.67400883 0.11016245 0.24964891 0.34925078 0.58810005  0.74441662 0.43861664 0.44650869 0.39924244 0.49548394 0.4612792  0.64396961 0.49329216 0.55292511 0.56807702
0.64967286 0.5630619  0.05899902 0.20248549 0.41163955 0.4654172  0.61127367 0.29772931 0.6498216  0.32907514 0.48853313 0.47408076  0.63560106 0.5656803  0.60384496 0.46164799
0.74029831 0.42236503 0.08253112 0.13001876 0.3795643  0.48711557  0.42582677 0.38781866 0.64367133 0.33700756 0.31734034 0.49028625  0.57951604 0.35658439 0.49608563 0.425364  
0.74029831 0.42236503 0.08253112 0.13001876 0.3795643  0.48711557  0.42582677 0.38781866 0.64367133 0.33700756 0.31734034 0.49028625  0.57951604 0.35658439 0.49608563 0.425364  
0.74029831 0.42236503 0.08253112 0.13001876 0.3795643  0.48711557  0.42582677 0.38781866 0.64367133 0.33700756 0.31734034 0.49028625  0.57951604 0.35658439 0.49608563 0.425364  
0.75500101 0.3959788  0.09496858 0.12721651 0.36291236 0.47253131  0.39032606 0.42928219 0.61687182 0.36024464 0.29584427 0.49735479  0.46131689 0.29342549 0.53318046 0.40450296
0.74029831 0.42236503 0.08253112 0.13001876 0.3795643  0.48711557  0.42582677 0.38781866 0.64367133 0.33700756 0.31734034 0.49028625  0.57951604 0.35658439 0.49608563 0.425364  
0.74029831 0.42236503 0.08253112 0.13001876 0.3795643  0.48711557  0.42582677 0.38781866 0.64367133 0.33700756 0.31734034 0.49028625  0.57951604 0.35658439 0.49608563 0.425364  
0.72301007 0.43179051 0.06821816 0.14649507 0.40593197 0.44535492  0.46224789 0.35852408 0.66412252 0.33060523 0.39554794 0.4809554  0.53747441 0.36989066 0.55021116 0.41995463
0.67450782 0.49472555 0.04086436 0.21026904 0.44713394 0.43654687  0.54843452 0.19884068 0.69068795 0.30436628 0.50829165 0.45665511  0.63879066 0.46993896 0.52078587 0.40618146
0.64365048 0.50667538 0.05878244 0.19086964 0.4290516  0.46126588  0.60261786 0.20653537 0.6335258  0.33490015 0.40886749 0.48843428  0.67329696 0.50070096 0.56426712 0.46575747
0.58952688 0.51274761 0.04993547 0.25977574 0.48172937 0.32355309  0.61484058 0.17399068 0.59560735 0.31098132 0.46477012 0.47531404  0.54215883 0.50375828 0.56933857 0.3600798 
0.58952688 0.51274761 0.04993547 0.25977574 0.48172937 0.32355309  0.61484058 0.17399068 0.59560735 0.31098132 0.46477012 0.47531404  0.54215883 0.50375828 0.56933857 0.3600798 
0.52730708 0.58304261 0.07304059 0.30236732 0.44773842 0.4145107  0.69086951 0.17530536 0.48581381 0.38239198 0.41888195 0.48657894  0.56746681 0.50693637 0.59974431 0.40959882
0.44587786 0.6716256  0.09458921 0.43170136 0.43528311 0.40318214  0.67428111 0.21926391 0.36483876 0.44698781 0.39491282 0.4950413  0.37553671 0.41163818 0.56057222 0.39191208
0.27048703 0.59843577 0.17811035 0.43843551 0.43701911 0.30473923  0.69161349 0.40996632 0.22958113 0.43430666 0.33990412 0.4909452  0.38014189 0.36686815 0.50607273 0.46253934
0.16093924 0.51556312 0.23437174 0.45749182 0.42709477 0.28895062  0.61475554 0.42836844 0.22151989 0.43269752 0.23887177 0.5053697  0.45242022 0.32777001 0.3925997  0.51153617
0.07178682 0.43199258 0.29935942 0.4278557  0.37940327 0.40026683  0.55328074 0.43560357 0.31682247 0.40897279 0.31349578 0.47688709  0.49510833 0.31085845 0.31382129 0.4853431 
0.03585866 0.41212524 0.32497922 0.44119937 0.36258431 0.43456132  0.47408025 0.48300288 0.40965789 0.37891942 0.36959995 0.44872305  0.56049334 0.35167352 0.32731793 0.46450854
0.03585866 0.41212524 0.32497922 0.44119937 0.36258431 0.43456132  0.47408025 0.48300288 0.40965789 0.37891942 0.36959995 0.44872305  0.56049334 0.35167352 0.32731793 0.46450854
0.01779563 0.38669558 0.33863985 0.42004769 0.35385851 0.46460162  0.48109267 0.47190843 0.43452283 0.38595027 0.3992976  0.44733029  0.52908455 0.38078184 0.39373238 0.44873962
0.00039479 0.36283831 0.35232302 0.39930133 0.34523319 0.50234819  0.48417291 0.45702496 0.47508945 0.39693445 0.45000532 0.44589633  0.47476172 0.42761975 0.50206904 0.41641874
0.00039479 0.36283831 0.35232302 0.39930133 0.34523319 0.50234819  0.48417291 0.45702496 0.47508945 0.39693445 0.45000532 0.44589633  0.47476172 0.42761975 0.50206904 0.41641874
0.00039479 0.36283831 0.35232302 0.39930133 0.34523319 0.50234819  0.48417291 0.45702496 0.47508945 0.39693445 0.45000532 0.44589633  0.47476172 0.42761975 0.50206904 0.41641874
0.00039479 0.36283831 0.35232302 0.39930133 0.34523319 0.50234819  0.48417291 0.45702496 0.47508945 0.39693445 0.45000532 0.44589633  0.47476172 0.42761975 0.50206904 0.41641874
0.00039479 0.36283831 0.35232302 0.39930133 0.34523319 0.50234819  0.48417291 0.45702496 0.47508945 0.39693445 0.45000532 0.44589633  0.47476172 0.42761975 0.50206904 0.41641874
0.00039479 0.36283831 0.35232302 0.39930133 0.34523319 0.50234819  0.48417291 0.45702496 0.47508945 0.39693445 0.45000532 0.44589633  0.47476172 0.42761975 0.50206904 0.41641874
0.00039479 0.36283831 0.35232302 0.39930133 0.34523319 0.50234819  0.48417291 0.45702496 0.47508945 0.39693445 0.45000532 0.44589633  0.47476172 0.42761975 0.50206904 0.41641874
0.00039479 0.36283831 0.35232302 0.39930133 0.34523319 0.50234819  0.48417291 0.45702496 0.47508945 0.39693445 0.45000532 0.44589633  0.47476172 0.42761975 0.50206904 0.41641874
0.00039479 0.36283831 0.35232302 0.39930133 0.34523319 0.50234819  0.48417291 0.45702496 0.47508945 0.39693445 0.45000532 0.44589633  0.47476172 0.42761975 0.50206904 0.41641874
0.00039479 0.36283831 0.35232302 0.39930133 0.34523319 0.50234819  0.48417291 0.45702496 0.47508945 0.39693445 0.45000532 0.44589633  0.47476172 0.42761975 0.50206904 0.41641874
0.00039479 0.36283831 0.35232302 0.39930133 0.34523319 0.50234819  0.48417291 0.45702496 0.47508945 0.39693445 0.45000532 0.44589633  0.47476172 0.42761975 0.50206904 0.41641874
0.00039479 0.36283831 0.35232302 0.39930133 0.34523319 0.50234819  0.48417291 0.45702496 0.47508945 0.39693445 0.45000532 0.44589633  0.47476172 0.42761975 0.50206904 0.41641874
0.00039479 0.36283831 0.35232302 0.39930133 0.34523319 0.50234819  0.48417291 0.45702496 0.47508945 0.39693445 0.45000532 0.44589633  0.47476172 0.42761975 0.50206904 0.41641874
0.00039479 0.36283831 0.35232302 0.39930133 0.34523319 0.50234819  0.48417291 0.45702496 0.47508945 0.39693445 0.45000532 0.44589633  0.47476172 0.42761975 0.50206904 0.41641874
0.00039479 0.36283831 0.35232302 0.39930133 0.34523319 0.50234819  0.48417291 0.45702496 0.47508945 0.39693445 0.45000532 0.44589633  0.47476172 0.42761975 0.50206904 0.41641874
0.00039479 0.36283831 0.35232302 0.39930133 0.34523319 0.50234819  0.48417291 0.45702496 0.47508945 0.39693445 0.45000532 0.44589633  0.47476172 0.42761975 0.50206904 0.41641874
0.00039479 0.36283831 0.35232302 0.39930133 0.34523319 0.50234819  0.48417291 0.45702496 0.47508945 0.39693445 0.45000532 0.44589633  0.47476172 0.42761975 0.50206904 0.41641874
0.00039479 0.36283831 0.35232302 0.39930133 0.34523319 0.50234819  0.48417291 0.45702496 0.47508945 0.39693445 0.45000532 0.44589633  0.47476172 0.42761975 0.50206904 0.41641874
0.00039479 0.36283831 0.35232302 0.39930133 0.34523319 0.50234819  0.48417291 0.45702496 0.47508945 0.39693445 0.45000532 0.44589633  0.47476172 0.42761975 0.50206904 0.41641874
0.00039479 0.36283831 0.35232302 0.39930133 0.34523319 0.50234819  0.48417291 0.45702496 0.47508945 0.39693445 0.45000532 0.44589633  0.47476172 0.42761975 0.50206904 0.41641874
