0.00039479 0.36283831 0.35232302 0.39930133 0.34523319 0.50234819  0.48417291 0.45702496 0.47508945 0.39693445 0.45000532 0.44589633  0.47476172 0.42761975 0.50206904 0.41641874
0.00039479 0.36283831 0.35232302 0.39930133 0.34523319 0.50234819  0.48417291 0.45702496 0.47508945 0.39693445 0.45000532 0.44589633  0.47476172 0.42761975 0.50206904 0.41641874
0.00039479 0.36283831 0.35232302 0.39930133 0.34523319 0.50234819  0.48417291 0.45702496 0.47508945 0.39693445 0.45000532 0.44589633  0.47476172 0.42761975 0.50206904 0.41641874
0.00039479 0.36283831 0.35232302 0.39930133 0.34523319 0.50234819  0.48417291 0.45702496 0.47508945 0.39693445 0.45000532 0.44589633  0.47476172 0.42761975 0.50206904 0.41641874
0.00039479 0.36283831 0.35232302 0.39930133 0.34523319 0.50234819  0.48417291 0.45702496 0.47508945 0.39693445 0.45000532 0.44589633  0.47476172 0.42761975 0.50206904 0.41641874
0.00039479 0.36283831 0.35232302 0.39930133 0.34523319 0.50234819  0.48417291 0.45702496 0.47508945 0.39693445 0.45000532 0.44589633  0.47476172 0.42761975 0.50206904 0.41641874
0.00039479 0.36283831 0.35232302 0.39930133 0.34523319 0.50234819  0.48417291 0.45702496 0.47508945 0.39693445 0.45000532 0.44589633  0.47476172 0.42761975 0.50206904 0.41641874
0.00039479 0.36283831 0.35232302 0.39930133 0.34523319 0.50234819  0.48417291 0.45702496 0.47508945 0.39693445 0.45000532 0.44589633  0.47476172 0.42761975 0.50206904 0.41641874
0.00039479 0.36283831 0.35232302 0.39930133 0.34523319 0.50234819  0.48417291 0.45702496 0.47508945 0.39693445 0.45000532 0.44589633  0.47476172 0.42761975 0.50206904 0.41641874
0.00039479 0.36283831 0.35232302 0.39930133 0.34523319 0.50234819  0.48417291 0.45702496 0.47508945 0.39693445 0.45000532 0.44589633  0.47476172 0.42761975 0.50206904 0.41641874
0.00039479 0.36283831 0.35232302 0.39930133 0.34523319 0.50234819  0.48417291 0.45702496 0.47508945 0.39693445 0.45000532 0.44589633  0.47476172 0.42761975 0.50206904 0.41641874
0.00039479 0.36283831 0.35232302 0.39930133 0.34523319 0.50234819  0.48417291 0.45702496 0.47508945 0.39693445 0.45000532 0.44589633  0.47476172 0.42761975 0.50206904 0.41641874
0.00039479 0.36283831 0.35232302 0.39930133 0.34523319 0.50234819  0.48417291 0.45702496 0.47508945 0.39693445 0.45000532 0.44589633  0.47476172 0.42761975 0.50206904 0.41641874
0.00039479 0.36283831 0.35232302 0.39930133 0.34523319 0.50234819  0.48417291 0.45702496 0.47508945 0.39693445 0.45000532 0.44589633  0.47476172 0.42761975 0.50206904 0.41641874
0.00039479 0.36283831 0.35232302 0.39930133 0.34523319 0.50234819  0.48417291 0.45702496 0.47508945 0.39693445 0.45000532 0.44589633  0.47476172 0.42761975 0.50206904 0.41641874
0.00039479 0.36283831 0.35232302 0.39930133 0.34523319 0.50234819  0.48417291 0.45702496 0.47508945 0.39693445 0.45000532 0.44589633  0.47476172 0.42761975 0.50206904 0.41641874
0.00039479 0.36283831 0.35232302 0.39930133 0.34523319 0.50234819  0.48417291 0.45702496 0.47508945 0.39693445 0.45000532 0.44589633  0.47476172 0.42761975 0.50206904 0.41641874
0.00039479 0.36283831 0.35232302 0.39930133 0.34523319 0.50234819  0.48417291 0.45702496 0.47508945 0.39693445 0.45000532 0.44589633  0.47476172 0.42761975 0.50206904 0.41641874
0.00039479 0.36283831 0.35232302 0.39930133 0.34523319 0.50234819  0.48417291 0.45702496 0.47508945 0.39693445 0.45000532 0.44589633  0.47476172 0.42761975 0.50206904 0.41641874
0.00039479 0.36283831 0.35232302 0.39930133 0.34523319 0.50234819  0.48417291 0.45702496 0.47508945 0.39693445 0.45000532 0.44589633  0.47476172 0.42761975 0.50206904 0.41641874
0.00039479 0.36283831 0.35232302 0.39930133 0.34523319 0.50234819  0.48417291 0.45702496 0.47508945 0.39693445 0.45000532 0.44589633  0.47476172 0.42761975 0.50206904 0.41641874
0.00039479 0.36283831 0.35232302 0.39930133 0.34523319 0.50234819  0.48417291 0.45702496 0.47508945 0.39693445 0.45000532 0.44589633  0.47476172 0.42761975 0.50206904 0.41641874
0.00039479 0.36283831 0.35232302 0.39930133 0.34523319 0.50234819  0.48417291 0.45702496 0.47508945 0.39693445 0.45000532 0.44589633  0.47476172 0.42761975 0.50206904 0.41641874
0.00039479 0.36283831 0.35232302 0.39930133 0.34523319 0.50234819  0.48417291 0.45702496 0.47508945 0.39693445 0.45000532 0.44589633  0.47476172 0.42761975 0.50206904 0.41641874
0.00039479 0.36283831 0.35232302 0.39930133 0.34523319 0.50234819  0.48417291 0.45702496 0.47508945 0.39693445 0.45000532 0.44589633  0.47476172 0.42761975 0.50206904 0.41641874
0.00039479 0.36283831 0.35232302 0.39930133 0.34523319 0.50234819  0.48417291 0.45702496 0.47508945 0.39693445 0.45000532 0.44589633  0.47476172 0.42761975 0.50206904 0.41641874
0.00039479 0.36283831 0.35232302 0.39930133 0.34523319 0.50234819  0.48417291 0.45702496 0.47508945 0.39693445 0.45000532 0.44589633  0.47476172 0.42761975 0.50206904 0.41641874
0.00039479 0.36283831 0.35232302 0.39930133 0.34523319 0.50234819  0.48417291 0.45702496 0.47508945 0.39693445 0.45000532 0.44589633  0.47476172 0.42761975 0.50206904 0.41641874
0.00039479 0.36283831 0.35232302 0.39930133 0.34523319 0.50234819  0.48417291 0.45702496 0.47508945 0.39693445 0.45000532 0.44589633  0.47476172 0.42761975 0.50206904 0.41641874
0.00039479 0.36283831 0.35232302 0.39930133 0.34523319 0.50234819  0.48417291 0.45702496 0.47508945 0.39693445 0.45000532 0.44589633  0.47476172 0.42761975 0.50206904 0.41641874
0.00039479 0.36283831 0.35232302 0.39930133 0.34523319 0.50234819  0.48417291 0.45702496 0.47508945 0.39693445 0.45000532 0.44589633  0.47476172 0.42761975 0.50206904 0.41641874
0.00039479 0.36283831 0.35232302 0.39930133 0.34523319 0.50234819  0.48417291 0.45702496 0.47508945 0.39693445 0.45000532 0.44589633  0.47476172 0.42761975 0.50206904 0.41641874
0.00039479 0.36283831 0.35232302 0.39930133 0.34523319 0.50234819  0.48417291 0.45702496 0.47508945 0.39693445 0.45000532 0.44589633  0.47476172 0.42761975 0.50206904 0.41641874
0.00039479 0.36283831 0.35232302 0.39930133 0.34523319 0.50234819  0.48417291 0.45702496 0.47508945 0.39693445 0.45000532 0.44589633  0.47476172 0.42761975 0.50206904 0.41641874
0.00039479 0.36283831 0.35232302 0.39930133 0.34523319 0.50234819  0.48417291 0.45702496 0.47508945 0.39693445 0.45000532 0.44589633  0.47476172 0.42761975 0.50206904 0.41641874
0.00039479 0.36283831 0.35232302 0.39930133 0.34523319 0.50234819  0.48417291 0.45702496 0.47508945 0.39693445 0.45000532 0.44589633  0.47476172 0.42761975 0.50206904 0.41641874
0.00039479 0.36283831 0.35232302 0.39930133 0.34523319 0.50234819  0.48417291 0.45702496 0.47508945 0.39693445 0.45000532 0.44589633  0.47476172 0.42761975 0.50206904 0.41641874
0.00039479 0.36283831 0.35232302 0.39930133 0.34523319 0.50234819  0.48417291 0.45702496 0.47508945 0.39693445 0.45000532 0.44589633  0.47476172 0.42761975 0.50206904 0.41641874
0.00039479 0.36283831 0.35232302 0.39930133 0.34523319 0.50234819  0.48417291 0.45702496 0.47508945 0.39693445 0.45000532 0.44589633  0.47476172 0.42761975 0.50206904 0.41641874
0.00039479 0.36283831 0.35232302 0.39930133 0.34523319 0.50234819  0.48417291 0.45702496 0.47508945 0.39693445 0.45000532 0.44589633  0.47476172 0.42761975 0.50206904 0.41641874
0.00039479 0.36283831 0.35232302 0.39930133 0.34523319 0.50234819  0.48417291 0.45702496 0.47508945 0.39693445 0.45000532 0.44589633  0.47476172 0.42761975 0.50206904 0.41641874
0.07274045 0.4490449  0.31554314 0.45741476 0.34359488 0.53083345  0.40126958 0.45178538 0.56721371 0.44183101 0.44340942 0.46879154  0.46294228 0.5027213  0.6833522  0.44958189
0.20109268 0.60057539 0.2474937  0.54106284 0.33571343 0.59326076  0.31448922 0.41926909 0.69368919 0.50777989 0.50305296 0.49035848  0.34195134 0.53135409 0.84937002 0.47120517
0.28041956 0.69666029 0.26354784 0.51735251 0.42104373 0.69137637  0.27666654 0.41568571 0.7522952  0.50235712 0.63912522 0.46364256  0.36119652 0.5527899  0.79140623 0.39180054
0.3476355  0.73608314 0.42158892 0.38772138 0.58691615 0.88402305  0.13960166 0.4714299  0.68333878 0.509763   0.48002484 0.52417624  0.49423119 0.48390351 0.67320817 0.40562685
0.49232549 0.88492787 0.4901041  0.47224151 0.61145069 0.83689023  0.06866275 0.459977   0.55645843 0.38654282 0.3973669  0.53245221  0.60439913 0.38934255 0.31663883 0.44964569
0.58862731 0.91063037 0.65573256 0.40306408 0.67277378 0.84167967  0.21938946 0.43281684 0.41006851 0.31592894 0.57831269 0.53884669  0.7307756  0.44247832 0.25474936 0.3245299 
0.62635612 0.91326591 0.66354294 0.33850496 0.71511331 0.83328883  0.28750732 0.46999237 0.36003456 0.35254645 0.54524354 0.49922242  0.73288105 0.43572944 0.19099524 0.29287931
0.64940991 0.89231129 0.70324845 0.32781648 0.69603842 0.80642008  0.27472054 0.51558945 0.34747012 0.28582277 0.53541785 0.51656465  0.68010309 0.3769159  0.28065982 0.34477847
0.66173465 0.87766539 0.73090203 0.35392072 0.666202   0.78562359  0.26890183 0.52137806 0.30014801 0.33548726 0.58061972 0.54560149  0.66390133 0.41666597 0.28628536 0.30841864
0.65967715 0.86998137 0.71390444 0.36848806 0.62311034 0.78600971  0.2655458  0.51866445 0.27991011 0.28594415 0.5941515  0.58035832  0.63805066 0.39714974 0.32013435 0.33855979
0.70883192 0.83302122 0.64504506 0.30177595 0.54153515 0.6942257  0.49596097 0.45132959 0.13582042 0.25737776 0.47894374 0.55841429  0.5973857  0.44629139 0.43605226 0.38524468
0.72037664 0.79000114 0.59195866 0.28842658 0.42766292 0.64570854  0.55410458 0.49639598 0.19724548 0.27388326 0.43877719 0.46019077  0.66089788 0.52883979 0.4691134  0.3556402 
0.75851847 0.6388575  0.46928984 0.20776508 0.3938983  0.57455488  0.46123665 0.45745283 0.28177161 0.44101216 0.32044787 0.52955724  0.60059347 0.76618547 0.4488424  0.27789349
0.78357289 0.55593978 0.41396291 0.20718211 0.21527965 0.50833162  0.44925759 0.57234418 0.31760525 0.380048   0.2924208  0.51907137  0.45878234 0.67471961 0.57756606 0.35514388
0.77051119 0.51152812 0.31920952 0.22807427 0.15541741 0.49218619  0.47966937 0.6002945  0.3263646  0.45313407 0.33275237 0.58669606  0.53598601 0.62825458 0.60156173 0.34856095
0.77051119 0.51152812 0.31920952 0.22807427 0.15541741 0.49218619  0.47966937 0.6002945  0.3263646  0.45313407 0.33275237 0.58669606  0.53598601 0.62825458 0.60156173 0.34856095
0.77847058 0.43680517 0.2356614  0.19789813 0.2198025  0.47135699  0.40278065 0.50204199 0.43326853 0.44585197 0.3366047  0.59748008  0.51877364 0.52053897 0.51037429 0.33765142
0.81168061 0.34310932 0.22462803 0.24282978 0.24406832 0.41780329  0.35345801 0.40709057 0.47934942 0.47555667 0.45482618 0.61144616  0.53471619 0.44141487 0.38852585 0.3644491 
0.81168061 0.34310932 0.22462803 0.24282978 0.24406832 0.41780329  0.35345801 0.40709057 0.47934942 0.47555667 0.45482618 0.61144616  0.53471619 0.44141487 0.38852585 0.3644491 
0.80974008 0.30945235 0.18457107 0.27217067 0.29106074 0.45417862  0.35569979 0.43687103 0.45524065 0.5184019  0.45232939 0.54563712  0.4925206  0.42358546 0.4155968  0.41458783
0.83293895 0.21996852 0.16953348 0.40652161 0.36328974 0.5334343  0.33931616 0.42487016 0.32323516 0.52293007 0.50328275 0.38685301  0.5173828  0.40407921 0.48760168 0.54382398
0.83293895 0.21996852 0.16953348 0.40652161 0.36328974 0.5334343  0.33931616 0.42487016 0.32323516 0.52293007 0.50328275 0.38685301  0.5173828  0.40407921 0.48760168 0.54382398
0.83784032 0.19861856 0.16560045 0.4532341  0.38791175 0.57016613  0.36146354 0.44737174 0.3087604  0.50955519 0.48371168 0.37027393  0.51933392 0.41616394 0.52910511 0.52789677
0.84353426 0.17514113 0.15936459 0.49822299 0.4176376  0.6098519  0.37881311 0.45899171 0.29201368 0.49385827 0.45486591 0.33493355  0.52597412 0.42092066 0.59410386 0.51256502
0.84353426 0.17514113 0.15936459 0.49822299 0.4176376  0.6098519  0.37881311 0.45899171 0.29201368 0.49385827 0.45486591 0.33493355  0.52597412 0.42092066 0.59410386 0.51256502
0.84353426 0.17514113 0.15936459 0.49822299 0.4176376  0.6098519  0.37881311 0.45899171 0.29201368 0.49385827 0.45486591 0.33493355  0.52597412 0.42092066 0.59410386 0.51256502
0.84745622 0.15844378 0.15686731 0.53585497 0.43905381 0.63826937  0.40372454 0.48006765 0.30012651 0.48383144 0.42780293 0.32902821  0.50878352 0.45971364 0.5903852  0.50156637
0.85955212 0.1504308  0.18921345 0.56582078 0.41564806 0.63368532  0.39724406 0.46494964 0.25020523 0.48832141 0.45200576 0.346358  0.57209548 0.4809362  0.59442497 0.42264717
0.85955212 0.1504308  0.18921345 0.56582078 0.41564806 0.63368532  0.39724406 0.46494964 0.25020523 0.48832141 0.45200576 0.346358  0.57209548 0.4809362  0.59442497 0.42264717
0.85955212 0.1504308  0.18921345 0.56582078 0.41564806 0.63368532  0.39724406 0.46494964 0.25020523 0.48832141 0.45200576 0.346358  0.57209548 0.4809362  0.59442497 0.42264717
0.85955212 0.1504308  0.18921345 0.56582078 0.41564806 0.63368532  0.39724406 0.46494964 0.25020523 0.48832141 0.45200576 0.346358  0.57209548 0.4809362  0.59442497 0.42264717
0.85563017 0.16712815 0.19171074 0.5281888  0.39423185 0.60526786  0.37233263 0.4438737  0.2420924  0.49834825 0.47906874 0.35226334  0.58928607 0.44214322 0.59814364 0.43364583
0.84353426 0.17514113 0.15936459 0.49822299 0.4176376  0.6098519  0.37881311 0.45899171 0.29201368 0.49385827 0.45486591 0.33493355  0.52597412 0.42092066 0.59410386 0.51256502
0.84353426 0.17514113 0.15936459 0.49822299 0.4176376  0.6098519  0.37881311 0.45899171 0.29201368 0.49385827 0.45486591 0.33493355  0.52597412 0.42092066 0.59410386 0.51256502
0.79053887 0.33786347 0.13843539 0.20458686 0.33576096 0.50270684  0.33282452 0.43961264 0.47540997 0.42280496 0.29875022 0.47556101  0.45615777 0.30304991 0.53871449 0.31990337
0.79053887 0.33786347 0.13843539 0.20458686 0.33576096 0.50270684  0.33282452 0.43961264 0.47540997 0.42280496 0.29875022 0.47556101  0.45615777 0.30304991 0.53871449 0.31990337
0.79053887 0.33786347 0.13843539 0.20458686 0.33576096 0.50270684  0.33282452 0.43961264 0.47540997 0.42280496 0.29875022 0.47556101  0.45615777 0.30304991 0.53871449 0.31990337
0.77045293 0.38261378 0.11810865 0.13503757 0.33883886 0.48945744  0.34555663 0.43957064 0.56631317 0.37898498 0.25354133 0.50240491  0.4553934  0.28566417 0.47715708 0.3362237 
0.74497106 0.45332872 0.13189733 0.13327288 0.30431326 0.53851772  0.4181801  0.50075198 0.50307075 0.42807538 0.16811814 0.54081816  0.48082654 0.38469764 0.64529573 0.39855099
0.74497106 0.45332872 0.13189733 0.13327288 0.30431326 0.53851772  0.4181801  0.50075198 0.50307075 0.42807538 0.16811814 0.54081816  0.48082654 0.38469764 0.64529573 0.39855099
0.74497106 0.45332872 0.13189733 0.13327288 0.30431326 0.53851772  0.4181801  0.50075198 0.50307075 0.42807538 0.16811814 0.54081816  0.48082654 0.38469764 0.64529573 0.39855099
0.65937042 0.62020572 0.11584846 0.16811665 0.30623614 0.60495166  0.60605688 0.56587439 0.48967665 0.40551366 0.30896402 0.5072982  0.65992569 0.53145363 0.64986738 0.54662447
0.65937042 0.62020572 0.11584846 0.16811665 0.30623614 0.60495166  0.60605688 0.56587439 0.48967665 0.40551366 0.30896402 0.5072982  0.65992569 0.53145363 0.64986738 0.54662447
0.65937042 0.62020572 0.11584846 0.16811665 0.30623614 0.60495166  0.60605688 0.56587439 0.48967665 0.40551366 0.30896402 0.5072982  0.65992569 0.53145363 0.64986738 0.54662447
0.65937042 0.62020572 0.11584846 0.16811665 0.30623614 0.60495166  0.60605688 0.56587439 0.48967665 0.40551366 0.30896402 0.5072982  0.65992569 0.53145363 0.64986738 0.54662447
0.62964615 0.67993392 0.12824543 0.21117154 0.29032701 0.64523296  0.62443677 0.6825204  0.42065696 0.40086651 0.42113481 0.45573688  0.62286445 0.37810761 0.55117293 0.53012125
0.59787761 0.73134667 0.12022963 0.27059545 0.29584709 0.67845973  0.66056277 0.55335991 0.40061692 0.40211321 0.42785235 0.44404497  0.69609507 0.42322775 0.46911648 0.50576494
0.59787761 0.73134667 0.12022963 0.27059545 0.29584709 0.67845973  0.66056277 0.55335991 0.40061692 0.40211321 0.42785235 0.44404497  0.69609507 0.42322775 0.46911648 0.50576494
0.58108692 0.75256055 0.12394235 0.31353641 0.28926624 0.69493698  0.64085643 0.51238524 0.37699323 0.42387175 0.40951623 0.44861004  0.63806581 0.39214551 0.40029533 0.49172826
0.59653885 0.73919554 0.14708242 0.32135748 0.26519274 0.71186311  0.596087   0.52267368 0.32643458 0.44261209 0.3672133  0.45366016  0.63214232 0.38438419 0.34427195 0.423449  
0.60886358 0.72454964 0.174736   0.34746172 0.23535633 0.69106663  0.59026828 0.52846229 0.27911247 0.49227658 0.41241516 0.482697  0.61594055 0.42413425 0.34989749 0.38708917
0.61218733 0.7278718  0.26045216 0.41556182 0.16757332 0.69519253  0.51699014 0.52648073 0.31895159 0.45237445 0.54383233 0.49972451  0.73125681 0.54673757 0.28303317 0.32661538
0.59513369 0.75112371 0.34720894 0.52041124 0.11372955 0.71682633  0.38903391 0.51560505 0.34681578 0.4307032  0.53639988 0.47196371  0.71751429 0.53651155 0.17896873 0.26546799
0.60994685 0.76444906 0.41735095 0.54718022 0.09641442 0.69638055  0.4045284  0.47593781 0.35034612 0.35396377 0.54578346 0.482007  0.73269318 0.52005313 0.21985241 0.30746869
0.64268774 0.7438282  0.50395186 0.55431318 0.0842809  0.63652719  0.3987526  0.53085642 0.34324503 0.49650097 0.51201951 0.4076096  0.59284335 0.50864263 0.2788546  0.20822144
0.64947183 0.79066839 0.63094112 0.62295343 0.11124613 0.59534077  0.43423176 0.41184608 0.39320163 0.39356668 0.47096519 0.38719775  0.51145142 0.373705   0.40331143 0.24809009
0.63642776 0.81478789 0.66412867 0.66265175 0.12969055 0.58057279  0.41144136 0.36275645 0.41880367 0.41163468 0.40720228 0.35618898  0.40035116 0.32950151 0.40795793 0.22839171
0.63642776 0.81478789 0.66412867 0.66265175 0.12969055 0.58057279  0.41144136 0.36275645 0.41880367 0.41163468 0.40720228 0.35618898  0.40035116 0.32950151 0.40795793 0.22839171
0.63642776 0.81478789 0.66412867 0.66265175 0.12969055 0.58057279  0.41144136 0.36275645 0.41880367 0.41163468 0.40720228 0.35618898  0.40035116 0.32950151 0.40795793 0.22839171
0.63642776 0.81478789 0.66412867 0.66265175 0.12969055 0.58057279  0.41144136 0.36275645 0.41880367 0.41163468 0.40720228 0.35618898  0.40035116 0.32950151 0.40795793 0.22839171
0.63053601 0.80209685 0.62989157 0.66594832 0.13381064 0.59434778  0.39592921 0.37280374 0.40619889 0.43616969 0.43457556 0.39618957  0.43768943 0.30999108 0.42442122 0.20518664
0.59487701 0.82388407 0.60792978 0.71108661 0.14400931 0.61325986  0.35607504 0.32218265 0.41440942 0.375991   0.42838304 0.454931  0.56856901 0.35102454 0.43933209 0.23330306
0.54995646 0.77587722 0.56766275 0.75625596 0.0796411  0.61326975  0.25077829 0.38129884 0.52150591 0.39815524 0.46174216 0.51877724  0.78355338 0.42509857 0.5105033  0.32793435
0.50835562 0.78099093 0.4170637  0.68585025 0.1266209  0.69876745  0.19392607 0.39563401 0.53692553 0.34224302 0.43141971 0.54105239  0.81521291 0.44529434 0.36295878 0.39922816
0.44823816 0.73574891 0.31839631 0.67015822 0.18038047 0.63641247  0.1475279  0.48181987 0.46702997 0.48524168 0.31714148 0.56371822  0.79360459 0.51695236 0.35719355 0.34951325
0.34514617 0.7384896  0.19478165 0.6303709  0.32684687 0.56142571  0.23495506 0.46362345 0.63489676 0.48549111 0.47391884 0.4763322  0.44102744 0.48835783 0.65327317 0.37027314
0.16285793 0.56397028 0.26332917 0.54575842 0.34880782 0.52614749  0.30428734 0.45159754 0.61794058 0.50692164 0.34487819 0.51771071  0.47522503 0.5071072  0.79669037 0.56001469
0.12652695 0.51324314 0.28938598 0.50468123 0.33544786 0.56367967  0.3355337  0.42966079 0.60476164 0.51529638 0.34164693 0.52146032  0.45868816 0.4910675  0.7834189  0.57425639
0.03525649 0.41685964 0.32437467 0.45347996 0.36854765 0.43569141  0.43485985 0.4975719  0.47652552 0.39120509 0.39620065 0.45304628  0.55757342 0.45566594 0.52722734 0.46096477
0.00039479 0.36283831 0.35232302 0.39930133 0.34523319 0.50234819  0.48417291 0.45702496 0.47508945 0.39693445 0.45000532 0.44589633  0.47476172 0.42761975 0.50206904 0.41641874
0.00039479 0.36283831 0.35232302 0.39930133 0.34523319 0.50234819  0.48417291 0.45702496 0.47508945 0.39693445 0.45000532 0.44589633  0.47476172 0.42761975 0.50206904 0.41641874
0.00039479 0.36283831 0.35232302 0.39930133 0.34523319 0.50234819  0.48417291 0.45702496 0.47508945 0.39693445 0.45000532 0.44589633  0.47476172 0.42761975 0.50206904 0.41641874
0.00039479 0.36283831 0.35232302 0.39930133 0.34523319 0.50234819  0.48417291 0.45702496 0.47508945 0.39693445 0.45000532 0.44589633  0.47476172 0.42761975 0.50206904 0.41641874
0.00039479 0.36283831 0.35232302 0.39930133 0.34523319 0.50234819  0.48417291 0.45702496 0.47508945 0.39693445 0.45000532 0.44589633  0.47476172 0.42761975 0.50206904 0.41641874
0.00039479 0.36283831 0.35232302 0.39930133 0.34523319 0.50234819  0.48417291 0.45702496 0.47508945 0.39693445 0.45000532 0.44589633  0.47476172 0.42761975 0.50206904 0.41641874
0.0536628  0.44240702 0.31244086 0.47255325 0.37234245 0.4347995  0.41032534 0.5038868  0.51648388 0.39941691 0.4265254  0.45434213  0.52269843 0.49085358 0.62015411 0.44430781
0.14469125 0.56440902 0.25365583 0.56589327 0.38978197 0.40143632  0.31408556 0.53527099 0.61195178 0.42117885 0.45780282 0.46276518  0.48462362 0.56666325 0.8116265  0.42680748
0.25348622 0.71136997 0.17563316 0.67688859 0.43151247 0.26742085  0.27495577 0.58244661 0.53373258 0.38449213 0.38678118 0.45763486  0.56439986 0.47958742 0.59795822 0.42736216
0.38500068 0.80008635 0.1500423  0.61767303 0.33122515 0.60162614  0.29400884 0.44804128 0.70074437 0.44820811 0.57761426 0.44710914  0.49223646 0.42720784 0.52387333 0.45930185
0.38500068 0.80008635 0.1500423  0.61767303 0.33122515 0.60162614  0.29400884 0.44804128 0.70074437 0.44820811 0.57761426 0.44710914  0.49223646 0.42720784 0.52387333 0.45930185
0.43917576 0.81684401 0.11488651 0.56584208 0.35122413 0.56182676  0.47942694 0.35652119 0.49760701 0.48167717 0.51210968 0.47442886  0.29605323 0.33657096 0.45465744 0.43788527
0.45661747 0.81000611 0.10177323 0.53085258 0.36724485 0.53502864  0.55749255 0.33478949 0.44585401 0.49465719 0.49979768 0.48600623  0.28885091 0.3487887  0.48633384 0.44834469
0.4005181  0.78538641 0.10254264 0.57581323 0.42714935 0.35241199  0.55497478 0.38834311 0.37465141 0.46162841 0.46620647 0.48153606  0.23122988 0.38353789 0.55553547 0.37178495
0.30779321 0.74068516 0.13987338 0.6510578  0.44883532 0.23771396  0.40100581 0.50195581 0.40089156 0.42498081 0.34032091 0.48701647  0.39138865 0.42142261 0.58586663 0.41221065
0.2905891  0.74350638 0.15382504 0.67461803 0.43475786 0.26801415  0.32752409 0.54218014 0.48558686 0.39258504 0.41411807 0.45543131  0.42393328 0.44464253 0.57446973 0.36941585
0.1794004  0.62176476 0.21812787 0.62655517 0.43093057 0.25224564  0.31320772 0.59316568 0.47029563 0.36434105 0.31549124 0.45622894  0.6779167  0.45507566 0.4827501  0.49170059
0.01804755 0.39018449 0.33830903 0.42636341 0.35641219 0.47112218  0.45911565 0.47626972 0.47899245 0.39487759 0.42806648 0.44912887  0.50987727 0.441117   0.51788115 0.43356859
0.00039479 0.36283831 0.35232302 0.39930133 0.34523319 0.50234819  0.48417291 0.45702496 0.47508945 0.39693445 0.45000532 0.44589633  0.47476172 0.42761975 0.50206904 0.41641874
0.00039479 0.36283831 0.35232302 0.39930133 0.34523319 0.50234819  0.48417291 0.45702496 0.47508945 0.39693445 0.45000532 0.44589633  0.47476172 0.42761975 0.50206904 0.41641874
0.00039479 0.36283831 0.35232302 0.39930133 0.34523319 0.50234819  0.48417291 0.45702496 0.47508945 0.39693445 0.45000532 0.44589633  0.47476172 0.42761975 0.50206904 0.41641874
0.00039479 0.36283831 0.35232302 0.39930133 0.34523319 0.50234819  0.48417291 0.45702496 0.47508945 0.39693445 0.45000532 0.44589633  0.47476172 0.42761975 0.50206904 0.41641874
0.00039479 0.36283831 0.35232302 0.39930133 0.34523319 0.50234819  0.48417291 0.45702496 0.47508945 0.39693445 0.45000532 0.44589633  0.47476172 0.42761975 0.50206904 0.41641874
0.00039479 0.36283831 0.35232302 0.39930133 0.34523319 0.50234819  0.48417291 0.45702496 0.47508945 0.39693445 0.45000532 0.44589633  0.47476172 0.42761975 0.50206904 0.41641874
0.00039479 0.36283831 0.35232302 0.39930133 0.34523319 0.50234819  0.48417291 0.45702496 0.47508945 0.39693445 0.45000532 0.44589633  0.47476172 0.42761975 0.50206904 0.41641874
0.00039479 0.36283831 0.35232302 0.39930133 0.34523319 0.50234819  0.48417291 0.45702496 0.47508945 0.39693445 0.45000532 0.44589633  0.47476172 0.42761975 0.50206904 0.41641874
0.00039479 0.36283831 0.35232302 0.39930133 0.34523319 0.50234819  0.48417291 0.45702496 0.47508945 0.39693445 0.45000532 0.44589633  0.47476172 0.42761975 0.50206904 0.41641874
0.00039479 0.36283831 0.35232302 0.39930133 0.34523319 0.50234819  0.48417291 0.45702496 0.47508945 0.39693445 0.45000532 0.44589633  0.47476172 0.42761975 0.50206904 0.41641874
0.00039479 0.36283831 0.35232302 0.39930133 0.34523319 0.50234819  0.48417291 0.45702496 0.47508945 0.39693445 0.45000532 0.44589633  0.47476172 0.42761975 0.50206904 0.41641874
0.05455225 0.43802369 0.31421822 0.45923716 0.36624572 0.45145284  0.43384777 0.48875823 0.51125285 0.38698794 0.47105702 0.44010979  0.48618579 0.48556043 0.58715562 0.38286657
0.21765037 0.66595998 0.19816541 0.64241888 0.42794061 0.28913728  0.29237876 0.58182701 0.56979419 0.36327713 0.46865766 0.4331568  0.55753766 0.54737717 0.65871085 0.36308448
0.2539453  0.69881385 0.18295469 0.64549877 0.41823532 0.30779738  0.29577263 0.59095436 0.55743831 0.349497   0.4619226  0.42407384  0.63172785 0.48517358 0.5019452  0.40878839
0.31074861 0.7497712  0.15951037 0.63422758 0.39945927 0.38199376  0.3331391  0.55135613 0.59105487 0.33380875 0.60423973 0.39129145  0.56365345 0.44910464 0.40241872 0.34136959
0.42066045 0.7585648  0.13809037 0.48438159 0.36133045 0.50486355  0.48664756 0.61635954 0.57677465 0.28062064 0.7517745  0.33718481  0.6134821  0.46080296 0.39291891 0.33095175
0.4707695  0.70029732 0.13416962 0.37190944 0.37231237 0.46115378  0.54285579 0.73740787 0.58379479 0.26446427 0.77315257 0.3357834  0.66335614 0.50843815 0.54242672 0.35203848
0.4707695  0.70029732 0.13416962 0.37190944 0.37231237 0.46115378  0.54285579 0.73740787 0.58379479 0.26446427 0.77315257 0.3357834  0.66335614 0.50843815 0.54242672 0.35203848
0.54097743 0.67887006 0.11564378 0.27325665 0.36803813 0.46369291  0.65366855 0.7456059  0.49036489 0.27414736 0.71292865 0.3607196  0.61173018 0.43996648 0.55840068 0.39371652
0.57361611 0.64876894 0.10838914 0.22937372 0.37302995 0.41631405  0.69825385 0.76614622 0.40262475 0.31398328 0.62199644 0.39971779  0.48700336 0.3549904  0.62226745 0.43853935
0.61522168 0.60575005 0.10769269 0.24527111 0.3544724  0.41845618  0.67668397 0.71375322 0.48345727 0.38982653 0.70369307 0.46044136  0.45503785 0.41501263 0.61852105 0.55888948
0.64721262 0.56993834 0.13444311 0.22599255 0.31145279 0.44563257  0.60476214 0.78451133 0.43620657 0.41946593 0.6039894  0.47684076  0.37888033 0.33854746 0.60149035 0.54343782
0.68286982 0.56872873 0.1495664  0.20314284 0.26342101 0.55618781  0.55291866 0.77217187 0.4426129  0.46204705 0.48603763 0.50649764  0.42505767 0.31942067 0.58236672 0.59235415
0.69527571 0.5333582  0.1430582  0.20758582 0.27942414 0.53260859  0.51546424 0.75765454 0.46753803 0.43498483 0.54873487 0.48194681  0.40501057 0.25750106 0.48834215 0.56529857
0.73732471 0.4589841  0.1583148  0.19063518 0.26549685 0.4715308  0.49126564 0.64679714 0.48923561 0.48929647 0.48176595 0.56254498  0.42587005 0.45059714 0.59266214 0.54544196
0.7652057  0.41265327 0.1698284  0.20179682 0.26091462 0.48316582  0.42111148 0.57271428 0.45461818 0.51039016 0.39652429 0.57472027  0.44318326 0.40901409 0.54760423 0.44875174
0.79115275 0.34260838 0.15286352 0.19828991 0.29777387 0.44397759  0.35325443 0.44929646 0.5242056  0.48306303 0.39720617 0.56283348  0.45194457 0.34203147 0.44399327 0.38212809
0.82520812 0.27870217 0.21063619 0.33806736 0.29205187 0.45781948  0.39381347 0.46217739 0.42845393 0.56198989 0.46360779 0.56043497  0.49530604 0.47128032 0.47185777 0.33506152
0.85410093 0.1657409  0.18936274 0.51740719 0.39400671 0.57676094  0.39477941 0.4617965  0.27970172 0.55082115 0.48571538 0.36631048  0.52680843 0.4565308  0.60886141 0.44896593
0.86619683 0.15772792 0.22170889 0.547373   0.37060096 0.5721769  0.38829893 0.44667848 0.22978045 0.55531113 0.50991821 0.38364027  0.59012039 0.47775336 0.61290119 0.37004674
0.87109821 0.13637797 0.21777586 0.59408549 0.39522298 0.60890872  0.41044631 0.46918006 0.21530569 0.54193625 0.49034714 0.36706119  0.59207151 0.48983808 0.65440461 0.35411952
0.87109821 0.13637797 0.21777586 0.59408549 0.39522298 0.60890872  0.41044631 0.46918006 0.21530569 0.54193625 0.49034714 0.36706119  0.59207151 0.48983808 0.65440461 0.35411952
0.87364281 0.1247782  0.21569806 0.62634076 0.41410448 0.63497817  0.4429494  0.49549741 0.24120991 0.51951538 0.45018237 0.39172624  0.56780275 0.51911538 0.63999139 0.30068461
0.87364281 0.1247782  0.21569806 0.62634076 0.41410448 0.63497817  0.4429494  0.49549741 0.24120991 0.51951538 0.45018237 0.39172624  0.56780275 0.51911538 0.63999139 0.30068461
0.87364281 0.1247782  0.21569806 0.62634076 0.41410448 0.63497817  0.4429494  0.49549741 0.24120991 0.51951538 0.45018237 0.39172624  0.56780275 0.51911538 0.63999139 0.30068461
0.87364281 0.1247782  0.21569806 0.62634076 0.41410448 0.63497817  0.4429494  0.49549741 0.24120991 0.51951538 0.45018237 0.39172624  0.56780275 0.51911538 0.63999139 0.30068461
0.87364281 0.1247782  0.21569806 0.62634076 0.41410448 0.63497817  0.4429494  0.49549741 0.24120991 0.51951538 0.45018237 0.39172624  0.56780275 0.51911538 0.63999139 0.30068461
0.87364281 0.1247782  0.21569806 0.62634076 0.41410448 0.63497817  0.4429494  0.49549741 0.24120991 0.51951538 0.45018237 0.39172624  0.56780275 0.51911538 0.63999139 0.30068461
0.87109821 0.13637797 0.21777586 0.59408549 0.39522298 0.60890872  0.41044631 0.46918006 0.21530569 0.54193625 0.49034714 0.36706119  0.59207151 0.48983808 0.65440461 0.35411952
0.87517441 0.12585212 0.22788252 0.62140199 0.39818321 0.58944448  0.45670062 0.47234285 0.2962914  0.58273733 0.50175798 0.385867  0.61481241 0.41594659 0.62554388 0.42535016
0.90472699 0.18492085 0.40057128 0.61432835 0.34315945 0.47993853  0.51659477 0.39855671 0.40040967 0.57169437 0.46385839 0.30684455  0.62069583 0.40444672 0.59557719 0.46066072
0.92511995 0.28973955 0.60255929 0.48473056 0.61634343 0.46509516  0.48552392 0.36328472 0.46578483 0.65621965 0.43009798 0.22300529  0.66236995 0.40229954 0.50567806 0.33837782
0.93804179 0.32424989 0.69115037 0.46022772 0.70019496 0.46414487  0.46989076 0.34305415 0.47824673 0.6004369  0.43455714 0.21942714  0.59683968 0.400946   0.50920516 0.4393275 
0.93965619 0.3622202  0.74216302 0.42416354 0.67773194 0.40886077  0.50408271 0.32586933 0.55875134 0.58683062 0.4076531  0.24360366  0.59970735 0.38866493 0.50463474 0.44845825
0.93874159 0.35709339 0.73150868 0.4386614  0.62379209 0.39052487  0.5190019  0.32892652 0.56839701 0.57780113 0.38925998 0.19701219  0.57739422 0.40721164 0.48307669 0.44619464
0.94013938 0.31086444 0.68188694 0.49524711 0.62113375 0.44020768  0.50170633 0.32252547 0.49037685 0.56871474 0.41643201 0.1934752  0.64683361 0.38268913 0.53543254 0.43180204
0.94013938 0.31086444 0.68188694 0.49524711 0.62113375 0.44020768  0.50170633 0.32252547 0.49037685 0.56871474 0.41643201 0.1934752  0.64683361 0.38268913 0.53543254 0.43180204
0.88974663 0.20326156 0.36360862 0.5512971  0.31525132 0.4675716  0.45009645 0.39042638 0.33668949 0.55255575 0.50645208 0.37170933  0.62323666 0.41584999 0.6047348  0.40171664
0.88974663 0.20326156 0.36360862 0.5512971  0.31525132 0.4675716  0.45009645 0.39042638 0.33668949 0.55255575 0.50645208 0.37170933  0.62323666 0.41584999 0.6047348  0.40171664
0.87521636 0.1580411  0.25742345 0.57215795 0.35121243 0.55099538  0.41494788 0.43053599 0.24029212 0.54698969 0.52019618 0.39339783  0.63657351 0.4463939  0.65838979 0.35488471
0.87521636 0.1580411  0.25742345 0.57215795 0.35121243 0.55099538  0.41494788 0.43053599 0.24029212 0.54698969 0.52019618 0.39339783  0.63657351 0.4463939  0.65838979 0.35488471
0.88011773 0.13669114 0.25349043 0.61887044 0.37583444 0.5877272  0.43709526 0.45303756 0.22581736 0.53361481 0.50062511 0.37681876  0.63852463 0.45847863 0.69989321 0.3389575 
0.87109821 0.13637797 0.21777586 0.59408549 0.39522298 0.60890872  0.41044631 0.46918006 0.21530569 0.54193625 0.49034714 0.36706119  0.59207151 0.48983808 0.65440461 0.35411952
0.87485529 0.11901602 0.21573976 0.64535987 0.42213305 0.64705347  0.46567693 0.51311046 0.26512968 0.50478427 0.42798378 0.41999453  0.5440897  0.54466636 0.6064239  0.27384756
0.87485529 0.11901602 0.21573976 0.64535987 0.42213305 0.64705347  0.46567693 0.51311046 0.26512968 0.50478427 0.42798378 0.41999453  0.5440897  0.54466636 0.6064239  0.27384756
0.86347511 0.12400766 0.18124954 0.61858574 0.45248502 0.66250382  0.46551872 0.52754129 0.3003223  0.48441669 0.38691555 0.38572976  0.49776734 0.48993935 0.63140585 0.30909613
0.86585907 0.11283724 0.18091984 0.65216269 0.46557528 0.68318473  0.4987952  0.55372215 0.32508587 0.46783217 0.36336388 0.42300766  0.48287452 0.50853659 0.60624412 0.27252093
0.86968848 0.09484197 0.18053452 0.70975616 0.49063911 0.72065547  0.56510016 0.60486864 0.39075107 0.42423953 0.29876116 0.50299555  0.42066413 0.57692377 0.5211177  0.1907948 
0.86968848 0.09484197 0.18053452 0.70975616 0.49063911 0.72065547  0.56510016 0.60486864 0.39075107 0.42423953 0.29876116 0.50299555  0.42066413 0.57692377 0.5211177  0.1907948 
0.86968848 0.09484197 0.18053452 0.70975616 0.49063911 0.72065547  0.56510016 0.60486864 0.39075107 0.42423953 0.29876116 0.50299555  0.42066413 0.57692377 0.5211177  0.1907948 
0.86968848 0.09484197 0.18053452 0.70975616 0.49063911 0.72065547  0.56510016 0.60486864 0.39075107 0.42423953 0.29876116 0.50299555  0.42066413 0.57692377 0.5211177  0.1907948 
0.86968848 0.09484197 0.18053452 0.70975616 0.49063911 0.72065547  0.56510016 0.60486864 0.39075107 0.42423953 0.29876116 0.50299555  0.42066413 0.57692377 0.5211177  0.1907948 
0.84604649 0.11690778 0.11962596 0.65152564 0.53446994 0.75001612  0.55837839 0.61575623 0.4755719  0.36613472 0.23621695 0.46496257  0.33737615 0.54679932 0.45709829 0.33824164
0.83303881 0.13471078 0.09080168 0.61417113 0.5634576  0.76842113  0.55247796 0.60553068 0.51390783 0.32190307 0.18913526 0.42337427  0.35277733 0.50569118 0.46082606 0.36472083
0.82466373 0.1600703  0.08370038 0.57702303 0.57468617 0.79310451  0.53896145 0.60159347 0.50869329 0.2674895  0.09067229 0.39198254  0.34002439 0.48907394 0.49961541 0.28245661
0.82466373 0.1600703  0.08370038 0.57702303 0.57468617 0.79310451  0.53896145 0.60159347 0.50869329 0.2674895  0.09067229 0.39198254  0.34002439 0.48907394 0.49961541 0.28245661
0.82466373 0.1600703  0.08370038 0.57702303 0.57468617 0.79310451  0.53896145 0.60159347 0.50869329 0.2674895  0.09067229 0.39198254  0.34002439 0.48907394 0.49961541 0.28245661
0.80921181 0.17343531 0.06056031 0.56920197 0.59875967 0.77617838  0.58373087 0.59130502 0.55925193 0.24874916 0.13297522 0.38693243  0.34594788 0.49683526 0.55563879 0.35073587
0.80682786 0.18460574 0.06089002 0.53562502 0.58566942 0.75549747  0.5504544  0.56512416 0.53448837 0.26533368 0.15652689 0.34965453  0.3608407  0.47823801 0.58080052 0.38731107
0.80484143 0.19401029 0.06134795 0.50467118 0.57082593 0.73410744  0.51225075 0.53482567 0.49277132 0.29172723 0.19959301 0.30083948  0.40517741 0.43107709 0.6394082  0.44266998
0.729584   0.30619477 0.01659546 0.48668336 0.60827118 0.63973086  0.60496824 0.3373293  0.56415401 0.25393307 0.40370648 0.26957416  0.53783048 0.4753268  0.75307321 0.42739552
0.69933089 0.39149664 0.01879355 0.41530272 0.56853803 0.60149726  0.6384326  0.27460892 0.64990244 0.23700228 0.39265407 0.36761462  0.62288876 0.53248637 0.66508804 0.33052843
0.58291118 0.57096552 0.03604096 0.3748563  0.50309823 0.4139869  0.64980432 0.15241831 0.54129602 0.33392566 0.46076577 0.42581697  0.55267511 0.51299354 0.6431279  0.30114583
0.43963933 0.6424826  0.07220832 0.47186674 0.50715395 0.22574479  0.640504   0.2193553  0.34708211 0.35728656 0.4116227  0.45206072  0.44529289 0.43905758 0.48676275 0.23402574
0.35230519 0.61296567 0.117147   0.48186161 0.49524758 0.19212162  0.63896694 0.2991182  0.25271589 0.39268254 0.25288912 0.49771947  0.49604918 0.41241027 0.46826451 0.37485304
0.19702943 0.55189153 0.20996872 0.46608029 0.44332763 0.24915054  0.65478031 0.42923938 0.16034715 0.41417384 0.24173593 0.49338735  0.42925116 0.30875976 0.33097173 0.48045945
0.14267661 0.49034574 0.24643896 0.43835333 0.42290175 0.29378947  0.63687686 0.42138032 0.19063549 0.42586229 0.21936748 0.50343942  0.47748805 0.30032945 0.31909059 0.51939737
0.07057186 0.4363202  0.29688016 0.44476643 0.38823898 0.36908819  0.52491791 0.46269653 0.31979163 0.40788175 0.2630435  0.48417518  0.57287142 0.33420379 0.33510928 0.53324894
0.05336775 0.43914143 0.31083182 0.46832666 0.37416152 0.39938838  0.45143619 0.50292086 0.40448693 0.37548598 0.33684065 0.45259001  0.60541605 0.3574237  0.32371238 0.49045415
0.01845781 0.38826797 0.33866239 0.420453   0.35395898 0.47230789  0.4771605  0.46811941 0.45022451 0.3899036  0.42030767 0.44728908  0.50617052 0.39851143 0.43565458 0.43218766
0.00039479 0.36283831 0.35232302 0.39930133 0.34523319 0.50234819  0.48417291 0.45702496 0.47508945 0.39693445 0.45000532 0.44589633  0.47476172 0.42761975 0.50206904 0.41641874
0.00039479 0.36283831 0.35232302 0.39930133 0.34523319 0.50234819  0.48417291 0.45702496 0.47508945 0.39693445 0.45000532 0.44589633  0.47476172 0.42761975 0.50206904 0.41641874
0.00039479 0.36283831 0.35232302 0.39930133 0.34523319 0.50234819  0.48417291 0.45702496 0.47508945 0.39693445 0.45000532 0.44589633  0.47476172 0.42761975 0.50206904 0.41641874
0.00039479 0.36283831 0.35232302 0.39930133 0.34523319 0.50234819  0.48417291 0.45702496 0.47508945 0.39693445 0.45000532 0.44589633  0.47476172 0.42761975 0.50206904 0.41641874
0.00039479 0.36283831 0.35232302 0.39930133 0.34523319 0.50234819  0.48417291 0.45702496 0.47508945 0.39693445 0.45000532 0.44589633  0.47476172 0.42761975 0.50206904 0.41641874
0.00039479 0.36283831 0.35232302 0.39930133 0.34523319 0.50234819  0.48417291 0.45702496 0.47508945 0.39693445 0.45000532 0.44589633  0.47476172 0.42761975 0.50206904 0.41641874
0.00039479 0.36283831 0.35232302 0.39930133 0.34523319 0.50234819  0.48417291 0.45702496 0.47508945 0.39693445 0.45000532 0.44589633  0.47476172 0.42761975 0.50206904 0.41641874
0.00039479 0.36283831 0.35232302 0.39930133 0.34523319 0.50234819  0.48417291 0.45702496 0.47508945 0.39693445 0.45000532 0.44589633  0.47476172 0.42761975 0.50206904 0.41641874
0.00039479 0.36283831 0.35232302 0.39930133 0.34523319 0.50234819  0.48417291 0.45702496 0.47508945 0.39693445 0.45000532 0.44589633  0.47476172 0.42761975 0.50206904 0.41641874
0.00039479 0.36283831 0.35232302 0.39930133 0.34523319 0.50234819  0.48417291 0.45702496 0.47508945 0.39693445 0.45000532 0.44589633  0.47476172 0.42761975 0.50206904 0.41641874
0.00039479 0.36283831 0.35232302 0.39930133 0.34523319 0.50234819  0.48417291 0.45702496 0.47508945 0.39693445 0.45000532 0.44589633  0.47476172 0.42761975 0.50206904 0.41641874
0.00039479 0.36283831 0.35232302 0.39930133 0.34523319 0.50234819  0.48417291 0.45702496 0.47508945 0.39693445 0.45000532 0.44589633  0.47476172 0.42761975 0.50206904 0.41641874
0.00039479 0.36283831 0.35232302 0.39930133 0.34523319 0.50234819  0.48417291 0.45702496 0.47508945 0.39693445 0.45000532 0.44589633  0.47476172 0.42761975 0.50206904 0.41641874
0.00039479 0.36283831 0.35232302 0.39930133 0.34523319 0.50234819  0.48417291 0.45702496 0.47508945 0.39693445 0.45000532 0.44589633  0.47476172 0.42761975 0.50206904 0.41641874
0.00039479 0.36283831 0.35232302 0.39930133 0.34523319 0.50234819  0.48417291 0.45702496 0.47508945 0.39693445 0.45000532 0.44589633  0.47476172 0.42761975 0.50206904 0.41641874
0.00039479 0.36283831 0.35232302 0.39930133 0.34523319 0.50234819  0.48417291 0.45702496 0.47508945 0.39693445 0.45000532 0.44589633  0.47476172 0.42761975 0.50206904 0.41641874
0.00039479 0.36283831 0.35232302 0.39930133 0.34523319 0.50234819  0.48417291 0.45702496 0.47508945 0.39693445 0.45000532 0.44589633  0.47476172 0.42761975 0.50206904 0.41641874
0.00039479 0.36283831 0.35232302 0.39930133 0.34523319 0.50234819  0.48417291 0.45702496 0.47508945 0.39693445 0.45000532 0.44589633  0.47476172 0.42761975 0.50206904 0.41641874
