0.00039479 0.36283831 0.35232302 0.39930133 0.34523319 0.50234819  0.48417291 0.45702496 0.47508945 0.39693445 0.45000532 0.44589633  0.47476172 0.42761975 0.50206904 0.41641874
0.00039479 0.36283831 0.35232302 0.39930133 0.34523319 0.50234819  0.48417291 0.45702496 0.47508945 0.39693445 0.45000532 0.44589633  0.47476172 0.42761975 0.50206904 0.41641874
0.00039479 0.36283831 0.35232302 0.39930133 0.34523319 0.50234819  0.48417291 0.45702496 0.47508945 0.39693445 0.45000532 0.44589633  0.47476172 0.42761975 0.50206904 0.41641874
0.00039479 0.36283831 0.35232302 0.39930133 0.34523319 0.50234819  0.48417291 0.45702496 0.47508945 0.39693445 0.45000532 0.44589633  0.47476172 0.42761975 0.50206904 0.41641874
0.00039479 0.36283831 0.35232302 0.39930133 0.34523319 0.50234819  0.48417291 0.45702496 0.47508945 0.39693445 0.45000532 0.44589633  0.47476172 0.42761975 0.50206904 0.41641874
0.00039479 0.36283831 0.35232302 0.39930133 0.34523319 0.50234819  0.48417291 0.45702496 0.47508945 0.39693445 0.45000532 0.44589633  0.47476172 0.42761975 0.50206904 0.41641874
0.00039479 0.36283831 0.35232302 0.39930133 0.34523319 0.50234819  0.48417291 0.45702496 0.47508945 0.39693445 0.45000532 0.44589633  0.47476172 0.42761975 0.50206904 0.41641874
0.00039479 0.36283831 0.35232302 0.39930133 0.34523319 0.50234819  0.48417291 0.45702496 0.47508945 0.39693445 0.45000532 0.44589633  0.47476172 0.42761975 0.50206904 0.41641874
0.00039479 0.36283831 0.35232302 0.39930133 0.34523319 0.50234819  0.48417291 0.45702496 0.47508945 0.39693445 0.45000532 0.44589633  0.47476172 0.42761975 0.50206904 0.41641874
0.00039479 0.36283831 0.35232302 0.39930133 0.34523319 0.50234819  0.48417291 0.45702496 0.47508945 0.39693445 0.45000532 0.44589633  0.47476172 0.42761975 0.50206904 0.41641874
0.00039479 0.36283831 0.35232302 0.39930133 0.34523319 0.50234819  0.48417291 0.45702496 0.47508945 0.39693445 0.45000532 0.44589633  0.47476172 0.42761975 0.50206904 0.41641874
0.00039479 0.36283831 0.35232302 0.39930133 0.34523319 0.50234819  0.48417291 0.45702496 0.47508945 0.39693445 0.45000532 0.44589633  0.47476172 0.42761975 0.50206904 0.41641874
0.00039479 0.36283831 0.35232302 0.39930133 0.34523319 0.50234819  0.48417291 0.45702496 0.47508945 0.39693445 0.45000532 0.44589633  0.47476172 0.42761975 0.50206904 0.41641874
0.00039479 0.36283831 0.35232302 0.39930133 0.34523319 0.50234819  0.48417291 0.45702496 0.47508945 0.39693445 0.45000532 0.44589633  0.47476172 0.42761975 0.50206904 0.41641874
0.00039479 0.36283831 0.35232302 0.39930133 0.34523319 0.50234819  0.48417291 0.45702496 0.47508945 0.39693445 0.45000532 0.44589633  0.47476172 0.42761975 0.50206904 0.41641874
0.00039479 0.36283831 0.35232302 0.39930133 0.34523319 0.50234819  0.48417291 0.45702496 0.47508945 0.39693445 0.45000532 0.44589633  0.47476172 0.42761975 0.50206904 0.41641874
0.00039479 0.36283831 0.35232302 0.39930133 0.34523319 0.50234819  0.48417291 0.45702496 0.47508945 0.39693445 0.45000532 0.44589633  0.47476172 0.42761975 0.50206904 0.41641874
0.00039479 0.36283831 0.35232302 0.39930133 0.34523319 0.50234819  0.48417291 0.45702496 0.47508945 0.39693445 0.45000532 0.44589633  0.47476172 0.42761975 0.50206904 0.41641874
0.00039479 0.36283831 0.35232302 0.39930133 0.34523319 0.50234819  0.48417291 0.45702496 0.47508945 0.39693445 0.45000532 0.44589633  0.47476172 0.42761975 0.50206904 0.41641874
0.00039479 0.36283831 0.35232302 0.39930133 0.34523319 0.50234819  0.48417291 0.45702496 0.47508945 0.39693445 0.45000532 0.44589633  0.47476172 0.42761975 0.50206904 0.41641874
0.00039479 0.36283831 0.35232302 0.39930133 0.34523319 0.50234819  0.48417291 0.45702496 0.47508945 0.39693445 0.45000532 0.44589633  0.47476172 0.42761975 0.50206904 0.41641874
0.00039479 0.36283831 0.35232302 0.39930133 0.34523319 0.50234819  0.48417291 0.45702496 0.47508945 0.39693445 0.45000532 0.44589633  0.47476172 0.42761975 0.50206904 0.41641874
0.00039479 0.36283831 0.35232302 0.39930133 0.34523319 0.50234819  0.48417291 0.45702496 0.47508945 0.39693445 0.45000532 0.44589633  0.47476172 0.42761975 0.50206904 0.41641874
0.00039479 0.36283831 0.35232302 0.39930133 0.34523319 0.50234819  0.48417291 0.45702496 0.47508945 0.39693445 0.45000532 0.44589633  0.47476172 0.42761975 0.50206904 0.41641874
0.00039479 0.36283831 0.35232302 0.39930133 0.34523319 0.50234819  0.48417291 0.45702496 0.47508945 0.39693445 0.45000532 0.44589633  0.47476172 0.42761975 0.50206904 0.41641874
0.00039479 0.36283831 0.35232302 0.39930133 0.34523319 0.50234819  0.48417291 0.45702496 0.47508945 0.39693445 0.45000532 0.44589633  0.47476172 0.42761975 0.50206904 0.41641874
0.00039479 0.36283831 0.35232302 0.39930133 0.34523319 0.50234819  0.48417291 0.45702496 0.47508945 0.39693445 0.45000532 0.44589633  0.47476172 0.42761975 0.50206904 0.41641874
0.00039479 0.36283831 0.35232302 0.39930133 0.34523319 0.50234819  0.48417291 0.45702496 0.47508945 0.39693445 0.45000532 0.44589633  0.47476172 0.42761975 0.50206904 0.41641874
0.00039479 0.36283831 0.35232302 0.39930133 0.34523319 0.50234819  0.48417291 0.45702496 0.47508945 0.39693445 0.45000532 0.44589633  0.47476172 0.42761975 0.50206904 0.41641874
0.00039479 0.36283831 0.35232302 0.39930133 0.34523319 0.50234819  0.48417291 0.45702496 0.47508945 0.39693445 0.45000532 0.44589633  0.47476172 0.42761975 0.50206904 0.41641874
0.00039479 0.36283831 0.35232302 0.39930133 0.34523319 0.50234819  0.48417291 0.45702496 0.47508945 0.39693445 0.45000532 0.44589633  0.47476172 0.42761975 0.50206904 0.41641874
0.00039479 0.36283831 0.35232302 0.39930133 0.34523319 0.50234819  0.48417291 0.45702496 0.47508945 0.39693445 0.45000532 0.44589633  0.47476172 0.42761975 0.50206904 0.41641874
0.00039479 0.36283831 0.35232302 0.39930133 0.34523319 0.50234819  0.48417291 0.45702496 0.47508945 0.39693445 0.45000532 0.44589633  0.47476172 0.42761975 0.50206904 0.41641874
0.00039479 0.36283831 0.35232302 0.39930133 0.34523319 0.50234819  0.48417291 0.45702496 0.47508945 0.39693445 0.45000532 0.44589633  0.47476172 0.42761975 0.50206904 0.41641874
0.00039479 0.36283831 0.35232302 0.39930133 0.34523319 0.50234819  0.48417291 0.45702496 0.47508945 0.39693445 0.45000532 0.44589633  0.47476172 0.42761975 0.50206904 0.41641874
0.00039479 0.36283831 0.35232302 0.39930133 0.34523319 0.50234819  0.48417291 0.45702496 0.47508945 0.39693445 0.45000532 0.44589633  0.47476172 0.42761975 0.50206904 0.41641874
0.00039479 0.36283831 0.35232302 0.39930133 0.34523319 0.50234819  0.48417291 0.45702496 0.47508945 0.39693445 0.45000532 0.44589633  0.47476172 0.42761975 0.50206904 0.41641874
0.00039479 0.36283831 0.35232302 0.39930133 0.34523319 0.50234819  0.48417291 0.45702496 0.47508945 0.39693445 0.45000532 0.44589633  0.47476172 0.42761975 0.50206904 0.41641874
0.00039479 0.36283831 0.35232302 0.39930133 0.34523319 0.50234819  0.48417291 0.45702496 0.47508945 0.39693445 0.45000532 0.44589633  0.47476172 0.42761975 0.50206904 0.41641874
0.00039479 0.36283831 0.35232302 0.39930133 0.34523319 0.50234819  0.48417291 0.45702496 0.47508945 0.39693445 0.45000532 0.44589633  0.47476172 0.42761975 0.50206904 0.41641874
0.00039479 0.36283831 0.35232302 0.39930133 0.34523319 0.50234819  0.48417291 0.45702496 0.47508945 0.39693445 0.45000532 0.44589633  0.47476172 0.42761975 0.50206904 0.41641874
0.00039479 0.36283831 0.35232302 0.39930133 0.34523319 0.50234819  0.48417291 0.45702496 0.47508945 0.39693445 0.45000532 0.44589633  0.47476172 0.42761975 0.50206904 0.41641874
0.00039479 0.36283831 0.35232302 0.39930133 0.34523319 0.50234819  0.48417291 0.45702496 0.47508945 0.39693445 0.45000532 0.44589633  0.47476172 0.42761975 0.50206904 0.41641874
0.00039479 0.36283831 0.35232302 0.39930133 0.34523319 0.50234819  0.48417291 0.45702496 0.47508945 0.39693445 0.45000532 0.44589633  0.47476172 0.42761975 0.50206904 0.41641874
0.00039479 0.36283831 0.35232302 0.39930133 0.34523319 0.50234819  0.48417291 0.45702496 0.47508945 0.39693445 0.45000532 0.44589633  0.47476172 0.42761975 0.50206904 0.41641874
0.00039479 0.36283831 0.35232302 0.39930133 0.34523319 0.50234819  0.48417291 0.45702496 0.47508945 0.39693445 0.45000532 0.44589633  0.47476172 0.42761975 0.50206904 0.41641874
0.00039479 0.36283831 0.35232302 0.39930133 0.34523319 0.50234819  0.48417291 0.45702496 0.47508945 0.39693445 0.45000532 0.44589633  0.47476172 0.42761975 0.50206904 0.41641874
0.00039479 0.36283831 0.35232302 0.39930133 0.34523319 0.50234819  0.48417291 0.45702496 0.47508945 0.39693445 0.45000532 0.44589633  0.47476172 0.42761975 0.50206904 0.41641874
0.00039479 0.36283831 0.35232302 0.39930133 0.34523319 0.50234819  0.48417291 0.45702496 0.47508945 0.39693445 0.45000532 0.44589633  0.47476172 0.42761975 0.50206904 0.41641874
0.00039479 0.36283831 0.35232302 0.39930133 0.34523319 0.50234819  0.48417291 0.45702496 0.47508945 0.39693445 0.45000532 0.44589633  0.47476172 0.42761975 0.50206904 0.41641874
0.00039479 0.36283831 0.35232302 0.39930133 0.34523319 0.50234819  0.48417291 0.45702496 0.47508945 0.39693445 0.45000532 0.44589633  0.47476172 0.42761975 0.50206904 0.41641874
0.00039479 0.36283831 0.35232302 0.39930133 0.34523319 0.50234819  0.48417291 0.45702496 0.47508945 0.39693445 0.45000532 0.44589633  0.47476172 0.42761975 0.50206904 0.41641874
0.00039479 0.36283831 0.35232302 0.39930133 0.34523319 0.50234819  0.48417291 0.45702496 0.47508945 0.39693445 0.45000532 0.44589633  0.47476172 0.42761975 0.50206904 0.41641874
0.00039479 0.36283831 0.35232302 0.39930133 0.34523319 0.50234819  0.48417291 0.45702496 0.47508945 0.39693445 0.45000532 0.44589633  0.47476172 0.42761975 0.50206904 0.41641874
0.00039479 0.36283831 0.35232302 0.39930133 0.34523319 0.50234819  0.48417291 0.45702496 0.47508945 0.39693445 0.45000532 0.44589633  0.47476172 0.42761975 0.50206904 0.41641874
0.00039479 0.36283831 0.35232302 0.39930133 0.34523319 0.50234819  0.48417291 0.45702496 0.47508945 0.39693445 0.45000532 0.44589633  0.47476172 0.42761975 0.50206904 0.41641874
0.00039479 0.36283831 0.35232302 0.39930133 0.34523319 0.50234819  0.48417291 0.45702496 0.47508945 0.39693445 0.45000532 0.44589633  0.47476172 0.42761975 0.50206904 0.41641874
0.03525649 0.41685964 0.32437467 0.45347996 0.36854765 0.43569141  0.43485985 0.4975719  0.47652552 0.39120509 0.39620065 0.45304628  0.55757342 0.45566594 0.52722734 0.46096477
0.25377526 0.71250581 0.1728141  0.67338181 0.43930744 0.24739641  0.29501728 0.58953551 0.52108745 0.34995056 0.43564292 0.43116964  0.5790201  0.4829441  0.52548066 0.37344512
0.45629848 0.80407354 0.09710843 0.51857932 0.38424446 0.49527585  0.60167809 0.3427797  0.40494569 0.47808893 0.51940683 0.4728624  0.25467343 0.36882748 0.50349181 0.40923842
0.54644978 0.77232352 0.09582484 0.34712351 0.34185412 0.61325183  0.71214736 0.45680348 0.41778916 0.41562658 0.56980044 0.43204295  0.55008453 0.4215556  0.49818758 0.48664996
0.62830771 0.67384946 0.12216705 0.2222031  0.3000111  0.63172307  0.61750488 0.60947755 0.44402681 0.39515892 0.41939129 0.45858347  0.64084293 0.4506503  0.47025706 0.51664283
0.70496823 0.54738125 0.14077073 0.13356318 0.28313715 0.57210026  0.51175355 0.62041356 0.48265891 0.4077839  0.25459702 0.52464881  0.56164162 0.51154702 0.6267323  0.47917493
0.78739002 0.66515176 0.56637056 0.03634071 0.72846714 0.57507639  0.41482981 0.47578631 0.4823923  0.31152474 0.29295222 0.47483545  0.57639493 0.56660116 0.4902227  0.40483047
0.82261772 0.66959951 0.70792276 0.10533794 0.72111794 0.52329607  0.4702898  0.42423745 0.4844552  0.26058843 0.34314208 0.53913388  0.68908817 0.44645286 0.63989476 0.38989886
0.88646819 0.54444355 0.76038361 0.160519   0.68854441 0.42585234  0.3720302  0.38444888 0.43162929 0.35474366 0.44584242 0.57336726  0.56876356 0.34015756 0.61907333 0.20574282
0.88646819 0.54444355 0.76038361 0.160519   0.68854441 0.42585234  0.3720302  0.38444888 0.43162929 0.35474366 0.44584242 0.57336726  0.56876356 0.34015756 0.61907333 0.20574282
0.89889726 0.51147773 0.74875714 0.16385958 0.70803568 0.42056123  0.34664547 0.30007757 0.44757051 0.35709701 0.40290369 0.58049244  0.59200026 0.30633583 0.6300388  0.17733186
0.89693379 0.49899925 0.72229422 0.18907313 0.61214553 0.39223842  0.37826319 0.2919942  0.48286491 0.35903988 0.33852666 0.48603393  0.58699638 0.33707471 0.61509865 0.13885384
0.88486457 0.47016535 0.63516439 0.23340599 0.43301236 0.39762599  0.35418081 0.2729598  0.40477722 0.21463759 0.33052757 0.48503038  0.51891856 0.39645377 0.63418733 0.15442062
0.85947467 0.39163034 0.45561872 0.27950943 0.29864799 0.38901187  0.36978684 0.31337617 0.38215555 0.2980215  0.41941983 0.62512497  0.64496718 0.34087614 0.67173935 0.149643  
0.81358877 0.3593263  0.24545187 0.23353376 0.24206596 0.43579561  0.34304927 0.38877591 0.42448857 0.36982739 0.36772061 0.59072752  0.55112174 0.36473859 0.53078289 0.22551907
0.81358877 0.3593263  0.24545187 0.23353376 0.24206596 0.43579561  0.34304927 0.38877591 0.42448857 0.36982739 0.36772061 0.59072752  0.55112174 0.36473859 0.53078289 0.22551907
0.79487358 0.35995491 0.17810837 0.19110762 0.28559669 0.46407692  0.33325743 0.43024123 0.46906978 0.43313944 0.32294603 0.54877154  0.50250359 0.34663679 0.48682239 0.22094468
0.809907   0.30226868 0.17372738 0.28452346 0.32952609 0.50527722  0.33292944 0.42604206 0.39580431 0.46396403 0.3738149  0.44839938  0.4917831  0.39855221 0.46055105 0.3707189 
0.8252796  0.24230668 0.16028811 0.3725652  0.38146454 0.56898398  0.31916095 0.42024577 0.30329196 0.4526389  0.38795439 0.33852629  0.52161945 0.35395752 0.55541275 0.41788914
0.8252796  0.24230668 0.16028811 0.3725652  0.38146454 0.56898398  0.31916095 0.42024577 0.30329196 0.4526389  0.38795439 0.33852629  0.52161945 0.35395752 0.55541275 0.41788914
0.83587491 0.1974793  0.15011922 0.46426658 0.43581239 0.64540158  0.3586579  0.45436732 0.27207048 0.4235671  0.33953754 0.28660684  0.53021077 0.37079896 0.66191493 0.38663018
0.83587491 0.1974793  0.15011922 0.46426658 0.43581239 0.64540158  0.3586579  0.45436732 0.27207048 0.4235671  0.33953754 0.28660684  0.53021077 0.37079896 0.66191493 0.38663018
0.83979686 0.18078195 0.14762194 0.50189856 0.45722861 0.67381905  0.38356933 0.47544326 0.28018332 0.41354026 0.31247456 0.2807015  0.51302018 0.40959194 0.65819627 0.37563153
0.82747212 0.19542784 0.11996836 0.47579432 0.48706502 0.69461553  0.38938805 0.46965465 0.32750543 0.36387577 0.26727269 0.25166465  0.52922195 0.36984188 0.65257073 0.41199136
0.81537622 0.20344082 0.08762222 0.44582851 0.51047077 0.69919957  0.39586853 0.48477267 0.3774267  0.35938579 0.24306986 0.23433486  0.46590999 0.34861932 0.64853095 0.49091055
0.81792082 0.19184106 0.08554442 0.47808378 0.52935228 0.72526902  0.42837162 0.51109002 0.40333093 0.33696493 0.2029051  0.25899991  0.44164123 0.37789661 0.63411773 0.43747564
0.81792082 0.19184106 0.08554442 0.47808378 0.52935228 0.72526902  0.42837162 0.51109002 0.40333093 0.33696493 0.2029051  0.25899991  0.44164123 0.37789661 0.63411773 0.43747564
0.81792082 0.19184106 0.08554442 0.47808378 0.52935228 0.72526902  0.42837162 0.51109002 0.40333093 0.33696493 0.2029051  0.25899991  0.44164123 0.37789661 0.63411773 0.43747564
0.81792082 0.19184106 0.08554442 0.47808378 0.52935228 0.72526902  0.42837162 0.51109002 0.40333093 0.33696493 0.2029051  0.25899991  0.44164123 0.37789661 0.63411773 0.43747564
0.81792082 0.19184106 0.08554442 0.47808378 0.52935228 0.72526902  0.42837162 0.51109002 0.40333093 0.33696493 0.2029051  0.25899991  0.44164123 0.37789661 0.63411773 0.43747564
0.8024689  0.20520608 0.06240434 0.47026271 0.55342578 0.70834289  0.47314104 0.50080158 0.45388958 0.31822459 0.24520803 0.2539498  0.44756472 0.38565794 0.69014112 0.5057549 
0.8024689  0.20520608 0.06240434 0.47026271 0.55342578 0.70834289  0.47314104 0.50080158 0.45388958 0.31822459 0.24520803 0.2539498  0.44756472 0.38565794 0.69014112 0.5057549 
0.7877662  0.23159231 0.04996688 0.47306497 0.57007772 0.72292714  0.50864176 0.45933805 0.48068909 0.29498752 0.26670411 0.24688126  0.56576387 0.44881684 0.65304629 0.52661594
0.68796296 0.4411437  0.02730166 0.29870298 0.5036183  0.51027852  0.5588707  0.20471405 0.63036014 0.28282486 0.47945289 0.36543398  0.66239699 0.45233136 0.6417165  0.41088921
0.67555708 0.47651423 0.03380986 0.29426    0.48761518 0.53385774  0.59632512 0.21923138 0.60543502 0.30988708 0.41675565 0.38998481  0.68244408 0.51425096 0.73574107 0.43794479
0.67555708 0.47651423 0.03380986 0.29426    0.48761518 0.53385774  0.59632512 0.21923138 0.60543502 0.30988708 0.41675565 0.38998481  0.68244408 0.51425096 0.73574107 0.43794479
0.66779588 0.50661864 0.04113669 0.25081495 0.46085666 0.49981186  0.60323851 0.22497799 0.6490161  0.31573158 0.41674863 0.44586556  0.66547795 0.53661528 0.67980919 0.41790529
0.56089544 0.6360939  0.04849926 0.41061218 0.44703901 0.45289974  0.56199602 0.01661579 0.56230712 0.44149497 0.40704689 0.50574121  0.40816719 0.44374988 0.52408958 0.33961018
0.51061708 0.65331382 0.05598856 0.43669587 0.46865872 0.35134341  0.60766461 0.10766256 0.46902802 0.42558083 0.37622343 0.50769992  0.39344818 0.49925241 0.62198958 0.31225144
0.46381504 0.71187514 0.07166651 0.48343498 0.46215692 0.33287437  0.63801808 0.24059176 0.38250962 0.44116014 0.41742276 0.49091567  0.32197487 0.46641304 0.65848687 0.32013325
0.39959851 0.75913029 0.09836533 0.53182141 0.45483569 0.2796929  0.62834597 0.43560147 0.3321915  0.40493469 0.50461778 0.45060432  0.32268845 0.42848506 0.56087548 0.32747457
0.28851848 0.67414867 0.14818536 0.55394243 0.46900493 0.18776148  0.59236925 0.46369109 0.2060783  0.40025233 0.29027908 0.48203376  0.41497204 0.34497941 0.38303074 0.42183187
0.21437175 0.59554931 0.19204666 0.53271874 0.46005578 0.18853436  0.56296632 0.47962227 0.19377504 0.41032003 0.16963228 0.50665421  0.56481926 0.32865563 0.33443997 0.53817866
0.14355037 0.5229741  0.24644129 0.4935869  0.41436966 0.30365141  0.54467914 0.44998359 0.25076917 0.41181624 0.23968257 0.49066789  0.47174686 0.2996688  0.3125306  0.49611039
0.07102051 0.46648761 0.29681783 0.49538875 0.38534053 0.36816237  0.42637893 0.52216562 0.40838993 0.37342912 0.31490181 0.45582256  0.6405316  0.37092096 0.3395245  0.50760399
0.07102051 0.46648761 0.29681783 0.49538875 0.38534053 0.36816237  0.42637893 0.52216562 0.40838993 0.37342912 0.31490181 0.45582256  0.6405316  0.37092096 0.3395245  0.50760399
0.07102051 0.46648761 0.29681783 0.49538875 0.38534053 0.36816237  0.42637893 0.52216562 0.40838993 0.37342912 0.31490181 0.45582256  0.6405316  0.37092096 0.3395245  0.50760399
0.03544839 0.41404176 0.32462587 0.44710978 0.36503751 0.43337561  0.45603541 0.49115319 0.43842582 0.38389341 0.37735876 0.45056284  0.56420009 0.3942791  0.4095445  0.46588946
0.01779563 0.38669558 0.33863985 0.42004769 0.35385851 0.46460162  0.48109267 0.47190843 0.43452283 0.38595027 0.3992976  0.44733029  0.52908455 0.38078184 0.39373238 0.44873962
0.00039479 0.36283831 0.35232302 0.39930133 0.34523319 0.50234819  0.48417291 0.45702496 0.47508945 0.39693445 0.45000532 0.44589633  0.47476172 0.42761975 0.50206904 0.41641874
0.00039479 0.36283831 0.35232302 0.39930133 0.34523319 0.50234819  0.48417291 0.45702496 0.47508945 0.39693445 0.45000532 0.44589633  0.47476172 0.42761975 0.50206904 0.41641874
0.00039479 0.36283831 0.35232302 0.39930133 0.34523319 0.50234819  0.48417291 0.45702496 0.47508945 0.39693445 0.45000532 0.44589633  0.47476172 0.42761975 0.50206904 0.41641874
0.00039479 0.36283831 0.35232302 0.39930133 0.34523319 0.50234819  0.48417291 0.45702496 0.47508945 0.39693445 0.45000532 0.44589633  0.47476172 0.42761975 0.50206904 0.41641874
0.00039479 0.36283831 0.35232302 0.39930133 0.34523319 0.50234819  0.48417291 0.45702496 0.47508945 0.39693445 0.45000532 0.44589633  0.47476172 0.42761975 0.50206904 0.41641874
0.00039479 0.36283831 0.35232302 0.39930133 0.34523319 0.50234819  0.48417291 0.45702496 0.47508945 0.39693445 0.45000532 0.44589633  0.47476172 0.42761975 0.50206904 0.41641874
0.00039479 0.36283831 0.35232302 0.39930133 0.34523319 0.50234819  0.48417291 0.45702496 0.47508945 0.39693445 0.45000532 0.44589633  0.47476172 0.42761975 0.50206904 0.41641874
0.00039479 0.36283831 0.35232302 0.39930133 0.34523319 0.50234819  0.48417291 0.45702496 0.47508945 0.39693445 0.45000532 0.44589633  0.47476172 0.42761975 0.50206904 0.41641874
0.00039479 0.36283831 0.35232302 0.39930133 0.34523319 0.50234819  0.48417291 0.45702496 0.47508945 0.39693445 0.45000532 0.44589633  0.47476172 0.42761975 0.50206904 0.41641874
