0.00039479 0.36283831 0.35232302 0.39930133 0.34523319 0.50234819  0.48417291 0.45702496 0.47508945 0.39693445 0.45000532 0.44589633  0.47476172 0.42761975 0.50206904 0.41641874
0.00039479 0.36283831 0.35232302 0.39930133 0.34523319 0.50234819  0.48417291 0.45702496 0.47508945 0.39693445 0.45000532 0.44589633  0.47476172 0.42761975 0.50206904 0.41641874
0.00039479 0.36283831 0.35232302 0.39930133 0.34523319 0.50234819  0.48417291 0.45702496 0.47508945 0.39693445 0.45000532 0.44589633  0.47476172 0.42761975 0.50206904 0.41641874
0.00039479 0.36283831 0.35232302 0.39930133 0.34523319 0.50234819  0.48417291 0.45702496 0.47508945 0.39693445 0.45000532 0.44589633  0.47476172 0.42761975 0.50206904 0.41641874
0.00039479 0.36283831 0.35232302 0.39930133 0.34523319 0.50234819  0.48417291 0.45702496 0.47508945 0.39693445 0.45000532 0.44589633  0.47476172 0.42761975 0.50206904 0.41641874
0.00039479 0.36283831 0.35232302 0.39930133 0.34523319 0.50234819  0.48417291 0.45702496 0.47508945 0.39693445 0.45000532 0.44589633  0.47476172 0.42761975 0.50206904 0.41641874
0.00039479 0.36283831 0.35232302 0.39930133 0.34523319 0.50234819  0.48417291 0.45702496 0.47508945 0.39693445 0.45000532 0.44589633  0.47476172 0.42761975 0.50206904 0.41641874
0.00039479 0.36283831 0.35232302 0.39930133 0.34523319 0.50234819  0.48417291 0.45702496 0.47508945 0.39693445 0.45000532 0.44589633  0.47476172 0.42761975 0.50206904 0.41641874
0.00039479 0.36283831 0.35232302 0.39930133 0.34523319 0.50234819  0.48417291 0.45702496 0.47508945 0.39693445 0.45000532 0.44589633  0.47476172 0.42761975 0.50206904 0.41641874
0.00039479 0.36283831 0.35232302 0.39930133 0.34523319 0.50234819  0.48417291 0.45702496 0.47508945 0.39693445 0.45000532 0.44589633  0.47476172 0.42761975 0.50206904 0.41641874
0.00039479 0.36283831 0.35232302 0.39930133 0.34523319 0.50234819  0.48417291 0.45702496 0.47508945 0.39693445 0.45000532 0.44589633  0.47476172 0.42761975 0.50206904 0.41641874
0.00039479 0.36283831 0.35232302 0.39930133 0.34523319 0.50234819  0.48417291 0.45702496 0.47508945 0.39693445 0.45000532 0.44589633  0.47476172 0.42761975 0.50206904 0.41641874
0.00039479 0.36283831 0.35232302 0.39930133 0.34523319 0.50234819  0.48417291 0.45702496 0.47508945 0.39693445 0.45000532 0.44589633  0.47476172 0.42761975 0.50206904 0.41641874
0.00039479 0.36283831 0.35232302 0.39930133 0.34523319 0.50234819  0.48417291 0.45702496 0.47508945 0.39693445 0.45000532 0.44589633  0.47476172 0.42761975 0.50206904 0.41641874
0.00039479 0.36283831 0.35232302 0.39930133 0.34523319 0.50234819  0.48417291 0.45702496 0.47508945 0.39693445 0.45000532 0.44589633  0.47476172 0.42761975 0.50206904 0.41641874
0.00039479 0.36283831 0.35232302 0.39930133 0.34523319 0.50234819  0.48417291 0.45702496 0.47508945 0.39693445 0.45000532 0.44589633  0.47476172 0.42761975 0.50206904 0.41641874
0.00039479 0.36283831 0.35232302 0.39930133 0.34523319 0.50234819  0.48417291 0.45702496 0.47508945 0.39693445 0.45000532 0.44589633  0.47476172 0.42761975 0.50206904 0.41641874
0.00039479 0.36283831 0.35232302 0.39930133 0.34523319 0.50234819  0.48417291 0.45702496 0.47508945 0.39693445 0.45000532 0.44589633  0.47476172 0.42761975 0.50206904 0.41641874
0.00039479 0.36283831 0.35232302 0.39930133 0.34523319 0.50234819  0.48417291 0.45702496 0.47508945 0.39693445 0.45000532 0.44589633  0.47476172 0.42761975 0.50206904 0.41641874
0.00039479 0.36283831 0.35232302 0.39930133 0.34523319 0.50234819  0.48417291 0.45702496 0.47508945 0.39693445 0.45000532 0.44589633  0.47476172 0.42761975 0.50206904 0.41641874
0.00039479 0.36283831 0.35232302 0.39930133 0.34523319 0.50234819  0.48417291 0.45702496 0.47508945 0.39693445 0.45000532 0.44589633  0.47476172 0.42761975 0.50206904 0.41641874
0.00039479 0.36283831 0.35232302 0.39930133 0.34523319 0.50234819  0.48417291 0.45702496 0.47508945 0.39693445 0.45000532 0.44589633  0.47476172 0.42761975 0.50206904 0.41641874
0.00039479 0.36283831 0.35232302 0.39930133 0.34523319 0.50234819  0.48417291 0.45702496 0.47508945 0.39693445 0.45000532 0.44589633  0.47476172 0.42761975 0.50206904 0.41641874
0.00039479 0.36283831 0.35232302 0.39930133 0.34523319 0.50234819  0.48417291 0.45702496 0.47508945 0.39693445 0.45000532 0.44589633  0.47476172 0.42761975 0.50206904 0.41641874
0.00039479 0.36283831 0.35232302 0.39930133 0.34523319 0.50234819  0.48417291 0.45702496 0.47508945 0.39693445 0.45000532 0.44589633  0.47476172 0.42761975 0.50206904 0.41641874
0.00039479 0.36283831 0.35232302 0.39930133 0.34523319 0.50234819  0.48417291 0.45702496 0.47508945 0.39693445 0.45000532 0.44589633  0.47476172 0.42761975 0.50206904 0.41641874
0.00039479 0.36283831 0.35232302 0.39930133 0.34523319 0.50234819  0.48417291 0.45702496 0.47508945 0.39693445 0.45000532 0.44589633  0.47476172 0.42761975 0.50206904 0.41641874
0.00039479 0.36283831 0.35232302 0.39930133 0.34523319 0.50234819  0.48417291 0.45702496 0.47508945 0.39693445 0.45000532 0.44589633  0.47476172 0.42761975 0.50206904 0.41641874
0.00039479 0.36283831 0.35232302 0.39930133 0.34523319 0.50234819  0.48417291 0.45702496 0.47508945 0.39693445 0.45000532 0.44589633  0.47476172 0.42761975 0.50206904 0.41641874
0.00039479 0.36283831 0.35232302 0.39930133 0.34523319 0.50234819  0.48417291 0.45702496 0.47508945 0.39693445 0.45000532 0.44589633  0.47476172 0.42761975 0.50206904 0.41641874
0.00039479 0.36283831 0.35232302 0.39930133 0.34523319 0.50234819  0.48417291 0.45702496 0.47508945 0.39693445 0.45000532 0.44589633  0.47476172 0.42761975 0.50206904 0.41641874
0.00039479 0.36283831 0.35232302 0.39930133 0.34523319 0.50234819  0.48417291 0.45702496 0.47508945 0.39693445 0.45000532 0.44589633  0.47476172 0.42761975 0.50206904 0.41641874
0.00039479 0.36283831 0.35232302 0.39930133 0.34523319 0.50234819  0.48417291 0.45702496 0.47508945 0.39693445 0.45000532 0.44589633  0.47476172 0.42761975 0.50206904 0.41641874
0.00039479 0.36283831 0.35232302 0.39930133 0.34523319 0.50234819  0.48417291 0.45702496 0.47508945 0.39693445 0.45000532 0.44589633  0.47476172 0.42761975 0.50206904 0.41641874
0.00039479 0.36283831 0.35232302 0.39930133 0.34523319 0.50234819  0.48417291 0.45702496 0.47508945 0.39693445 0.45000532 0.44589633  0.47476172 0.42761975 0.50206904 0.41641874
0.00039479 0.36283831 0.35232302 0.39930133 0.34523319 0.50234819  0.48417291 0.45702496 0.47508945 0.39693445 0.45000532 0.44589633  0.47476172 0.42761975 0.50206904 0.41641874
0.00039479 0.36283831 0.35232302 0.39930133 0.34523319 0.50234819  0.48417291 0.45702496 0.47508945 0.39693445 0.45000532 0.44589633  0.47476172 0.42761975 0.50206904 0.41641874
0.00039479 0.36283831 0.35232302 0.39930133 0.34523319 0.50234819  0.48417291 0.45702496 0.47508945 0.39693445 0.45000532 0.44589633  0.47476172 0.42761975 0.50206904 0.41641874
0.00039479 0.36283831 0.35232302 0.39930133 0.34523319 0.50234819  0.48417291 0.45702496 0.47508945 0.39693445 0.45000532 0.44589633  0.47476172 0.42761975 0.50206904 0.41641874
0.00039479 0.36283831 0.35232302 0.39930133 0.34523319 0.50234819  0.48417291 0.45702496 0.47508945 0.39693445 0.45000532 0.44589633  0.47476172 0.42761975 0.50206904 0.41641874
0.00039479 0.36283831 0.35232302 0.39930133 0.34523319 0.50234819  0.48417291 0.45702496 0.47508945 0.39693445 0.45000532 0.44589633  0.47476172 0.42761975 0.50206904 0.41641874
0.00039479 0.36283831 0.35232302 0.39930133 0.34523319 0.50234819  0.48417291 0.45702496 0.47508945 0.39693445 0.45000532 0.44589633  0.47476172 0.42761975 0.50206904 0.41641874
0.00039479 0.36283831 0.35232302 0.39930133 0.34523319 0.50234819  0.48417291 0.45702496 0.47508945 0.39693445 0.45000532 0.44589633  0.47476172 0.42761975 0.50206904 0.41641874
0.00039479 0.36283831 0.35232302 0.39930133 0.34523319 0.50234819  0.48417291 0.45702496 0.47508945 0.39693445 0.45000532 0.44589633  0.47476172 0.42761975 0.50206904 0.41641874
0.18182336 0.6115072  0.23038255 0.59256905 0.39579447 0.39837373  0.29928996 0.53353038 0.64535274 0.41880594 0.52026096 0.45149202  0.42166975 0.58526961 0.85186808 0.37553421
0.25545377 0.67002281 0.21346442 0.59337945 0.3473801  0.55322609  0.2602345  0.46549812 0.71464397 0.4940945  0.47893207 0.48882918  0.4386499  0.54832683 0.84161103 0.49003067
0.38500068 0.80008635 0.1500423  0.61767303 0.33122515 0.60162614  0.29400884 0.44804128 0.70074437 0.44820811 0.57761426 0.44710914  0.49223646 0.42720784 0.52387333 0.45930185
0.47961157 0.86125288 0.3856566  0.36286697 0.75245666 0.837457  0.15043821 0.57886091 0.5638105  0.3394275  0.68433137 0.69945818  0.72481096 0.35054239 0.49529127 0.63442221
0.56478545 0.91460203 0.50182192 0.34294834 0.73164216 0.80421158  0.35130925 0.44366581 0.42856116 0.12138913 0.71902704 0.66073599  0.56406383 0.23603849 0.49175506 0.65162716
0.6511435  0.86666833 0.62279615 0.27593067 0.69780998 0.81332662  0.32384977 0.54054377 0.32593565 0.17855132 0.57659533 0.61583564  0.64876908 0.285558   0.43268648 0.50095578
0.71236033 0.87579661 0.71378492 0.2445507  0.73698684 0.7188721  0.50393092 0.44961446 0.19638574 0.29277825 0.4951056  0.61132715  0.7020405  0.34183891 0.44809312 0.44587811
0.75752551 0.81384174 0.73888934 0.19463056 0.71410732 0.66240939  0.50411294 0.55290668 0.19590321 0.30248153 0.56545809 0.6378398  0.72571111 0.38973941 0.58387411 0.43583507
0.81966348 0.70809231 0.77366929 0.17639756 0.68136117 0.52420929  0.5338306  0.42483731 0.35524103 0.35971069 0.44003937 0.64365308  0.75874338 0.56251822 0.74605103 0.38628865
0.8329165  0.67190081 0.76145947 0.17399743 0.60444305 0.48963241  0.52864892 0.47796817 0.37790434 0.37837181 0.36822452 0.55044662  0.68549431 0.54898306 0.77573401 0.3025073 
0.83843191 0.60853073 0.6965249  0.22379672 0.43702436 0.46396563  0.49963624 0.50979791 0.31232341 0.28438867 0.37886031 0.6384082  0.52196442 0.44422268 0.88398776 0.36360967
0.87910964 0.44576151 0.58575444 0.26129825 0.355048   0.38546191  0.36750492 0.2719837  0.39912456 0.18183097 0.34950047 0.52582931  0.52500888 0.36863054 0.66011272 0.19959089
0.86637127 0.39641282 0.47965437 0.31294973 0.18892906 0.35851928  0.39307276 0.27949155 0.39775279 0.18041158 0.38766774 0.58160794  0.56440004 0.37193365 0.65398955 0.27556292
0.8564944  0.3716336  0.41787207 0.32087943 0.17284827 0.36777692  0.38533045 0.2992226  0.39396545 0.2601281  0.42479178 0.62871969  0.63819264 0.36871223 0.64312887 0.23584734
0.8564944  0.3716336  0.41787207 0.32087943 0.17284827 0.36777692  0.38533045 0.2992226  0.39396545 0.2601281  0.42479178 0.62871969  0.63819264 0.36871223 0.64312887 0.23584734
0.85070077 0.35862143 0.38344463 0.31889539 0.17077486 0.36704118  0.39648491 0.32274735 0.40094679 0.3285461  0.42568617 0.62843396  0.66946688 0.3538112  0.64773379 0.17868462
0.83289605 0.31516906 0.26668745 0.30524353 0.24839939 0.44506489  0.34933813 0.38725972 0.34600794 0.41759772 0.406069   0.55554997  0.5880639  0.35127615 0.6466944  0.17703092
0.81401496 0.32485886 0.20527175 0.26132679 0.28200324 0.48267245  0.32650226 0.41006379 0.39029607 0.44766253 0.36402128 0.52715557  0.56579209 0.37899949 0.51777232 0.20573561
0.79031004 0.34449639 0.14312797 0.20844843 0.34219163 0.51891928  0.33216276 0.41870601 0.47281081 0.37763046 0.27775118 0.46385395  0.53567149 0.28452241 0.53712872 0.27734401
0.77045293 0.38261378 0.11810865 0.13503757 0.33883886 0.48945744  0.34555663 0.43957064 0.56631317 0.37898498 0.25354133 0.50240491  0.4553934  0.28566417 0.47715708 0.3362237 
0.74029831 0.42236503 0.08253112 0.13001876 0.3795643  0.48711557  0.42582677 0.38781866 0.64367133 0.33700756 0.31734034 0.49028625  0.57951604 0.35658439 0.49608563 0.425364  
0.74029831 0.42236503 0.08253112 0.13001876 0.3795643  0.48711557  0.42582677 0.38781866 0.64367133 0.33700756 0.31734034 0.49028625  0.57951604 0.35658439 0.49608563 0.425364  
0.71245785 0.48501546 0.0823423  0.14589847 0.37264681 0.52777345  0.49217761 0.34157134 0.62179105 0.35662963 0.27177815 0.50742406  0.6917453  0.48026016 0.53764033 0.45039154
0.69938187 0.52035986 0.08962278 0.14857676 0.35412434 0.55325451  0.52734666 0.38823535 0.58347375 0.37865781 0.2490522  0.52128648  0.69713135 0.51737403 0.61175442 0.48566325
0.69938187 0.52035986 0.08962278 0.14857676 0.35412434 0.55325451  0.52734666 0.38823535 0.58347375 0.37865781 0.2490522  0.52128648  0.69713135 0.51737403 0.61175442 0.48566325
0.69938187 0.52035986 0.08962278 0.14857676 0.35412434 0.55325451  0.52734666 0.38823535 0.58347375 0.37865781 0.2490522  0.52128648  0.69713135 0.51737403 0.61175442 0.48566325
0.71245785 0.48501546 0.0823423  0.14589847 0.37264681 0.52777345  0.49217761 0.34157134 0.62179105 0.35662963 0.27177815 0.50742406  0.6917453  0.48026016 0.53764033 0.45039154
0.72789242 0.45773556 0.08903931 0.12557578 0.36356117 0.51069479  0.46328119 0.40233599 0.6187462  0.36406978 0.2546431  0.51483709  0.59956313 0.418504   0.5901102  0.45241958
0.77045293 0.38261378 0.11810865 0.13503757 0.33883886 0.48945744  0.34555663 0.43957064 0.56631317 0.37898498 0.25354133 0.50240491  0.4553934  0.28566417 0.47715708 0.3362237 
0.81779984 0.34091044 0.24116099 0.24614646 0.23481963 0.42384997  0.3466179  0.42004082 0.39897761 0.50712186 0.40235564 0.60373951  0.56880198 0.41026569 0.52182008 0.11716846
0.88680766 0.45231696 0.62541605 0.25992379 0.3581798  0.32835945  0.44385137 0.29917663 0.55191204 0.38217938 0.28211573 0.38558008  0.5411282  0.39073044 0.57990603 0.19279353
0.93219101 0.42950543 0.79922719 0.29749159 0.79480299 0.38082618  0.44493269 0.33095107 0.56035542 0.63967933 0.5356841  0.45238796  0.61229385 0.30374741 0.46638744 0.52301986
0.93219101 0.42950543 0.79922719 0.29749159 0.79480299 0.38082618  0.44493269 0.33095107 0.56035542 0.63967933 0.5356841  0.45238796  0.61229385 0.30374741 0.46638744 0.52301986
0.93542259 0.4171395  0.80307294 0.3330185  0.79942197 0.3815455  0.48472979 0.34002478 0.60867431 0.65082892 0.54750016 0.48681804  0.63826096 0.25216729 0.44847005 0.56789971
0.93492652 0.41279512 0.79311318 0.34463075 0.75153105 0.36797386  0.50053632 0.33707246 0.6226624  0.6433048  0.5117653  0.43452832  0.62550679 0.26893167 0.44459003 0.55012392
0.93342443 0.40585375 0.77632657 0.3623483  0.68352574 0.35240955  0.52083083 0.33269194 0.641316   0.63658856 0.463959   0.35750931  0.61534214 0.30695268 0.43152835 0.51027083
0.93342443 0.40585375 0.77632657 0.3623483  0.68352574 0.35240955  0.52083083 0.33269194 0.641316   0.63658856 0.463959   0.35750931  0.61534214 0.30695268 0.43152835 0.51027083
0.91525484 0.38536447 0.67709696 0.37636061 0.44402763 0.26929231  0.5839708  0.33196839 0.7382218  0.66725772 0.39236456 0.32101919  0.65683621 0.31976005 0.40280156 0.42847393
0.90437431 0.36688014 0.60569616 0.39440392 0.27829419 0.25696037  0.55132314 0.31377481 0.66034936 0.54570403 0.39995369 0.3412731  0.58691416 0.34665229 0.47779098 0.46172678
0.89295297 0.33150951 0.52768089 0.41273654 0.236551   0.2603203  0.55202715 0.33475989 0.63013357 0.55316117 0.46725448 0.46414259  0.60887297 0.27164499 0.53276751 0.49623939
0.89295297 0.33150951 0.52768089 0.41273654 0.236551   0.2603203  0.55202715 0.33475989 0.63013357 0.55316117 0.46725448 0.46414259  0.60887297 0.27164499 0.53276751 0.49623939
0.87786896 0.26569469 0.39901464 0.46695918 0.23599165 0.35178278  0.48232492 0.35821728 0.48446156 0.56463852 0.57427809 0.57633738  0.67177007 0.30884752 0.52069682 0.49417981
0.87786896 0.26569469 0.39901464 0.46695918 0.23599165 0.35178278  0.48232492 0.35821728 0.48446156 0.56463852 0.57427809 0.57633738  0.67177007 0.30884752 0.52069682 0.49417981
0.86132257 0.25265991 0.32529885 0.43464721 0.26746912 0.37457909  0.46874048 0.41233377 0.48361547 0.6512132  0.56493188 0.5690917  0.61985408 0.29731733 0.50921416 0.45732459
0.86132257 0.25265991 0.32529885 0.43464721 0.26746912 0.37457909  0.46874048 0.41233377 0.48361547 0.6512132  0.56493188 0.5690917  0.61985408 0.29731733 0.50921416 0.45732459
0.86132257 0.25265991 0.32529885 0.43464721 0.26746912 0.37457909  0.46874048 0.41233377 0.48361547 0.6512132  0.56493188 0.5690917  0.61985408 0.29731733 0.50921416 0.45732459
0.84602185 0.24890659 0.25890584 0.39965556 0.28612473 0.42251606  0.40062709 0.42468243 0.40825463 0.63048398 0.57838605 0.58210399  0.58552275 0.3852986  0.43640434 0.45093576
0.83392594 0.25691957 0.22655969 0.36968975 0.30953048 0.4271001  0.40710758 0.43980045 0.45817591 0.625994   0.55418322 0.56477421  0.52221079 0.36407604 0.43236457 0.52985495
0.84168714 0.22681516 0.21923286 0.4131348  0.336289   0.46114598  0.40019418 0.43405384 0.41459482 0.6201495  0.55419024 0.50889346  0.53917692 0.34171172 0.48829644 0.54989445
0.83030696 0.23180679 0.18474265 0.38636068 0.36664097 0.47659633  0.40003597 0.44848468 0.44978745 0.59978191 0.51312201 0.47462869  0.49285456 0.28698471 0.51327839 0.58514302
0.8436123  0.17847177 0.17239435 0.47594626 0.42154675 0.54594298  0.41053045 0.46005497 0.38410946 0.57860436 0.49840871 0.38529597  0.51236498 0.26951105 0.61720697 0.59694202
0.8436123  0.17847177 0.17239435 0.47594626 0.42154675 0.54594298  0.41053045 0.46005497 0.38410946 0.57860436 0.49840871 0.38529597  0.51236498 0.26951105 0.61720697 0.59694202
0.8436123  0.17847177 0.17239435 0.47594626 0.42154675 0.54594298  0.41053045 0.46005497 0.38410946 0.57860436 0.49840871 0.38529597  0.51236498 0.26951105 0.61720697 0.59694202
0.842875   0.17690404 0.16747647 0.48031759 0.40590271 0.54432958  0.41596407 0.45831418 0.38776723 0.58128148 0.48312098 0.35675685  0.52041756 0.2891193  0.6087013  0.56644379
0.8436123  0.17847177 0.17239435 0.47594626 0.42154675 0.54594298  0.41053045 0.46005497 0.38410946 0.57860436 0.49840871 0.38529597  0.51236498 0.26951105 0.61720697 0.59694202
0.842875   0.17690404 0.16747647 0.48031759 0.40590271 0.54432958  0.41596407 0.45831418 0.38776723 0.58128148 0.48312098 0.35675685  0.52041756 0.2891193  0.6087013  0.56644379
0.84610657 0.16453811 0.17132222 0.5158445  0.41052169 0.5450489  0.45576117 0.46738789 0.43608611 0.59243107 0.49493703 0.39118694  0.54638467 0.23753919 0.5907839  0.61132365
0.8549299  0.12649082 0.16489191 0.60018897 0.45655992 0.6101982  0.50281998 0.51096541 0.42972419 0.56902935 0.44830298 0.36870252  0.5311452  0.2884169  0.62856866 0.58439778
0.8549299  0.12649082 0.16489191 0.60018897 0.45655992 0.6101982  0.50281998 0.51096541 0.42972419 0.56902935 0.44830298 0.36870252  0.5311452  0.2884169  0.62856866 0.58439778
0.85169832 0.13885674 0.16104616 0.56466206 0.45194093 0.60947888  0.46302289 0.5018917  0.38140531 0.55787976 0.43648692 0.33427244  0.50517809 0.33999701 0.64648606 0.53951792
0.85169832 0.13885674 0.16104616 0.56466206 0.45194093 0.60947888  0.46302289 0.5018917  0.38140531 0.55787976 0.43648692 0.33427244  0.50517809 0.33999701 0.64648606 0.53951792
0.84762212 0.14938258 0.1509395  0.53734556 0.4489807  0.62894312  0.41676858 0.49872891 0.3004196  0.51707868 0.42507608 0.31546663  0.48243719 0.41388851 0.67534679 0.46828729
0.85016673 0.13778282 0.1488617  0.56960083 0.46786221 0.65501256  0.44927167 0.52504626 0.32632382 0.49465782 0.38491132 0.34013168  0.45816843 0.44316581 0.66093356 0.41485238
0.85016673 0.13778282 0.1488617  0.56960083 0.46786221 0.65501256  0.44927167 0.52504626 0.32632382 0.49465782 0.38491132 0.34013168  0.45816843 0.44316581 0.66093356 0.41485238
0.81792082 0.19184106 0.08554442 0.47808378 0.52935228 0.72526902  0.42837162 0.51109002 0.40333093 0.33696493 0.2029051  0.25899991  0.44164123 0.37789661 0.63411773 0.43747564
0.81009455 0.2213629  0.08714274 0.43177458 0.50906173 0.70972009  0.43098676 0.5172946  0.44282407 0.32111162 0.16609122 0.30791094  0.44661539 0.35280816 0.65697454 0.35540973
0.80754994 0.23296266 0.08922054 0.39951931 0.49018022 0.68365065  0.39848368 0.49097725 0.41691984 0.34353248 0.20625598 0.28324589  0.47088415 0.32353087 0.67138777 0.40884464
0.76136484 0.3389256  0.06285599 0.26304939 0.46122859 0.5905081  0.42940786 0.39364235 0.53441226 0.30998551 0.30263406 0.34507279  0.61599259 0.31674642 0.65594609 0.4572025 
0.70531187 0.43080621 0.04110623 0.28159221 0.4773981  0.55020303  0.52400088 0.23100123 0.61001541 0.28466771 0.39737627 0.37267023  0.70833665 0.43622754 0.59794978 0.41055814
0.67945084 0.51975859 0.06117711 0.18871529 0.40491061 0.5000506  0.55101912 0.23964519 0.64541809 0.33327134 0.36351779 0.48844219  0.70477741 0.51575475 0.57104372 0.43290596
0.58244955 0.63891525 0.05087603 0.32680677 0.43303835 0.47041291  0.65065014 0.1488357  0.54647652 0.41238904 0.43101044 0.49744041  0.55165864 0.54232772 0.67688632 0.40099669
0.50522413 0.76586699 0.07786112 0.45717397 0.39427061 0.53236928  0.64823296 0.25667961 0.42370001 0.46417495 0.5185358  0.46606667  0.36234463 0.35738649 0.52900609 0.38973061
0.32464567 0.68258461 0.13378184 0.52069021 0.47003103 0.20846479  0.63056653 0.45543209 0.23031603 0.42213324 0.31244639 0.49193261  0.39725996 0.38741329 0.53059799 0.43227706
0.30704609 0.69432056 0.14084209 0.5638809  0.45973382 0.22165951  0.57164424 0.44799002 0.24374372 0.43348703 0.2958724  0.49841997  0.35034144 0.34867201 0.47063347 0.43730321
0.17957741 0.57538208 0.21896089 0.54065689 0.4322978  0.24681633  0.5115697  0.48072502 0.23892101 0.39963593 0.20298965 0.49179386  0.53413259 0.29414188 0.27399972 0.50911882
0.14317299 0.53801636 0.24426072 0.52570382 0.41876508 0.28522229  0.47734031 0.49780466 0.30923237 0.39442276 0.23921165 0.48378151  0.60361823 0.32931472 0.31004862 0.52819278
0.07102051 0.46648761 0.29681783 0.49538875 0.38534053 0.36816237  0.42637893 0.52216562 0.40838993 0.37342912 0.31490181 0.45582256  0.6405316  0.37092096 0.3395245  0.50760399
0.07102051 0.46648761 0.29681783 0.49538875 0.38534053 0.36816237  0.42637893 0.52216562 0.40838993 0.37342912 0.31490181 0.45582256  0.6405316  0.37092096 0.3395245  0.50760399
0.03530472 0.41371177 0.32449245 0.44717499 0.36543573 0.42942868  0.4584486  0.49182641 0.42935187 0.38251683 0.3665383  0.45119726  0.57400726 0.38653202 0.39012683 0.47468522
0.03530472 0.41371177 0.32449245 0.44717499 0.36543573 0.42942868  0.4584486  0.49182641 0.42935187 0.38251683 0.3665383  0.45119726  0.57400726 0.38653202 0.39012683 0.47468522
0.01779563 0.38669558 0.33863985 0.42004769 0.35385851 0.46460162  0.48109267 0.47190843 0.43452283 0.38595027 0.3992976  0.44733029  0.52908455 0.38078184 0.39373238 0.44873962
0.01779563 0.38669558 0.33863985 0.42004769 0.35385851 0.46460162  0.48109267 0.47190843 0.43452283 0.38595027 0.3992976  0.44733029  0.52908455 0.38078184 0.39373238 0.44873962
0.01779563 0.38669558 0.33863985 0.42004769 0.35385851 0.46460162  0.48109267 0.47190843 0.43452283 0.38595027 0.3992976  0.44733029  0.52908455 0.38078184 0.39373238 0.44873962
0.00039479 0.36283831 0.35232302 0.39930133 0.34523319 0.50234819  0.48417291 0.45702496 0.47508945 0.39693445 0.45000532 0.44589633  0.47476172 0.42761975 0.50206904 0.41641874
0.00039479 0.36283831 0.35232302 0.39930133 0.34523319 0.50234819  0.48417291 0.45702496 0.47508945 0.39693445 0.45000532 0.44589633  0.47476172 0.42761975 0.50206904 0.41641874
0.00039479 0.36283831 0.35232302 0.39930133 0.34523319 0.50234819  0.48417291 0.45702496 0.47508945 0.39693445 0.45000532 0.44589633  0.47476172 0.42761975 0.50206904 0.41641874
0.00039479 0.36283831 0.35232302 0.39930133 0.34523319 0.50234819  0.48417291 0.45702496 0.47508945 0.39693445 0.45000532 0.44589633  0.47476172 0.42761975 0.50206904 0.41641874
0.00039479 0.36283831 0.35232302 0.39930133 0.34523319 0.50234819  0.48417291 0.45702496 0.47508945 0.39693445 0.45000532 0.44589633  0.47476172 0.42761975 0.50206904 0.41641874
0.00039479 0.36283831 0.35232302 0.39930133 0.34523319 0.50234819  0.48417291 0.45702496 0.47508945 0.39693445 0.45000532 0.44589633  0.47476172 0.42761975 0.50206904 0.41641874
