0.00039479 0.36283831 0.35232302 0.39930133 0.34523319 0.50234819  0.48417291 0.45702496 0.47508945 0.39693445 0.45000532 0.44589633  0.47476172 0.42761975 0.50206904 0.41641874
0.00039479 0.36283831 0.35232302 0.39930133 0.34523319 0.50234819  0.48417291 0.45702496 0.47508945 0.39693445 0.45000532 0.44589633  0.47476172 0.42761975 0.50206904 0.41641874
0.00039479 0.36283831 0.35232302 0.39930133 0.34523319 0.50234819  0.48417291 0.45702496 0.47508945 0.39693445 0.45000532 0.44589633  0.47476172 0.42761975 0.50206904 0.41641874
0.00039479 0.36283831 0.35232302 0.39930133 0.34523319 0.50234819  0.48417291 0.45702496 0.47508945 0.39693445 0.45000532 0.44589633  0.47476172 0.42761975 0.50206904 0.41641874
0.00039479 0.36283831 0.35232302 0.39930133 0.34523319 0.50234819  0.48417291 0.45702496 0.47508945 0.39693445 0.45000532 0.44589633  0.47476172 0.42761975 0.50206904 0.41641874
0.00039479 0.36283831 0.35232302 0.39930133 0.34523319 0.50234819  0.48417291 0.45702496 0.47508945 0.39693445 0.45000532 0.44589633  0.47476172 0.42761975 0.50206904 0.41641874
0.00039479 0.36283831 0.35232302 0.39930133 0.34523319 0.50234819  0.48417291 0.45702496 0.47508945 0.39693445 0.45000532 0.44589633  0.47476172 0.42761975 0.50206904 0.41641874
0.00039479 0.36283831 0.35232302 0.39930133 0.34523319 0.50234819  0.48417291 0.45702496 0.47508945 0.39693445 0.45000532 0.44589633  0.47476172 0.42761975 0.50206904 0.41641874
0.00039479 0.36283831 0.35232302 0.39930133 0.34523319 0.50234819  0.48417291 0.45702496 0.47508945 0.39693445 0.45000532 0.44589633  0.47476172 0.42761975 0.50206904 0.41641874
0.00039479 0.36283831 0.35232302 0.39930133 0.34523319 0.50234819  0.48417291 0.45702496 0.47508945 0.39693445 0.45000532 0.44589633  0.47476172 0.42761975 0.50206904 0.41641874
0.00039479 0.36283831 0.35232302 0.39930133 0.34523319 0.50234819  0.48417291 0.45702496 0.47508945 0.39693445 0.45000532 0.44589633  0.47476172 0.42761975 0.50206904 0.41641874
0.00039479 0.36283831 0.35232302 0.39930133 0.34523319 0.50234819  0.48417291 0.45702496 0.47508945 0.39693445 0.45000532 0.44589633  0.47476172 0.42761975 0.50206904 0.41641874
0.00039479 0.36283831 0.35232302 0.39930133 0.34523319 0.50234819  0.48417291 0.45702496 0.47508945 0.39693445 0.45000532 0.44589633  0.47476172 0.42761975 0.50206904 0.41641874
0.00039479 0.36283831 0.35232302 0.39930133 0.34523319 0.50234819  0.48417291 0.45702496 0.47508945 0.39693445 0.45000532 0.44589633  0.47476172 0.42761975 0.50206904 0.41641874
0.00039479 0.36283831 0.35232302 0.39930133 0.34523319 0.50234819  0.48417291 0.45702496 0.47508945 0.39693445 0.45000532 0.44589633  0.47476172 0.42761975 0.50206904 0.41641874
0.00039479 0.36283831 0.35232302 0.39930133 0.34523319 0.50234819  0.48417291 0.45702496 0.47508945 0.39693445 0.45000532 0.44589633  0.47476172 0.42761975 0.50206904 0.41641874
0.00039479 0.36283831 0.35232302 0.39930133 0.34523319 0.50234819  0.48417291 0.45702496 0.47508945 0.39693445 0.45000532 0.44589633  0.47476172 0.42761975 0.50206904 0.41641874
0.00039479 0.36283831 0.35232302 0.39930133 0.34523319 0.50234819  0.48417291 0.45702496 0.47508945 0.39693445 0.45000532 0.44589633  0.47476172 0.42761975 0.50206904 0.41641874
0.00039479 0.36283831 0.35232302 0.39930133 0.34523319 0.50234819  0.48417291 0.45702496 0.47508945 0.39693445 0.45000532 0.44589633  0.47476172 0.42761975 0.50206904 0.41641874
0.00039479 0.36283831 0.35232302 0.39930133 0.34523319 0.50234819  0.48417291 0.45702496 0.47508945 0.39693445 0.45000532 0.44589633  0.47476172 0.42761975 0.50206904 0.41641874
0.00039479 0.36283831 0.35232302 0.39930133 0.34523319 0.50234819  0.48417291 0.45702496 0.47508945 0.39693445 0.45000532 0.44589633  0.47476172 0.42761975 0.50206904 0.41641874
0.00039479 0.36283831 0.35232302 0.39930133 0.34523319 0.50234819  0.48417291 0.45702496 0.47508945 0.39693445 0.45000532 0.44589633  0.47476172 0.42761975 0.50206904 0.41641874
0.00039479 0.36283831 0.35232302 0.39930133 0.34523319 0.50234819  0.48417291 0.45702496 0.47508945 0.39693445 0.45000532 0.44589633  0.47476172 0.42761975 0.50206904 0.41641874
0.00039479 0.36283831 0.35232302 0.39930133 0.34523319 0.50234819  0.48417291 0.45702496 0.47508945 0.39693445 0.45000532 0.44589633  0.47476172 0.42761975 0.50206904 0.41641874
0.00039479 0.36283831 0.35232302 0.39930133 0.34523319 0.50234819  0.48417291 0.45702496 0.47508945 0.39693445 0.45000532 0.44589633  0.47476172 0.42761975 0.50206904 0.41641874
0.00039479 0.36283831 0.35232302 0.39930133 0.34523319 0.50234819  0.48417291 0.45702496 0.47508945 0.39693445 0.45000532 0.44589633  0.47476172 0.42761975 0.50206904 0.41641874
0.00039479 0.36283831 0.35232302 0.39930133 0.34523319 0.50234819  0.48417291 0.45702496 0.47508945 0.39693445 0.45000532 0.44589633  0.47476172 0.42761975 0.50206904 0.41641874
0.00039479 0.36283831 0.35232302 0.39930133 0.34523319 0.50234819  0.48417291 0.45702496 0.47508945 0.39693445 0.45000532 0.44589633  0.47476172 0.42761975 0.50206904 0.41641874
0.00039479 0.36283831 0.35232302 0.39930133 0.34523319 0.50234819  0.48417291 0.45702496 0.47508945 0.39693445 0.45000532 0.44589633  0.47476172 0.42761975 0.50206904 0.41641874
0.00039479 0.36283831 0.35232302 0.39930133 0.34523319 0.50234819  0.48417291 0.45702496 0.47508945 0.39693445 0.45000532 0.44589633  0.47476172 0.42761975 0.50206904 0.41641874
0.00039479 0.36283831 0.35232302 0.39930133 0.34523319 0.50234819  0.48417291 0.45702496 0.47508945 0.39693445 0.45000532 0.44589633  0.47476172 0.42761975 0.50206904 0.41641874
0.00039479 0.36283831 0.35232302 0.39930133 0.34523319 0.50234819  0.48417291 0.45702496 0.47508945 0.39693445 0.45000532 0.44589633  0.47476172 0.42761975 0.50206904 0.41641874
0.00039479 0.36283831 0.35232302 0.39930133 0.34523319 0.50234819  0.48417291 0.45702496 0.47508945 0.39693445 0.45000532 0.44589633  0.47476172 0.42761975 0.50206904 0.41641874
0.00039479 0.36283831 0.35232302 0.39930133 0.34523319 0.50234819  0.48417291 0.45702496 0.47508945 0.39693445 0.45000532 0.44589633  0.47476172 0.42761975 0.50206904 0.41641874
0.00039479 0.36283831 0.35232302 0.39930133 0.34523319 0.50234819  0.48417291 0.45702496 0.47508945 0.39693445 0.45000532 0.44589633  0.47476172 0.42761975 0.50206904 0.41641874
0.00039479 0.36283831 0.35232302 0.39930133 0.34523319 0.50234819  0.48417291 0.45702496 0.47508945 0.39693445 0.45000532 0.44589633  0.47476172 0.42761975 0.50206904 0.41641874
0.00039479 0.36283831 0.35232302 0.39930133 0.34523319 0.50234819  0.48417291 0.45702496 0.47508945 0.39693445 0.45000532 0.44589633  0.47476172 0.42761975 0.50206904 0.41641874
0.00039479 0.36283831 0.35232302 0.39930133 0.34523319 0.50234819  0.48417291 0.45702496 0.47508945 0.39693445 0.45000532 0.44589633  0.47476172 0.42761975 0.50206904 0.41641874
0.00039479 0.36283831 0.35232302 0.39930133 0.34523319 0.50234819  0.48417291 0.45702496 0.47508945 0.39693445 0.45000532 0.44589633  0.47476172 0.42761975 0.50206904 0.41641874
0.00039479 0.36283831 0.35232302 0.39930133 0.34523319 0.50234819  0.48417291 0.45702496 0.47508945 0.39693445 0.45000532 0.44589633  0.47476172 0.42761975 0.50206904 0.41641874
0.00039479 0.36283831 0.35232302 0.39930133 0.34523319 0.50234819  0.48417291 0.45702496 0.47508945 0.39693445 0.45000532 0.44589633  0.47476172 0.42761975 0.50206904 0.41641874
0.00039479 0.36283831 0.35232302 0.39930133 0.34523319 0.50234819  0.48417291 0.45702496 0.47508945 0.39693445 0.45000532 0.44589633  0.47476172 0.42761975 0.50206904 0.41641874
0.00039479 0.36283831 0.35232302 0.39930133 0.34523319 0.50234819  0.48417291 0.45702496 0.47508945 0.39693445 0.45000532 0.44589633  0.47476172 0.42761975 0.50206904 0.41641874
0.03525649 0.41685964 0.32437467 0.45347996 0.36854765 0.43569141  0.43485985 0.4975719  0.47652552 0.39120509 0.39620065 0.45304628  0.55757342 0.45566594 0.52722734 0.46096477
0.03525649 0.41685964 0.32437467 0.45347996 0.36854765 0.43569141  0.43485985 0.4975719  0.47652552 0.39120509 0.39620065 0.45304628  0.55757342 0.45566594 0.52722734 0.46096477
0.05357196 0.4426501  0.31126372 0.47372404 0.37603629 0.41875523  0.42072775 0.50444347 0.48490619 0.39013906 0.40420374 0.45185212  0.54462992 0.46722303 0.55234375 0.44813721
0.05357196 0.4426501  0.31126372 0.47372404 0.37603629 0.41875523  0.42072775 0.50444347 0.48490619 0.39013906 0.40420374 0.45185212  0.54462992 0.46722303 0.55234375 0.44813721
0.10790948 0.52006986 0.27295207 0.53758714 0.39565131 0.37686759  0.35640982 0.53644634 0.54757535 0.39453639 0.43258952 0.45227625  0.52979935 0.5365488  0.69603209 0.43060237
0.19926764 0.64263592 0.21023882 0.62719692 0.42290832 0.302726  0.29889555 0.57649268 0.56811957 0.37054669 0.45738093 0.43748763  0.5591243  0.54012045 0.65675524 0.38841358
0.25377526 0.71250581 0.1728141  0.67338181 0.43930744 0.24739641  0.29501728 0.58953551 0.52108745 0.34995056 0.43564292 0.43116964  0.5790201  0.4829441  0.52548066 0.37344512
0.27230287 0.73267769 0.16547083 0.68332028 0.43003633 0.28129444  0.27429226 0.57383444 0.55875287 0.38318526 0.44123623 0.44755586  0.5143895  0.4866367  0.6130834  0.38891645
0.3096006  0.75888425 0.14743648 0.66666134 0.42476793 0.30648061  0.33841456 0.52775907 0.51323169 0.38782252 0.48224562 0.44034132  0.39502861 0.4379348  0.54581215 0.34446138
0.40197047 0.80122092 0.11412836 0.59313625 0.39279801 0.43561678  0.48338328 0.40431869 0.45461516 0.44585244 0.52249113 0.45944177  0.25829957 0.35595448 0.47543007 0.37470857
0.49279506 0.79883281 0.08948759 0.4538334  0.37477935 0.53766039  0.67361769 0.34105092 0.40775879 0.46182159 0.56147453 0.45894149  0.33910793 0.39120822 0.51804061 0.41814157
0.56324047 0.75110964 0.09211211 0.30418254 0.34843496 0.59677457  0.7318537  0.49777815 0.44141285 0.39386804 0.58813656 0.42747788  0.60811379 0.45263783 0.56700873 0.50068664
0.61025297 0.68195596 0.09402809 0.24465134 0.33797643 0.59825391  0.6770527  0.41042673 0.48998134 0.40491751 0.39775817 0.48837005  0.68721666 0.59267758 0.61157765 0.52259923
0.72789242 0.45773556 0.08903931 0.12557578 0.36356117 0.51069479  0.46328119 0.40233599 0.6187462  0.36406978 0.2546431  0.51483709  0.59956313 0.418504   0.5901102  0.45241958
0.75500101 0.3959788  0.09496858 0.12721651 0.36291236 0.47253131  0.39032606 0.42928219 0.61687182 0.36024464 0.29584427 0.49735479  0.46131689 0.29342549 0.53318046 0.40450296
0.75500101 0.3959788  0.09496858 0.12721651 0.36291236 0.47253131  0.39032606 0.42928219 0.61687182 0.36024464 0.29584427 0.49735479  0.46131689 0.29342549 0.53318046 0.40450296
0.75500101 0.3959788  0.09496858 0.12721651 0.36291236 0.47253131  0.39032606 0.42928219 0.61687182 0.36024464 0.29584427 0.49735479  0.46131689 0.29342549 0.53318046 0.40450296
0.75500101 0.3959788  0.09496858 0.12721651 0.36291236 0.47253131  0.39032606 0.42928219 0.61687182 0.36024464 0.29584427 0.49735479  0.46131689 0.29342549 0.53318046 0.40450296
0.76282728 0.36645696 0.09337026 0.17352571 0.38320291 0.48808024  0.38771091 0.42307761 0.57737868 0.37609795 0.33265815 0.44844377  0.45634273 0.31851394 0.51032365 0.48656887
0.76282728 0.36645696 0.09337026 0.17352571 0.38320291 0.48808024  0.38771091 0.42307761 0.57737868 0.37609795 0.33265815 0.44844377  0.45634273 0.31851394 0.51032365 0.48656887
0.75500101 0.3959788  0.09496858 0.12721651 0.36291236 0.47253131  0.39032606 0.42928219 0.61687182 0.36024464 0.29584427 0.49735479  0.46131689 0.29342549 0.53318046 0.40450296
0.75500101 0.3959788  0.09496858 0.12721651 0.36291236 0.47253131  0.39032606 0.42928219 0.61687182 0.36024464 0.29584427 0.49735479  0.46131689 0.29342549 0.53318046 0.40450296
0.74029831 0.42236503 0.08253112 0.13001876 0.3795643  0.48711557  0.42582677 0.38781866 0.64367133 0.33700756 0.31734034 0.49028625  0.57951604 0.35658439 0.49608563 0.425364  
0.72789242 0.45773556 0.08903931 0.12557578 0.36356117 0.51069479  0.46328119 0.40233599 0.6187462  0.36406978 0.2546431  0.51483709  0.59956313 0.418504   0.5901102  0.45241958
0.67408174 0.58802617 0.11093365 0.14606481 0.31629629 0.5722528  0.58541939 0.54936046 0.5362624  0.3816034  0.31403501 0.51218567  0.65974729 0.5810645  0.63028581 0.54542615
0.62896135 0.67489552 0.11596024 0.21315679 0.30415046 0.63586772  0.63617438 0.56288431 0.46284031 0.37854373 0.39001788 0.46832801  0.69774815 0.47936459 0.56886609 0.52758589
0.59787761 0.73134667 0.12022963 0.27059545 0.29584709 0.67845973  0.66056277 0.55335991 0.40061692 0.40211321 0.42785235 0.44404497  0.69609507 0.42322775 0.46911648 0.50576494
0.66427669 0.8667621  0.51480735 0.21475878 0.57893309 0.66826771  0.64200354 0.44313266 0.41253663 0.32256257 0.35165275 0.26971545  0.6965064  0.56774244 0.38068012 0.41956948
0.71669246 0.86700819 0.69791177 0.27624179 0.59997995 0.64854395  0.63782857 0.40669072 0.34172681 0.28276885 0.38496557 0.37742294  0.80098891 0.42420992 0.48606491 0.34863991
0.72823854 0.85295536 0.72647417 0.3045065  0.57955487 0.62376735  0.65103082 0.41092114 0.30682727 0.33638368 0.42330695 0.39812613  0.82096494 0.4331118  0.54604455 0.28011225
0.78925657 0.76029035 0.76875751 0.23971209 0.56802137 0.5335488  0.61610656 0.5086657  0.35951461 0.44402737 0.40066438 0.42359  0.76478463 0.50892417 0.6375588  0.27408811
0.80394686 0.7309182  0.7617935  0.22101245 0.57600319 0.51667054  0.60840946 0.43902422 0.38952682 0.45404134 0.33314256 0.45290917  0.78203591 0.58320153 0.69783795 0.28105049
0.81986877 0.70727478 0.77676913 0.17558837 0.67731528 0.50749046  0.55944204 0.42995583 0.40792302 0.44304851 0.40461651 0.55781628  0.80387277 0.59608862 0.69256111 0.31469359
0.81986877 0.70727478 0.77676913 0.17558837 0.67731528 0.50749046  0.55944204 0.42995583 0.40792302 0.44304851 0.40461651 0.55781628  0.80387277 0.59608862 0.69256111 0.31469359
0.81937271 0.7029304  0.76680937 0.18720061 0.62942436 0.49391881  0.57524858 0.42700351 0.42191111 0.43552438 0.36888165 0.50552656  0.7911186  0.612853   0.6886811  0.2969178 
0.81937271 0.7029304  0.76680937 0.18720061 0.62942436 0.49391881  0.57524858 0.42700351 0.42191111 0.43552438 0.36888165 0.50552656  0.7911186  0.612853   0.6886811  0.2969178 
0.81937271 0.7029304  0.76680937 0.18720061 0.62942436 0.49391881  0.57524858 0.42700351 0.42191111 0.43552438 0.36888165 0.50552656  0.7911186  0.612853   0.6886811  0.2969178 
0.83333986 0.6675164  0.75700323 0.18047923 0.5723395  0.46208898  0.56216334 0.48263711 0.44017258 0.45243153 0.32310442 0.4707708  0.70668672 0.56507135 0.73009083 0.2782436 
0.84473161 0.62325052 0.72551941 0.20475682 0.494954   0.42448377  0.55685962 0.39875035 0.50064001 0.43234592 0.23787367 0.37653663  0.69335576 0.57357477 0.68561325 0.22047118
0.86834589 0.55119061 0.69456554 0.21253862 0.51707205 0.40650385  0.4786026  0.25791504 0.51393659 0.34807837 0.23413882 0.40730642  0.69776429 0.50052539 0.65704768 0.16034997
0.87326983 0.49970403 0.64503036 0.21238546 0.47814582 0.3866665  0.46202619 0.33258708 0.50293585 0.49491496 0.2232879  0.42120039  0.64729371 0.43875447 0.67142345 0.0658157 
0.84787899 0.427723   0.46657828 0.27585517 0.27882937 0.40181512  0.42599944 0.33306886 0.39051291 0.36895767 0.33106383 0.60818004  0.67044447 0.405263   0.75294796 0.15256781
0.84336576 0.3542584  0.35059134 0.30324337 0.18395363 0.37987214  0.38685129 0.34978184 0.41033537 0.41222574 0.42197982 0.62074275  0.6671711  0.39043642 0.57879134 0.13886165
0.81779984 0.34091044 0.24116099 0.24614646 0.23481963 0.42384997  0.3466179  0.42004082 0.39897761 0.50712186 0.40235564 0.60373951  0.56880198 0.41026569 0.52182008 0.11716846
0.81779984 0.34091044 0.24116099 0.24614646 0.23481963 0.42384997  0.3466179  0.42004082 0.39897761 0.50712186 0.40235564 0.60373951  0.56880198 0.41026569 0.52182008 0.11716846
0.83292136 0.24107834 0.18795155 0.39215269 0.36216511 0.55707592  0.35988979 0.45175671 0.31599839 0.48037358 0.3624189  0.40223517  0.52937905 0.37656393 0.63453054 0.25629692
0.85134295 0.16672912 0.17618434 0.53016327 0.43680352 0.64904245  0.39677159 0.47967368 0.24528377 0.46715509 0.35081594 0.30140469  0.53299621 0.41849383 0.71817591 0.30710387
0.83979686 0.18078195 0.14762194 0.50189856 0.45722861 0.67381905  0.38356933 0.47544326 0.28018332 0.41354026 0.31247456 0.2807015  0.51302018 0.40959194 0.65819627 0.37563153
0.83979686 0.18078195 0.14762194 0.50189856 0.45722861 0.67381905  0.38356933 0.47544326 0.28018332 0.41354026 0.31247456 0.2807015  0.51302018 0.40959194 0.65819627 0.37563153
0.83979686 0.18078195 0.14762194 0.50189856 0.45722861 0.67381905  0.38356933 0.47544326 0.28018332 0.41354026 0.31247456 0.2807015  0.51302018 0.40959194 0.65819627 0.37563153
0.84234147 0.16918218 0.14554413 0.53415383 0.47611011 0.69988849  0.41607242 0.50176061 0.30608754 0.3911194  0.2723098  0.30536655  0.48875142 0.43886924 0.64378305 0.32219662
0.84417918 0.16042154 0.14485832 0.56101431 0.4888254  0.7192391  0.44547569 0.52756048 0.33347133 0.37296242 0.24172848 0.34083804  0.46355856 0.46466802 0.61088111 0.27578538
0.81975853 0.18308042 0.0848586  0.50494426 0.54206757 0.74461963  0.45777488 0.53688988 0.43071472 0.31880795 0.17232378 0.29447141  0.41644836 0.40369539 0.60121579 0.3910644 
0.81975853 0.18308042 0.0848586  0.50494426 0.54206757 0.74461963  0.45777488 0.53688988 0.43071472 0.31880795 0.17232378 0.29447141  0.41644836 0.40369539 0.60121579 0.3910644 
0.81975853 0.18308042 0.0848586  0.50494426 0.54206757 0.74461963  0.45777488 0.53688988 0.43071472 0.31880795 0.17232378 0.29447141  0.41644836 0.40369539 0.60121579 0.3910644 
0.81975853 0.18308042 0.0848586  0.50494426 0.54206757 0.74461963  0.45777488 0.53688988 0.43071472 0.31880795 0.17232378 0.29447141  0.41644836 0.40369539 0.60121579 0.3910644 
0.81975853 0.18308042 0.0848586  0.50494426 0.54206757 0.74461963  0.45777488 0.53688988 0.43071472 0.31880795 0.17232378 0.29447141  0.41644836 0.40369539 0.60121579 0.3910644 
0.80430661 0.19644543 0.06171853 0.4971232  0.56614107 0.7276935  0.50254431 0.52660144 0.48127337 0.30006761 0.21462671 0.28942129  0.42237186 0.41145672 0.65723918 0.45934366
0.78960391 0.22283166 0.04928107 0.49992545 0.58279301 0.74227775  0.53804502 0.48513791 0.50807288 0.27683054 0.23612279 0.28235275  0.540571   0.47461562 0.62014435 0.4802047 
0.77993993 0.26111415 0.0515652  0.42675577 0.54978717 0.70737822  0.5112569  0.46554263 0.52018223 0.2791342  0.22989023 0.29579228  0.57073802 0.42372839 0.6759031  0.44455003
0.71414944 0.33347467 0.00989844 0.50700605 0.61735681 0.65680952  0.63386466 0.27656464 0.56719885 0.24649292 0.42084153 0.26216114  0.63001265 0.53708296 0.70060334 0.42536749
0.69933089 0.39149664 0.01879355 0.41530272 0.56853803 0.60149726  0.6384326  0.27460892 0.64990244 0.23700228 0.39265407 0.36761462  0.62288876 0.53248637 0.66508804 0.33052843
0.62761395 0.50111209 0.02262077 0.42814255 0.53952153 0.5143821  0.63019122 0.11260707 0.57916458 0.33488235 0.40290564 0.39133899  0.55250992 0.5760101  0.70040263 0.35823576
0.6159308  0.54791385 0.03244488 0.34706553 0.49134681 0.45191876  0.61219317 0.09727774 0.61463283 0.35075369 0.4299616  0.45312508  0.55273438 0.55958144 0.64818942 0.34919492
0.46381504 0.71187514 0.07166651 0.48343498 0.46215692 0.33287437  0.63801808 0.24059176 0.38250962 0.44116014 0.41742276 0.49091567  0.32197487 0.46641304 0.65848687 0.32013325
0.42573577 0.68360636 0.08344269 0.50492273 0.48367448 0.25468368  0.60637038 0.27301501 0.34075294 0.45450599 0.29279862 0.52027693  0.35720889 0.48488683 0.73311981 0.36559182
0.4133067  0.71657218 0.09506916 0.50158215 0.46418322 0.25997479  0.63175511 0.35738632 0.32481172 0.45215264 0.33573735 0.51315175  0.33397219 0.51870856 0.72215434 0.39400278
0.30696993 0.69756938 0.13677547 0.56889884 0.47108414 0.18662169  0.57564034 0.47051373 0.23831533 0.39678067 0.327006   0.47480542  0.40051283 0.37613702 0.43357405 0.38931144
0.21437175 0.59554931 0.19204666 0.53271874 0.46005578 0.18853436  0.56296632 0.47962227 0.19377504 0.41032003 0.16963228 0.50665421  0.56481926 0.32865563 0.33443997 0.53817866
0.1600878  0.55316161 0.23048211 0.53383635 0.43248235 0.24445247  0.49818437 0.49395429 0.25081351 0.40386903 0.17335514 0.49836107  0.58389138 0.32721171 0.32509234 0.54925283
0.08892937 0.49235855 0.28299146 0.51880341 0.39445748 0.33645297  0.41227192 0.53833239 0.39368712 0.36543542 0.28731273 0.45681163  0.68194675 0.35857271 0.29842885 0.52018578
0.07102051 0.46648761 0.29681783 0.49538875 0.38534053 0.36816237  0.42637893 0.52216562 0.40838993 0.37342912 0.31490181 0.45582256  0.6405316  0.37092096 0.3395245  0.50760399
0.03530472 0.41371177 0.32449245 0.44717499 0.36543573 0.42942868  0.4584486  0.49182641 0.42935187 0.38251683 0.3665383  0.45119726  0.57400726 0.38653202 0.39012683 0.47468522
0.03530472 0.41371177 0.32449245 0.44717499 0.36543573 0.42942868  0.4584486  0.49182641 0.42935187 0.38251683 0.3665383  0.45119726  0.57400726 0.38653202 0.39012683 0.47468522
0.01779563 0.38669558 0.33863985 0.42004769 0.35385851 0.46460162  0.48109267 0.47190843 0.43452283 0.38595027 0.3992976  0.44733029  0.52908455 0.38078184 0.39373238 0.44873962
0.00039479 0.36283831 0.35232302 0.39930133 0.34523319 0.50234819  0.48417291 0.45702496 0.47508945 0.39693445 0.45000532 0.44589633  0.47476172 0.42761975 0.50206904 0.41641874
0.00039479 0.36283831 0.35232302 0.39930133 0.34523319 0.50234819  0.48417291 0.45702496 0.47508945 0.39693445 0.45000532 0.44589633  0.47476172 0.42761975 0.50206904 0.41641874
0.00039479 0.36283831 0.35232302 0.39930133 0.34523319 0.50234819  0.48417291 0.45702496 0.47508945 0.39693445 0.45000532 0.44589633  0.47476172 0.42761975 0.50206904 0.41641874
0.00039479 0.36283831 0.35232302 0.39930133 0.34523319 0.50234819  0.48417291 0.45702496 0.47508945 0.39693445 0.45000532 0.44589633  0.47476172 0.42761975 0.50206904 0.41641874
0.00039479 0.36283831 0.35232302 0.39930133 0.34523319 0.50234819  0.48417291 0.45702496 0.47508945 0.39693445 0.45000532 0.44589633  0.47476172 0.42761975 0.50206904 0.41641874
0.00039479 0.36283831 0.35232302 0.39930133 0.34523319 0.50234819  0.48417291 0.45702496 0.47508945 0.39693445 0.45000532 0.44589633  0.47476172 0.42761975 0.50206904 0.41641874
0.00039479 0.36283831 0.35232302 0.39930133 0.34523319 0.50234819  0.48417291 0.45702496 0.47508945 0.39693445 0.45000532 0.44589633  0.47476172 0.42761975 0.50206904 0.41641874
0.00039479 0.36283831 0.35232302 0.39930133 0.34523319 0.50234819  0.48417291 0.45702496 0.47508945 0.39693445 0.45000532 0.44589633  0.47476172 0.42761975 0.50206904 0.41641874
0.00039479 0.36283831 0.35232302 0.39930133 0.34523319 0.50234819  0.48417291 0.45702496 0.47508945 0.39693445 0.45000532 0.44589633  0.47476172 0.42761975 0.50206904 0.41641874
0.00039479 0.36283831 0.35232302 0.39930133 0.34523319 0.50234819  0.48417291 0.45702496 0.47508945 0.39693445 0.45000532 0.44589633  0.47476172 0.42761975 0.50206904 0.41641874
0.00039479 0.36283831 0.35232302 0.39930133 0.34523319 0.50234819  0.48417291 0.45702496 0.47508945 0.39693445 0.45000532 0.44589633  0.47476172 0.42761975 0.50206904 0.41641874
0.00039479 0.36283831 0.35232302 0.39930133 0.34523319 0.50234819  0.48417291 0.45702496 0.47508945 0.39693445 0.45000532 0.44589633  0.47476172 0.42761975 0.50206904 0.41641874
0.00039479 0.36283831 0.35232302 0.39930133 0.34523319 0.50234819  0.48417291 0.45702496 0.47508945 0.39693445 0.45000532 0.44589633  0.47476172 0.42761975 0.50206904 0.41641874
