0.00039479 0.36283831 0.35232302 0.39930133 0.34523319 0.50234819  0.48417291 0.45702496 0.47508945 0.39693445 0.45000532 0.44589633  0.47476172 0.42761975 0.50206904 0.41641874
0.00039479 0.36283831 0.35232302 0.39930133 0.34523319 0.50234819  0.48417291 0.45702496 0.47508945 0.39693445 0.45000532 0.44589633  0.47476172 0.42761975 0.50206904 0.41641874
0.00039479 0.36283831 0.35232302 0.39930133 0.34523319 0.50234819  0.48417291 0.45702496 0.47508945 0.39693445 0.45000532 0.44589633  0.47476172 0.42761975 0.50206904 0.41641874
0.00039479 0.36283831 0.35232302 0.39930133 0.34523319 0.50234819  0.48417291 0.45702496 0.47508945 0.39693445 0.45000532 0.44589633  0.47476172 0.42761975 0.50206904 0.41641874
0.00039479 0.36283831 0.35232302 0.39930133 0.34523319 0.50234819  0.48417291 0.45702496 0.47508945 0.39693445 0.45000532 0.44589633  0.47476172 0.42761975 0.50206904 0.41641874
0.00039479 0.36283831 0.35232302 0.39930133 0.34523319 0.50234819  0.48417291 0.45702496 0.47508945 0.39693445 0.45000532 0.44589633  0.47476172 0.42761975 0.50206904 0.41641874
0.00039479 0.36283831 0.35232302 0.39930133 0.34523319 0.50234819  0.48417291 0.45702496 0.47508945 0.39693445 0.45000532 0.44589633  0.47476172 0.42761975 0.50206904 0.41641874
0.00039479 0.36283831 0.35232302 0.39930133 0.34523319 0.50234819  0.48417291 0.45702496 0.47508945 0.39693445 0.45000532 0.44589633  0.47476172 0.42761975 0.50206904 0.41641874
0.00039479 0.36283831 0.35232302 0.39930133 0.34523319 0.50234819  0.48417291 0.45702496 0.47508945 0.39693445 0.45000532 0.44589633  0.47476172 0.42761975 0.50206904 0.41641874
0.00039479 0.36283831 0.35232302 0.39930133 0.34523319 0.50234819  0.48417291 0.45702496 0.47508945 0.39693445 0.45000532 0.44589633  0.47476172 0.42761975 0.50206904 0.41641874
0.00039479 0.36283831 0.35232302 0.39930133 0.34523319 0.50234819  0.48417291 0.45702496 0.47508945 0.39693445 0.45000532 0.44589633  0.47476172 0.42761975 0.50206904 0.41641874
0.00039479 0.36283831 0.35232302 0.39930133 0.34523319 0.50234819  0.48417291 0.45702496 0.47508945 0.39693445 0.45000532 0.44589633  0.47476172 0.42761975 0.50206904 0.41641874
0.00039479 0.36283831 0.35232302 0.39930133 0.34523319 0.50234819  0.48417291 0.45702496 0.47508945 0.39693445 0.45000532 0.44589633  0.47476172 0.42761975 0.50206904 0.41641874
0.00039479 0.36283831 0.35232302 0.39930133 0.34523319 0.50234819  0.48417291 0.45702496 0.47508945 0.39693445 0.45000532 0.44589633  0.47476172 0.42761975 0.50206904 0.41641874
0.00039479 0.36283831 0.35232302 0.39930133 0.34523319 0.50234819  0.48417291 0.45702496 0.47508945 0.39693445 0.45000532 0.44589633  0.47476172 0.42761975 0.50206904 0.41641874
0.00039479 0.36283831 0.35232302 0.39930133 0.34523319 0.50234819  0.48417291 0.45702496 0.47508945 0.39693445 0.45000532 0.44589633  0.47476172 0.42761975 0.50206904 0.41641874
0.00039479 0.36283831 0.35232302 0.39930133 0.34523319 0.50234819  0.48417291 0.45702496 0.47508945 0.39693445 0.45000532 0.44589633  0.47476172 0.42761975 0.50206904 0.41641874
0.00039479 0.36283831 0.35232302 0.39930133 0.34523319 0.50234819  0.48417291 0.45702496 0.47508945 0.39693445 0.45000532 0.44589633  0.47476172 0.42761975 0.50206904 0.41641874
0.00039479 0.36283831 0.35232302 0.39930133 0.34523319 0.50234819  0.48417291 0.45702496 0.47508945 0.39693445 0.45000532 0.44589633  0.47476172 0.42761975 0.50206904 0.41641874
0.00039479 0.36283831 0.35232302 0.39930133 0.34523319 0.50234819  0.48417291 0.45702496 0.47508945 0.39693445 0.45000532 0.44589633  0.47476172 0.42761975 0.50206904 0.41641874
0.00039479 0.36283831 0.35232302 0.39930133 0.34523319 0.50234819  0.48417291 0.45702496 0.47508945 0.39693445 0.45000532 0.44589633  0.47476172 0.42761975 0.50206904 0.41641874
0.00039479 0.36283831 0.35232302 0.39930133 0.34523319 0.50234819  0.48417291 0.45702496 0.47508945 0.39693445 0.45000532 0.44589633  0.47476172 0.42761975 0.50206904 0.41641874
0.00039479 0.36283831 0.35232302 0.39930133 0.34523319 0.50234819  0.48417291 0.45702496 0.47508945 0.39693445 0.45000532 0.44589633  0.47476172 0.42761975 0.50206904 0.41641874
0.00039479 0.36283831 0.35232302 0.39930133 0.34523319 0.50234819  0.48417291 0.45702496 0.47508945 0.39693445 0.45000532 0.44589633  0.47476172 0.42761975 0.50206904 0.41641874
0.00039479 0.36283831 0.35232302 0.39930133 0.34523319 0.50234819  0.48417291 0.45702496 0.47508945 0.39693445 0.45000532 0.44589633  0.47476172 0.42761975 0.50206904 0.41641874
0.00039479 0.36283831 0.35232302 0.39930133 0.34523319 0.50234819  0.48417291 0.45702496 0.47508945 0.39693445 0.45000532 0.44589633  0.47476172 0.42761975 0.50206904 0.41641874
0.00039479 0.36283831 0.35232302 0.39930133 0.34523319 0.50234819  0.48417291 0.45702496 0.47508945 0.39693445 0.45000532 0.44589633  0.47476172 0.42761975 0.50206904 0.41641874
0.00039479 0.36283831 0.35232302 0.39930133 0.34523319 0.50234819  0.48417291 0.45702496 0.47508945 0.39693445 0.45000532 0.44589633  0.47476172 0.42761975 0.50206904 0.41641874
0.00039479 0.36283831 0.35232302 0.39930133 0.34523319 0.50234819  0.48417291 0.45702496 0.47508945 0.39693445 0.45000532 0.44589633  0.47476172 0.42761975 0.50206904 0.41641874
0.00039479 0.36283831 0.35232302 0.39930133 0.34523319 0.50234819  0.48417291 0.45702496 0.47508945 0.39693445 0.45000532 0.44589633  0.47476172 0.42761975 0.50206904 0.41641874
0.00039479 0.36283831 0.35232302 0.39930133 0.34523319 0.50234819  0.48417291 0.45702496 0.47508945 0.39693445 0.45000532 0.44589633  0.47476172 0.42761975 0.50206904 0.41641874
0.00039479 0.36283831 0.35232302 0.39930133 0.34523319 0.50234819  0.48417291 0.45702496 0.47508945 0.39693445 0.45000532 0.44589633  0.47476172 0.42761975 0.50206904 0.41641874
0.00039479 0.36283831 0.35232302 0.39930133 0.34523319 0.50234819  0.48417291 0.45702496 0.47508945 0.39693445 0.45000532 0.44589633  0.47476172 0.42761975 0.50206904 0.41641874
0.00039479 0.36283831 0.35232302 0.39930133 0.34523319 0.50234819  0.48417291 0.45702496 0.47508945 0.39693445 0.45000532 0.44589633  0.47476172 0.42761975 0.50206904 0.41641874
0.00039479 0.36283831 0.35232302 0.39930133 0.34523319 0.50234819  0.48417291 0.45702496 0.47508945 0.39693445 0.45000532 0.44589633  0.47476172 0.42761975 0.50206904 0.41641874
0.00039479 0.36283831 0.35232302 0.39930133 0.34523319 0.50234819  0.48417291 0.45702496 0.47508945 0.39693445 0.45000532 0.44589633  0.47476172 0.42761975 0.50206904 0.41641874
0.00039479 0.36283831 0.35232302 0.39930133 0.34523319 0.50234819  0.48417291 0.45702496 0.47508945 0.39693445 0.45000532 0.44589633  0.47476172 0.42761975 0.50206904 0.41641874
0.00039479 0.36283831 0.35232302 0.39930133 0.34523319 0.50234819  0.48417291 0.45702496 0.47508945 0.39693445 0.45000532 0.44589633  0.47476172 0.42761975 0.50206904 0.41641874
0.00039479 0.36283831 0.35232302 0.39930133 0.34523319 0.50234819  0.48417291 0.45702496 0.47508945 0.39693445 0.45000532 0.44589633  0.47476172 0.42761975 0.50206904 0.41641874
0.00039479 0.36283831 0.35232302 0.39930133 0.34523319 0.50234819  0.48417291 0.45702496 0.47508945 0.39693445 0.45000532 0.44589633  0.47476172 0.42761975 0.50206904 0.41641874
0.00039479 0.36283831 0.35232302 0.39930133 0.34523319 0.50234819  0.48417291 0.45702496 0.47508945 0.39693445 0.45000532 0.44589633  0.47476172 0.42761975 0.50206904 0.41641874
0.00039479 0.36283831 0.35232302 0.39930133 0.34523319 0.50234819  0.48417291 0.45702496 0.47508945 0.39693445 0.45000532 0.44589633  0.47476172 0.42761975 0.50206904 0.41641874
0.00039479 0.36283831 0.35232302 0.39930133 0.34523319 0.50234819  0.48417291 0.45702496 0.47508945 0.39693445 0.45000532 0.44589633  0.47476172 0.42761975 0.50206904 0.41641874
0.00039479 0.36283831 0.35232302 0.39930133 0.34523319 0.50234819  0.48417291 0.45702496 0.47508945 0.39693445 0.45000532 0.44589633  0.47476172 0.42761975 0.50206904 0.41641874
0.00039479 0.36283831 0.35232302 0.39930133 0.34523319 0.50234819  0.48417291 0.45702496 0.47508945 0.39693445 0.45000532 0.44589633  0.47476172 0.42761975 0.50206904 0.41641874
0.00039479 0.36283831 0.35232302 0.39930133 0.34523319 0.50234819  0.48417291 0.45702496 0.47508945 0.39693445 0.45000532 0.44589633  0.47476172 0.42761975 0.50206904 0.41641874
0.00140664 0.36431381 0.35232474 0.39642652 0.34463577 0.50247588  0.48308211 0.45859707 0.47435751 0.39611259 0.44362313 0.46430998  0.44184368 0.4496556  0.47683731 0.47370053
0.00140664 0.36431381 0.35232474 0.39642652 0.34463577 0.50247588  0.48308211 0.45859707 0.47435751 0.39611259 0.44362313 0.46430998  0.44184368 0.4496556  0.47683731 0.47370053
0.00140664 0.36431381 0.35232474 0.39642652 0.34463577 0.50247588  0.48308211 0.45859707 0.47435751 0.39611259 0.44362313 0.46430998  0.44184368 0.4496556  0.47683731 0.47370053
0.00140664 0.36431381 0.35232474 0.39642652 0.34463577 0.50247588  0.48308211 0.45859707 0.47435751 0.39611259 0.44362313 0.46430998  0.44184368 0.4496556  0.47683731 0.47370053
0.07273556 0.47172892 0.3010684  0.49306786 0.38968427 0.37526003  0.4092118  0.53154281 0.43001933 0.35914448 0.3336641  0.49282144  0.57631409 0.42583684 0.40662493 0.58852945
0.29152765 0.7104144  0.15376264 0.60151511 0.45797423 0.22362663  0.48338679 0.49719387 0.30748125 0.37379935 0.35613662 0.5010245  0.32787079 0.39523798 0.43947864 0.4721748 
0.42143106 0.78490046 0.10270356 0.51870331 0.42714527 0.36756163  0.62953528 0.42573541 0.34036817 0.3751209  0.57439432 0.46420168  0.24242308 0.38824381 0.40939369 0.41552394
0.57803723 0.72352198 0.09931317 0.32406804 0.34056934 0.61189648  0.64225097 0.30784862 0.45466926 0.43211162 0.36911628 0.54388232  0.50592367 0.55605374 0.51921744 0.58538855
0.71581967 0.50034878 0.11367378 0.14462885 0.3177292  0.55441815  0.48249622 0.50854957 0.50631172 0.43242343 0.1989679  0.54929423  0.4540104  0.36488393 0.69566896 0.52531036
0.77146479 0.38408928 0.11811037 0.13216276 0.33824144 0.48958514  0.34446583 0.44114274 0.56558123 0.37816312 0.24715914 0.52081856  0.42247536 0.30770001 0.45192535 0.39350549
0.77045293 0.38261378 0.11810865 0.13503757 0.33883886 0.48945744  0.34555663 0.43957064 0.56631317 0.37898498 0.25354133 0.50240491  0.4553934  0.28566417 0.47715708 0.3362237 
0.77045293 0.38261378 0.11810865 0.13503757 0.33883886 0.48945744  0.34555663 0.43957064 0.56631317 0.37898498 0.25354133 0.50240491  0.4553934  0.28566417 0.47715708 0.3362237 
0.7936518  0.29312995 0.10307106 0.26938851 0.41106786 0.56871313  0.329173   0.42756977 0.43430768 0.38351315 0.3044947  0.3436208  0.4802556  0.26615792 0.54916196 0.46545985
0.7936518  0.29312995 0.10307106 0.26938851 0.41106786 0.56871313  0.329173   0.42756977 0.43430768 0.38351315 0.3044947  0.3436208  0.4802556  0.26615792 0.54916196 0.46545985
0.79855317 0.27178    0.09913803 0.316101   0.43568987 0.60544496  0.35132038 0.45007134 0.41983293 0.37013827 0.28492363 0.32704173  0.48220672 0.27824265 0.59066539 0.44953264
0.79855317 0.27178    0.09913803 0.316101   0.43568987 0.60544496  0.35132038 0.45007134 0.41983293 0.37013827 0.28492363 0.32704173  0.48220672 0.27824265 0.59066539 0.44953264
0.80424711 0.24830256 0.09290217 0.36108989 0.46541571 0.64513073  0.36866995 0.46169132 0.4030862  0.35444135 0.25607786 0.29170135  0.48884691 0.28299937 0.65566414 0.43420089
0.81982934 0.19477866 0.09722081 0.44534463 0.47782599 0.64609873  0.38447361 0.46763394 0.37452842 0.4238262  0.36859581 0.27163193  0.49585352 0.32644358 0.61346027 0.58417342
0.81145427 0.22013817 0.09011951 0.40819653 0.48905456 0.67078211  0.3709571  0.46369673 0.36931387 0.36941263 0.27013284 0.2402402  0.48310058 0.30982634 0.65224962 0.50190921
0.81145427 0.22013817 0.09011951 0.40819653 0.48905456 0.67078211  0.3709571  0.46369673 0.36931387 0.36941263 0.27013284 0.2402402  0.48310058 0.30982634 0.65224962 0.50190921
0.81145427 0.22013817 0.09011951 0.40819653 0.48905456 0.67078211  0.3709571  0.46369673 0.36931387 0.36941263 0.27013284 0.2402402  0.48310058 0.30982634 0.65224962 0.50190921
0.81145427 0.22013817 0.09011951 0.40819653 0.48905456 0.67078211  0.3709571  0.46369673 0.36931387 0.36941263 0.27013284 0.2402402  0.48310058 0.30982634 0.65224962 0.50190921
0.81145427 0.22013817 0.09011951 0.40819653 0.48905456 0.67078211  0.3709571  0.46369673 0.36931387 0.36941263 0.27013284 0.2402402  0.48310058 0.30982634 0.65224962 0.50190921
0.81145427 0.22013817 0.09011951 0.40819653 0.48905456 0.67078211  0.3709571  0.46369673 0.36931387 0.36941263 0.27013284 0.2402402  0.48310058 0.30982634 0.65224962 0.50190921
0.81145427 0.22013817 0.09011951 0.40819653 0.48905456 0.67078211  0.3709571  0.46369673 0.36931387 0.36941263 0.27013284 0.2402402  0.48310058 0.30982634 0.65224962 0.50190921
0.81145427 0.22013817 0.09011951 0.40819653 0.48905456 0.67078211  0.3709571  0.46369673 0.36931387 0.36941263 0.27013284 0.2402402  0.48310058 0.30982634 0.65224962 0.50190921
0.81145427 0.22013817 0.09011951 0.40819653 0.48905456 0.67078211  0.3709571  0.46369673 0.36931387 0.36941263 0.27013284 0.2402402  0.48310058 0.30982634 0.65224962 0.50190921
0.80424711 0.24830256 0.09290217 0.36108989 0.46541571 0.64513073  0.36866995 0.46169132 0.4030862  0.35444135 0.25607786 0.29170135  0.48884691 0.28299937 0.65566414 0.43420089
0.80424711 0.24830256 0.09290217 0.36108989 0.46541571 0.64513073  0.36866995 0.46169132 0.4030862  0.35444135 0.25607786 0.29170135  0.48884691 0.28299937 0.65566414 0.43420089
0.81145427 0.22013817 0.09011951 0.40819653 0.48905456 0.67078211  0.3709571  0.46369673 0.36931387 0.36941263 0.27013284 0.2402402  0.48310058 0.30982634 0.65224962 0.50190921
0.78879519 0.26166758 0.0697621  0.35326883 0.48948921 0.6282046  0.41343938 0.45140288 0.45364485 0.33570101 0.29838079 0.28665123  0.49477041 0.29076069 0.71168753 0.50248016
0.78096892 0.29118941 0.07136042 0.30695963 0.46919867 0.61265567  0.41605452 0.45760746 0.49313799 0.3198477  0.26156691 0.33556226  0.49974456 0.26567224 0.73454434 0.42041425
0.73995212 0.38772069 0.06223961 0.244401   0.43739888 0.56486012  0.43447868 0.30939081 0.55433484 0.30872647 0.34501187 0.37076215  0.66442613 0.33417802 0.57022518 0.46045804
0.64739061 0.56227563 0.05228736 0.22787791 0.42107067 0.49282495  0.60652643 0.22987195 0.61917708 0.35533875 0.44052342 0.47631847  0.65901616 0.48224769 0.634392   0.43443535
0.43707352 0.76618815 0.09257935 0.47643766 0.43231067 0.35109863  0.69856614 0.42524996 0.32376475 0.37853934 0.57521434 0.42259341  0.36354293 0.41580276 0.48720202 0.3162269 
0.25243143 0.67376852 0.17069995 0.61094095 0.45099492 0.21854445  0.44497653 0.5054999  0.32931449 0.40248733 0.28672396 0.48218943  0.4720651  0.37931569 0.44576497 0.45458885
0.08821896 0.49393403 0.28285114 0.52470308 0.39746893 0.33500943  0.39261534 0.5478669  0.42515909 0.37017036 0.29596501 0.45870186  0.68842695 0.40997704 0.39360715 0.52301728
0.00039479 0.36283831 0.35232302 0.39930133 0.34523319 0.50234819  0.48417291 0.45702496 0.47508945 0.39693445 0.45000532 0.44589633  0.47476172 0.42761975 0.50206904 0.41641874
0.00039479 0.36283831 0.35232302 0.39930133 0.34523319 0.50234819  0.48417291 0.45702496 0.47508945 0.39693445 0.45000532 0.44589633  0.47476172 0.42761975 0.50206904 0.41641874
0.00039479 0.36283831 0.35232302 0.39930133 0.34523319 0.50234819  0.48417291 0.45702496 0.47508945 0.39693445 0.45000532 0.44589633  0.47476172 0.42761975 0.50206904 0.41641874
0.00039479 0.36283831 0.35232302 0.39930133 0.34523319 0.50234819  0.48417291 0.45702496 0.47508945 0.39693445 0.45000532 0.44589633  0.47476172 0.42761975 0.50206904 0.41641874
0.00039479 0.36283831 0.35232302 0.39930133 0.34523319 0.50234819  0.48417291 0.45702496 0.47508945 0.39693445 0.45000532 0.44589633  0.47476172 0.42761975 0.50206904 0.41641874
0.00039479 0.36283831 0.35232302 0.39930133 0.34523319 0.50234819  0.48417291 0.45702496 0.47508945 0.39693445 0.45000532 0.44589633  0.47476172 0.42761975 0.50206904 0.41641874
0.00039479 0.36283831 0.35232302 0.39930133 0.34523319 0.50234819  0.48417291 0.45702496 0.47508945 0.39693445 0.45000532 0.44589633  0.47476172 0.42761975 0.50206904 0.41641874
0.00039479 0.36283831 0.35232302 0.39930133 0.34523319 0.50234819  0.48417291 0.45702496 0.47508945 0.39693445 0.45000532 0.44589633  0.47476172 0.42761975 0.50206904 0.41641874
0.27462058 0.66487188 0.2015045  0.54738225 0.3673138  0.48440294  0.3359236  0.57387757 0.68810513 0.37474985 0.6740819  0.40251236  0.44140887 0.55048842 0.72306201 0.32130077
0.34815746 0.73670386 0.16774825 0.56057492 0.35632688 0.51449318  0.34004167 0.57771695 0.68842186 0.35078869 0.69361525 0.38606726  0.54892701 0.49900369 0.56165093 0.35644049
0.38166079 0.70786619 0.15650465 0.48489912 0.37874512 0.4348807  0.41117151 0.6938574  0.6326765  0.2554357  0.68400372 0.34895179  0.80598583 0.50993715 0.44439419 0.39940483
0.38166079 0.70786619 0.15650465 0.48489912 0.37874512 0.4348807  0.41117151 0.6938574  0.6326765  0.2554357  0.68400372 0.34895179  0.80598583 0.50993715 0.44439419 0.39940483
0.43388813 0.6705978  0.14538257 0.37479652 0.38665567 0.41832348  0.51359105 0.75664776 0.61779718 0.20439744 0.75249507 0.32392793  0.83808597 0.52942486 0.53743527 0.38148183
0.48242047 0.63713957 0.11620276 0.32468154 0.41987951 0.37172724  0.6129068  0.70075726 0.54569325 0.18198874 0.83829105 0.29881358  0.73765418 0.45430021 0.43308798 0.32017489
0.48242047 0.63713957 0.11620276 0.32468154 0.41987951 0.37172724  0.6129068  0.70075726 0.54569325 0.18198874 0.83829105 0.29881358  0.73765418 0.45430021 0.43308798 0.32017489
0.49549645 0.60179516 0.10892228 0.32200325 0.43840198 0.34624617  0.57773775 0.65409326 0.58401054 0.15996056 0.861017   0.28495116  0.73226813 0.41718634 0.35897389 0.28490318
0.47944669 0.62789025 0.10775871 0.35508666 0.43802593 0.36543514  0.59144335 0.59756433 0.56079464 0.17816322 0.8542025  0.28291028  0.75042502 0.44011814 0.29763958 0.27262307
0.46054969 0.62139504 0.1083193  0.3766419  0.45778824 0.30985588  0.57842603 0.6067352  0.54455386 0.18307677 0.82870879 0.29034382  0.71290904 0.45647868 0.3430553  0.25869378
0.47526102 0.58921548 0.10340449 0.35459006 0.46784838 0.27715702  0.55778854 0.59022126 0.5911396  0.15916652 0.83377977 0.29523129  0.71273063 0.50608956 0.32347374 0.25749546
0.47526102 0.58921548 0.10340449 0.35459006 0.46784838 0.27715702  0.55778854 0.59022126 0.5911396  0.15916652 0.83377977 0.29523129  0.71273063 0.50608956 0.32347374 0.25749546
0.48287241 0.5593579  0.09729205 0.39918675 0.49302832 0.3068179  0.55093345 0.59017158 0.54220834 0.15368588 0.84791224 0.24123895  0.72560086 0.48385918 0.36240356 0.2846262 
0.50007652 0.55653667 0.08334039 0.37562651 0.50710577 0.27651771  0.62441517 0.54994725 0.45751304 0.18608165 0.77411509 0.27282411  0.69305622 0.46063927 0.37380047 0.327421  
0.50007652 0.55653667 0.08334039 0.37562651 0.50710577 0.27651771  0.62441517 0.54994725 0.45751304 0.18608165 0.77411509 0.27282411  0.69305622 0.46063927 0.37380047 0.327421  
0.48242376 0.52919049 0.09735437 0.34856443 0.49592677 0.30774372  0.64947243 0.53070248 0.45361005 0.18813851 0.79605393 0.26959157  0.65794067 0.44714201 0.35798835 0.31027115
0.48242376 0.52919049 0.09735437 0.34856443 0.49592677 0.30774372  0.64947243 0.53070248 0.45361005 0.18813851 0.79605393 0.26959157  0.65794067 0.44714201 0.35798835 0.31027115
0.51294759 0.52183619 0.07365599 0.37479789 0.52544256 0.26281053  0.59172717 0.47319344 0.48878318 0.18078271 0.75207101 0.27479975  0.70720358 0.43077052 0.3443036  0.29606906
0.48768343 0.52434759 0.09378241 0.30313912 0.48908362 0.26437567  0.62363952 0.45399836 0.53381144 0.1883202  0.75987739 0.32555954  0.65921781 0.43950364 0.28956165 0.25178847
0.47775381 0.61857381 0.09436764 0.35308167 0.47186569 0.27955569  0.65190775 0.56651086 0.45985856 0.21547254 0.75491164 0.32192898  0.6803644  0.43325876 0.3544522  0.30148858
0.47775381 0.61857381 0.09436764 0.35308167 0.47186569 0.27955569  0.65190775 0.56651086 0.45985856 0.21547254 0.75491164 0.32192898  0.6803644  0.43325876 0.3544522  0.30148858
0.47775381 0.61857381 0.09436764 0.35308167 0.47186569 0.27955569  0.65190775 0.56651086 0.45985856 0.21547254 0.75491164 0.32192898  0.6803644  0.43325876 0.3544522  0.30148858
0.47775381 0.61857381 0.09436764 0.35308167 0.47186569 0.27955569  0.65190775 0.56651086 0.45985856 0.21547254 0.75491164 0.32192898  0.6803644  0.43325876 0.3544522  0.30148858
0.45227194 0.68928874 0.10815631 0.35131698 0.4373401  0.32861597  0.72453122 0.6276922  0.39661615 0.26456294 0.66948844 0.36034223  0.70579754 0.53229224 0.52259086 0.36381586
0.36226452 0.70154951 0.13192628 0.49694441 0.44792595 0.28494347  0.54056208 0.58261666 0.49661959 0.29499059 0.62796803 0.38175594  0.64487004 0.55018981 0.58305203 0.32227953
0.32689582 0.72220074 0.14086439 0.57371388 0.44410781 0.28559425  0.46365289 0.54282263 0.49766343 0.33823093 0.56452906 0.40689838  0.58350228 0.51542934 0.54248864 0.33341982
0.27284303 0.72539673 0.16742648 0.65985075 0.42777981 0.28712064  0.31577451 0.57153333 0.5351993  0.34136723 0.49213951 0.41689837  0.57269075 0.47117805 0.47950529 0.35294102
0.12471987 0.54379512 0.25712371 0.56358036 0.41131241 0.29629502  0.36709612 0.56777589 0.42968836 0.35871419 0.2981379  0.45450793  0.70781088 0.42405509 0.39812753 0.49811482
0.03565626 0.41571439 0.3246957  0.44976734 0.36608739 0.43915495  0.4433969  0.49382068 0.46699367 0.38664484 0.40137087 0.45016838  0.55406586 0.43756751 0.48973724 0.44760095
0.0177474  0.38984345 0.33852207 0.42635267 0.35697043 0.47086435  0.45750391 0.47765391 0.48169648 0.39463854 0.42895995 0.44917931  0.51265071 0.44991576 0.53083289 0.43501917
0.0177474  0.38984345 0.33852207 0.42635267 0.35697043 0.47086435  0.45750391 0.47765391 0.48169648 0.39463854 0.42895995 0.44917931  0.51265071 0.44991576 0.53083289 0.43501917
0.00039479 0.36283831 0.35232302 0.39930133 0.34523319 0.50234819  0.48417291 0.45702496 0.47508945 0.39693445 0.45000532 0.44589633  0.47476172 0.42761975 0.50206904 0.41641874
0.00039479 0.36283831 0.35232302 0.39930133 0.34523319 0.50234819  0.48417291 0.45702496 0.47508945 0.39693445 0.45000532 0.44589633  0.47476172 0.42761975 0.50206904 0.41641874
0.00039479 0.36283831 0.35232302 0.39930133 0.34523319 0.50234819  0.48417291 0.45702496 0.47508945 0.39693445 0.45000532 0.44589633  0.47476172 0.42761975 0.50206904 0.41641874
0.00039479 0.36283831 0.35232302 0.39930133 0.34523319 0.50234819  0.48417291 0.45702496 0.47508945 0.39693445 0.45000532 0.44589633  0.47476172 0.42761975 0.50206904 0.41641874
0.00039479 0.36283831 0.35232302 0.39930133 0.34523319 0.50234819  0.48417291 0.45702496 0.47508945 0.39693445 0.45000532 0.44589633  0.47476172 0.42761975 0.50206904 0.41641874
0.00039479 0.36283831 0.35232302 0.39930133 0.34523319 0.50234819  0.48417291 0.45702496 0.47508945 0.39693445 0.45000532 0.44589633  0.47476172 0.42761975 0.50206904 0.41641874
0.00039479 0.36283831 0.35232302 0.39930133 0.34523319 0.50234819  0.48417291 0.45702496 0.47508945 0.39693445 0.45000532 0.44589633  0.47476172 0.42761975 0.50206904 0.41641874
0.00039479 0.36283831 0.35232302 0.39930133 0.34523319 0.50234819  0.48417291 0.45702496 0.47508945 0.39693445 0.45000532 0.44589633  0.47476172 0.42761975 0.50206904 0.41641874
0.00039479 0.36283831 0.35232302 0.39930133 0.34523319 0.50234819  0.48417291 0.45702496 0.47508945 0.39693445 0.45000532 0.44589633  0.47476172 0.42761975 0.50206904 0.41641874
0.00039479 0.36283831 0.35232302 0.39930133 0.34523319 0.50234819  0.48417291 0.45702496 0.47508945 0.39693445 0.45000532 0.44589633  0.47476172 0.42761975 0.50206904 0.41641874
0.00039479 0.36283831 0.35232302 0.39930133 0.34523319 0.50234819  0.48417291 0.45702496 0.47508945 0.39693445 0.45000532 0.44589633  0.47476172 0.42761975 0.50206904 0.41641874
0.00039479 0.36283831 0.35232302 0.39930133 0.34523319 0.50234819  0.48417291 0.45702496 0.47508945 0.39693445 0.45000532 0.44589633  0.47476172 0.42761975 0.50206904 0.41641874
