0.00039479 0.36283831 0.35232302 0.39930133 0.34523319 0.50234819  0.48417291 0.45702496 0.47508945 0.39693445 0.45000532 0.44589633  0.47476172 0.42761975 0.50206904 0.41641874
0.00039479 0.36283831 0.35232302 0.39930133 0.34523319 0.50234819  0.48417291 0.45702496 0.47508945 0.39693445 0.45000532 0.44589633  0.47476172 0.42761975 0.50206904 0.41641874
0.00039479 0.36283831 0.35232302 0.39930133 0.34523319 0.50234819  0.48417291 0.45702496 0.47508945 0.39693445 0.45000532 0.44589633  0.47476172 0.42761975 0.50206904 0.41641874
0.00039479 0.36283831 0.35232302 0.39930133 0.34523319 0.50234819  0.48417291 0.45702496 0.47508945 0.39693445 0.45000532 0.44589633  0.47476172 0.42761975 0.50206904 0.41641874
0.00039479 0.36283831 0.35232302 0.39930133 0.34523319 0.50234819  0.48417291 0.45702496 0.47508945 0.39693445 0.45000532 0.44589633  0.47476172 0.42761975 0.50206904 0.41641874
0.00039479 0.36283831 0.35232302 0.39930133 0.34523319 0.50234819  0.48417291 0.45702496 0.47508945 0.39693445 0.45000532 0.44589633  0.47476172 0.42761975 0.50206904 0.41641874
0.00039479 0.36283831 0.35232302 0.39930133 0.34523319 0.50234819  0.48417291 0.45702496 0.47508945 0.39693445 0.45000532 0.44589633  0.47476172 0.42761975 0.50206904 0.41641874
0.00039479 0.36283831 0.35232302 0.39930133 0.34523319 0.50234819  0.48417291 0.45702496 0.47508945 0.39693445 0.45000532 0.44589633  0.47476172 0.42761975 0.50206904 0.41641874
0.00039479 0.36283831 0.35232302 0.39930133 0.34523319 0.50234819  0.48417291 0.45702496 0.47508945 0.39693445 0.45000532 0.44589633  0.47476172 0.42761975 0.50206904 0.41641874
0.00039479 0.36283831 0.35232302 0.39930133 0.34523319 0.50234819  0.48417291 0.45702496 0.47508945 0.39693445 0.45000532 0.44589633  0.47476172 0.42761975 0.50206904 0.41641874
0.00039479 0.36283831 0.35232302 0.39930133 0.34523319 0.50234819  0.48417291 0.45702496 0.47508945 0.39693445 0.45000532 0.44589633  0.47476172 0.42761975 0.50206904 0.41641874
0.00039479 0.36283831 0.35232302 0.39930133 0.34523319 0.50234819  0.48417291 0.45702496 0.47508945 0.39693445 0.45000532 0.44589633  0.47476172 0.42761975 0.50206904 0.41641874
0.00039479 0.36283831 0.35232302 0.39930133 0.34523319 0.50234819  0.48417291 0.45702496 0.47508945 0.39693445 0.45000532 0.44589633  0.47476172 0.42761975 0.50206904 0.41641874
0.00039479 0.36283831 0.35232302 0.39930133 0.34523319 0.50234819  0.48417291 0.45702496 0.47508945 0.39693445 0.45000532 0.44589633  0.47476172 0.42761975 0.50206904 0.41641874
0.00039479 0.36283831 0.35232302 0.39930133 0.34523319 0.50234819  0.48417291 0.45702496 0.47508945 0.39693445 0.45000532 0.44589633  0.47476172 0.42761975 0.50206904 0.41641874
0.00039479 0.36283831 0.35232302 0.39930133 0.34523319 0.50234819  0.48417291 0.45702496 0.47508945 0.39693445 0.45000532 0.44589633  0.47476172 0.42761975 0.50206904 0.41641874
0.00039479 0.36283831 0.35232302 0.39930133 0.34523319 0.50234819  0.48417291 0.45702496 0.47508945 0.39693445 0.45000532 0.44589633  0.47476172 0.42761975 0.50206904 0.41641874
0.00039479 0.36283831 0.35232302 0.39930133 0.34523319 0.50234819  0.48417291 0.45702496 0.47508945 0.39693445 0.45000532 0.44589633  0.47476172 0.42761975 0.50206904 0.41641874
0.00039479 0.36283831 0.35232302 0.39930133 0.34523319 0.50234819  0.48417291 0.45702496 0.47508945 0.39693445 0.45000532 0.44589633  0.47476172 0.42761975 0.50206904 0.41641874
0.00039479 0.36283831 0.35232302 0.39930133 0.34523319 0.50234819  0.48417291 0.45702496 0.47508945 0.39693445 0.45000532 0.44589633  0.47476172 0.42761975 0.50206904 0.41641874
0.00039479 0.36283831 0.35232302 0.39930133 0.34523319 0.50234819  0.48417291 0.45702496 0.47508945 0.39693445 0.45000532 0.44589633  0.47476172 0.42761975 0.50206904 0.41641874
0.00039479 0.36283831 0.35232302 0.39930133 0.34523319 0.50234819  0.48417291 0.45702496 0.47508945 0.39693445 0.45000532 0.44589633  0.47476172 0.42761975 0.50206904 0.41641874
0.00039479 0.36283831 0.35232302 0.39930133 0.34523319 0.50234819  0.48417291 0.45702496 0.47508945 0.39693445 0.45000532 0.44589633  0.47476172 0.42761975 0.50206904 0.41641874
0.00039479 0.36283831 0.35232302 0.39930133 0.34523319 0.50234819  0.48417291 0.45702496 0.47508945 0.39693445 0.45000532 0.44589633  0.47476172 0.42761975 0.50206904 0.41641874
0.00039479 0.36283831 0.35232302 0.39930133 0.34523319 0.50234819  0.48417291 0.45702496 0.47508945 0.39693445 0.45000532 0.44589633  0.47476172 0.42761975 0.50206904 0.41641874
0.00039479 0.36283831 0.35232302 0.39930133 0.34523319 0.50234819  0.48417291 0.45702496 0.47508945 0.39693445 0.45000532 0.44589633  0.47476172 0.42761975 0.50206904 0.41641874
0.00039479 0.36283831 0.35232302 0.39930133 0.34523319 0.50234819  0.48417291 0.45702496 0.47508945 0.39693445 0.45000532 0.44589633  0.47476172 0.42761975 0.50206904 0.41641874
0.00039479 0.36283831 0.35232302 0.39930133 0.34523319 0.50234819  0.48417291 0.45702496 0.47508945 0.39693445 0.45000532 0.44589633  0.47476172 0.42761975 0.50206904 0.41641874
0.00039479 0.36283831 0.35232302 0.39930133 0.34523319 0.50234819  0.48417291 0.45702496 0.47508945 0.39693445 0.45000532 0.44589633  0.47476172 0.42761975 0.50206904 0.41641874
0.00039479 0.36283831 0.35232302 0.39930133 0.34523319 0.50234819  0.48417291 0.45702496 0.47508945 0.39693445 0.45000532 0.44589633  0.47476172 0.42761975 0.50206904 0.41641874
0.00039479 0.36283831 0.35232302 0.39930133 0.34523319 0.50234819  0.48417291 0.45702496 0.47508945 0.39693445 0.45000532 0.44589633  0.47476172 0.42761975 0.50206904 0.41641874
0.00039479 0.36283831 0.35232302 0.39930133 0.34523319 0.50234819  0.48417291 0.45702496 0.47508945 0.39693445 0.45000532 0.44589633  0.47476172 0.42761975 0.50206904 0.41641874
0.00039479 0.36283831 0.35232302 0.39930133 0.34523319 0.50234819  0.48417291 0.45702496 0.47508945 0.39693445 0.45000532 0.44589633  0.47476172 0.42761975 0.50206904 0.41641874
0.00039479 0.36283831 0.35232302 0.39930133 0.34523319 0.50234819  0.48417291 0.45702496 0.47508945 0.39693445 0.45000532 0.44589633  0.47476172 0.42761975 0.50206904 0.41641874
0.00039479 0.36283831 0.35232302 0.39930133 0.34523319 0.50234819  0.48417291 0.45702496 0.47508945 0.39693445 0.45000532 0.44589633  0.47476172 0.42761975 0.50206904 0.41641874
0.00039479 0.36283831 0.35232302 0.39930133 0.34523319 0.50234819  0.48417291 0.45702496 0.47508945 0.39693445 0.45000532 0.44589633  0.47476172 0.42761975 0.50206904 0.41641874
0.00039479 0.36283831 0.35232302 0.39930133 0.34523319 0.50234819  0.48417291 0.45702496 0.47508945 0.39693445 0.45000532 0.44589633  0.47476172 0.42761975 0.50206904 0.41641874
0.00039479 0.36283831 0.35232302 0.39930133 0.34523319 0.50234819  0.48417291 0.45702496 0.47508945 0.39693445 0.45000532 0.44589633  0.47476172 0.42761975 0.50206904 0.41641874
0.00039479 0.36283831 0.35232302 0.39930133 0.34523319 0.50234819  0.48417291 0.45702496 0.47508945 0.39693445 0.45000532 0.44589633  0.47476172 0.42761975 0.50206904 0.41641874
0.00039479 0.36283831 0.35232302 0.39930133 0.34523319 0.50234819  0.48417291 0.45702496 0.47508945 0.39693445 0.45000532 0.44589633  0.47476172 0.42761975 0.50206904 0.41641874
0.00039479 0.36283831 0.35232302 0.39930133 0.34523319 0.50234819  0.48417291 0.45702496 0.47508945 0.39693445 0.45000532 0.44589633  0.47476172 0.42761975 0.50206904 0.41641874
0.00039479 0.36283831 0.35232302 0.39930133 0.34523319 0.50234819  0.48417291 0.45702496 0.47508945 0.39693445 0.45000532 0.44589633  0.47476172 0.42761975 0.50206904 0.41641874
0.00039479 0.36283831 0.35232302 0.39930133 0.34523319 0.50234819  0.48417291 0.45702496 0.47508945 0.39693445 0.45000532 0.44589633  0.47476172 0.42761975 0.50206904 0.41641874
0.12642146 0.51792745 0.28449881 0.51240528 0.34896197 0.52395886  0.33911936 0.45113185 0.59497797 0.48168064 0.36687396 0.50033542  0.49844048 0.51576285 0.75018328 0.53196157
0.21865082 0.63515526 0.22881834 0.58763127 0.35659376 0.52852882  0.26786739 0.45508746 0.70113604 0.50488415 0.46254849 0.49835703  0.37736738 0.57604075 0.93113568 0.46406585
0.32963506 0.75684295 0.16967368 0.63201296 0.35388977 0.54406922  0.26331454 0.46033086 0.71095836 0.47268916 0.54633169 0.46737999  0.406727   0.50217235 0.72360107 0.43355578
0.45075494 0.88896057 0.34076881 0.52027739 0.51345034 0.70259085  0.28494495 0.38013177 0.62965605 0.39462919 0.57934346 0.40507373  0.47396119 0.48392093 0.37405051 0.41424045
0.59603569 0.92973533 0.61165841 0.36999098 0.66160842 0.80896228  0.30904953 0.41156727 0.43504588 0.35881534 0.44986367 0.39833677  0.58189219 0.43627906 0.16358539 0.3188672 
0.64324118 0.89733821 0.64655199 0.30707426 0.68204949 0.81014698  0.358953   0.47294123 0.36080832 0.33579937 0.53114943 0.44500514  0.77053848 0.49443013 0.24053505 0.27078754
0.71802796 0.8787733  0.72495132 0.24446725 0.73025517 0.68575062  0.59543029 0.41706994 0.29975451 0.30185949 0.48429668 0.52601142  0.83470899 0.36994429 0.50460647 0.40135585
0.74979649 0.82736055 0.73296713 0.18504334 0.72473509 0.65252385  0.55930429 0.54623043 0.31979455 0.30061279 0.47757915 0.53770333  0.76147836 0.32482416 0.58666292 0.42571216
0.78825373 0.7632533  0.77711918 0.22576276 0.64551047 0.56056402  0.56011869 0.53680185 0.2979414  0.37380863 0.53326522 0.54376199  0.75336941 0.44062883 0.62844971 0.30175183
0.8329165  0.67190081 0.76145947 0.17399743 0.60444305 0.48963241  0.52864892 0.47796817 0.37790434 0.37837181 0.36822452 0.55044662  0.68549431 0.54898306 0.77573401 0.3025073 
0.8476192  0.64551458 0.77389693 0.17119518 0.58779111 0.47504815  0.4931482  0.5194317  0.35110483 0.40160888 0.34672844 0.55751516  0.56729516 0.48582415 0.81282884 0.28164626
0.87015435 0.55710016 0.72180567 0.21166739 0.47859519 0.38733867  0.46372021 0.44598636 0.46485085 0.34719881 0.34032279 0.38072331  0.522134   0.43913736 0.61864934 0.17219626
0.86411173 0.53732796 0.67726289 0.23086786 0.41530265 0.38320743  0.46813403 0.45295651 0.45343039 0.35283721 0.36360533 0.4225913  0.53273765 0.43591016 0.62517435 0.1858269 
0.86897665 0.47007929 0.60051416 0.27279751 0.31608879 0.35948022  0.44212393 0.36983259 0.45684995 0.26370979 0.37845782 0.50304543  0.52610472 0.36211948 0.64914449 0.23304219
0.85659251 0.37131247 0.41768173 0.31559882 0.16665477 0.35326619  0.41199706 0.31270006 0.41355157 0.3040111  0.39831289 0.58843338  0.6321286  0.37332163 0.6312705  0.20188969
0.85070077 0.35862143 0.38344463 0.31889539 0.17077486 0.36704118  0.39648491 0.32274735 0.40094679 0.3285461  0.42568617 0.62843396  0.66946688 0.3538112  0.64773379 0.17868462
0.85070077 0.35862143 0.38344463 0.31889539 0.17077486 0.36704118  0.39648491 0.32274735 0.40094679 0.3285461  0.42568617 0.62843396  0.66946688 0.3538112  0.64773379 0.17868462
0.83596705 0.34671619 0.31414985 0.28869715 0.19207752 0.3919445  0.37331222 0.37612326 0.39982572 0.47092648 0.42918539 0.62784497  0.65170436 0.42356262 0.53682321 0.11957601
0.81779984 0.34091044 0.24116099 0.24614646 0.23481963 0.42384997  0.3466179  0.42004082 0.39897761 0.50712186 0.40235564 0.60373951  0.56880198 0.41026569 0.52182008 0.11716846
0.80625376 0.35496327 0.21259858 0.21788174 0.25524472 0.44862657  0.33341565 0.4158104  0.43387715 0.45350703 0.36401426 0.58303632  0.54882596 0.40136381 0.46184044 0.18569611
0.80248497 0.33009732 0.17199593 0.23570431 0.31077662 0.4937378  0.32640234 0.43019155 0.42013852 0.42765881 0.3370785  0.49477921  0.51537381 0.32440642 0.52575222 0.24807542
0.79016023 0.34474322 0.14434236 0.20960007 0.34061304 0.51453428  0.33222106 0.42440294 0.46746063 0.37799432 0.29187663 0.46574236  0.53157558 0.28465635 0.52012668 0.28443525
0.78254884 0.3746008  0.1504548  0.16500338 0.31543311 0.4848734  0.33907615 0.42445262 0.51639189 0.38347495 0.27774416 0.5197347  0.51870536 0.30688673 0.48119685 0.25730451
0.77045293 0.38261378 0.11810865 0.13503757 0.33883886 0.48945744  0.34555663 0.43957064 0.56631317 0.37898498 0.25354133 0.50240491  0.4553934  0.28566417 0.47715708 0.3362237 
0.77045293 0.38261378 0.11810865 0.13503757 0.33883886 0.48945744  0.34555663 0.43957064 0.56631317 0.37898498 0.25354133 0.50240491  0.4553934  0.28566417 0.47715708 0.3362237 
0.77045293 0.38261378 0.11810865 0.13503757 0.33883886 0.48945744  0.34555663 0.43957064 0.56631317 0.37898498 0.25354133 0.50240491  0.4553934  0.28566417 0.47715708 0.3362237 
0.74029831 0.42236503 0.08253112 0.13001876 0.3795643  0.48711557  0.42582677 0.38781866 0.64367133 0.33700756 0.31734034 0.49028625  0.57951604 0.35658439 0.49608563 0.425364  
0.72789242 0.45773556 0.08903931 0.12557578 0.36356117 0.51069479  0.46328119 0.40233599 0.6187462  0.36406978 0.2546431  0.51483709  0.59956313 0.418504   0.5901102  0.45241958
0.69673908 0.51033311 0.07549007 0.17223897 0.37854294 0.54181124  0.514598   0.26893977 0.6249669  0.33967367 0.28531019 0.49777304  0.74681904 0.50244848 0.51691819 0.43831534
0.68366309 0.54567752 0.08277055 0.17491726 0.36002047 0.56729231  0.54976705 0.31560378 0.58664961 0.36170185 0.26258424 0.51163546  0.75220509 0.53956235 0.59103227 0.47358705
0.68366309 0.54567752 0.08277055 0.17491726 0.36002047 0.56729231  0.54976705 0.31560378 0.58664961 0.36170185 0.26258424 0.51163546  0.75220509 0.53956235 0.59103227 0.47358705
0.68366309 0.54567752 0.08277055 0.17491726 0.36002047 0.56729231  0.54976705 0.31560378 0.58664961 0.36170185 0.26258424 0.51163546  0.75220509 0.53956235 0.59103227 0.47358705
0.69938187 0.52035986 0.08962278 0.14857676 0.35412434 0.55325451  0.52734666 0.38823535 0.58347375 0.37865781 0.2490522  0.52128648  0.69713135 0.51737403 0.61175442 0.48566325
0.72789242 0.45773556 0.08903931 0.12557578 0.36356117 0.51069479  0.46328119 0.40233599 0.6187462  0.36406978 0.2546431  0.51483709  0.59956313 0.418504   0.5901102  0.45241958
0.72789242 0.45773556 0.08903931 0.12557578 0.36356117 0.51069479  0.46328119 0.40233599 0.6187462  0.36406978 0.2546431  0.51483709  0.59956313 0.418504   0.5901102  0.45241958
0.74029831 0.42236503 0.08253112 0.13001876 0.3795643  0.48711557  0.42582677 0.38781866 0.64367133 0.33700756 0.31734034 0.49028625  0.57951604 0.35658439 0.49608563 0.425364  
0.78998482 0.3398035  0.14297955 0.20824845 0.33264129 0.49431234  0.34202506 0.44736465 0.48521873 0.44362074 0.31279819 0.47998061  0.4334453  0.3522412  0.47936809 0.36757218
0.80919128 0.30529003 0.17587145 0.28133177 0.32257986 0.49441092  0.33956813 0.42672924 0.41053296 0.47984164 0.3906803  0.46533436  0.47479351 0.43205667 0.43152933 0.41438952
0.8780406  0.29961984 0.42738675 0.40784172 0.2463347  0.34743849  0.45999997 0.3788325  0.46382671 0.62636559 0.47680256 0.39392495  0.56265003 0.49783042 0.44454818 0.38651182
0.90756743 0.3539047  0.60448549 0.40535648 0.38436908 0.32359675  0.5120015  0.33241629 0.60212211 0.61737538 0.40700631 0.27389707  0.57095894 0.43467161 0.40110163 0.44023279
0.92238467 0.38518365 0.69994316 0.37488611 0.5051088  0.30997227  0.5288329  0.32158806 0.64301112 0.65914945 0.38836133 0.22415408  0.60480111 0.40533182 0.412238   0.42850273
0.92238467 0.38518365 0.69994316 0.37488611 0.5051088  0.30997227  0.5288329  0.32158806 0.64301112 0.65914945 0.38836133 0.22415408  0.60480111 0.40533182 0.412238   0.42850273
0.92238467 0.38518365 0.69994316 0.37488611 0.5051088  0.30997227  0.5288329  0.32158806 0.64301112 0.65914945 0.38836133 0.22415408  0.60480111 0.40533182 0.412238   0.42850273
0.92054641 0.37679835 0.68115825 0.39394389 0.44443524 0.30144356  0.53684317 0.31973191 0.64454749 0.62956862 0.38009363 0.21488794  0.58002263 0.40140834 0.42158546 0.45364068
0.92054641 0.37679835 0.68115825 0.39394389 0.44443524 0.30144356  0.53684317 0.31973191 0.64454749 0.62956862 0.38009363 0.21488794  0.58002263 0.40140834 0.42158546 0.45364068
0.91561571 0.32859533 0.61268781 0.47278742 0.31690257 0.27787648  0.60183015 0.33094761 0.69418536 0.60802896 0.41646691 0.30051271  0.61328458 0.32371683 0.43655444 0.57187551
0.91561571 0.32859533 0.61268781 0.47278742 0.31690257 0.27787648  0.60183015 0.33094761 0.69418536 0.60802896 0.41646691 0.30051271  0.61328458 0.32371683 0.43655444 0.57187551
0.90168439 0.30897462 0.53947851 0.45940141 0.31765737 0.29542629  0.59492822 0.37541316 0.69126582 0.72392254 0.42301278 0.31626511  0.63611339 0.34362333 0.39212154 0.47732926
0.88312535 0.26469591 0.42253475 0.47338758 0.25408206 0.31623953  0.56538399 0.40198253 0.62275179 0.73564711 0.51674653 0.46659034  0.65040793 0.35007327 0.37751134 0.52684099
0.87211125 0.26062111 0.37240498 0.44827676 0.23768748 0.34208745  0.4923715  0.39315613 0.5208662  0.68443979 0.54878168 0.50966788  0.64833698 0.38002917 0.44647507 0.46231753
0.86973296 0.25658475 0.35765527 0.45678429 0.2284715  0.36224174  0.47421947 0.38281792 0.47760968 0.62601638 0.56619593 0.55490047  0.66435592 0.36158197 0.47022302 0.44439594
0.86973296 0.25658475 0.35765527 0.45678429 0.2284715  0.36224174  0.47421947 0.38281792 0.47760968 0.62601638 0.56619593 0.55490047  0.66435592 0.36158197 0.47022302 0.44439594
0.852759   0.28061401 0.32197929 0.39270934 0.23153453 0.35741677  0.47678925 0.41679756 0.52676637 0.63803701 0.51283027 0.5894636  0.63288082 0.29183713 0.5235653  0.34476045
0.852759   0.28061401 0.32197929 0.39270934 0.23153453 0.35741677  0.47678925 0.41679756 0.52676637 0.63803701 0.51283027 0.5894636  0.63288082 0.29183713 0.5235653  0.34476045
0.83338207 0.28738654 0.24547963 0.33040119 0.24722991 0.42481797  0.36242156 0.42598343 0.37041982 0.57650671 0.51487359 0.5836701  0.57580859 0.4537099  0.47961621 0.26714098
0.82128617 0.29539952 0.21313348 0.30043539 0.27063566 0.42940202  0.36890204 0.44110145 0.4203411  0.57201673 0.49067077 0.56634031  0.51249663 0.43248734 0.47557644 0.34606018
0.81382794 0.28369381 0.17614598 0.31129324 0.32240385 0.47326983  0.39365526 0.47660823 0.46364656 0.5416223  0.42253956 0.5261702  0.44898368 0.41655331 0.49683972 0.37031009
0.82920053 0.22373181 0.16270671 0.39933498 0.37434229 0.53697659  0.37988678 0.47081194 0.37113421 0.53029717 0.43667904 0.41629711  0.47882003 0.37195862 0.59170142 0.41748033
0.8370268  0.19420997 0.16110839 0.44564418 0.39463284 0.55252552  0.37727163 0.46460736 0.33164108 0.54615048 0.47349293 0.36738609  0.47384587 0.39704707 0.5688446  0.49954624
0.8370268  0.19420997 0.16110839 0.44564418 0.39463284 0.55252552  0.37727163 0.46460736 0.33164108 0.54615048 0.47349293 0.36738609  0.47384587 0.39704707 0.5688446  0.49954624
0.84192817 0.17286002 0.15717536 0.49235667 0.41925486 0.58925735  0.39941901 0.48710893 0.31716632 0.5327756  0.45392185 0.35080701  0.47579699 0.40913179 0.61034803 0.48361903
0.84192817 0.17286002 0.15717536 0.49235667 0.41925486 0.58925735  0.39941901 0.48710893 0.31716632 0.5327756  0.45392185 0.35080701  0.47579699 0.40913179 0.61034803 0.48361903
0.84762212 0.14938258 0.1509395  0.53734556 0.4489807  0.62894312  0.41676858 0.49872891 0.3004196  0.51707868 0.42507608 0.31546663  0.48243719 0.41388851 0.67534679 0.46828729
0.84762212 0.14938258 0.1509395  0.53734556 0.4489807  0.62894312  0.41676858 0.49872891 0.3004196  0.51707868 0.42507608 0.31546663  0.48243719 0.41388851 0.67534679 0.46828729
0.84762212 0.14938258 0.1509395  0.53734556 0.4489807  0.62894312  0.41676858 0.49872891 0.3004196  0.51707868 0.42507608 0.31546663  0.48243719 0.41388851 0.67534679 0.46828729
0.85971803 0.1413696  0.18328565 0.56731137 0.42557495 0.62435907  0.4102881  0.48361089 0.25049832 0.52156866 0.44927891 0.33279642  0.54574915 0.43511107 0.67938656 0.38936809
0.84762212 0.14938258 0.1509395  0.53734556 0.4489807  0.62894312  0.41676858 0.49872891 0.3004196  0.51707868 0.42507608 0.31546663  0.48243719 0.41388851 0.67534679 0.46828729
0.84762212 0.14938258 0.1509395  0.53734556 0.4489807  0.62894312  0.41676858 0.49872891 0.3004196  0.51707868 0.42507608 0.31546663  0.48243719 0.41388851 0.67534679 0.46828729
0.83924704 0.1747421  0.1438382  0.50019747 0.46020927 0.65362649  0.40325207 0.4947917  0.29520505 0.46266511 0.32661311 0.28407491  0.46968425 0.39727127 0.71413613 0.38602307
0.83924704 0.1747421  0.1438382  0.50019747 0.46020927 0.65362649  0.40325207 0.4947917  0.29520505 0.46266511 0.32661311 0.28407491  0.46968425 0.39727127 0.71413613 0.38602307
0.8269223  0.18938799 0.11618463 0.47409322 0.49004568 0.67442298  0.40907079 0.48900309 0.34252716 0.41300062 0.28141124 0.25503806  0.48588602 0.3575212  0.70851059 0.4223829 
0.8269223  0.18938799 0.11618463 0.47409322 0.49004568 0.67442298  0.40907079 0.48900309 0.34252716 0.41300062 0.28141124 0.25503806  0.48588602 0.3575212  0.70851059 0.4223829 
0.8269223  0.18938799 0.11618463 0.47409322 0.49004568 0.67442298  0.40907079 0.48900309 0.34252716 0.41300062 0.28141124 0.25503806  0.48588602 0.3575212  0.70851059 0.4223829 
0.81145427 0.22013817 0.09011951 0.40819653 0.48905456 0.67078211  0.3709571  0.46369673 0.36931387 0.36941263 0.27013284 0.2402402  0.48310058 0.30982634 0.65224962 0.50190921
0.81145427 0.22013817 0.09011951 0.40819653 0.48905456 0.67078211  0.3709571  0.46369673 0.36931387 0.36941263 0.27013284 0.2402402  0.48310058 0.30982634 0.65224962 0.50190921
0.81145427 0.22013817 0.09011951 0.40819653 0.48905456 0.67078211  0.3709571  0.46369673 0.36931387 0.36941263 0.27013284 0.2402402  0.48310058 0.30982634 0.65224962 0.50190921
0.81145427 0.22013817 0.09011951 0.40819653 0.48905456 0.67078211  0.3709571  0.46369673 0.36931387 0.36941263 0.27013284 0.2402402  0.48310058 0.30982634 0.65224962 0.50190921
0.79600235 0.23350319 0.06697943 0.40037547 0.51312806 0.65385598  0.41572653 0.45340828 0.41987252 0.35067229 0.31243578 0.23519009  0.48902407 0.31758766 0.70827301 0.57018847
0.72835783 0.37366873 0.0416908  0.3058662  0.4934924  0.56278525  0.48824937 0.2917162  0.55803931 0.28662722 0.39437369 0.32609092  0.6290247  0.35224101 0.68934947 0.43971692
0.7150525  0.42700375 0.0540391  0.21628062 0.43858662 0.4934386  0.47775489 0.28014591 0.62371729 0.30780478 0.40908699 0.41542363  0.60951428 0.36971467 0.58542089 0.42791792
0.63000552 0.5781528  0.04982879 0.26916744 0.42654432 0.48754939  0.59499642 0.16375572 0.61628292 0.37766414 0.43294263 0.48906137  0.59230516 0.46651861 0.62568346 0.4164442 
0.46381504 0.71187514 0.07166651 0.48343498 0.46215692 0.33287437  0.63801808 0.24059176 0.38250962 0.44116014 0.41742276 0.49091567  0.32197487 0.46641304 0.65848687 0.32013325
0.2510565  0.64562289 0.167749   0.56951975 0.46849179 0.17787274  0.52370565 0.49238038 0.2525412  0.41677422 0.21995691 0.5038458  0.51487315 0.38448415 0.4623162  0.50349397
0.08837313 0.49349274 0.28301688 0.52244009 0.39707778 0.33667853  0.39970993 0.54279457 0.41499696 0.3711332  0.29385644 0.45910554  0.67842059 0.39321697 0.36828835 0.52620442
0.00039479 0.36283831 0.35232302 0.39930133 0.34523319 0.50234819  0.48417291 0.45702496 0.47508945 0.39693445 0.45000532 0.44589633  0.47476172 0.42761975 0.50206904 0.41641874
0.00039479 0.36283831 0.35232302 0.39930133 0.34523319 0.50234819  0.48417291 0.45702496 0.47508945 0.39693445 0.45000532 0.44589633  0.47476172 0.42761975 0.50206904 0.41641874
0.00039479 0.36283831 0.35232302 0.39930133 0.34523319 0.50234819  0.48417291 0.45702496 0.47508945 0.39693445 0.45000532 0.44589633  0.47476172 0.42761975 0.50206904 0.41641874
0.00039479 0.36283831 0.35232302 0.39930133 0.34523319 0.50234819  0.48417291 0.45702496 0.47508945 0.39693445 0.45000532 0.44589633  0.47476172 0.42761975 0.50206904 0.41641874
0.00039479 0.36283831 0.35232302 0.39930133 0.34523319 0.50234819  0.48417291 0.45702496 0.47508945 0.39693445 0.45000532 0.44589633  0.47476172 0.42761975 0.50206904 0.41641874
0.00039479 0.36283831 0.35232302 0.39930133 0.34523319 0.50234819  0.48417291 0.45702496 0.47508945 0.39693445 0.45000532 0.44589633  0.47476172 0.42761975 0.50206904 0.41641874
0.00039479 0.36283831 0.35232302 0.39930133 0.34523319 0.50234819  0.48417291 0.45702496 0.47508945 0.39693445 0.45000532 0.44589633  0.47476172 0.42761975 0.50206904 0.41641874
0.00039479 0.36283831 0.35232302 0.39930133 0.34523319 0.50234819  0.48417291 0.45702496 0.47508945 0.39693445 0.45000532 0.44589633  0.47476172 0.42761975 0.50206904 0.41641874
0.00039479 0.36283831 0.35232302 0.39930133 0.34523319 0.50234819  0.48417291 0.45702496 0.47508945 0.39693445 0.45000532 0.44589633  0.47476172 0.42761975 0.50206904 0.41641874
0.07190108 0.46705072 0.29878065 0.49229204 0.38199292 0.40092393  0.40692743 0.51680767 0.49012875 0.3811255  0.409194   0.44821792  0.56715019 0.47749107 0.55116538 0.42726655
0.23637441 0.68864854 0.18649727 0.65263545 0.43068212 0.28514298  0.29809752 0.57465204 0.56165407 0.36093473 0.48635064 0.42973568  0.52469728 0.52978201 0.63381732 0.34112424
0.29185453 0.74077459 0.16103792 0.65189407 0.41778988 0.3255871  0.32666498 0.55711226 0.56284413 0.3366047  0.56026706 0.40180838  0.54378608 0.46447032 0.45084772 0.32798655
0.34695667 0.73877826 0.1450632  0.55495437 0.41416813 0.35370403  0.47635112 0.58087138 0.49176354 0.27742083 0.66913403 0.35149196  0.55401835 0.4731075  0.39045236 0.27017693
0.47110048 0.69951988 0.12848096 0.36516653 0.37858455 0.4560026  0.55157059 0.72130522 0.61018655 0.22930565 0.79349911 0.32817326  0.70027299 0.50769467 0.58303888 0.35224239
0.50682842 0.70351066 0.10372189 0.32147478 0.39932681 0.4159242  0.68286802 0.66791923 0.48526753 0.25168545 0.75406895 0.34762608  0.60261445 0.47791823 0.57610161 0.3432012 
0.58352921 0.58404008 0.11091779 0.23532509 0.38501577 0.39033617  0.56668022 0.77533929 0.55883092 0.23061504 0.76356182 0.34846927  0.49932251 0.36590159 0.49726442 0.36749066
0.58352921 0.58404008 0.11091779 0.23532509 0.38501577 0.39033617  0.56668022 0.77533929 0.55883092 0.23061504 0.76356182 0.34846927  0.49932251 0.36590159 0.49726442 0.36749066
0.58352921 0.58404008 0.11091779 0.23532509 0.38501577 0.39033617  0.56668022 0.77533929 0.55883092 0.23061504 0.76356182 0.34846927  0.49932251 0.36590159 0.49726442 0.36749066
0.63264609 0.59460162 0.16711414 0.25449385 0.26109498 0.54855614  0.51704809 0.86753677 0.45397139 0.41282326 0.59063896 0.44760437  0.45754303 0.29605268 0.56590829 0.50151027
0.6681585  0.60090828 0.15448121 0.22519469 0.25336087 0.58888667  0.57355615 0.7886858  0.39602716 0.48595731 0.48096665 0.50161017  0.42523607 0.26980979 0.60194828 0.59355247
0.65978342 0.62626779 0.14737991 0.18804659 0.26458943 0.61357004  0.56003964 0.78474859 0.39081261 0.43154374 0.38250368 0.47021844  0.41248313 0.25319255 0.64073763 0.51128825
0.68992563 0.58353063 0.16355596 0.17716802 0.24849775 0.61361791  0.50757311 0.72539555 0.37026617 0.46029804 0.27267893 0.50458772  0.42381091 0.31970859 0.64499339 0.44997137
0.74266562 0.45013775 0.13030394 0.1597677  0.31025624 0.54763737  0.40136317 0.50274858 0.48141013 0.42492341 0.2257444  0.51137986  0.46095785 0.27316716 0.57085273 0.37269373
0.77614688 0.35913635 0.11187279 0.18002646 0.3685647  0.52914322  0.3629062  0.45119061 0.54956644 0.36328806 0.22469556 0.46706453  0.46203359 0.29042088 0.54215583 0.32089196
0.80034279 0.26112705 0.09200321 0.35241267 0.46654138 0.65799927  0.39619653 0.48897184 0.45069217 0.3285612  0.19220099 0.33470703  0.47663048 0.2967039  0.67480229 0.34113633
0.84179165 0.16314233 0.1417604  0.53245273 0.47909077 0.67969594  0.43575515 0.52110905 0.32110927 0.44024425 0.28644835 0.30873995  0.44541549 0.42654857 0.69972291 0.33258816
0.85016673 0.13778282 0.1488617  0.56960083 0.46786221 0.65501256  0.44927167 0.52504626 0.32632382 0.49465782 0.38491132 0.34013168  0.45816843 0.44316581 0.66093356 0.41485238
0.85438839 0.11785175 0.14784618 0.63003826 0.49366775 0.69504408  0.51195141 0.57702699 0.37847117 0.45991632 0.33077833 0.41288107  0.41808275 0.48756183 0.60286989 0.33186593
0.8664843  0.10983877 0.18019232 0.66000407 0.470262   0.69046004  0.50547093 0.56190897 0.3285499  0.4644063  0.35498116 0.43021086  0.4813947  0.50878439 0.60690967 0.25294674
0.8664843  0.10983877 0.18019232 0.66000407 0.470262   0.69046004  0.50547093 0.56190897 0.3285499  0.4644063  0.35498116 0.43021086  0.4813947  0.50878439 0.60690967 0.25294674
0.8664843  0.10983877 0.18019232 0.66000407 0.470262   0.69046004  0.50547093 0.56190897 0.3285499  0.4644063  0.35498116 0.43021086  0.4813947  0.50878439 0.60690967 0.25294674
0.8664843  0.10983877 0.18019232 0.66000407 0.470262   0.69046004  0.50547093 0.56190897 0.3285499  0.4644063  0.35498116 0.43021086  0.4813947  0.50878439 0.60690967 0.25294674
0.8664843  0.10983877 0.18019232 0.66000407 0.470262   0.69046004  0.50547093 0.56190897 0.3285499  0.4644063  0.35498116 0.43021086  0.4813947  0.50878439 0.60690967 0.25294674
0.8664843  0.10983877 0.18019232 0.66000407 0.470262   0.69046004  0.50547093 0.56190897 0.3285499  0.4644063  0.35498116 0.43021086  0.4813947  0.50878439 0.60690967 0.25294674
0.86740887 0.10540892 0.18081544 0.67661445 0.47538644 0.69842243  0.52777463 0.57558914 0.35488447 0.45041317 0.33897549 0.46319422  0.46796389 0.51644648 0.57648151 0.23425496
0.86818281 0.10176656 0.18031581 0.68854919 0.48220136 0.70773716  0.54325074 0.58827458 0.37268177 0.43875072 0.31810796 0.48374098  0.44734024 0.53805642 0.55144132 0.2057331 
0.86939529 0.09600438 0.18035751 0.7075683  0.49022993 0.71981246  0.56597828 0.60588763 0.39660153 0.42401961 0.29590937 0.51200927  0.42362718 0.5636074  0.51787383 0.17889605
0.86939529 0.09600438 0.18035751 0.7075683  0.49022993 0.71981246  0.56597828 0.60588763 0.39660153 0.42401961 0.29590937 0.51200927  0.42362718 0.5636074  0.51787383 0.17889605
0.86939529 0.09600438 0.18035751 0.7075683  0.49022993 0.71981246  0.56597828 0.60588763 0.39660153 0.42401961 0.29590937 0.51200927  0.42362718 0.5636074  0.51787383 0.17889605
0.86939529 0.09600438 0.18035751 0.7075683  0.49022993 0.71981246  0.56597828 0.60588763 0.39660153 0.42401961 0.29590937 0.51200927  0.42362718 0.5636074  0.51787383 0.17889605
0.84497464 0.11866325 0.12035779 0.65149825 0.54347209 0.74519299  0.57827748 0.61521703 0.49384492 0.36986515 0.22650467 0.46564264  0.37651699 0.50263477 0.50820852 0.29417508
0.84497464 0.11866325 0.12035779 0.65149825 0.54347209 0.74519299  0.57827748 0.61521703 0.49384492 0.36986515 0.22650467 0.46564264  0.37651699 0.50263477 0.50820852 0.29417508
0.82412891 0.16250544 0.08407096 0.56947505 0.57000131 0.78669057  0.52925501 0.59336923 0.49719534 0.27582988 0.10570599 0.38056436  0.35721884 0.46945356 0.51744639 0.29913029
0.82412891 0.16250544 0.08407096 0.56947505 0.57000131 0.78669057  0.52925501 0.59336923 0.49719534 0.27582988 0.10570599 0.38056436  0.35721884 0.46945356 0.51744639 0.29913029
0.80746451 0.18163264 0.06088919 0.54263488 0.58604624 0.75768914  0.5512969  0.56546775 0.52383422 0.27182064 0.17020752 0.34724595  0.38685538 0.45166391 0.60703726 0.39424661
0.80746451 0.18163264 0.06088919 0.54263488 0.58604624 0.75768914  0.5512969  0.56546775 0.52383422 0.27182064 0.17020752 0.34724595  0.38685538 0.45166391 0.60703726 0.39424661
0.80746451 0.18163264 0.06088919 0.54263488 0.58604624 0.75768914  0.5512969  0.56546775 0.52383422 0.27182064 0.17020752 0.34724595  0.38685538 0.45166391 0.60703726 0.39424661
0.74693292 0.29585728 0.03040002 0.46957258 0.58205097 0.67965537  0.57009842 0.36361648 0.54380928 0.25577592 0.32162986 0.27681041  0.58377014 0.45922298 0.70930649 0.42706445
0.70694228 0.36163906 0.01268111 0.45989941 0.59371797 0.63115814  0.63157751 0.27455924 0.60097118 0.23152164 0.40678654 0.31362228  0.63575898 0.51025599 0.70401786 0.35765917
0.60926675 0.50316625 0.0277999  0.41747321 0.54911431 0.45491325  0.66168842 0.22951799 0.54683506 0.28745763 0.42742253 0.39664215  0.52721559 0.49697471 0.74598086 0.28003053
0.53347663 0.60309893 0.04739536 0.42027617 0.50402393 0.37143422  0.66564354 0.19431737 0.4750835  0.33998948 0.43152376 0.43283317  0.52252507 0.52593157 0.65275597 0.28505519
0.42676826 0.67718308 0.08189272 0.47269536 0.48881716 0.23945197  0.673192   0.29610911 0.31581197 0.36258551 0.43366678 0.45008508  0.43114553 0.46892633 0.51625962 0.26537769
0.23375493 0.5990702  0.18598002 0.49592665 0.45096844 0.23131473  0.6400098  0.43679397 0.17066463 0.40487327 0.2686019  0.48429742  0.42065594 0.30346079 0.30500125 0.45459554
0.16090298 0.54997924 0.23264034 0.52063825 0.42610691 0.27216757  0.51801014 0.47061254 0.2573762  0.40952032 0.2186372  0.49395088  0.50963585 0.32196481 0.34129445 0.51471081
0.12482632 0.50028553 0.25810943 0.48337034 0.41162815 0.30764571  0.53896038 0.45715856 0.25890929 0.41415864 0.22198959 0.49408901  0.50458724 0.31726395 0.33742414 0.51807062
0.05336775 0.43914143 0.31083182 0.46832666 0.37416152 0.39938838  0.45143619 0.50292086 0.40448693 0.37548598 0.33684065 0.45259001  0.60541605 0.3574237  0.32371238 0.49045415
0.05336775 0.43914143 0.31083182 0.46832666 0.37416152 0.39938838  0.45143619 0.50292086 0.40448693 0.37548598 0.33684065 0.45259001  0.60541605 0.3574237  0.32371238 0.49045415
0.03530472 0.41371177 0.32449245 0.44717499 0.36543573 0.42942868  0.4584486  0.49182641 0.42935187 0.38251683 0.3665383  0.45119726  0.57400726 0.38653202 0.39012683 0.47468522
0.03530472 0.41371177 0.32449245 0.44717499 0.36543573 0.42942868  0.4584486  0.49182641 0.42935187 0.38251683 0.3665383  0.45119726  0.57400726 0.38653202 0.39012683 0.47468522
0.00039479 0.36283831 0.35232302 0.39930133 0.34523319 0.50234819  0.48417291 0.45702496 0.47508945 0.39693445 0.45000532 0.44589633  0.47476172 0.42761975 0.50206904 0.41641874
0.01779563 0.38669558 0.33863985 0.42004769 0.35385851 0.46460162  0.48109267 0.47190843 0.43452283 0.38595027 0.3992976  0.44733029  0.52908455 0.38078184 0.39373238 0.44873962
0.00039479 0.36283831 0.35232302 0.39930133 0.34523319 0.50234819  0.48417291 0.45702496 0.47508945 0.39693445 0.45000532 0.44589633  0.47476172 0.42761975 0.50206904 0.41641874
0.00039479 0.36283831 0.35232302 0.39930133 0.34523319 0.50234819  0.48417291 0.45702496 0.47508945 0.39693445 0.45000532 0.44589633  0.47476172 0.42761975 0.50206904 0.41641874
0.00039479 0.36283831 0.35232302 0.39930133 0.34523319 0.50234819  0.48417291 0.45702496 0.47508945 0.39693445 0.45000532 0.44589633  0.47476172 0.42761975 0.50206904 0.41641874
0.00039479 0.36283831 0.35232302 0.39930133 0.34523319 0.50234819  0.48417291 0.45702496 0.47508945 0.39693445 0.45000532 0.44589633  0.47476172 0.42761975 0.50206904 0.41641874
0.00039479 0.36283831 0.35232302 0.39930133 0.34523319 0.50234819  0.48417291 0.45702496 0.47508945 0.39693445 0.45000532 0.44589633  0.47476172 0.42761975 0.50206904 0.41641874
0.00039479 0.36283831 0.35232302 0.39930133 0.34523319 0.50234819  0.48417291 0.45702496 0.47508945 0.39693445 0.45000532 0.44589633  0.47476172 0.42761975 0.50206904 0.41641874
0.00039479 0.36283831 0.35232302 0.39930133 0.34523319 0.50234819  0.48417291 0.45702496 0.47508945 0.39693445 0.45000532 0.44589633  0.47476172 0.42761975 0.50206904 0.41641874
0.00039479 0.36283831 0.35232302 0.39930133 0.34523319 0.50234819  0.48417291 0.45702496 0.47508945 0.39693445 0.45000532 0.44589633  0.47476172 0.42761975 0.50206904 0.41641874
0.00039479 0.36283831 0.35232302 0.39930133 0.34523319 0.50234819  0.48417291 0.45702496 0.47508945 0.39693445 0.45000532 0.44589633  0.47476172 0.42761975 0.50206904 0.41641874
0.00039479 0.36283831 0.35232302 0.39930133 0.34523319 0.50234819  0.48417291 0.45702496 0.47508945 0.39693445 0.45000532 0.44589633  0.47476172 0.42761975 0.50206904 0.41641874
0.00039479 0.36283831 0.35232302 0.39930133 0.34523319 0.50234819  0.48417291 0.45702496 0.47508945 0.39693445 0.45000532 0.44589633  0.47476172 0.42761975 0.50206904 0.41641874
0.00039479 0.36283831 0.35232302 0.39930133 0.34523319 0.50234819  0.48417291 0.45702496 0.47508945 0.39693445 0.45000532 0.44589633  0.47476172 0.42761975 0.50206904 0.41641874
0.00039479 0.36283831 0.35232302 0.39930133 0.34523319 0.50234819  0.48417291 0.45702496 0.47508945 0.39693445 0.45000532 0.44589633  0.47476172 0.42761975 0.50206904 0.41641874
0.00039479 0.36283831 0.35232302 0.39930133 0.34523319 0.50234819  0.48417291 0.45702496 0.47508945 0.39693445 0.45000532 0.44589633  0.47476172 0.42761975 0.50206904 0.41641874
0.00039479 0.36283831 0.35232302 0.39930133 0.34523319 0.50234819  0.48417291 0.45702496 0.47508945 0.39693445 0.45000532 0.44589633  0.47476172 0.42761975 0.50206904 0.41641874
