0.00039479 0.36283831 0.35232302 0.39930133 0.34523319 0.50234819  0.48417291 0.45702496 0.47508945 0.39693445 0.45000532 0.44589633  0.47476172 0.42761975 0.50206904 0.41641874
0.00039479 0.36283831 0.35232302 0.39930133 0.34523319 0.50234819  0.48417291 0.45702496 0.47508945 0.39693445 0.45000532 0.44589633  0.47476172 0.42761975 0.50206904 0.41641874
0.00039479 0.36283831 0.35232302 0.39930133 0.34523319 0.50234819  0.48417291 0.45702496 0.47508945 0.39693445 0.45000532 0.44589633  0.47476172 0.42761975 0.50206904 0.41641874
0.00039479 0.36283831 0.35232302 0.39930133 0.34523319 0.50234819  0.48417291 0.45702496 0.47508945 0.39693445 0.45000532 0.44589633  0.47476172 0.42761975 0.50206904 0.41641874
0.00039479 0.36283831 0.35232302 0.39930133 0.34523319 0.50234819  0.48417291 0.45702496 0.47508945 0.39693445 0.45000532 0.44589633  0.47476172 0.42761975 0.50206904 0.41641874
0.00039479 0.36283831 0.35232302 0.39930133 0.34523319 0.50234819  0.48417291 0.45702496 0.47508945 0.39693445 0.45000532 0.44589633  0.47476172 0.42761975 0.50206904 0.41641874
0.00039479 0.36283831 0.35232302 0.39930133 0.34523319 0.50234819  0.48417291 0.45702496 0.47508945 0.39693445 0.45000532 0.44589633  0.47476172 0.42761975 0.50206904 0.41641874
0.00039479 0.36283831 0.35232302 0.39930133 0.34523319 0.50234819  0.48417291 0.45702496 0.47508945 0.39693445 0.45000532 0.44589633  0.47476172 0.42761975 0.50206904 0.41641874
0.00039479 0.36283831 0.35232302 0.39930133 0.34523319 0.50234819  0.48417291 0.45702496 0.47508945 0.39693445 0.45000532 0.44589633  0.47476172 0.42761975 0.50206904 0.41641874
0.00039479 0.36283831 0.35232302 0.39930133 0.34523319 0.50234819  0.48417291 0.45702496 0.47508945 0.39693445 0.45000532 0.44589633  0.47476172 0.42761975 0.50206904 0.41641874
0.00039479 0.36283831 0.35232302 0.39930133 0.34523319 0.50234819  0.48417291 0.45702496 0.47508945 0.39693445 0.45000532 0.44589633  0.47476172 0.42761975 0.50206904 0.41641874
0.00039479 0.36283831 0.35232302 0.39930133 0.34523319 0.50234819  0.48417291 0.45702496 0.47508945 0.39693445 0.45000532 0.44589633  0.47476172 0.42761975 0.50206904 0.41641874
0.00039479 0.36283831 0.35232302 0.39930133 0.34523319 0.50234819  0.48417291 0.45702496 0.47508945 0.39693445 0.45000532 0.44589633  0.47476172 0.42761975 0.50206904 0.41641874
0.00039479 0.36283831 0.35232302 0.39930133 0.34523319 0.50234819  0.48417291 0.45702496 0.47508945 0.39693445 0.45000532 0.44589633  0.47476172 0.42761975 0.50206904 0.41641874
0.00039479 0.36283831 0.35232302 0.39930133 0.34523319 0.50234819  0.48417291 0.45702496 0.47508945 0.39693445 0.45000532 0.44589633  0.47476172 0.42761975 0.50206904 0.41641874
0.00039479 0.36283831 0.35232302 0.39930133 0.34523319 0.50234819  0.48417291 0.45702496 0.47508945 0.39693445 0.45000532 0.44589633  0.47476172 0.42761975 0.50206904 0.41641874
0.00039479 0.36283831 0.35232302 0.39930133 0.34523319 0.50234819  0.48417291 0.45702496 0.47508945 0.39693445 0.45000532 0.44589633  0.47476172 0.42761975 0.50206904 0.41641874
0.00039479 0.36283831 0.35232302 0.39930133 0.34523319 0.50234819  0.48417291 0.45702496 0.47508945 0.39693445 0.45000532 0.44589633  0.47476172 0.42761975 0.50206904 0.41641874
0.00039479 0.36283831 0.35232302 0.39930133 0.34523319 0.50234819  0.48417291 0.45702496 0.47508945 0.39693445 0.45000532 0.44589633  0.47476172 0.42761975 0.50206904 0.41641874
0.00039479 0.36283831 0.35232302 0.39930133 0.34523319 0.50234819  0.48417291 0.45702496 0.47508945 0.39693445 0.45000532 0.44589633  0.47476172 0.42761975 0.50206904 0.41641874
0.00039479 0.36283831 0.35232302 0.39930133 0.34523319 0.50234819  0.48417291 0.45702496 0.47508945 0.39693445 0.45000532 0.44589633  0.47476172 0.42761975 0.50206904 0.41641874
0.00039479 0.36283831 0.35232302 0.39930133 0.34523319 0.50234819  0.48417291 0.45702496 0.47508945 0.39693445 0.45000532 0.44589633  0.47476172 0.42761975 0.50206904 0.41641874
0.00039479 0.36283831 0.35232302 0.39930133 0.34523319 0.50234819  0.48417291 0.45702496 0.47508945 0.39693445 0.45000532 0.44589633  0.47476172 0.42761975 0.50206904 0.41641874
0.00039479 0.36283831 0.35232302 0.39930133 0.34523319 0.50234819  0.48417291 0.45702496 0.47508945 0.39693445 0.45000532 0.44589633  0.47476172 0.42761975 0.50206904 0.41641874
0.00039479 0.36283831 0.35232302 0.39930133 0.34523319 0.50234819  0.48417291 0.45702496 0.47508945 0.39693445 0.45000532 0.44589633  0.47476172 0.42761975 0.50206904 0.41641874
0.00039479 0.36283831 0.35232302 0.39930133 0.34523319 0.50234819  0.48417291 0.45702496 0.47508945 0.39693445 0.45000532 0.44589633  0.47476172 0.42761975 0.50206904 0.41641874
0.00039479 0.36283831 0.35232302 0.39930133 0.34523319 0.50234819  0.48417291 0.45702496 0.47508945 0.39693445 0.45000532 0.44589633  0.47476172 0.42761975 0.50206904 0.41641874
0.00039479 0.36283831 0.35232302 0.39930133 0.34523319 0.50234819  0.48417291 0.45702496 0.47508945 0.39693445 0.45000532 0.44589633  0.47476172 0.42761975 0.50206904 0.41641874
0.00039479 0.36283831 0.35232302 0.39930133 0.34523319 0.50234819  0.48417291 0.45702496 0.47508945 0.39693445 0.45000532 0.44589633  0.47476172 0.42761975 0.50206904 0.41641874
0.00039479 0.36283831 0.35232302 0.39930133 0.34523319 0.50234819  0.48417291 0.45702496 0.47508945 0.39693445 0.45000532 0.44589633  0.47476172 0.42761975 0.50206904 0.41641874
0.00039479 0.36283831 0.35232302 0.39930133 0.34523319 0.50234819  0.48417291 0.45702496 0.47508945 0.39693445 0.45000532 0.44589633  0.47476172 0.42761975 0.50206904 0.41641874
0.00039479 0.36283831 0.35232302 0.39930133 0.34523319 0.50234819  0.48417291 0.45702496 0.47508945 0.39693445 0.45000532 0.44589633  0.47476172 0.42761975 0.50206904 0.41641874
0.00039479 0.36283831 0.35232302 0.39930133 0.34523319 0.50234819  0.48417291 0.45702496 0.47508945 0.39693445 0.45000532 0.44589633  0.47476172 0.42761975 0.50206904 0.41641874
0.00039479 0.36283831 0.35232302 0.39930133 0.34523319 0.50234819  0.48417291 0.45702496 0.47508945 0.39693445 0.45000532 0.44589633  0.47476172 0.42761975 0.50206904 0.41641874
0.00039479 0.36283831 0.35232302 0.39930133 0.34523319 0.50234819  0.48417291 0.45702496 0.47508945 0.39693445 0.45000532 0.44589633  0.47476172 0.42761975 0.50206904 0.41641874
0.00039479 0.36283831 0.35232302 0.39930133 0.34523319 0.50234819  0.48417291 0.45702496 0.47508945 0.39693445 0.45000532 0.44589633  0.47476172 0.42761975 0.50206904 0.41641874
0.00039479 0.36283831 0.35232302 0.39930133 0.34523319 0.50234819  0.48417291 0.45702496 0.47508945 0.39693445 0.45000532 0.44589633  0.47476172 0.42761975 0.50206904 0.41641874
0.01790387 0.3898545  0.33817562 0.42642862 0.35681041 0.46717525  0.46152885 0.47694295 0.46991849 0.39350101 0.41724602 0.4497633  0.51968443 0.43336993 0.49846349 0.44236435
0.12631482 0.51886172 0.2836183  0.51498684 0.3522076  0.51284547  0.34212661 0.45223343 0.57547689 0.48099564 0.34405671 0.50387994  0.51037526 0.49893199 0.72093257 0.54595749
0.37508925 0.77927977 0.57946811 0.49480629 0.59478443 0.65129757  0.19432282 0.44680164 0.64525968 0.65516858 0.399379   0.40099112  0.5806105  0.67092572 0.45511963 0.41428134
0.61708869 0.9147097  0.82925533 0.501523   0.68446956 0.700873  0.30874171 0.41485146 0.52809049 0.67807638 0.56326661 0.45194679  0.71822855 0.41466217 0.27121824 0.19573267
0.64254609 0.9047633  0.86948507 0.47151416 0.68146119 0.69493101  0.32447172 0.45567398 0.5179383  0.56939422 0.58984147 0.47543422  0.77918275 0.37415778 0.35737489 0.28404502
0.67553502 0.88920576 0.87027674 0.46000965 0.66953078 0.66706647  0.34220283 0.46548322 0.41797278 0.60203109 0.54122724 0.49037821  0.57052739 0.2690047  0.35585606 0.24368338
0.69337443 0.87789658 0.86908576 0.41646693 0.66747175 0.67557584  0.37598156 0.51006445 0.41683577 0.57265551 0.56958062 0.47278006  0.65060353 0.29938642 0.36571756 0.2557615 
0.7083559  0.8510112  0.87102011 0.39449775 0.64593157 0.65992464  0.35899479 0.58095523 0.41731769 0.5922886  0.54076085 0.45389196  0.60358237 0.29680635 0.37793404 0.23733948
0.70770307 0.85949701 0.8172481  0.43330261 0.52527939 0.61191016  0.48887242 0.45162642 0.3584811  0.5524337  0.39052244 0.35096696  0.58624175 0.34822269 0.36997186 0.21778156
0.67566109 0.82057762 0.65706609 0.52900442 0.24886851 0.59835745  0.55292645 0.39044644 0.34475212 0.39827773 0.40005256 0.37269364  0.70795864 0.40939208 0.39878441 0.2480458 
0.62058256 0.74373262 0.2939679  0.46383878 0.1583957  0.67311797  0.55753676 0.4417652  0.25559648 0.44262807 0.44274012 0.53584754  0.7777605  0.43488941 0.27836838 0.31671494
0.56348734 0.7642965  0.13100261 0.3567271  0.27896904 0.7081317  0.58193414 0.50494316 0.39042092 0.43522554 0.39294224 0.45509741  0.59114729 0.35340423 0.34033081 0.49675441
0.52866054 0.78701157 0.1416573  0.43300613 0.26842196 0.72965426  0.49233851 0.46055864 0.43927977 0.44457092 0.39767345 0.45626294  0.53163862 0.32545741 0.29994587 0.46830384
0.51131163 0.79734906 0.12785274 0.4501169  0.29464217 0.68972975  0.52720833 0.43427147 0.4596245  0.44272807 0.47975006 0.44902669  0.48569896 0.34156123 0.3437126  0.46863491
0.51131163 0.79734906 0.12785274 0.4501169  0.29464217 0.68972975  0.52720833 0.43427147 0.4596245  0.44272807 0.47975006 0.44902669  0.48569896 0.34156123 0.3437126  0.46863491
0.51131163 0.79734906 0.12785274 0.4501169  0.29464217 0.68972975  0.52720833 0.43427147 0.4596245  0.44272807 0.47975006 0.44902669  0.48569896 0.34156123 0.3437126  0.46863491
0.52866054 0.78701157 0.1416573  0.43300613 0.26842196 0.72965426  0.49233851 0.46055864 0.43927977 0.44457092 0.39767345 0.45626294  0.53163862 0.32545741 0.29994587 0.46830384
0.54610226 0.78017366 0.12854403 0.39801663 0.28444269 0.70285614  0.57040413 0.43882694 0.38752676 0.45755093 0.38536145 0.46784031  0.5244363  0.33767515 0.33162227 0.47876325
0.56348734 0.7642965  0.13100261 0.3567271  0.27896904 0.7081317  0.58193414 0.50494316 0.39042092 0.43522554 0.39294224 0.45509741  0.59114729 0.35340423 0.34033081 0.49675441
0.56348734 0.7642965  0.13100261 0.3567271  0.27896904 0.7081317  0.58193414 0.50494316 0.39042092 0.43522554 0.39294224 0.45509741  0.59114729 0.35340423 0.34033081 0.49675441
0.56348734 0.7642965  0.13100261 0.3567271  0.27896904 0.7081317  0.58193414 0.50494316 0.39042092 0.43522554 0.39294224 0.45509741  0.59114729 0.35340423 0.34033081 0.49675441
0.57893926 0.75093148 0.15414268 0.36454816 0.25489554 0.72505783  0.53716471 0.5152316  0.33986227 0.45396588 0.3506393  0.46014752  0.5852238  0.34564291 0.28430743 0.42847515
0.60502248 0.73533031 0.23103617 0.408919   0.20392312 0.66865671  0.54965624 0.51692758 0.30060405 0.58242137 0.41949514 0.47821654  0.59932546 0.45856719 0.24120306 0.37478833
0.62074125 0.71001265 0.23788841 0.3825785  0.19802699 0.65461892  0.52723585 0.58955915 0.29742819 0.59937733 0.40596311 0.48786756  0.54425172 0.43637887 0.26192521 0.38686453
0.64140355 0.67771869 0.27237372 0.39286157 0.19871456 0.61131501  0.54579482 0.65293955 0.33347635 0.69108162 0.35894437 0.46633023  0.41704551 0.2544396  0.40046776 0.33279222
0.62168548 0.6845817  0.20108594 0.36150965 0.20251105 0.6756393  0.47342489 0.63511531 0.26256479 0.5438234  0.36081305 0.50590393  0.39574915 0.30004575 0.34774994 0.38333048
0.62168548 0.6845817  0.20108594 0.36150965 0.20251105 0.6756393  0.47342489 0.63511531 0.26256479 0.5438234  0.36081305 0.50590393  0.39574915 0.30004575 0.34774994 0.38333048
0.60936074 0.6992276  0.17343237 0.33540541 0.23234746 0.69643578  0.47924361 0.6293267  0.3098869  0.49415892 0.31561119 0.47686708  0.41195092 0.26029568 0.3421244  0.41969031
0.56136672 0.75028802 0.13904582 0.37392933 0.27513194 0.68558454  0.52573501 0.53299349 0.38838207 0.48155707 0.35105681 0.48234658  0.45599742 0.30083418 0.35119145 0.49675249
0.50876164 0.76591515 0.13610025 0.43983726 0.30560235 0.61316514  0.50792621 0.50016921 0.38947439 0.44534464 0.35536115 0.4708523  0.50749497 0.32236724 0.33408397 0.46060585
0.32621772 0.71214218 0.13859808 0.55997587 0.4421897  0.27428849  0.5437567  0.46534423 0.3215587  0.39681851 0.38615795 0.46464776  0.47681416 0.37165841 0.38499261 0.4325981 
0.1786438  0.59155853 0.21680573 0.57641049 0.43931352 0.22861277  0.43166888 0.53300827 0.31869406 0.38794022 0.20906244 0.48720139  0.66247779 0.35843207 0.34137724 0.54721984
0.0887729  0.4923475  0.28333791 0.51872747 0.39461751 0.34014207  0.40824699 0.53904336 0.40546511 0.36657295 0.29902666 0.45622765  0.67491303 0.37511854 0.33079824 0.51284059
0.01779563 0.38669558 0.33863985 0.42004769 0.35385851 0.46460162  0.48109267 0.47190843 0.43452283 0.38595027 0.3992976  0.44733029  0.52908455 0.38078184 0.39373238 0.44873962
0.00039479 0.36283831 0.35232302 0.39930133 0.34523319 0.50234819  0.48417291 0.45702496 0.47508945 0.39693445 0.45000532 0.44589633  0.47476172 0.42761975 0.50206904 0.41641874
0.00039479 0.36283831 0.35232302 0.39930133 0.34523319 0.50234819  0.48417291 0.45702496 0.47508945 0.39693445 0.45000532 0.44589633  0.47476172 0.42761975 0.50206904 0.41641874
0.00039479 0.36283831 0.35232302 0.39930133 0.34523319 0.50234819  0.48417291 0.45702496 0.47508945 0.39693445 0.45000532 0.44589633  0.47476172 0.42761975 0.50206904 0.41641874
0.00039479 0.36283831 0.35232302 0.39930133 0.34523319 0.50234819  0.48417291 0.45702496 0.47508945 0.39693445 0.45000532 0.44589633  0.47476172 0.42761975 0.50206904 0.41641874
0.00039479 0.36283831 0.35232302 0.39930133 0.34523319 0.50234819  0.48417291 0.45702496 0.47508945 0.39693445 0.45000532 0.44589633  0.47476172 0.42761975 0.50206904 0.41641874
0.00039479 0.36283831 0.35232302 0.39930133 0.34523319 0.50234819  0.48417291 0.45702496 0.47508945 0.39693445 0.45000532 0.44589633  0.47476172 0.42761975 0.50206904 0.41641874
0.00039479 0.36283831 0.35232302 0.39930133 0.34523319 0.50234819  0.48417291 0.45702496 0.47508945 0.39693445 0.45000532 0.44589633  0.47476172 0.42761975 0.50206904 0.41641874
0.00039479 0.36283831 0.35232302 0.39930133 0.34523319 0.50234819  0.48417291 0.45702496 0.47508945 0.39693445 0.45000532 0.44589633  0.47476172 0.42761975 0.50206904 0.41641874
0.00039479 0.36283831 0.35232302 0.39930133 0.34523319 0.50234819  0.48417291 0.45702496 0.47508945 0.39693445 0.45000532 0.44589633  0.47476172 0.42761975 0.50206904 0.41641874
0.00039479 0.36283831 0.35232302 0.39930133 0.34523319 0.50234819  0.48417291 0.45702496 0.47508945 0.39693445 0.45000532 0.44589633  0.47476172 0.42761975 0.50206904 0.41641874
0.00039479 0.36283831 0.35232302 0.39930133 0.34523319 0.50234819  0.48417291 0.45702496 0.47508945 0.39693445 0.45000532 0.44589633  0.47476172 0.42761975 0.50206904 0.41641874
0.00039479 0.36283831 0.35232302 0.39930133 0.34523319 0.50234819  0.48417291 0.45702496 0.47508945 0.39693445 0.45000532 0.44589633  0.47476172 0.42761975 0.50206904 0.41641874
0.00039479 0.36283831 0.35232302 0.39930133 0.34523319 0.50234819  0.48417291 0.45702496 0.47508945 0.39693445 0.45000532 0.44589633  0.47476172 0.42761975 0.50206904 0.41641874
0.01804755 0.39018449 0.33830903 0.42636341 0.35641219 0.47112218  0.45911565 0.47626972 0.47899245 0.39487759 0.42806648 0.44912887  0.50987727 0.441117   0.51788115 0.43356859
0.17942973 0.62032927 0.21894842 0.62384907 0.42876678 0.25692863  0.31361816 0.59421834 0.47465091 0.36125043 0.32139782 0.45373928  0.68833577 0.45784531 0.4789263  0.48600364
0.36610368 0.79359113 0.15060289 0.63922827 0.35098746 0.54604688  0.28099153 0.45721214 0.68450359 0.45312166 0.55212056 0.45454268  0.45472048 0.44356838 0.56928905 0.44537256
0.36610368 0.79359113 0.15060289 0.63922827 0.35098746 0.54604688  0.28099153 0.45721214 0.68450359 0.45312166 0.55212056 0.45454268  0.45472048 0.44356838 0.56928905 0.44537256
0.36610368 0.79359113 0.15060289 0.63922827 0.35098746 0.54604688  0.28099153 0.45721214 0.68450359 0.45312166 0.55212056 0.45454268  0.45472048 0.44356838 0.56928905 0.44537256
0.38500068 0.80008635 0.1500423  0.61767303 0.33122515 0.60162614  0.29400884 0.44804128 0.70074437 0.44820811 0.57761426 0.44710914  0.49223646 0.42720784 0.52387333 0.45930185
0.40328691 0.81091504 0.13839651 0.60897078 0.33594668 0.58834586  0.34724066 0.41638698 0.62757836 0.4576079  0.5504961  0.45498459  0.40178024 0.38521367 0.48525966 0.43980125
0.42197165 0.81966524 0.12883817 0.58940231 0.33714667 0.59212695  0.40594522 0.39674552 0.58230231 0.4492814  0.58590683 0.4428437  0.32859787 0.35979088 0.44326054 0.39509047
0.42197165 0.81966524 0.12883817 0.58940231 0.33714667 0.59212695  0.40594522 0.39674552 0.58230231 0.4492814  0.58590683 0.4428437  0.32859787 0.35979088 0.44326054 0.39509047
0.42197165 0.81966524 0.12883817 0.58940231 0.33714667 0.59212695  0.40594522 0.39674552 0.58230231 0.4492814  0.58590683 0.4428437  0.32859787 0.35979088 0.44326054 0.39509047
0.38500068 0.80008635 0.1500423  0.61767303 0.33122515 0.60162614  0.29400884 0.44804128 0.70074437 0.44820811 0.57761426 0.44710914  0.49223646 0.42720784 0.52387333 0.45930185
0.38500068 0.80008635 0.1500423  0.61767303 0.33122515 0.60162614  0.29400884 0.44804128 0.70074437 0.44820811 0.57761426 0.44710914  0.49223646 0.42720784 0.52387333 0.45930185
0.36610368 0.79359113 0.15060289 0.63922827 0.35098746 0.54604688  0.28099153 0.45721214 0.68450359 0.45312166 0.55212056 0.45454268  0.45472048 0.44356838 0.56928905 0.44537256
0.20010678 0.6131154  0.23872242 0.57645971 0.3587322  0.51180073  0.29097858 0.44970203 0.6357386  0.50732029 0.3890595  0.51224325  0.40899657 0.52023872 0.84057365 0.51307175
0.10812161 0.51445128 0.27871974 0.52728154 0.37889157 0.4277018  0.34981691 0.51387369 0.5768601  0.42883713 0.43017974 0.46985663  0.47811226 0.52868431 0.75851842 0.45890127
0.03669291 0.47328884 0.52102309 0.30373727 0.80164993 0.58321237  0.3250282  0.47136937 0.36765865 0.38350925 0.60002176 0.69766809  0.53671389 0.39210647 0.54039975 0.48921302
0.0193403  0.4462837  0.53482404 0.27668593 0.78991268 0.61469621  0.3516972  0.45074042 0.36105162 0.38580517 0.62106714 0.69438511  0.4988249  0.36981046 0.51163589 0.4706126 
0.01921494 0.44700413 0.53667926 0.2738704  0.80396903 0.62036107  0.34568455 0.45169155 0.35367747 0.38595718 0.63816932 0.72144309  0.49819042 0.35883439 0.51481944 0.48888989
0.01859689 0.4430769  0.52802536 0.283299   0.76684485 0.61096833  0.3569853  0.44926238 0.36176815 0.3783839  0.61577209 0.69081652  0.48471872 0.36712182 0.51372694 0.48613709
0.03158225 0.46088164 0.59399578 0.29440918 0.7738091  0.60851051  0.34520156 0.41205851 0.33761998 0.29540308 0.63501579 0.71767627  0.48450096 0.38786746 0.51253076 0.53230907
0.03619212 0.48100787 0.63480687 0.27297496 0.83742755 0.62174393  0.32776565 0.41389729 0.33497334 0.31018909 0.63755565 0.71302946  0.47164736 0.39550239 0.50208646 0.52230472
0.03569606 0.47666349 0.62484711 0.28458721 0.78953663 0.60817229  0.34357218 0.41094497 0.34896143 0.30266497 0.60182079 0.66073973  0.45889319 0.41226677 0.49820644 0.50452892
0.032207   0.46891969 0.60726167 0.27760809 0.81722667 0.61722658  0.3355355  0.42358105 0.34379078 0.36537061 0.6473064  0.72014062  0.50810168 0.41179141 0.47476248 0.5057942 
0.03235444 0.46869571 0.60611074 0.27963053 0.80710973 0.61347781  0.33959476 0.4233261  0.34945795 0.36529596 0.63486373 0.70051761  0.50831437 0.41941314 0.47279716 0.49370232
0.03260178 0.46755812 0.60294967 0.2846297  0.78228664 0.60363404  0.35011319 0.42185182 0.36272951 0.3651931  0.60442392 0.65179647  0.50966638 0.43886615 0.4668261  0.46040203
0.02848798 0.45177628 0.57209834 0.29445167 0.7665591  0.60397225  0.35174256 0.42296536 0.35138806 0.35793122 0.63761892 0.70873301  0.53527415 0.41446684 0.48115043 0.48818218
0.00645102 0.39679598 0.42218474 0.34321834 0.54978351 0.55812094  0.4241828  0.46139463 0.42729726 0.42746671 0.52623868 0.55182966  0.50492891 0.40303122 0.49383755 0.40335962
0.00039479 0.36283831 0.35232302 0.39930133 0.34523319 0.50234819  0.48417291 0.45702496 0.47508945 0.39693445 0.45000532 0.44589633  0.47476172 0.42761975 0.50206904 0.41641874
0.00039479 0.36283831 0.35232302 0.39930133 0.34523319 0.50234819  0.48417291 0.45702496 0.47508945 0.39693445 0.45000532 0.44589633  0.47476172 0.42761975 0.50206904 0.41641874
0.00039479 0.36283831 0.35232302 0.39930133 0.34523319 0.50234819  0.48417291 0.45702496 0.47508945 0.39693445 0.45000532 0.44589633  0.47476172 0.42761975 0.50206904 0.41641874
0.00039479 0.36283831 0.35232302 0.39930133 0.34523319 0.50234819  0.48417291 0.45702496 0.47508945 0.39693445 0.45000532 0.44589633  0.47476172 0.42761975 0.50206904 0.41641874
0.00039479 0.36283831 0.35232302 0.39930133 0.34523319 0.50234819  0.48417291 0.45702496 0.47508945 0.39693445 0.45000532 0.44589633  0.47476172 0.42761975 0.50206904 0.41641874
0.00039479 0.36283831 0.35232302 0.39930133 0.34523319 0.50234819  0.48417291 0.45702496 0.47508945 0.39693445 0.45000532 0.44589633  0.47476172 0.42761975 0.50206904 0.41641874
0.00039479 0.36283831 0.35232302 0.39930133 0.34523319 0.50234819  0.48417291 0.45702496 0.47508945 0.39693445 0.45000532 0.44589633  0.47476172 0.42761975 0.50206904 0.41641874
0.00039479 0.36283831 0.35232302 0.39930133 0.34523319 0.50234819  0.48417291 0.45702496 0.47508945 0.39693445 0.45000532 0.44589633  0.47476172 0.42761975 0.50206904 0.41641874
0.00039479 0.36283831 0.35232302 0.39930133 0.34523319 0.50234819  0.48417291 0.45702496 0.47508945 0.39693445 0.45000532 0.44589633  0.47476172 0.42761975 0.50206904 0.41641874
0.00039479 0.36283831 0.35232302 0.39930133 0.34523319 0.50234819  0.48417291 0.45702496 0.47508945 0.39693445 0.45000532 0.44589633  0.47476172 0.42761975 0.50206904 0.41641874
0.01354666 0.43327153 0.5003966  0.27470189 0.78783927 0.61396047  0.36285165 0.47426517 0.36803295 0.45422317 0.62196153 0.69409938  0.53009914 0.35490942 0.51624082 0.41344987
0.0190675  0.44722812 0.5378302  0.27184795 0.81408597 0.62410984  0.34162529 0.4519465  0.3480103  0.38603183 0.650612   0.7410661  0.49797772 0.35121267 0.51678476 0.50098177
0.01882059 0.4444163  0.53198693 0.27806662 0.78582945 0.61460085  0.35118785 0.44953597 0.35589564 0.37980945 0.63102147 0.71416042  0.48555539 0.36027756 0.51533544 0.49813024
0.02280572 0.45650448 0.55953213 0.27343349 0.80603033 0.61911821  0.343418   0.43985221 0.3470782  0.32462793 0.62127071 0.70704925  0.44910107 0.34398854 0.54265942 0.51464075
0.02280572 0.45650448 0.55953213 0.27343349 0.80603033 0.61911821  0.343418   0.43985221 0.3470782  0.32462793 0.62127071 0.70704925  0.44910107 0.34398854 0.54265942 0.51464075
0.0319534  0.46199705 0.59680642 0.29119924 0.78267675 0.60839426  0.34346337 0.41207716 0.33741464 0.29675398 0.63782249 0.72139715  0.48555032 0.38864492 0.51217395 0.53221033
0.0319534  0.46199705 0.59680642 0.29119924 0.78267675 0.60839426  0.34346337 0.41207716 0.33741464 0.29675398 0.63782249 0.72139715  0.48555032 0.38864492 0.51217395 0.53221033
0.03207539 0.4615799  0.59550057 0.29338288 0.77191001 0.60421535  0.34796916 0.41155401 0.34331206 0.29680314 0.62448486 0.699734  0.48626785 0.39712187 0.50938644 0.51718734
0.02307515 0.45586333 0.55707534 0.27763958 0.78514664 0.61119053  0.35198305 0.43907411 0.35864278 0.32460244 0.5954904  0.66576308  0.45003129 0.36008722 0.53790658 0.48752588
0.02307515 0.45586333 0.55707534 0.27763958 0.78514664 0.61119053  0.35198305 0.43907411 0.35864278 0.32460244 0.5954904  0.66576308  0.45003129 0.36008722 0.53790658 0.48752588
0.0232005  0.45514291 0.55522012 0.28045511 0.77109029 0.60552567  0.3579957  0.43812298 0.36601693 0.32445042 0.57838822 0.6387051  0.45066577 0.37106328 0.53472304 0.46924858
0.01774797 0.43492063 0.51117177 0.29868955 0.70289018 0.58625715  0.38157673 0.44267569 0.39614068 0.38909893 0.5594968  0.60364747  0.49487039 0.40132681 0.49633893 0.43203584
0.00618843 0.37585048 0.38675046 0.40128536 0.34730659 0.50308393  0.47301845 0.43350021 0.46810812 0.32851645 0.44911093 0.44618206  0.44348748 0.44252078 0.49746411 0.47358146
0.00039479 0.36283831 0.35232302 0.39930133 0.34523319 0.50234819  0.48417291 0.45702496 0.47508945 0.39693445 0.45000532 0.44589633  0.47476172 0.42761975 0.50206904 0.41641874
0.00039479 0.36283831 0.35232302 0.39930133 0.34523319 0.50234819  0.48417291 0.45702496 0.47508945 0.39693445 0.45000532 0.44589633  0.47476172 0.42761975 0.50206904 0.41641874
0.00039479 0.36283831 0.35232302 0.39930133 0.34523319 0.50234819  0.48417291 0.45702496 0.47508945 0.39693445 0.45000532 0.44589633  0.47476172 0.42761975 0.50206904 0.41641874
0.00039479 0.36283831 0.35232302 0.39930133 0.34523319 0.50234819  0.48417291 0.45702496 0.47508945 0.39693445 0.45000532 0.44589633  0.47476172 0.42761975 0.50206904 0.41641874
0.00039479 0.36283831 0.35232302 0.39930133 0.34523319 0.50234819  0.48417291 0.45702496 0.47508945 0.39693445 0.45000532 0.44589633  0.47476172 0.42761975 0.50206904 0.41641874
0.00039479 0.36283831 0.35232302 0.39930133 0.34523319 0.50234819  0.48417291 0.45702496 0.47508945 0.39693445 0.45000532 0.44589633  0.47476172 0.42761975 0.50206904 0.41641874
0.00039479 0.36283831 0.35232302 0.39930133 0.34523319 0.50234819  0.48417291 0.45702496 0.47508945 0.39693445 0.45000532 0.44589633  0.47476172 0.42761975 0.50206904 0.41641874
0.00039479 0.36283831 0.35232302 0.39930133 0.34523319 0.50234819  0.48417291 0.45702496 0.47508945 0.39693445 0.45000532 0.44589633  0.47476172 0.42761975 0.50206904 0.41641874
0.00039479 0.36283831 0.35232302 0.39930133 0.34523319 0.50234819  0.48417291 0.45702496 0.47508945 0.39693445 0.45000532 0.44589633  0.47476172 0.42761975 0.50206904 0.41641874
0.00039479 0.36283831 0.35232302 0.39930133 0.34523319 0.50234819  0.48417291 0.45702496 0.47508945 0.39693445 0.45000532 0.44589633  0.47476172 0.42761975 0.50206904 0.41641874
0.03525649 0.41685964 0.32437467 0.45347996 0.36854765 0.43569141  0.43485985 0.4975719  0.47652552 0.39120509 0.39620065 0.45304628  0.55757342 0.45566594 0.52722734 0.46096477
0.03525649 0.41685964 0.32437467 0.45347996 0.36854765 0.43569141  0.43485985 0.4975719  0.47652552 0.39120509 0.39620065 0.45304628  0.55757342 0.45566594 0.52722734 0.46096477
0.03525649 0.41685964 0.32437467 0.45347996 0.36854765 0.43569141  0.43485985 0.4975719  0.47652552 0.39120509 0.39620065 0.45304628  0.55757342 0.45566594 0.52722734 0.46096477
0.03525649 0.41685964 0.32437467 0.45347996 0.36854765 0.43569141  0.43485985 0.4975719  0.47652552 0.39120509 0.39620065 0.45304628  0.55757342 0.45566594 0.52722734 0.46096477
0.03525649 0.41685964 0.32437467 0.45347996 0.36854765 0.43569141  0.43485985 0.4975719  0.47652552 0.39120509 0.39620065 0.45304628  0.55757342 0.45566594 0.52722734 0.46096477
0.03525649 0.41685964 0.32437467 0.45347996 0.36854765 0.43569141  0.43485985 0.4975719  0.47652552 0.39120509 0.39620065 0.45304628  0.55757342 0.45566594 0.52722734 0.46096477
0.03525649 0.41685964 0.32437467 0.45347996 0.36854765 0.43569141  0.43485985 0.4975719  0.47652552 0.39120509 0.39620065 0.45304628  0.55757342 0.45566594 0.52722734 0.46096477
0.03525649 0.41685964 0.32437467 0.45347996 0.36854765 0.43569141  0.43485985 0.4975719  0.47652552 0.39120509 0.39620065 0.45304628  0.55757342 0.45566594 0.52722734 0.46096477
0.03525649 0.41685964 0.32437467 0.45347996 0.36854765 0.43569141  0.43485985 0.4975719  0.47652552 0.39120509 0.39620065 0.45304628  0.55757342 0.45566594 0.52722734 0.46096477
0.03525649 0.41685964 0.32437467 0.45347996 0.36854765 0.43569141  0.43485985 0.4975719  0.47652552 0.39120509 0.39620065 0.45304628  0.55757342 0.45566594 0.52722734 0.46096477
0.03525649 0.41685964 0.32437467 0.45347996 0.36854765 0.43569141  0.43485985 0.4975719  0.47652552 0.39120509 0.39620065 0.45304628  0.55757342 0.45566594 0.52722734 0.46096477
0.03525649 0.41685964 0.32437467 0.45347996 0.36854765 0.43569141  0.43485985 0.4975719  0.47652552 0.39120509 0.39620065 0.45304628  0.55757342 0.45566594 0.52722734 0.46096477
0.03525649 0.41685964 0.32437467 0.45347996 0.36854765 0.43569141  0.43485985 0.4975719  0.47652552 0.39120509 0.39620065 0.45304628  0.55757342 0.45566594 0.52722734 0.46096477
0.03525649 0.41685964 0.32437467 0.45347996 0.36854765 0.43569141  0.43485985 0.4975719  0.47652552 0.39120509 0.39620065 0.45304628  0.55757342 0.45566594 0.52722734 0.46096477
0.03525649 0.41685964 0.32437467 0.45347996 0.36854765 0.43569141  0.43485985 0.4975719  0.47652552 0.39120509 0.39620065 0.45304628  0.55757342 0.45566594 0.52722734 0.46096477
0.03525649 0.41685964 0.32437467 0.45347996 0.36854765 0.43569141  0.43485985 0.4975719  0.47652552 0.39120509 0.39620065 0.45304628  0.55757342 0.45566594 0.52722734 0.46096477
0.03525649 0.41685964 0.32437467 0.45347996 0.36854765 0.43569141  0.43485985 0.4975719  0.47652552 0.39120509 0.39620065 0.45304628  0.55757342 0.45566594 0.52722734 0.46096477
0.03525649 0.41685964 0.32437467 0.45347996 0.36854765 0.43569141  0.43485985 0.4975719  0.47652552 0.39120509 0.39620065 0.45304628  0.55757342 0.45566594 0.52722734 0.46096477
0.03525649 0.41685964 0.32437467 0.45347996 0.36854765 0.43569141  0.43485985 0.4975719  0.47652552 0.39120509 0.39620065 0.45304628  0.55757342 0.45566594 0.52722734 0.46096477
0.03525649 0.41685964 0.32437467 0.45347996 0.36854765 0.43569141  0.43485985 0.4975719  0.47652552 0.39120509 0.39620065 0.45304628  0.55757342 0.45566594 0.52722734 0.46096477
0.03525649 0.41685964 0.32437467 0.45347996 0.36854765 0.43569141  0.43485985 0.4975719  0.47652552 0.39120509 0.39620065 0.45304628  0.55757342 0.45566594 0.52722734 0.46096477
0.03525649 0.41685964 0.32437467 0.45347996 0.36854765 0.43569141  0.43485985 0.4975719  0.47652552 0.39120509 0.39620065 0.45304628  0.55757342 0.45566594 0.52722734 0.46096477
0.03525649 0.41685964 0.32437467 0.45347996 0.36854765 0.43569141  0.43485985 0.4975719  0.47652552 0.39120509 0.39620065 0.45304628  0.55757342 0.45566594 0.52722734 0.46096477
