0.00039479 0.36283831 0.35232302 0.39930133 0.34523319 0.50234819  0.48417291 0.45702496 0.47508945 0.39693445 0.45000532 0.44589633  0.47476172 0.42761975 0.50206904 0.41641874
0.00039479 0.36283831 0.35232302 0.39930133 0.34523319 0.50234819  0.48417291 0.45702496 0.47508945 0.39693445 0.45000532 0.44589633  0.47476172 0.42761975 0.50206904 0.41641874
0.00039479 0.36283831 0.35232302 0.39930133 0.34523319 0.50234819  0.48417291 0.45702496 0.47508945 0.39693445 0.45000532 0.44589633  0.47476172 0.42761975 0.50206904 0.41641874
0.00039479 0.36283831 0.35232302 0.39930133 0.34523319 0.50234819  0.48417291 0.45702496 0.47508945 0.39693445 0.45000532 0.44589633  0.47476172 0.42761975 0.50206904 0.41641874
0.00039479 0.36283831 0.35232302 0.39930133 0.34523319 0.50234819  0.48417291 0.45702496 0.47508945 0.39693445 0.45000532 0.44589633  0.47476172 0.42761975 0.50206904 0.41641874
0.00039479 0.36283831 0.35232302 0.39930133 0.34523319 0.50234819  0.48417291 0.45702496 0.47508945 0.39693445 0.45000532 0.44589633  0.47476172 0.42761975 0.50206904 0.41641874
0.00039479 0.36283831 0.35232302 0.39930133 0.34523319 0.50234819  0.48417291 0.45702496 0.47508945 0.39693445 0.45000532 0.44589633  0.47476172 0.42761975 0.50206904 0.41641874
0.00039479 0.36283831 0.35232302 0.39930133 0.34523319 0.50234819  0.48417291 0.45702496 0.47508945 0.39693445 0.45000532 0.44589633  0.47476172 0.42761975 0.50206904 0.41641874
0.00039479 0.36283831 0.35232302 0.39930133 0.34523319 0.50234819  0.48417291 0.45702496 0.47508945 0.39693445 0.45000532 0.44589633  0.47476172 0.42761975 0.50206904 0.41641874
0.00039479 0.36283831 0.35232302 0.39930133 0.34523319 0.50234819  0.48417291 0.45702496 0.47508945 0.39693445 0.45000532 0.44589633  0.47476172 0.42761975 0.50206904 0.41641874
0.00039479 0.36283831 0.35232302 0.39930133 0.34523319 0.50234819  0.48417291 0.45702496 0.47508945 0.39693445 0.45000532 0.44589633  0.47476172 0.42761975 0.50206904 0.41641874
0.00039479 0.36283831 0.35232302 0.39930133 0.34523319 0.50234819  0.48417291 0.45702496 0.47508945 0.39693445 0.45000532 0.44589633  0.47476172 0.42761975 0.50206904 0.41641874
0.00039479 0.36283831 0.35232302 0.39930133 0.34523319 0.50234819  0.48417291 0.45702496 0.47508945 0.39693445 0.45000532 0.44589633  0.47476172 0.42761975 0.50206904 0.41641874
0.00039479 0.36283831 0.35232302 0.39930133 0.34523319 0.50234819  0.48417291 0.45702496 0.47508945 0.39693445 0.45000532 0.44589633  0.47476172 0.42761975 0.50206904 0.41641874
0.00039479 0.36283831 0.35232302 0.39930133 0.34523319 0.50234819  0.48417291 0.45702496 0.47508945 0.39693445 0.45000532 0.44589633  0.47476172 0.42761975 0.50206904 0.41641874
0.00039479 0.36283831 0.35232302 0.39930133 0.34523319 0.50234819  0.48417291 0.45702496 0.47508945 0.39693445 0.45000532 0.44589633  0.47476172 0.42761975 0.50206904 0.41641874
0.00039479 0.36283831 0.35232302 0.39930133 0.34523319 0.50234819  0.48417291 0.45702496 0.47508945 0.39693445 0.45000532 0.44589633  0.47476172 0.42761975 0.50206904 0.41641874
0.00039479 0.36283831 0.35232302 0.39930133 0.34523319 0.50234819  0.48417291 0.45702496 0.47508945 0.39693445 0.45000532 0.44589633  0.47476172 0.42761975 0.50206904 0.41641874
0.00039479 0.36283831 0.35232302 0.39930133 0.34523319 0.50234819  0.48417291 0.45702496 0.47508945 0.39693445 0.45000532 0.44589633  0.47476172 0.42761975 0.50206904 0.41641874
0.00039479 0.36283831 0.35232302 0.39930133 0.34523319 0.50234819  0.48417291 0.45702496 0.47508945 0.39693445 0.45000532 0.44589633  0.47476172 0.42761975 0.50206904 0.41641874
0.00039479 0.36283831 0.35232302 0.39930133 0.34523319 0.50234819  0.48417291 0.45702496 0.47508945 0.39693445 0.45000532 0.44589633  0.47476172 0.42761975 0.50206904 0.41641874
0.00039479 0.36283831 0.35232302 0.39930133 0.34523319 0.50234819  0.48417291 0.45702496 0.47508945 0.39693445 0.45000532 0.44589633  0.47476172 0.42761975 0.50206904 0.41641874
0.00039479 0.36283831 0.35232302 0.39930133 0.34523319 0.50234819  0.48417291 0.45702496 0.47508945 0.39693445 0.45000532 0.44589633  0.47476172 0.42761975 0.50206904 0.41641874
0.00039479 0.36283831 0.35232302 0.39930133 0.34523319 0.50234819  0.48417291 0.45702496 0.47508945 0.39693445 0.45000532 0.44589633  0.47476172 0.42761975 0.50206904 0.41641874
0.00039479 0.36283831 0.35232302 0.39930133 0.34523319 0.50234819  0.48417291 0.45702496 0.47508945 0.39693445 0.45000532 0.44589633  0.47476172 0.42761975 0.50206904 0.41641874
0.00039479 0.36283831 0.35232302 0.39930133 0.34523319 0.50234819  0.48417291 0.45702496 0.47508945 0.39693445 0.45000532 0.44589633  0.47476172 0.42761975 0.50206904 0.41641874
0.00039479 0.36283831 0.35232302 0.39930133 0.34523319 0.50234819  0.48417291 0.45702496 0.47508945 0.39693445 0.45000532 0.44589633  0.47476172 0.42761975 0.50206904 0.41641874
0.00039479 0.36283831 0.35232302 0.39930133 0.34523319 0.50234819  0.48417291 0.45702496 0.47508945 0.39693445 0.45000532 0.44589633  0.47476172 0.42761975 0.50206904 0.41641874
0.00039479 0.36283831 0.35232302 0.39930133 0.34523319 0.50234819  0.48417291 0.45702496 0.47508945 0.39693445 0.45000532 0.44589633  0.47476172 0.42761975 0.50206904 0.41641874
0.00039479 0.36283831 0.35232302 0.39930133 0.34523319 0.50234819  0.48417291 0.45702496 0.47508945 0.39693445 0.45000532 0.44589633  0.47476172 0.42761975 0.50206904 0.41641874
0.00039479 0.36283831 0.35232302 0.39930133 0.34523319 0.50234819  0.48417291 0.45702496 0.47508945 0.39693445 0.45000532 0.44589633  0.47476172 0.42761975 0.50206904 0.41641874
0.00039479 0.36283831 0.35232302 0.39930133 0.34523319 0.50234819  0.48417291 0.45702496 0.47508945 0.39693445 0.45000532 0.44589633  0.47476172 0.42761975 0.50206904 0.41641874
0.00039479 0.36283831 0.35232302 0.39930133 0.34523319 0.50234819  0.48417291 0.45702496 0.47508945 0.39693445 0.45000532 0.44589633  0.47476172 0.42761975 0.50206904 0.41641874
0.00039479 0.36283831 0.35232302 0.39930133 0.34523319 0.50234819  0.48417291 0.45702496 0.47508945 0.39693445 0.45000532 0.44589633  0.47476172 0.42761975 0.50206904 0.41641874
0.10901787 0.48622695 0.30353338 0.47755394 0.32387065 0.59885261  0.35817776 0.4097428  0.60993259 0.51872982 0.37440623 0.51759335  0.41376545 0.48531732 0.78702444 0.54831078
0.14625663 0.53239087 0.28114061 0.50164816 0.32663751 0.60690342  0.34037491 0.40690061 0.66283464 0.5170419  0.45968162 0.50277567  0.33887681 0.52075454 0.85651674 0.4830416 
0.2182635  0.58476865 0.26666766 0.51487673 0.30100508 0.65296161  0.27365174 0.45722863 0.67380391 0.51614879 0.40069048 0.5042624  0.43276501 0.50938987 0.77547307 0.51495205
0.358336   0.70823673 0.34581066 0.4114528  0.39970209 0.89863779  0.20197419 0.46789431 0.74581835 0.54803741 0.45179915 0.42854822  0.55005395 0.51957864 0.58600341 0.39632916
0.48600742 0.8522458  0.52827538 0.47348359 0.54803627 0.82487938  0.11954816 0.44256808 0.64085652 0.55994373 0.39877515 0.39909922  0.6611153  0.57711763 0.30316211 0.2663773 
0.54108325 0.86837005 0.75705679 0.54394724 0.58445395 0.75229166  0.16940407 0.40326775 0.62883362 0.57607481 0.48192543 0.46374521  0.70950481 0.48762462 0.44647836 0.2497816 
0.61023637 0.85820684 0.83537438 0.49865949 0.64841627 0.69075006  0.15581792 0.55852768 0.537501   0.60171845 0.50263752 0.54280955  0.78011792 0.42601601 0.42539346 0.30168867
0.70021822 0.84440266 0.83223826 0.38309578 0.64875978 0.6782102  0.34093841 0.60189603 0.40741682 0.63976417 0.54641233 0.46993009  0.59513694 0.33161389 0.32889621 0.19995595
0.74787226 0.76224042 0.81927725 0.30676326 0.55971685 0.59820577  0.34791761 0.75427829 0.47898241 0.59354577 0.48576488 0.37396036  0.51836816 0.31231437 0.50340469 0.19265045
0.77280685 0.75486751 0.84507028 0.2792246  0.5568353  0.57218009  0.41647351 0.73468588 0.45616614 0.49851235 0.50604522 0.3751642  0.56758246 0.31443043 0.63231165 0.22744726
0.80450595 0.72750889 0.77970277 0.2593824  0.44321197 0.47643257  0.61121632 0.66046584 0.37022144 0.53856846 0.32810722 0.27994814  0.50810747 0.35577493 0.64934411 0.23357877
0.80450595 0.72750889 0.77970277 0.2593824  0.44321197 0.47643257  0.61121632 0.66046584 0.37022144 0.53856846 0.32810722 0.27994814  0.50810747 0.35577493 0.64934411 0.23357877
0.82616141 0.58652409 0.65440351 0.29101652 0.30750276 0.37493624  0.6239563  0.62551548 0.45467432 0.60909697 0.40613535 0.37763824  0.59558263 0.48975729 0.65791999 0.29426351
0.82429212 0.5201478  0.53821001 0.31449257 0.16868346 0.37397602  0.60404575 0.56954409 0.44055448 0.57016713 0.3623688  0.47545345  0.58875177 0.55934249 0.71017205 0.31917462
0.830333   0.46085109 0.4831961  0.34362353 0.12937276 0.35287907  0.56157451 0.5507463  0.43194025 0.48482117 0.4761847  0.54551872  0.56744184 0.45692487 0.65801342 0.35329615
0.83191306 0.3543225  0.33287762 0.32250467 0.16135769 0.37255223  0.41221346 0.46443178 0.38909905 0.52298669 0.57058709 0.65211152  0.6412206  0.47400159 0.48706839 0.23025119
0.83519444 0.3158641  0.28397686 0.3080795  0.20420253 0.37798507  0.38678336 0.40783553 0.41470383 0.55321399 0.51109658 0.6448888  0.62800804 0.39552348 0.52851933 0.18427065
0.83519444 0.3158641  0.28397686 0.3080795  0.20420253 0.37798507  0.38678336 0.40783553 0.41470383 0.55321399 0.51109658 0.6448888  0.62800804 0.39552348 0.52851933 0.18427065
0.85022787 0.25817788 0.27959587 0.40149534 0.24813192 0.41918538  0.38645536 0.40363636 0.34143836 0.58403858 0.56196545 0.54451663  0.61728755 0.4474389  0.502248   0.33404487
0.86560046 0.19821588 0.2661566  0.48953708 0.30007037 0.48289214  0.37268688 0.39784007 0.24892601 0.57271345 0.57610493 0.43464355  0.64712391 0.4028442  0.5971097  0.38121511
0.85658094 0.1979027  0.23044204 0.46475213 0.31945891 0.50407366  0.34603793 0.41398257 0.23841434 0.58103488 0.56582696 0.42488599  0.60067078 0.43420366 0.5516211  0.39637713
0.8508947  0.1794169  0.18971596 0.4829669  0.37953673 0.55920978  0.36322929 0.44003338 0.25686024 0.54497038 0.49591296 0.35528084  0.56098862 0.38423336 0.6416018  0.41629396
0.83607603 0.16343542 0.12237709 0.50908085 0.46940579 0.65371972  0.40356633 0.49449849 0.33531914 0.46346385 0.3867347  0.29476344  0.46246116 0.40498663 0.61536715 0.53681494
0.81537622 0.20344082 0.08762222 0.44582851 0.51047077 0.69919957  0.39586853 0.48477267 0.3774267  0.35938579 0.24306986 0.23433486  0.46590999 0.34861932 0.64853095 0.49091055
0.78032022 0.26454202 0.05597771 0.39409721 0.5265742  0.66012587  0.45399129 0.41051912 0.46925962 0.33078326 0.32643995 0.23879528  0.5880815  0.40745481 0.62595608 0.59597807
0.76488255 0.32392144 0.06368847 0.30319132 0.48110372 0.61491606  0.46346153 0.41677338 0.55768402 0.32041059 0.2754936  0.34169865  0.58018544 0.40459674 0.60988307 0.48678141
0.60739253 0.53629959 0.04137187 0.28665971 0.48032763 0.33663735  0.57466389 0.14794281 0.62638471 0.3510439  0.42164921 0.50102326  0.50806992 0.54725859 0.69295397 0.36342373
0.42250171 0.63031332 0.08566738 0.45980358 0.49893944 0.19760691  0.63155722 0.25643676 0.33981976 0.3965228  0.27202852 0.51388244  0.46523993 0.55134602 0.65581006 0.35379004
0.35886108 0.70480849 0.11501245 0.55783744 0.46398637 0.22366931  0.55149961 0.38155116 0.32296627 0.43237185 0.29793937 0.51157984  0.37193624 0.46367959 0.57472251 0.40286327
0.23371137 0.6485589  0.18272037 0.59678103 0.44785093 0.21270131  0.45366577 0.5136275  0.30194342 0.39450007 0.24144913 0.48664211  0.5438514  0.3707357  0.4036552  0.47483607
0.15998701 0.56640355 0.22951142 0.56117181 0.43411566 0.23595453  0.43356543 0.53864601 0.32012812 0.3840791  0.1946431  0.48748584  0.70667503 0.37172686 0.34310998 0.55667853
0.10628198 0.51936369 0.26919051 0.54585476 0.40619473 0.30496913  0.38560293 0.55896134 0.40029415 0.36313951 0.26626736 0.46009462  0.71983574 0.38086872 0.3271927  0.5387862 
0.08821896 0.49393403 0.28285114 0.52470308 0.39746893 0.33500943  0.39261534 0.5478669  0.42515909 0.37017036 0.29596501 0.45870186  0.68842695 0.40997704 0.39360715 0.52301728
0.08821896 0.49393403 0.28285114 0.52470308 0.39746893 0.33500943  0.39261534 0.5478669  0.42515909 0.37017036 0.29596501 0.45870186  0.68842695 0.40997704 0.39360715 0.52301728
0.08821896 0.49393403 0.28285114 0.52470308 0.39746893 0.33500943  0.39261534 0.5478669  0.42515909 0.37017036 0.29596501 0.45870186  0.68842695 0.40997704 0.39360715 0.52301728
0.12440017 0.54590072 0.25553648 0.56951008 0.41500592 0.27984344  0.36660049 0.573536   0.4031488  0.35895289 0.25716352 0.46023151  0.74080632 0.38769006 0.32975746 0.53921284
0.2351961  0.68666507 0.18921238 0.65788176 0.42226254 0.29887746  0.27509029 0.57567507 0.56521837 0.39279722 0.41226652 0.45530781  0.54881652 0.49697514 0.63602132 0.43620579
0.36566139 0.78965324 0.13380925 0.62782289 0.39262873 0.42061666  0.40090268 0.45148879 0.50881855 0.41165098 0.53827779 0.43634979  0.31575456 0.39772298 0.48248075 0.32849391
0.44040188 0.82034229 0.13390782 0.56752468 0.31175412 0.65393346  0.39916614 0.40180063 0.59057552 0.45478735 0.55829857 0.44628621  0.39278733 0.34402745 0.40483746 0.43352958
0.54675794 0.88632789 0.49876106 0.53904624 0.35462636 0.73183683  0.27032444 0.35716358 0.47905867 0.32725794 0.31245032 0.36385531  0.43421099 0.42812136 0.20589956 0.35629872
0.69445219 0.89164272 0.8196592  0.41997355 0.6009364  0.63805495  0.50641612 0.4163969  0.36742139 0.5319128  0.45797435 0.42016745  0.7056494  0.37181394 0.35180741 0.28620644
0.72696165 0.84511119 0.82279871 0.35069208 0.60162111 0.6075399  0.50370206 0.53000315 0.38786922 0.52711022 0.46277843 0.4252534  0.70860492 0.38070785 0.4413507  0.31231933
0.79275541 0.77405601 0.81622621 0.23662624 0.61166316 0.53377384  0.59148365 0.61370598 0.31910491 0.53377085 0.45235885 0.43945283  0.61196509 0.34557616 0.63142076 0.30917167
0.80818998 0.74677611 0.82292323 0.21630355 0.60257753 0.51669517  0.56258723 0.67447063 0.31606007 0.54121101 0.4352238  0.44686585  0.51978292 0.28382    0.68389062 0.3111997 
0.80818998 0.74677611 0.82292323 0.21630355 0.60257753 0.51669517  0.56258723 0.67447063 0.31606007 0.54121101 0.4352238  0.44686585  0.51978292 0.28382    0.68389062 0.3111997 
0.84801494 0.63117089 0.75376305 0.20058597 0.45030545 0.40089724  0.57137028 0.52970947 0.47731421 0.49915392 0.23745342 0.36798925  0.53473396 0.53534849 0.75048277 0.28333941
0.8556755  0.60161963 0.75093366 0.24949405 0.39571585 0.36626672  0.59741019 0.52915345 0.49673021 0.54817419 0.30524829 0.35165106  0.5382258  0.57192514 0.70126871 0.34853801
0.8556755  0.60161963 0.75093366 0.24949405 0.39571585 0.36626672  0.59741019 0.52915345 0.49673021 0.54817419 0.30524829 0.35165106  0.5382258  0.57192514 0.70126871 0.34853801
0.84567496 0.55739723 0.65983256 0.31186846 0.20289064 0.33345161  0.63061034 0.52943929 0.49958557 0.48590411 0.32153781 0.3935796  0.52074217 0.54189027 0.74350255 0.44703093
0.8465923  0.48511446 0.56961894 0.33189412 0.16402588 0.30971707  0.60157892 0.50201957 0.51134484 0.47401019 0.39627682 0.47404755  0.54536752 0.44937735 0.71585932 0.41577361
0.83192011 0.44752493 0.47584008 0.34366823 0.1315597  0.32523332  0.58284829 0.52625903 0.48309247 0.56503429 0.46881038 0.56976622  0.65018423 0.45997769 0.69049063 0.38367829
0.84559297 0.36530485 0.39999756 0.3472576  0.15396672 0.33372443  0.46721697 0.44188418 0.46445786 0.49333662 0.53964938 0.62223944  0.64456554 0.38425358 0.55635774 0.27108769
0.852759   0.28061401 0.32197929 0.39270934 0.23153453 0.35741677  0.47678925 0.41679756 0.52676637 0.63803701 0.51283027 0.5894636  0.63288082 0.29183713 0.5235653  0.34476045
0.852759   0.28061401 0.32197929 0.39270934 0.23153453 0.35741677  0.47678925 0.41679756 0.52676637 0.63803701 0.51283027 0.5894636  0.63288082 0.29183713 0.5235653  0.34476045
0.852759   0.28061401 0.32197929 0.39270934 0.23153453 0.35741677  0.47678925 0.41679756 0.52676637 0.63803701 0.51283027 0.5894636  0.63288082 0.29183713 0.5235653  0.34476045
0.8424016  0.28769972 0.28119419 0.35518614 0.22784137 0.40363645  0.38907051 0.40984094 0.3809315  0.56818527 0.52515157 0.59342766  0.62226171 0.42235044 0.52510481 0.25197896
0.85022787 0.25817788 0.27959587 0.40149534 0.24813192 0.41918538  0.38645536 0.40363636 0.34143836 0.58403858 0.56196545 0.54451663  0.61728755 0.4474389  0.502248   0.33404487
0.82239151 0.2557397  0.17946554 0.35323111 0.35833844 0.49043216  0.38560649 0.47214443 0.42049566 0.55479849 0.47464117 0.50579829  0.43595693 0.42203351 0.48248858 0.48287423
0.82239151 0.2557397  0.17946554 0.35323111 0.35833844 0.49043216  0.38560649 0.47214443 0.42049566 0.55479849 0.47464117 0.50579829  0.43595693 0.42203351 0.48248858 0.48287423
0.82239151 0.2557397  0.17946554 0.35323111 0.35833844 0.49043216  0.38560649 0.47214443 0.42049566 0.55479849 0.47464117 0.50579829  0.43595693 0.42203351 0.48248858 0.48287423
0.83015271 0.22563529 0.17213871 0.39667616 0.38509695 0.52447804  0.3786931  0.46639783 0.37691457 0.54895399 0.47464819 0.44991755  0.45292306 0.39966919 0.53842045 0.50291373
0.83015271 0.22563529 0.17213871 0.39667616 0.38509695 0.52447804  0.3786931  0.46639783 0.37691457 0.54895399 0.47464819 0.44991755  0.45292306 0.39966919 0.53842045 0.50291373
0.8370268  0.19420997 0.16110839 0.44564418 0.39463284 0.55252552  0.37727163 0.46460736 0.33164108 0.54615048 0.47349293 0.36738609  0.47384587 0.39704707 0.5688446  0.49954624
0.84272075 0.17073254 0.15487253 0.49063307 0.42435869 0.59221129  0.3946212  0.47622733 0.31489435 0.53045356 0.44464715 0.33204571  0.48048607 0.40180378 0.63384336 0.4842145 
0.84762212 0.14938258 0.1509395  0.53734556 0.4489807  0.62894312  0.41676858 0.49872891 0.3004196  0.51707868 0.42507608 0.31546663  0.48243719 0.41388851 0.67534679 0.46828729
0.85971803 0.1413696  0.18328565 0.56731137 0.42557495 0.62435907  0.4102881  0.48361089 0.25049832 0.52156866 0.44927891 0.33279642  0.54574915 0.43511107 0.67938656 0.38936809
0.85971803 0.1413696  0.18328565 0.56731137 0.42557495 0.62435907  0.4102881  0.48361089 0.25049832 0.52156866 0.44927891 0.33279642  0.54574915 0.43511107 0.67938656 0.38936809
0.85971803 0.1413696  0.18328565 0.56731137 0.42557495 0.62435907  0.4102881  0.48361089 0.25049832 0.52156866 0.44927891 0.33279642  0.54574915 0.43511107 0.67938656 0.38936809
0.85971803 0.1413696  0.18328565 0.56731137 0.42557495 0.62435907  0.4102881  0.48361089 0.25049832 0.52156866 0.44927891 0.33279642  0.54574915 0.43511107 0.67938656 0.38936809
0.85016673 0.13778282 0.1488617  0.56960083 0.46786221 0.65501256  0.44927167 0.52504626 0.32632382 0.49465782 0.38491132 0.34013168  0.45816843 0.44316581 0.66093356 0.41485238
0.85016673 0.13778282 0.1488617  0.56960083 0.46786221 0.65501256  0.44927167 0.52504626 0.32632382 0.49465782 0.38491132 0.34013168  0.45816843 0.44316581 0.66093356 0.41485238
0.85016673 0.13778282 0.1488617  0.56960083 0.46786221 0.65501256  0.44927167 0.52504626 0.32632382 0.49465782 0.38491132 0.34013168  0.45816843 0.44316581 0.66093356 0.41485238
0.86226263 0.12976984 0.18120785 0.59956664 0.44445646 0.65042852  0.44279118 0.50992825 0.27640254 0.4991478  0.40911414 0.35746147  0.52148039 0.46438837 0.66497334 0.33593318
0.86226263 0.12976984 0.18120785 0.59956664 0.44445646 0.65042852  0.44279118 0.50992825 0.27640254 0.4991478  0.40911414 0.35746147  0.52148039 0.46438837 0.66497334 0.33593318
0.85016673 0.13778282 0.1488617  0.56960083 0.46786221 0.65501256  0.44927167 0.52504626 0.32632382 0.49465782 0.38491132 0.34013168  0.45816843 0.44316581 0.66093356 0.41485238
0.86226263 0.12976984 0.18120785 0.59956664 0.44445646 0.65042852  0.44279118 0.50992825 0.27640254 0.4991478  0.40911414 0.35746147  0.52148039 0.46438837 0.66497334 0.33593318
0.85971803 0.1413696  0.18328565 0.56731137 0.42557495 0.62435907  0.4102881  0.48361089 0.25049832 0.52156866 0.44927891 0.33279642  0.54574915 0.43511107 0.67938656 0.38936809
0.8590023  0.14439095 0.18542972 0.56411969 0.41862872 0.61349277  0.41692679 0.48429807 0.26522697 0.53744627 0.46614431 0.34973141  0.52875955 0.46861553 0.65036484 0.43303872
0.85410093 0.1657409  0.18936274 0.51740719 0.39400671 0.57676094  0.39477941 0.4617965  0.27970172 0.55082115 0.48571538 0.36631048  0.52680843 0.4565308  0.60886141 0.44896593
0.89073314 0.22316801 0.38301963 0.51724892 0.35283211 0.48608633  0.41488248 0.38269372 0.29155941 0.56708266 0.49149368 0.31139216  0.62928719 0.54971954 0.49826896 0.35306981
0.93904907 0.33746801 0.70480038 0.45573019 0.61966679 0.43071323  0.44588818 0.28370657 0.42882688 0.4562902  0.46550989 0.25831553  0.60607518 0.3058851  0.6095639  0.4933709 
0.93143878 0.36820116 0.70956781 0.40523587 0.68325662 0.46934751  0.41751078 0.28240909 0.40861649 0.41126999 0.39956549 0.27540369  0.61153947 0.2708551  0.65290925 0.42046154
0.92600933 0.41038459 0.7421141  0.33527788 0.74943694 0.46438493  0.39603129 0.29208305 0.42203999 0.41267694 0.4447433  0.41929473  0.60018004 0.25915155 0.63546427 0.43109865
0.91874419 0.44483339 0.75940068 0.28022058 0.77056934 0.44391069  0.38713815 0.30078198 0.45163298 0.42604556 0.48047114 0.5274652  0.59596809 0.2647515  0.58341241 0.42883495
0.92662321 0.4151295  0.75654223 0.32898092 0.71144985 0.40565567  0.41646119 0.30176687 0.47083562 0.47293501 0.54319925 0.5065672  0.59596685 0.29813311 0.54074304 0.49332337
0.93550517 0.32701328 0.68201715 0.47181731 0.5893501  0.4471943  0.42102507 0.27823869 0.37139523 0.36511859 0.52948389 0.3792318  0.57157112 0.25185742 0.67551051 0.56626388
0.93454852 0.28916045 0.6367998  0.53261749 0.54267752 0.46199907  0.46242676 0.29778845 0.38316245 0.33843651 0.50309735 0.38178312  0.56177107 0.28466384 0.68156016 0.57369051
0.9232222  0.2503409  0.54942124 0.5661293  0.42066193 0.43139973  0.50833753 0.32079478 0.41260981 0.39591685 0.48072408 0.34779454  0.60190211 0.27878245 0.69432691 0.52621933
0.90855655 0.20464096 0.44301005 0.60881184 0.2969089  0.42320404  0.51952345 0.34021326 0.41879626 0.45097646 0.5143637  0.39110413  0.66374008 0.27220707 0.68678464 0.53205588
0.90945516 0.16835321 0.40477763 0.65764514 0.31024935 0.46914842  0.52588469 0.35634163 0.3775845  0.44658711 0.52092745 0.40437066  0.70140439 0.29078555 0.73727538 0.52434439
0.91435654 0.14700326 0.40084461 0.70435763 0.33487136 0.50588025  0.54803207 0.37884321 0.36310975 0.43321223 0.50135637 0.38779159  0.70335552 0.30287028 0.77877881 0.50841718
0.91435654 0.14700326 0.40084461 0.70435763 0.33487136 0.50588025  0.54803207 0.37884321 0.36310975 0.43321223 0.50135637 0.38779159  0.70335552 0.30287028 0.77877881 0.50841718
0.89892765 0.13807054 0.33289186 0.67638518 0.35749201 0.54335964  0.50652226 0.40282444 0.30792414 0.43203552 0.50853673 0.39621355  0.67902805 0.31483571 0.78194305 0.46929674
0.88745274 0.14105418 0.28634372 0.63452246 0.36265568 0.57489624  0.44672888 0.42600307 0.21642878 0.44993517 0.50433146 0.38450996  0.64082041 0.42185341 0.76883566 0.37878046
0.88745274 0.14105418 0.28634372 0.63452246 0.36265568 0.57489624  0.44672888 0.42600307 0.21642878 0.44993517 0.50433146 0.38450996  0.64082041 0.42185341 0.76883566 0.37878046
0.88011773 0.13669114 0.25349043 0.61887044 0.37583444 0.5877272  0.43709526 0.45303756 0.22581736 0.53361481 0.50062511 0.37681876  0.63852463 0.45847863 0.69989321 0.3389575 
0.88266234 0.12509138 0.25141263 0.65112571 0.39471595 0.61379665  0.46959834 0.47935491 0.25172158 0.51119395 0.46046034 0.4014838  0.61425587 0.48775592 0.68547999 0.28552259
0.88387481 0.1193292  0.25145432 0.67014481 0.40274451 0.62587195  0.49232588 0.49696796 0.27564135 0.49646284 0.43826175 0.4297521  0.59054282 0.5133069  0.6519125  0.25868554
0.88266234 0.12509138 0.25141263 0.65112571 0.39471595 0.61379665  0.46959834 0.47935491 0.25172158 0.51119395 0.46046034 0.4014838  0.61425587 0.48775592 0.68547999 0.28552259
0.85971803 0.1413696  0.18328565 0.56731137 0.42557495 0.62435907  0.4102881  0.48361089 0.25049832 0.52156866 0.44927891 0.33279642  0.54574915 0.43511107 0.67938656 0.38936809
0.85134295 0.16672912 0.17618434 0.53016327 0.43680352 0.64904245  0.39677159 0.47967368 0.24528377 0.46715509 0.35081594 0.30140469  0.53299621 0.41849383 0.71817591 0.30710387
0.8269223  0.18938799 0.11618463 0.47409322 0.49004568 0.67442298  0.40907079 0.48900309 0.34252716 0.41300062 0.28141124 0.25503806  0.48588602 0.3575212  0.70851059 0.4223829 
0.79716951 0.2781258  0.10390354 0.30953043 0.43094298 0.5931211  0.36322667 0.4507008  0.45757945 0.39393823 0.27735424 0.34024666  0.44444845 0.35400825 0.50309895 0.49503877
0.77766008 0.3544494  0.11532598 0.18214421 0.3624777  0.51510882  0.34784378 0.44157604 0.53254084 0.39395625 0.26759632 0.45094377  0.44964707 0.31249113 0.47374255 0.40393201
0.72790978 0.47165044 0.10548237 0.15371954 0.34857331 0.54469958  0.44740818 0.35185978 0.5712324  0.37536997 0.22947522 0.51247417  0.68582181 0.47249883 0.48161695 0.38211228
0.71483379 0.50699485 0.11276285 0.15639782 0.33005084 0.57018064  0.48257723 0.39852379 0.5329151  0.39739815 0.20674927 0.5263366  0.69120785 0.5096127  0.55573103 0.41738399
0.67079203 0.580378   0.09245495 0.17574588 0.34168368 0.58099948  0.58245506 0.39235759 0.55537948 0.3670008  0.28462831 0.50965982  0.73805772 0.5694311  0.62052914 0.50493899
0.67079203 0.580378   0.09245495 0.17574588 0.34168368 0.58099948  0.58245506 0.39235759 0.55537948 0.3670008  0.28462831 0.50965982  0.73805772 0.5694311  0.62052914 0.50493899
0.67079203 0.580378   0.09245495 0.17574588 0.34168368 0.58099948  0.58245506 0.39235759 0.55537948 0.3670008  0.28462831 0.50965982  0.73805772 0.5694311  0.62052914 0.50493899
0.7173973  0.51441543 0.12914426 0.13690375 0.30262841 0.56680915  0.48636881 0.53604226 0.49860013 0.41013725 0.21165829 0.53177398  0.58487832 0.47772529 0.63769777 0.45076397
0.73026836 0.47971495 0.11945986 0.13607513 0.3209652  0.55310198  0.45368081 0.45928845 0.52987026 0.40483831 0.18961421 0.53374962  0.59902568 0.44785654 0.6082009  0.41941203
0.75575023 0.40900002 0.10567119 0.13783982 0.3554908  0.5040417  0.38105734 0.39810711 0.59311268 0.3557479  0.27503741 0.49533637  0.57359254 0.34882307 0.44006225 0.35708474
0.78904026 0.34945776 0.14981619 0.20891833 0.33212573 0.49965848  0.34800199 0.42714521 0.49734821 0.41432384 0.30866455 0.48520854  0.49596943 0.36721815 0.44876061 0.36868344
0.83063599 0.26872574 0.21774976 0.37387759 0.30941393 0.48742106  0.37804144 0.42396733 0.41419678 0.49635443 0.47863207 0.50516865  0.50680511 0.53212327 0.35853585 0.50322467
0.90190802 0.31812939 0.54065645 0.44805037 0.33160122 0.36631442  0.49381217 0.3459341  0.48017904 0.51157153 0.42646641 0.34287789  0.56875097 0.49355289 0.51282467 0.38168097
0.92520566 0.36166874 0.68357884 0.42720454 0.4814955  0.33147442  0.55632098 0.34254864 0.64900256 0.61686466 0.36831838 0.23752172  0.55477945 0.42059307 0.42637246 0.47314025
0.92520566 0.36166874 0.68357884 0.42720454 0.4814955  0.33147442  0.55632098 0.34254864 0.64900256 0.61686466 0.36831838 0.23752172  0.55477945 0.42059307 0.42637246 0.47314025
0.92843724 0.34930281 0.68742459 0.46273145 0.48611448 0.33219375  0.59611808 0.35162235 0.69732144 0.62801424 0.38013443 0.27195181  0.58074656 0.36901295 0.40845507 0.51802011
0.92233246 0.32114973 0.63210599 0.49148073 0.39705448 0.30752123  0.62466398 0.35647795 0.71887832 0.64486812 0.39115988 0.28838966  0.61389208 0.36241778 0.40749245 0.56123393
0.90819587 0.30242961 0.55325226 0.48765319 0.29733359 0.31405092  0.57759635 0.35672769 0.61581552 0.56536749 0.42105148 0.34983957  0.56032827 0.36166425 0.51131    0.52516891
0.89600184 0.2820771  0.48481421 0.47695138 0.2890721  0.33238189  0.55306895 0.38757752 0.58084084 0.6353758  0.46366657 0.40554871  0.57588566 0.40861221 0.45483386 0.51350353
0.87866128 0.24924118 0.38687249 0.4744179  0.29064341 0.35932606  0.52955255 0.42577285 0.56628319 0.73632856 0.52052851 0.49479462  0.63653592 0.40132768 0.41667903 0.47825564
0.87866128 0.24924118 0.38687249 0.4744179  0.29064341 0.35932606  0.52955255 0.42577285 0.56628319 0.73632856 0.52052851 0.49479462  0.63653592 0.40132768 0.41667903 0.47825564
0.8684761  0.22359663 0.32664731 0.5078061  0.29350432 0.40371588  0.53344901 0.44248341 0.54004718 0.65233595 0.54968496 0.59761644  0.6286306  0.2845302  0.4875781  0.49120579
0.85945658 0.22328345 0.29093275 0.48302115 0.31289285 0.4248974  0.50680006 0.45862591 0.52953551 0.66065739 0.53940698 0.58785888  0.58217747 0.31588965 0.4420895  0.50636781
0.86648048 0.19161131 0.27868804 0.53083753 0.32400733 0.45732988  0.50532029 0.45113852 0.48961219 0.65749001 0.52412627 0.50343901  0.60719619 0.31313359 0.4895157  0.49590909
0.86781067 0.15831358 0.24189715 0.56522751 0.34845433 0.5137462  0.45700076 0.447295   0.37583176 0.62295872 0.56199088 0.47221654  0.6321882  0.34752502 0.50112431 0.50148897
0.87840598 0.1134862  0.23172827 0.6569289  0.40280219 0.5901638  0.49649771 0.48141655 0.34461028 0.59388692 0.51357403 0.42029708  0.64077952 0.36436647 0.60762649 0.47023001
0.87840598 0.1134862  0.23172827 0.6569289  0.40280219 0.5901638  0.49649771 0.48141655 0.34461028 0.59388692 0.51357403 0.42029708  0.64077952 0.36436647 0.60762649 0.47023001
0.87961846 0.10772402 0.23176996 0.675948   0.41083076 0.6022391  0.51922525 0.4990296  0.36853005 0.57915581 0.49137544 0.44856538  0.61706647 0.38991745 0.574059   0.44339297
0.87808687 0.1066501  0.21958551 0.68088677 0.42675203 0.64777279  0.50547403 0.52218416 0.31344856 0.51593386 0.43979983 0.45442462  0.57005681 0.49308624 0.5885065  0.31872742
0.87485529 0.11901602 0.21573976 0.64535987 0.42213305 0.64705347  0.46567693 0.51311046 0.26512968 0.50478427 0.42798378 0.41999453  0.5440897  0.54466636 0.6064239  0.27384756
0.86347511 0.12400766 0.18124954 0.61858574 0.45248502 0.66250382  0.46551872 0.52754129 0.3003223  0.48441669 0.38691555 0.38572976  0.49776734 0.48993935 0.63140585 0.30909613
0.86347511 0.12400766 0.18124954 0.61858574 0.45248502 0.66250382  0.46551872 0.52754129 0.3003223  0.48441669 0.38691555 0.38572976  0.49776734 0.48993935 0.63140585 0.30909613
0.86347511 0.12400766 0.18124954 0.61858574 0.45248502 0.66250382  0.46551872 0.52754129 0.3003223  0.48441669 0.38691555 0.38572976  0.49776734 0.48993935 0.63140585 0.30909613
0.86585907 0.11283724 0.18091984 0.65216269 0.46557528 0.68318473  0.4987952  0.55372215 0.32508587 0.46783217 0.36336388 0.42300766  0.48287452 0.50853659 0.60624412 0.27252093
0.84860576 0.15025332 0.15567378 0.56022623 0.46343993 0.65723085  0.43883435 0.49543532 0.32174019 0.45717306 0.38187845 0.33202787  0.53823786 0.42091198 0.64019353 0.39889087
0.8237513  0.17808131 0.09472352 0.4829766  0.4992422  0.6745162  0.40938504 0.48870988 0.38264125 0.41379936 0.34153283 0.26572659  0.47866293 0.36523656 0.60974161 0.57317477
0.81537622 0.20344082 0.08762222 0.44582851 0.51047077 0.69919957  0.39586853 0.48477267 0.3774267  0.35938579 0.24306986 0.23433486  0.46590999 0.34861932 0.64853095 0.49091055
0.81537622 0.20344082 0.08762222 0.44582851 0.51047077 0.69919957  0.39586853 0.48477267 0.3774267  0.35938579 0.24306986 0.23433486  0.46590999 0.34861932 0.64853095 0.49091055
0.7999243  0.21680584 0.06448215 0.43800745 0.53454427 0.68227344  0.44063796 0.47448422 0.42798535 0.34064545 0.2853728  0.22928475  0.47183348 0.35638064 0.70455434 0.55918981
0.78522159 0.24319207 0.05204468 0.4408097  0.55119621 0.6968577  0.47613867 0.43302069 0.45478486 0.31740838 0.30686887 0.22221621  0.59003263 0.41953954 0.66745951 0.58005085
0.69909206 0.39628197 0.02202171 0.3834416  0.54867336 0.56434737  0.58606928 0.2277954  0.60470064 0.2877693  0.4664449  0.3080675  0.63946007 0.51795131 0.63458331 0.46759887
0.63154389 0.53881677 0.03864203 0.29841908 0.47756352 0.44592602  0.63128505 0.17284992 0.64238654 0.33409838 0.43932518 0.46981722  0.59561459 0.60934678 0.58818054 0.37151916
0.38527152 0.59513755 0.09964583 0.45487145 0.51618282 0.13899803  0.64759042 0.27470519 0.28082575 0.3740362  0.22766675 0.50891684  0.50064873 0.53531116 0.57876455 0.35289753
0.3069406  0.69900486 0.13595492 0.57160495 0.47324793 0.1819387  0.5752299  0.46946107 0.23396006 0.39987129 0.32109942 0.47729508  0.39009376 0.37336736 0.43739786 0.39500839
0.17820599 0.57969865 0.21682808 0.55749167 0.44129354 0.21932679  0.47918194 0.50852894 0.25366817 0.39968241 0.1642513  0.49849797  0.60486196 0.33403305 0.32765711 0.54967947
0.07086634 0.4669289  0.2966521  0.49765173 0.38573168 0.36649327  0.41928434 0.52723795 0.41855206 0.37246628 0.31701038 0.45541888  0.65053795 0.38768103 0.3648433  0.50441685
0.00039479 0.36283831 0.35232302 0.39930133 0.34523319 0.50234819  0.48417291 0.45702496 0.47508945 0.39693445 0.45000532 0.44589633  0.47476172 0.42761975 0.50206904 0.41641874
0.00039479 0.36283831 0.35232302 0.39930133 0.34523319 0.50234819  0.48417291 0.45702496 0.47508945 0.39693445 0.45000532 0.44589633  0.47476172 0.42761975 0.50206904 0.41641874
0.00039479 0.36283831 0.35232302 0.39930133 0.34523319 0.50234819  0.48417291 0.45702496 0.47508945 0.39693445 0.45000532 0.44589633  0.47476172 0.42761975 0.50206904 0.41641874
0.00039479 0.36283831 0.35232302 0.39930133 0.34523319 0.50234819  0.48417291 0.45702496 0.47508945 0.39693445 0.45000532 0.44589633  0.47476172 0.42761975 0.50206904 0.41641874
0.00039479 0.36283831 0.35232302 0.39930133 0.34523319 0.50234819  0.48417291 0.45702496 0.47508945 0.39693445 0.45000532 0.44589633  0.47476172 0.42761975 0.50206904 0.41641874
0.03668637 0.41203331 0.32642324 0.43793795 0.35938242 0.45705007  0.46354911 0.47852607 0.46206125 0.3816712  0.43369298 0.44255457  0.51459023 0.42252822 0.46292899 0.40367142
0.03668637 0.41203331 0.32642324 0.43793795 0.35938242 0.45705007  0.46354911 0.47852607 0.46206125 0.3816712  0.43369298 0.44255457  0.51459023 0.42252822 0.46292899 0.40367142
0.09049698 0.48915177 0.28895756 0.50273163 0.37945396 0.42007098  0.38707963 0.51604378 0.55039553 0.38867569 0.47452904 0.44278296  0.50665257 0.52926791 0.67265304 0.38645827
0.36422298 0.7503432  0.15277008 0.58952741 0.37080191 0.45228208  0.31172581 0.58301312 0.66817697 0.34392724 0.64214125 0.40228501  0.51838195 0.41350489 0.50594004 0.38305032
0.36422298 0.7503432  0.15277008 0.58952741 0.37080191 0.45228208  0.31172581 0.58301312 0.66817697 0.34392724 0.64214125 0.40228501  0.51838195 0.41350489 0.50594004 0.38305032
0.36422298 0.7503432  0.15277008 0.58952741 0.37080191 0.45228208  0.31172581 0.58301312 0.66817697 0.34392724 0.64214125 0.40228501  0.51838195 0.41350489 0.50594004 0.38305032
0.41623816 0.70194298 0.15032495 0.46175418 0.36985007 0.44958976  0.3767409  0.73468525 0.69355782 0.27046774 0.69641154 0.36737888  0.72319834 0.49069794 0.59333123 0.42715628
0.47084597 0.69144673 0.14310896 0.36285736 0.35199202 0.51402802  0.48608696 0.74600179 0.66373581 0.24313809 0.73048012 0.34375665  0.83764483 0.51735403 0.58661493 0.43539227
0.47084597 0.69144673 0.14310896 0.36285736 0.35199202 0.51402802  0.48608696 0.74600179 0.66373581 0.24313809 0.73048012 0.34375665  0.83764483 0.51735403 0.58661493 0.43539227
0.50199932 0.63884918 0.15665821 0.31619417 0.33701025 0.48291156  0.43477014 0.87939801 0.65751511 0.2675342  0.69981302 0.3608207  0.69038892 0.43340954 0.65980694 0.44949651
0.5144052  0.60347866 0.15015001 0.32063715 0.35301337 0.45933234  0.39731572 0.86488068 0.68244024 0.24047198 0.76251027 0.33626987  0.67034182 0.37148994 0.56578237 0.42244094
0.5144052  0.60347866 0.15015001 0.32063715 0.35301337 0.45933234  0.39731572 0.86488068 0.68244024 0.24047198 0.76251027 0.33626987  0.67034182 0.37148994 0.56578237 0.42244094
0.5144052  0.60347866 0.15015001 0.32063715 0.35301337 0.45933234  0.39731572 0.86488068 0.68244024 0.24047198 0.76251027 0.33626987  0.67034182 0.37148994 0.56578237 0.42244094
0.5144052  0.60347866 0.15015001 0.32063715 0.35301337 0.45933234  0.39731572 0.86488068 0.68244024 0.24047198 0.76251027 0.33626987  0.67034182 0.37148994 0.56578237 0.42244094
0.5144052  0.60347866 0.15015001 0.32063715 0.35301337 0.45933234  0.39731572 0.86488068 0.68244024 0.24047198 0.76251027 0.33626987  0.67034182 0.37148994 0.56578237 0.42244094
0.5144052  0.60347866 0.15015001 0.32063715 0.35301337 0.45933234  0.39731572 0.86488068 0.68244024 0.24047198 0.76251027 0.33626987  0.67034182 0.37148994 0.56578237 0.42244094
0.55998419 0.60138952 0.14481003 0.33901792 0.32559566 0.49795443  0.45508788 0.80936015 0.67141096 0.33189898 0.87454664 0.37996508  0.56537233 0.35647851 0.53961841 0.49927861
0.55998419 0.60138952 0.14481003 0.33901792 0.32559566 0.49795443  0.45508788 0.80936015 0.67141096 0.33189898 0.87454664 0.37996508  0.56537233 0.35647851 0.53961841 0.49927861
0.55998419 0.60138952 0.14481003 0.33901792 0.32559566 0.49795443  0.45508788 0.80936015 0.67141096 0.33189898 0.87454664 0.37996508  0.56537233 0.35647851 0.53961841 0.49927861
0.55998419 0.60138952 0.14481003 0.33901792 0.32559566 0.49795443  0.45508788 0.80936015 0.67141096 0.33189898 0.87454664 0.37996508  0.56537233 0.35647851 0.53961841 0.49927861
0.53292437 0.61799883 0.14726707 0.32143829 0.33562424 0.51885671  0.38286682 0.8250644  0.71147247 0.28581191 0.74067295 0.36071424  0.62580177 0.36528405 0.62040688 0.46172517
0.52051849 0.65336936 0.15377527 0.31699531 0.31962111 0.54243593  0.42032124 0.83958173 0.68654734 0.31287413 0.6779757  0.38526507  0.64584886 0.42720365 0.71443145 0.48878075
0.52051849 0.65336936 0.15377527 0.31699531 0.31962111 0.54243593  0.42032124 0.83958173 0.68654734 0.31287413 0.6779757  0.38526507  0.64584886 0.42720365 0.71443145 0.48878075
0.50479971 0.67868701 0.14692304 0.34333581 0.32551725 0.55647372  0.44274164 0.76695017 0.6897232  0.29591817 0.69150774 0.37561405  0.7009226  0.44939198 0.69370931 0.47670454
0.46862212 0.6898603  0.15920868 0.420355   0.31798275 0.55384197  0.3266165  0.76068873 0.72781842 0.32875376 0.6298309  0.40267879  0.65066558 0.40697246 0.66200253 0.50690766
0.36660345 0.77711535 0.15667616 0.60073318 0.34503331 0.53327756  0.31865233 0.5315393  0.65323429 0.36763585 0.60771848 0.40368663  0.60072829 0.42067327 0.40618266 0.40920932
0.34817322 0.77643829 0.1516065  0.62261082 0.37042585 0.47147105  0.32543141 0.5264842  0.64496107 0.3621299  0.63532674 0.40024413  0.53653883 0.4364367  0.44460573 0.37077021
0.29131437 0.74805556 0.15908228 0.6753636  0.42004641 0.3197609  0.28518274 0.55941337 0.5863977  0.37842273 0.50936378 0.43246587  0.48548483 0.47992898 0.58442582 0.36396198
0.1979191  0.64271906 0.20775552 0.63648947 0.43055343 0.25445331  0.30409412 0.59845109 0.49582661 0.35466587 0.3554918  0.44586393  0.67481435 0.4819329  0.51013262 0.44667862
0.16159344 0.59207202 0.23348338 0.5961993  0.41763462 0.28933245  0.33322785 0.58036852 0.48980715 0.35486149 0.36568515 0.4425409  0.66847339 0.48360065 0.50303796 0.4387709 
0.10800947 0.51285345 0.27387521 0.52434741 0.3906354  0.36155418  0.39806852 0.53543579 0.46319335 0.36073283 0.38956296 0.44018007  0.61331341 0.43596526 0.43646427 0.42249893
0.07249044 0.46245915 0.3012124  0.47994572 0.37319889 0.42442643  0.4201512  0.50597766 0.50090532 0.37590363 0.44937452 0.43860921  0.53802001 0.47598184 0.54223616 0.38975141
0.03668637 0.41203331 0.32642324 0.43793795 0.35938242 0.45705007  0.46354911 0.47852607 0.46206125 0.3816712  0.43369298 0.44255457  0.51459023 0.42252822 0.46292899 0.40367142
0.00039479 0.36283831 0.35232302 0.39930133 0.34523319 0.50234819  0.48417291 0.45702496 0.47508945 0.39693445 0.45000532 0.44589633  0.47476172 0.42761975 0.50206904 0.41641874
0.00039479 0.36283831 0.35232302 0.39930133 0.34523319 0.50234819  0.48417291 0.45702496 0.47508945 0.39693445 0.45000532 0.44589633  0.47476172 0.42761975 0.50206904 0.41641874
0.00039479 0.36283831 0.35232302 0.39930133 0.34523319 0.50234819  0.48417291 0.45702496 0.47508945 0.39693445 0.45000532 0.44589633  0.47476172 0.42761975 0.50206904 0.41641874
0.00039479 0.36283831 0.35232302 0.39930133 0.34523319 0.50234819  0.48417291 0.45702496 0.47508945 0.39693445 0.45000532 0.44589633  0.47476172 0.42761975 0.50206904 0.41641874
0.00039479 0.36283831 0.35232302 0.39930133 0.34523319 0.50234819  0.48417291 0.45702496 0.47508945 0.39693445 0.45000532 0.44589633  0.47476172 0.42761975 0.50206904 0.41641874
0.00039479 0.36283831 0.35232302 0.39930133 0.34523319 0.50234819  0.48417291 0.45702496 0.47508945 0.39693445 0.45000532 0.44589633  0.47476172 0.42761975 0.50206904 0.41641874
0.00039479 0.36283831 0.35232302 0.39930133 0.34523319 0.50234819  0.48417291 0.45702496 0.47508945 0.39693445 0.45000532 0.44589633  0.47476172 0.42761975 0.50206904 0.41641874
0.00039479 0.36283831 0.35232302 0.39930133 0.34523319 0.50234819  0.48417291 0.45702496 0.47508945 0.39693445 0.45000532 0.44589633  0.47476172 0.42761975 0.50206904 0.41641874
0.00039479 0.36283831 0.35232302 0.39930133 0.34523319 0.50234819  0.48417291 0.45702496 0.47508945 0.39693445 0.45000532 0.44589633  0.47476172 0.42761975 0.50206904 0.41641874
0.00039479 0.36283831 0.35232302 0.39930133 0.34523319 0.50234819  0.48417291 0.45702496 0.47508945 0.39693445 0.45000532 0.44589633  0.47476172 0.42761975 0.50206904 0.41641874
0.00039479 0.36283831 0.35232302 0.39930133 0.34523319 0.50234819  0.48417291 0.45702496 0.47508945 0.39693445 0.45000532 0.44589633  0.47476172 0.42761975 0.50206904 0.41641874
0.00039479 0.36283831 0.35232302 0.39930133 0.34523319 0.50234819  0.48417291 0.45702496 0.47508945 0.39693445 0.45000532 0.44589633  0.47476172 0.42761975 0.50206904 0.41641874
