0.00039479 0.36283831 0.35232302 0.39930133 0.34523319 0.50234819  0.48417291 0.45702496 0.47508945 0.39693445 0.45000532 0.44589633  0.47476172 0.42761975 0.50206904 0.41641874
0.00039479 0.36283831 0.35232302 0.39930133 0.34523319 0.50234819  0.48417291 0.45702496 0.47508945 0.39693445 0.45000532 0.44589633  0.47476172 0.42761975 0.50206904 0.41641874
0.00039479 0.36283831 0.35232302 0.39930133 0.34523319 0.50234819  0.48417291 0.45702496 0.47508945 0.39693445 0.45000532 0.44589633  0.47476172 0.42761975 0.50206904 0.41641874
0.00039479 0.36283831 0.35232302 0.39930133 0.34523319 0.50234819  0.48417291 0.45702496 0.47508945 0.39693445 0.45000532 0.44589633  0.47476172 0.42761975 0.50206904 0.41641874
0.00039479 0.36283831 0.35232302 0.39930133 0.34523319 0.50234819  0.48417291 0.45702496 0.47508945 0.39693445 0.45000532 0.44589633  0.47476172 0.42761975 0.50206904 0.41641874
0.00039479 0.36283831 0.35232302 0.39930133 0.34523319 0.50234819  0.48417291 0.45702496 0.47508945 0.39693445 0.45000532 0.44589633  0.47476172 0.42761975 0.50206904 0.41641874
0.00039479 0.36283831 0.35232302 0.39930133 0.34523319 0.50234819  0.48417291 0.45702496 0.47508945 0.39693445 0.45000532 0.44589633  0.47476172 0.42761975 0.50206904 0.41641874
0.00039479 0.36283831 0.35232302 0.39930133 0.34523319 0.50234819  0.48417291 0.45702496 0.47508945 0.39693445 0.45000532 0.44589633  0.47476172 0.42761975 0.50206904 0.41641874
0.00039479 0.36283831 0.35232302 0.39930133 0.34523319 0.50234819  0.48417291 0.45702496 0.47508945 0.39693445 0.45000532 0.44589633  0.47476172 0.42761975 0.50206904 0.41641874
0.00039479 0.36283831 0.35232302 0.39930133 0.34523319 0.50234819  0.48417291 0.45702496 0.47508945 0.39693445 0.45000532 0.44589633  0.47476172 0.42761975 0.50206904 0.41641874
0.00039479 0.36283831 0.35232302 0.39930133 0.34523319 0.50234819  0.48417291 0.45702496 0.47508945 0.39693445 0.45000532 0.44589633  0.47476172 0.42761975 0.50206904 0.41641874
0.00039479 0.36283831 0.35232302 0.39930133 0.34523319 0.50234819  0.48417291 0.45702496 0.47508945 0.39693445 0.45000532 0.44589633  0.47476172 0.42761975 0.50206904 0.41641874
0.00039479 0.36283831 0.35232302 0.39930133 0.34523319 0.50234819  0.48417291 0.45702496 0.47508945 0.39693445 0.45000532 0.44589633  0.47476172 0.42761975 0.50206904 0.41641874
0.00039479 0.36283831 0.35232302 0.39930133 0.34523319 0.50234819  0.48417291 0.45702496 0.47508945 0.39693445 0.45000532 0.44589633  0.47476172 0.42761975 0.50206904 0.41641874
0.00039479 0.36283831 0.35232302 0.39930133 0.34523319 0.50234819  0.48417291 0.45702496 0.47508945 0.39693445 0.45000532 0.44589633  0.47476172 0.42761975 0.50206904 0.41641874
0.00039479 0.36283831 0.35232302 0.39930133 0.34523319 0.50234819  0.48417291 0.45702496 0.47508945 0.39693445 0.45000532 0.44589633  0.47476172 0.42761975 0.50206904 0.41641874
0.00039479 0.36283831 0.35232302 0.39930133 0.34523319 0.50234819  0.48417291 0.45702496 0.47508945 0.39693445 0.45000532 0.44589633  0.47476172 0.42761975 0.50206904 0.41641874
0.00039479 0.36283831 0.35232302 0.39930133 0.34523319 0.50234819  0.48417291 0.45702496 0.47508945 0.39693445 0.45000532 0.44589633  0.47476172 0.42761975 0.50206904 0.41641874
0.00039479 0.36283831 0.35232302 0.39930133 0.34523319 0.50234819  0.48417291 0.45702496 0.47508945 0.39693445 0.45000532 0.44589633  0.47476172 0.42761975 0.50206904 0.41641874
0.00039479 0.36283831 0.35232302 0.39930133 0.34523319 0.50234819  0.48417291 0.45702496 0.47508945 0.39693445 0.45000532 0.44589633  0.47476172 0.42761975 0.50206904 0.41641874
0.00039479 0.36283831 0.35232302 0.39930133 0.34523319 0.50234819  0.48417291 0.45702496 0.47508945 0.39693445 0.45000532 0.44589633  0.47476172 0.42761975 0.50206904 0.41641874
0.00039479 0.36283831 0.35232302 0.39930133 0.34523319 0.50234819  0.48417291 0.45702496 0.47508945 0.39693445 0.45000532 0.44589633  0.47476172 0.42761975 0.50206904 0.41641874
0.00039479 0.36283831 0.35232302 0.39930133 0.34523319 0.50234819  0.48417291 0.45702496 0.47508945 0.39693445 0.45000532 0.44589633  0.47476172 0.42761975 0.50206904 0.41641874
0.00039479 0.36283831 0.35232302 0.39930133 0.34523319 0.50234819  0.48417291 0.45702496 0.47508945 0.39693445 0.45000532 0.44589633  0.47476172 0.42761975 0.50206904 0.41641874
0.00039479 0.36283831 0.35232302 0.39930133 0.34523319 0.50234819  0.48417291 0.45702496 0.47508945 0.39693445 0.45000532 0.44589633  0.47476172 0.42761975 0.50206904 0.41641874
0.00039479 0.36283831 0.35232302 0.39930133 0.34523319 0.50234819  0.48417291 0.45702496 0.47508945 0.39693445 0.45000532 0.44589633  0.47476172 0.42761975 0.50206904 0.41641874
0.00039479 0.36283831 0.35232302 0.39930133 0.34523319 0.50234819  0.48417291 0.45702496 0.47508945 0.39693445 0.45000532 0.44589633  0.47476172 0.42761975 0.50206904 0.41641874
0.00039479 0.36283831 0.35232302 0.39930133 0.34523319 0.50234819  0.48417291 0.45702496 0.47508945 0.39693445 0.45000532 0.44589633  0.47476172 0.42761975 0.50206904 0.41641874
0.00039479 0.36283831 0.35232302 0.39930133 0.34523319 0.50234819  0.48417291 0.45702496 0.47508945 0.39693445 0.45000532 0.44589633  0.47476172 0.42761975 0.50206904 0.41641874
0.00039479 0.36283831 0.35232302 0.39930133 0.34523319 0.50234819  0.48417291 0.45702496 0.47508945 0.39693445 0.45000532 0.44589633  0.47476172 0.42761975 0.50206904 0.41641874
0.00039479 0.36283831 0.35232302 0.39930133 0.34523319 0.50234819  0.48417291 0.45702496 0.47508945 0.39693445 0.45000532 0.44589633  0.47476172 0.42761975 0.50206904 0.41641874
0.00039479 0.36283831 0.35232302 0.39930133 0.34523319 0.50234819  0.48417291 0.45702496 0.47508945 0.39693445 0.45000532 0.44589633  0.47476172 0.42761975 0.50206904 0.41641874
0.00039479 0.36283831 0.35232302 0.39930133 0.34523319 0.50234819  0.48417291 0.45702496 0.47508945 0.39693445 0.45000532 0.44589633  0.47476172 0.42761975 0.50206904 0.41641874
0.00039479 0.36283831 0.35232302 0.39930133 0.34523319 0.50234819  0.48417291 0.45702496 0.47508945 0.39693445 0.45000532 0.44589633  0.47476172 0.42761975 0.50206904 0.41641874
0.00039479 0.36283831 0.35232302 0.39930133 0.34523319 0.50234819  0.48417291 0.45702496 0.47508945 0.39693445 0.45000532 0.44589633  0.47476172 0.42761975 0.50206904 0.41641874
0.00039479 0.36283831 0.35232302 0.39930133 0.34523319 0.50234819  0.48417291 0.45702496 0.47508945 0.39693445 0.45000532 0.44589633  0.47476172 0.42761975 0.50206904 0.41641874
0.00039479 0.36283831 0.35232302 0.39930133 0.34523319 0.50234819  0.48417291 0.45702496 0.47508945 0.39693445 0.45000532 0.44589633  0.47476172 0.42761975 0.50206904 0.41641874
0.00039479 0.36283831 0.35232302 0.39930133 0.34523319 0.50234819  0.48417291 0.45702496 0.47508945 0.39693445 0.45000532 0.44589633  0.47476172 0.42761975 0.50206904 0.41641874
0.00039479 0.36283831 0.35232302 0.39930133 0.34523319 0.50234819  0.48417291 0.45702496 0.47508945 0.39693445 0.45000532 0.44589633  0.47476172 0.42761975 0.50206904 0.41641874
0.00039479 0.36283831 0.35232302 0.39930133 0.34523319 0.50234819  0.48417291 0.45702496 0.47508945 0.39693445 0.45000532 0.44589633  0.47476172 0.42761975 0.50206904 0.41641874
0.00039479 0.36283831 0.35232302 0.39930133 0.34523319 0.50234819  0.48417291 0.45702496 0.47508945 0.39693445 0.45000532 0.44589633  0.47476172 0.42761975 0.50206904 0.41641874
0.00039479 0.36283831 0.35232302 0.39930133 0.34523319 0.50234819  0.48417291 0.45702496 0.47508945 0.39693445 0.45000532 0.44589633  0.47476172 0.42761975 0.50206904 0.41641874
0.00039479 0.36283831 0.35232302 0.39930133 0.34523319 0.50234819  0.48417291 0.45702496 0.47508945 0.39693445 0.45000532 0.44589633  0.47476172 0.42761975 0.50206904 0.41641874
0.00039479 0.36283831 0.35232302 0.39930133 0.34523319 0.50234819  0.48417291 0.45702496 0.47508945 0.39693445 0.45000532 0.44589633  0.47476172 0.42761975 0.50206904 0.41641874
0.00039479 0.36283831 0.35232302 0.39930133 0.34523319 0.50234819  0.48417291 0.45702496 0.47508945 0.39693445 0.45000532 0.44589633  0.47476172 0.42761975 0.50206904 0.41641874
0.00039479 0.36283831 0.35232302 0.39930133 0.34523319 0.50234819  0.48417291 0.45702496 0.47508945 0.39693445 0.45000532 0.44589633  0.47476172 0.42761975 0.50206904 0.41641874
0.00039479 0.36283831 0.35232302 0.39930133 0.34523319 0.50234819  0.48417291 0.45702496 0.47508945 0.39693445 0.45000532 0.44589633  0.47476172 0.42761975 0.50206904 0.41641874
0.00039479 0.36283831 0.35232302 0.39930133 0.34523319 0.50234819  0.48417291 0.45702496 0.47508945 0.39693445 0.45000532 0.44589633  0.47476172 0.42761975 0.50206904 0.41641874
0.00039479 0.36283831 0.35232302 0.39930133 0.34523319 0.50234819  0.48417291 0.45702496 0.47508945 0.39693445 0.45000532 0.44589633  0.47476172 0.42761975 0.50206904 0.41641874
0.00039479 0.36283831 0.35232302 0.39930133 0.34523319 0.50234819  0.48417291 0.45702496 0.47508945 0.39693445 0.45000532 0.44589633  0.47476172 0.42761975 0.50206904 0.41641874
0.00039479 0.36283831 0.35232302 0.39930133 0.34523319 0.50234819  0.48417291 0.45702496 0.47508945 0.39693445 0.45000532 0.44589633  0.47476172 0.42761975 0.50206904 0.41641874
0.00039479 0.36283831 0.35232302 0.39930133 0.34523319 0.50234819  0.48417291 0.45702496 0.47508945 0.39693445 0.45000532 0.44589633  0.47476172 0.42761975 0.50206904 0.41641874
0.00039479 0.36283831 0.35232302 0.39930133 0.34523319 0.50234819  0.48417291 0.45702496 0.47508945 0.39693445 0.45000532 0.44589633  0.47476172 0.42761975 0.50206904 0.41641874
0.00039479 0.36283831 0.35232302 0.39930133 0.34523319 0.50234819  0.48417291 0.45702496 0.47508945 0.39693445 0.45000532 0.44589633  0.47476172 0.42761975 0.50206904 0.41641874
0.00039479 0.36283831 0.35232302 0.39930133 0.34523319 0.50234819  0.48417291 0.45702496 0.47508945 0.39693445 0.45000532 0.44589633  0.47476172 0.42761975 0.50206904 0.41641874
0.00039479 0.36283831 0.35232302 0.39930133 0.34523319 0.50234819  0.48417291 0.45702496 0.47508945 0.39693445 0.45000532 0.44589633  0.47476172 0.42761975 0.50206904 0.41641874
0.00039479 0.36283831 0.35232302 0.39930133 0.34523319 0.50234819  0.48417291 0.45702496 0.47508945 0.39693445 0.45000532 0.44589633  0.47476172 0.42761975 0.50206904 0.41641874
0.00039479 0.36283831 0.35232302 0.39930133 0.34523319 0.50234819  0.48417291 0.45702496 0.47508945 0.39693445 0.45000532 0.44589633  0.47476172 0.42761975 0.50206904 0.41641874
0.00039479 0.36283831 0.35232302 0.39930133 0.34523319 0.50234819  0.48417291 0.45702496 0.47508945 0.39693445 0.45000532 0.44589633  0.47476172 0.42761975 0.50206904 0.41641874
0.00039479 0.36283831 0.35232302 0.39930133 0.34523319 0.50234819  0.48417291 0.45702496 0.47508945 0.39693445 0.45000532 0.44589633  0.47476172 0.42761975 0.50206904 0.41641874
0.00039479 0.36283831 0.35232302 0.39930133 0.34523319 0.50234819  0.48417291 0.45702496 0.47508945 0.39693445 0.45000532 0.44589633  0.47476172 0.42761975 0.50206904 0.41641874
0.00039479 0.36283831 0.35232302 0.39930133 0.34523319 0.50234819  0.48417291 0.45702496 0.47508945 0.39693445 0.45000532 0.44589633  0.47476172 0.42761975 0.50206904 0.41641874
0.00039479 0.36283831 0.35232302 0.39930133 0.34523319 0.50234819  0.48417291 0.45702496 0.47508945 0.39693445 0.45000532 0.44589633  0.47476172 0.42761975 0.50206904 0.41641874
0.00039479 0.36283831 0.35232302 0.39930133 0.34523319 0.50234819  0.48417291 0.45702496 0.47508945 0.39693445 0.45000532 0.44589633  0.47476172 0.42761975 0.50206904 0.41641874
0.00039479 0.36283831 0.35232302 0.39930133 0.34523319 0.50234819  0.48417291 0.45702496 0.47508945 0.39693445 0.45000532 0.44589633  0.47476172 0.42761975 0.50206904 0.41641874
0.00039479 0.36283831 0.35232302 0.39930133 0.34523319 0.50234819  0.48417291 0.45702496 0.47508945 0.39693445 0.45000532 0.44589633  0.47476172 0.42761975 0.50206904 0.41641874
0.00039479 0.36283831 0.35232302 0.39930133 0.34523319 0.50234819  0.48417291 0.45702496 0.47508945 0.39693445 0.45000532 0.44589633  0.47476172 0.42761975 0.50206904 0.41641874
0.00039479 0.36283831 0.35232302 0.39930133 0.34523319 0.50234819  0.48417291 0.45702496 0.47508945 0.39693445 0.45000532 0.44589633  0.47476172 0.42761975 0.50206904 0.41641874
0.03525649 0.41685964 0.32437467 0.45347996 0.36854765 0.43569141  0.43485985 0.4975719  0.47652552 0.39120509 0.39620065 0.45304628  0.55757342 0.45566594 0.52722734 0.46096477
0.17978882 0.61975581 0.22037861 0.62035991 0.42428399 0.28114615  0.30349122 0.58889388 0.5273976  0.36790025 0.38191581 0.44760784  0.63204869 0.51534158 0.59970787 0.44341124
0.2351961  0.68666507 0.18921238 0.65788176 0.42226254 0.29887746  0.27509029 0.57567507 0.56521837 0.39279722 0.41226652 0.45530781  0.54881652 0.49697514 0.63602132 0.43620579
0.29082203 0.74719787 0.16258789 0.68412143 0.4126472  0.34081881  0.25984336 0.53401816 0.58778509 0.42852519 0.41939891 0.47200023  0.46984945 0.48043082 0.66770791 0.42820069
0.36610368 0.79359113 0.15060289 0.63922827 0.35098746 0.54604688  0.28099153 0.45721214 0.68450359 0.45312166 0.55212056 0.45454268  0.45472048 0.44356838 0.56928905 0.44537256
0.38453391 0.79426819 0.15567255 0.61735064 0.32559491 0.60785339  0.27421245 0.46226725 0.6927768  0.4586276  0.5245123  0.45798518  0.51890994 0.42780495 0.53086597 0.48381167
0.48206176 0.82449164 0.17742283 0.5192039  0.28469715 0.71225632  0.40879341 0.40638982 0.53847547 0.37128987 0.52429944 0.43532541  0.40689322 0.34930046 0.31784926 0.47092471
0.68351277 0.90849415 0.72857519 0.33900121 0.67435386 0.7017347  0.53087001 0.36571951 0.30334127 0.3287986  0.41645842 0.48849501  0.7180564  0.31766261 0.37158397 0.37447079
0.73501653 0.84963197 0.72674161 0.2310218  0.65334053 0.63166103  0.62058801 0.4936155  0.36531143 0.36971084 0.38562371 0.39729685  0.76861838 0.38417596 0.48262872 0.37422027
0.79101095 0.762434   0.78735953 0.23047614 0.63028247 0.50983176  0.61480331 0.45045427 0.41193952 0.5021365  0.41217471 0.42893391  0.77600527 0.57995465 0.54331969 0.29559689
0.82037173 0.69688641 0.7610538  0.19980433 0.55763064 0.44361163  0.63015795 0.43381112 0.51996484 0.53422555 0.28279929 0.34666591  0.77973851 0.66705181 0.62354368 0.2746321 
0.82924788 0.6512207  0.72145464 0.19084383 0.49411034 0.41184632  0.62727688 0.51546079 0.53889717 0.60069034 0.23404006 0.30531332  0.70061335 0.60880738 0.67606246 0.21014255
0.82903858 0.56968935 0.61179141 0.25225187 0.28639416 0.38117877  0.61321185 0.55294214 0.48561481 0.5757906  0.24587017 0.38875521  0.64236589 0.53165351 0.74012435 0.2178928 
0.8098699  0.42352304 0.33899706 0.26450741 0.22122472 0.42282924  0.49400095 0.47426749 0.43329394 0.62796334 0.28555461 0.5914609  0.65543707 0.4374166  0.73522694 0.1524876 
0.75706697 0.44531574 0.16424347 0.16323868 0.28090751 0.53393368  0.41169962 0.48563396 0.45314947 0.43256536 0.19232097 0.55814795  0.5441385  0.4059202  0.64933551 0.31963179
0.75804705 0.41798431 0.12461685 0.13059459 0.32283573 0.51303666  0.38301105 0.45408797 0.54138804 0.4060472  0.19084409 0.52695574  0.47544049 0.34758377 0.57118164 0.36327928
0.75804705 0.41798431 0.12461685 0.13059459 0.32283573 0.51303666  0.38301105 0.45408797 0.54138804 0.4060472  0.19084409 0.52695574  0.47544049 0.34758377 0.57118164 0.36327928
0.77766008 0.3544494  0.11532598 0.18214421 0.3624777  0.51510882  0.34784378 0.44157604 0.53254084 0.39395625 0.26759632 0.45094377  0.44964707 0.31249113 0.47374255 0.40393201
0.78548636 0.32492756 0.11372766 0.22845341 0.38276825 0.53065775  0.34522863 0.43537146 0.4930477  0.40980957 0.3044102  0.40203274  0.44467291 0.33757959 0.45088574 0.48599792
0.78940831 0.30823021 0.11123037 0.26608538 0.40418446 0.55907522  0.37014007 0.4564474  0.50116053 0.39978273 0.27734723 0.3961274  0.42748232 0.37637257 0.44716707 0.47499927
0.79716951 0.2781258  0.10390354 0.30953043 0.43094298 0.5931211  0.36322667 0.4507008  0.45757945 0.39393823 0.27735424 0.34024666  0.44444845 0.35400825 0.50309895 0.49503877
0.82279958 0.21014488 0.11920882 0.42522026 0.45601234 0.64167127  0.36790244 0.4680597  0.34457935 0.42242516 0.3078428  0.27995079  0.4477571  0.37628466 0.61265307 0.47047794
0.83117466 0.18478537 0.12631012 0.46236835 0.44478377 0.61698789  0.38141895 0.47199691 0.34979389 0.47683873 0.40630577 0.31134251  0.46051004 0.3929019  0.57386372 0.55274215
0.83607603 0.16343542 0.12237709 0.50908085 0.46940579 0.65371972  0.40356633 0.49449849 0.33531914 0.46346385 0.3867347  0.29476344  0.46246116 0.40498663 0.61536715 0.53681494
0.83607603 0.16343542 0.12237709 0.50908085 0.46940579 0.65371972  0.40356633 0.49449849 0.33531914 0.46346385 0.3867347  0.29476344  0.46246116 0.40498663 0.61536715 0.53681494
0.83862064 0.15183565 0.12029929 0.54133612 0.48828729 0.67978916  0.43606941 0.52081584 0.36122336 0.44104299 0.34656994 0.31942849  0.4381924  0.43426392 0.60095392 0.48338003
0.84129    0.139274   0.12101206 0.58354023 0.50397954 0.70357066  0.48599221 0.55555128 0.41192659 0.4092166  0.30538364 0.38079499  0.39465627 0.48278292 0.53299294 0.43790177
0.84129    0.139274   0.12101206 0.58354023 0.50397954 0.70357066  0.48599221 0.55555128 0.41192659 0.4092166  0.30538364 0.38079499  0.39465627 0.48278292 0.53299294 0.43790177
0.84129    0.139274   0.12101206 0.58354023 0.50397954 0.70357066  0.48599221 0.55555128 0.41192659 0.4092166  0.30538364 0.38079499  0.39465627 0.48278292 0.53299294 0.43790177
0.84312771 0.13051335 0.12032625 0.61040071 0.51669483 0.72292126  0.51539548 0.58135114 0.43931038 0.39105962 0.27480232 0.41626649  0.36946341 0.5085817  0.500091   0.39149053
0.83133779 0.1427241  0.0923021  0.59184445 0.5512161  0.75013169  0.53092063 0.58378676 0.49813044 0.33305475 0.21456675 0.39864782  0.36847073 0.48845201 0.47663448 0.41117667
0.83133779 0.1427241  0.0923021  0.59184445 0.5512161  0.75013169  0.53092063 0.58378676 0.49813044 0.33305475 0.21456675 0.39864782  0.36847073 0.48845201 0.47663448 0.41117667
0.83133779 0.1427241  0.0923021  0.59184445 0.5512161  0.75013169  0.53092063 0.58378676 0.49813044 0.33305475 0.21456675 0.39864782  0.36847073 0.48845201 0.47663448 0.41117667
0.82296271 0.16808361 0.08520079 0.55469636 0.56244467 0.77481506  0.51740412 0.57984955 0.4929159  0.27864118 0.11610378 0.3672561  0.35571779 0.47183477 0.51542383 0.32891246
0.80751079 0.18144863 0.06206072 0.54687529 0.58651817 0.75788893  0.56217354 0.56956111 0.54347454 0.25990085 0.15840672 0.36220598  0.36164129 0.47959609 0.57144721 0.39719172
0.80605391 0.18824811 0.06138965 0.52369028 0.5788545  0.74618274  0.53497828 0.55243872 0.51669108 0.27699612 0.17739442 0.32910777  0.38146436 0.45662807 0.60584071 0.41583293
0.79081638 0.21706949 0.04932276 0.51894455 0.59082158 0.75435305  0.56077256 0.50275095 0.53199264 0.26209943 0.2139242  0.31062105  0.51685795 0.5001666  0.58657686 0.45336765
0.72197571 0.30395283 0.00830012 0.55331525 0.63764736 0.67235845  0.63124951 0.27036006 0.52770571 0.26234623 0.45765541 0.21325011  0.62503849 0.56217141 0.67774653 0.5074334 
0.66726356 0.39426324 0.01017341 0.55752411 0.62637018 0.6377712  0.69180375 0.22949795 0.51078461 0.28625185 0.37893805 0.28122859  0.60402717 0.6376978  0.77171667 0.40170385
0.53770061 0.46168163 0.0253863  0.54810006 0.6377557  0.28980116  0.64084669 0.1877131  0.50597098 0.26346835 0.3226336  0.40468764  0.43508404 0.61586075 0.69070502 0.17687876
0.49568554 0.58760711 0.04948351 0.45949789 0.54211685 0.2594483  0.6461521  0.20924435 0.43063198 0.34769899 0.36205739 0.45078364  0.46514171 0.55765779 0.74660069 0.25774286
0.32729184 0.54406655 0.12301255 0.48813236 0.52658814 0.12481663  0.58618521 0.24897875 0.24485388 0.39727379 0.1198934  0.52404538  0.56653626 0.3872583  0.46961784 0.4024509 
0.22680081 0.56258349 0.1804202  0.53605931 0.47954704 0.18324325  0.53758158 0.39525096 0.20971626 0.41267338 0.12669355 0.51377939  0.58805596 0.2948339  0.34540544 0.5097677 
0.19625356 0.56901227 0.20570069 0.50906342 0.45124459 0.21366005  0.58196875 0.46504761 0.19092039 0.41450665 0.17873612 0.50651732  0.54384868 0.3218343  0.3318752  0.53775202
0.07057186 0.4363202  0.29688016 0.44476643 0.38823898 0.36908819  0.52491791 0.46269653 0.31979163 0.40788175 0.2630435  0.48417518  0.57287142 0.33420379 0.33510928 0.53324894
0.07057186 0.4363202  0.29688016 0.44476643 0.38823898 0.36908819  0.52491791 0.46269653 0.31979163 0.40788175 0.2630435  0.48417518  0.57287142 0.33420379 0.33510928 0.53324894
0.05336775 0.43914143 0.31083182 0.46832666 0.37416152 0.39938838  0.45143619 0.50292086 0.40448693 0.37548598 0.33684065 0.45259001  0.60541605 0.3574237  0.32371238 0.49045415
0.05336775 0.43914143 0.31083182 0.46832666 0.37416152 0.39938838  0.45143619 0.50292086 0.40448693 0.37548598 0.33684065 0.45259001  0.60541605 0.3574237  0.32371238 0.49045415
0.01779563 0.38669558 0.33863985 0.42004769 0.35385851 0.46460162  0.48109267 0.47190843 0.43452283 0.38595027 0.3992976  0.44733029  0.52908455 0.38078184 0.39373238 0.44873962
0.01779563 0.38669558 0.33863985 0.42004769 0.35385851 0.46460162  0.48109267 0.47190843 0.43452283 0.38595027 0.3992976  0.44733029  0.52908455 0.38078184 0.39373238 0.44873962
0.01779563 0.38669558 0.33863985 0.42004769 0.35385851 0.46460162  0.48109267 0.47190843 0.43452283 0.38595027 0.3992976  0.44733029  0.52908455 0.38078184 0.39373238 0.44873962
0.00039479 0.36283831 0.35232302 0.39930133 0.34523319 0.50234819  0.48417291 0.45702496 0.47508945 0.39693445 0.45000532 0.44589633  0.47476172 0.42761975 0.50206904 0.41641874
0.00039479 0.36283831 0.35232302 0.39930133 0.34523319 0.50234819  0.48417291 0.45702496 0.47508945 0.39693445 0.45000532 0.44589633  0.47476172 0.42761975 0.50206904 0.41641874
0.00039479 0.36283831 0.35232302 0.39930133 0.34523319 0.50234819  0.48417291 0.45702496 0.47508945 0.39693445 0.45000532 0.44589633  0.47476172 0.42761975 0.50206904 0.41641874
0.00039479 0.36283831 0.35232302 0.39930133 0.34523319 0.50234819  0.48417291 0.45702496 0.47508945 0.39693445 0.45000532 0.44589633  0.47476172 0.42761975 0.50206904 0.41641874
0.00039479 0.36283831 0.35232302 0.39930133 0.34523319 0.50234819  0.48417291 0.45702496 0.47508945 0.39693445 0.45000532 0.44589633  0.47476172 0.42761975 0.50206904 0.41641874
0.00039479 0.36283831 0.35232302 0.39930133 0.34523319 0.50234819  0.48417291 0.45702496 0.47508945 0.39693445 0.45000532 0.44589633  0.47476172 0.42761975 0.50206904 0.41641874
0.00039479 0.36283831 0.35232302 0.39930133 0.34523319 0.50234819  0.48417291 0.45702496 0.47508945 0.39693445 0.45000532 0.44589633  0.47476172 0.42761975 0.50206904 0.41641874
0.00039479 0.36283831 0.35232302 0.39930133 0.34523319 0.50234819  0.48417291 0.45702496 0.47508945 0.39693445 0.45000532 0.44589633  0.47476172 0.42761975 0.50206904 0.41641874
0.00039479 0.36283831 0.35232302 0.39930133 0.34523319 0.50234819  0.48417291 0.45702496 0.47508945 0.39693445 0.45000532 0.44589633  0.47476172 0.42761975 0.50206904 0.41641874
0.00039479 0.36283831 0.35232302 0.39930133 0.34523319 0.50234819  0.48417291 0.45702496 0.47508945 0.39693445 0.45000532 0.44589633  0.47476172 0.42761975 0.50206904 0.41641874
0.00039479 0.36283831 0.35232302 0.39930133 0.34523319 0.50234819  0.48417291 0.45702496 0.47508945 0.39693445 0.45000532 0.44589633  0.47476172 0.42761975 0.50206904 0.41641874
0.00039479 0.36283831 0.35232302 0.39930133 0.34523319 0.50234819  0.48417291 0.45702496 0.47508945 0.39693445 0.45000532 0.44589633  0.47476172 0.42761975 0.50206904 0.41641874
0.00039479 0.36283831 0.35232302 0.39930133 0.34523319 0.50234819  0.48417291 0.45702496 0.47508945 0.39693445 0.45000532 0.44589633  0.47476172 0.42761975 0.50206904 0.41641874
0.00039479 0.36283831 0.35232302 0.39930133 0.34523319 0.50234819  0.48417291 0.45702496 0.47508945 0.39693445 0.45000532 0.44589633  0.47476172 0.42761975 0.50206904 0.41641874
0.00039479 0.36283831 0.35232302 0.39930133 0.34523319 0.50234819  0.48417291 0.45702496 0.47508945 0.39693445 0.45000532 0.44589633  0.47476172 0.42761975 0.50206904 0.41641874
0.00039479 0.36283831 0.35232302 0.39930133 0.34523319 0.50234819  0.48417291 0.45702496 0.47508945 0.39693445 0.45000532 0.44589633  0.47476172 0.42761975 0.50206904 0.41641874
0.00039479 0.36283831 0.35232302 0.39930133 0.34523319 0.50234819  0.48417291 0.45702496 0.47508945 0.39693445 0.45000532 0.44589633  0.47476172 0.42761975 0.50206904 0.41641874
