0.00039479 0.36283831 0.35232302 0.39930133 0.34523319 0.50234819  0.48417291 0.45702496 0.47508945 0.39693445 0.45000532 0.44589633  0.47476172 0.42761975 0.50206904 0.41641874
0.00039479 0.36283831 0.35232302 0.39930133 0.34523319 0.50234819  0.48417291 0.45702496 0.47508945 0.39693445 0.45000532 0.44589633  0.47476172 0.42761975 0.50206904 0.41641874
0.00039479 0.36283831 0.35232302 0.39930133 0.34523319 0.50234819  0.48417291 0.45702496 0.47508945 0.39693445 0.45000532 0.44589633  0.47476172 0.42761975 0.50206904 0.41641874
0.00039479 0.36283831 0.35232302 0.39930133 0.34523319 0.50234819  0.48417291 0.45702496 0.47508945 0.39693445 0.45000532 0.44589633  0.47476172 0.42761975 0.50206904 0.41641874
0.00039479 0.36283831 0.35232302 0.39930133 0.34523319 0.50234819  0.48417291 0.45702496 0.47508945 0.39693445 0.45000532 0.44589633  0.47476172 0.42761975 0.50206904 0.41641874
0.00039479 0.36283831 0.35232302 0.39930133 0.34523319 0.50234819  0.48417291 0.45702496 0.47508945 0.39693445 0.45000532 0.44589633  0.47476172 0.42761975 0.50206904 0.41641874
0.00039479 0.36283831 0.35232302 0.39930133 0.34523319 0.50234819  0.48417291 0.45702496 0.47508945 0.39693445 0.45000532 0.44589633  0.47476172 0.42761975 0.50206904 0.41641874
0.00039479 0.36283831 0.35232302 0.39930133 0.34523319 0.50234819  0.48417291 0.45702496 0.47508945 0.39693445 0.45000532 0.44589633  0.47476172 0.42761975 0.50206904 0.41641874
0.00039479 0.36283831 0.35232302 0.39930133 0.34523319 0.50234819  0.48417291 0.45702496 0.47508945 0.39693445 0.45000532 0.44589633  0.47476172 0.42761975 0.50206904 0.41641874
0.00039479 0.36283831 0.35232302 0.39930133 0.34523319 0.50234819  0.48417291 0.45702496 0.47508945 0.39693445 0.45000532 0.44589633  0.47476172 0.42761975 0.50206904 0.41641874
0.00039479 0.36283831 0.35232302 0.39930133 0.34523319 0.50234819  0.48417291 0.45702496 0.47508945 0.39693445 0.45000532 0.44589633  0.47476172 0.42761975 0.50206904 0.41641874
0.00039479 0.36283831 0.35232302 0.39930133 0.34523319 0.50234819  0.48417291 0.45702496 0.47508945 0.39693445 0.45000532 0.44589633  0.47476172 0.42761975 0.50206904 0.41641874
0.00039479 0.36283831 0.35232302 0.39930133 0.34523319 0.50234819  0.48417291 0.45702496 0.47508945 0.39693445 0.45000532 0.44589633  0.47476172 0.42761975 0.50206904 0.41641874
0.00039479 0.36283831 0.35232302 0.39930133 0.34523319 0.50234819  0.48417291 0.45702496 0.47508945 0.39693445 0.45000532 0.44589633  0.47476172 0.42761975 0.50206904 0.41641874
0.00039479 0.36283831 0.35232302 0.39930133 0.34523319 0.50234819  0.48417291 0.45702496 0.47508945 0.39693445 0.45000532 0.44589633  0.47476172 0.42761975 0.50206904 0.41641874
0.00039479 0.36283831 0.35232302 0.39930133 0.34523319 0.50234819  0.48417291 0.45702496 0.47508945 0.39693445 0.45000532 0.44589633  0.47476172 0.42761975 0.50206904 0.41641874
0.00039479 0.36283831 0.35232302 0.39930133 0.34523319 0.50234819  0.48417291 0.45702496 0.47508945 0.39693445 0.45000532 0.44589633  0.47476172 0.42761975 0.50206904 0.41641874
0.00039479 0.36283831 0.35232302 0.39930133 0.34523319 0.50234819  0.48417291 0.45702496 0.47508945 0.39693445 0.45000532 0.44589633  0.47476172 0.42761975 0.50206904 0.41641874
0.00039479 0.36283831 0.35232302 0.39930133 0.34523319 0.50234819  0.48417291 0.45702496 0.47508945 0.39693445 0.45000532 0.44589633  0.47476172 0.42761975 0.50206904 0.41641874
0.00039479 0.36283831 0.35232302 0.39930133 0.34523319 0.50234819  0.48417291 0.45702496 0.47508945 0.39693445 0.45000532 0.44589633  0.47476172 0.42761975 0.50206904 0.41641874
0.00039479 0.36283831 0.35232302 0.39930133 0.34523319 0.50234819  0.48417291 0.45702496 0.47508945 0.39693445 0.45000532 0.44589633  0.47476172 0.42761975 0.50206904 0.41641874
0.00039479 0.36283831 0.35232302 0.39930133 0.34523319 0.50234819  0.48417291 0.45702496 0.47508945 0.39693445 0.45000532 0.44589633  0.47476172 0.42761975 0.50206904 0.41641874
0.00039479 0.36283831 0.35232302 0.39930133 0.34523319 0.50234819  0.48417291 0.45702496 0.47508945 0.39693445 0.45000532 0.44589633  0.47476172 0.42761975 0.50206904 0.41641874
0.00039479 0.36283831 0.35232302 0.39930133 0.34523319 0.50234819  0.48417291 0.45702496 0.47508945 0.39693445 0.45000532 0.44589633  0.47476172 0.42761975 0.50206904 0.41641874
0.00039479 0.36283831 0.35232302 0.39930133 0.34523319 0.50234819  0.48417291 0.45702496 0.47508945 0.39693445 0.45000532 0.44589633  0.47476172 0.42761975 0.50206904 0.41641874
0.00039479 0.36283831 0.35232302 0.39930133 0.34523319 0.50234819  0.48417291 0.45702496 0.47508945 0.39693445 0.45000532 0.44589633  0.47476172 0.42761975 0.50206904 0.41641874
0.00039479 0.36283831 0.35232302 0.39930133 0.34523319 0.50234819  0.48417291 0.45702496 0.47508945 0.39693445 0.45000532 0.44589633  0.47476172 0.42761975 0.50206904 0.41641874
0.00039479 0.36283831 0.35232302 0.39930133 0.34523319 0.50234819  0.48417291 0.45702496 0.47508945 0.39693445 0.45000532 0.44589633  0.47476172 0.42761975 0.50206904 0.41641874
0.00039479 0.36283831 0.35232302 0.39930133 0.34523319 0.50234819  0.48417291 0.45702496 0.47508945 0.39693445 0.45000532 0.44589633  0.47476172 0.42761975 0.50206904 0.41641874
0.00039479 0.36283831 0.35232302 0.39930133 0.34523319 0.50234819  0.48417291 0.45702496 0.47508945 0.39693445 0.45000532 0.44589633  0.47476172 0.42761975 0.50206904 0.41641874
0.00039479 0.36283831 0.35232302 0.39930133 0.34523319 0.50234819  0.48417291 0.45702496 0.47508945 0.39693445 0.45000532 0.44589633  0.47476172 0.42761975 0.50206904 0.41641874
0.00039479 0.36283831 0.35232302 0.39930133 0.34523319 0.50234819  0.48417291 0.45702496 0.47508945 0.39693445 0.45000532 0.44589633  0.47476172 0.42761975 0.50206904 0.41641874
0.00039479 0.36283831 0.35232302 0.39930133 0.34523319 0.50234819  0.48417291 0.45702496 0.47508945 0.39693445 0.45000532 0.44589633  0.47476172 0.42761975 0.50206904 0.41641874
0.00039479 0.36283831 0.35232302 0.39930133 0.34523319 0.50234819  0.48417291 0.45702496 0.47508945 0.39693445 0.45000532 0.44589633  0.47476172 0.42761975 0.50206904 0.41641874
0.00039479 0.36283831 0.35232302 0.39930133 0.34523319 0.50234819  0.48417291 0.45702496 0.47508945 0.39693445 0.45000532 0.44589633  0.47476172 0.42761975 0.50206904 0.41641874
0.00039479 0.36283831 0.35232302 0.39930133 0.34523319 0.50234819  0.48417291 0.45702496 0.47508945 0.39693445 0.45000532 0.44589633  0.47476172 0.42761975 0.50206904 0.41641874
0.00039479 0.36283831 0.35232302 0.39930133 0.34523319 0.50234819  0.48417291 0.45702496 0.47508945 0.39693445 0.45000532 0.44589633  0.47476172 0.42761975 0.50206904 0.41641874
0.00039479 0.36283831 0.35232302 0.39930133 0.34523319 0.50234819  0.48417291 0.45702496 0.47508945 0.39693445 0.45000532 0.44589633  0.47476172 0.42761975 0.50206904 0.41641874
0.03525649 0.41685964 0.32437467 0.45347996 0.36854765 0.43569141  0.43485985 0.4975719  0.47652552 0.39120509 0.39620065 0.45304628  0.55757342 0.45566594 0.52722734 0.46096477
0.10790948 0.52006986 0.27295207 0.53758714 0.39565131 0.37686759  0.35640982 0.53644634 0.54757535 0.39453639 0.43258952 0.45227625  0.52979935 0.5365488  0.69603209 0.43060237
0.20097527 0.59419412 0.25235471 0.53135305 0.32737275 0.61120096  0.31007286 0.42793404 0.6942551  0.50974646 0.47889807 0.49493154  0.39072338 0.52269613 0.8295986  0.50954267
0.31125234 0.7335189  0.18174709 0.616791   0.34885748 0.55765794  0.26983133 0.45499652 0.70928374 0.47995872 0.53505496 0.47171082  0.40831365 0.49491563 0.72164546 0.45888489
0.45470725 0.84209826 0.31513604 0.49890746 0.42982386 0.76778351  0.19248865 0.49815107 0.67182325 0.48788172 0.34540114 0.38461147  0.60543543 0.44045616 0.33075543 0.43291647
0.59642081 0.93258807 0.63238777 0.35208188 0.74057809 0.82936351  0.26020907 0.44052916 0.41109284 0.37743205 0.49268733 0.49949078  0.58949295 0.38412516 0.17709395 0.35972038
0.65398159 0.90237333 0.75758952 0.39960085 0.66662128 0.76455539  0.34980199 0.46343232 0.38807328 0.42294017 0.57699124 0.51524696  0.75101062 0.38749824 0.2694306  0.26290831
0.77060137 0.80208484 0.78312645 0.20813324 0.71276401 0.58683519  0.59290948 0.60342214 0.33117992 0.61058789 0.52352387 0.49701253  0.76038002 0.43066232 0.52499466 0.29536183
0.79337095 0.77916797 0.82267676 0.20346257 0.69049961 0.55692556  0.57364668 0.63715231 0.31874651 0.53434841 0.51009516 0.51211676  0.67049363 0.33228093 0.64640697 0.33721283
0.83781896 0.69024613 0.82476645 0.15425323 0.69183513 0.48623941  0.50682569 0.61509738 0.37754022 0.52830841 0.4490211  0.54631493  0.57192605 0.39780156 0.70233554 0.32469432
0.84950998 0.64926426 0.78594385 0.16407567 0.60368678 0.4622559  0.51085144 0.52923169 0.39206676 0.46620161 0.33025052 0.52000812  0.58073728 0.48793793 0.77824579 0.2780848 
0.85376334 0.5803825  0.70076868 0.21185754 0.44239118 0.40640053  0.50894447 0.47018745 0.44874316 0.42944255 0.28737631 0.4123853  0.57863541 0.51734598 0.68534993 0.18274133
0.88140572 0.43711347 0.58888769 0.27613809 0.33558005 0.35418911  0.4167392  0.28546129 0.47279117 0.26606315 0.33551909 0.51017061  0.54934141 0.32829775 0.66010997 0.20463123
0.86391378 0.34503007 0.42260819 0.3473016  0.16933789 0.31465833  0.45734439 0.34746559 0.49300386 0.47115497 0.46933737 0.58936404  0.63046397 0.36994228 0.55085992 0.2658818 
0.85956711 0.29937705 0.35609433 0.38670067 0.19301561 0.37073769  0.39775265 0.34751447 0.37605677 0.48249263 0.55725667 0.60322346  0.67494987 0.43214211 0.51714518 0.30319178
0.85937555 0.26367046 0.31687017 0.41926108 0.22477835 0.40846143  0.38650073 0.3758613  0.3317748  0.55616464 0.57851723 0.55886453  0.65373681 0.49209528 0.47176253 0.35161445
0.85022787 0.25817788 0.27959587 0.40149534 0.24813192 0.41918538  0.38645536 0.40363636 0.34143836 0.58403858 0.56196545 0.54451663  0.61728755 0.4474389  0.502248   0.33404487
0.85658094 0.1979027  0.23044204 0.46475213 0.31945891 0.50407366  0.34603793 0.41398257 0.23841434 0.58103488 0.56582696 0.42488599  0.60067078 0.43420366 0.5516211  0.39637713
0.85658094 0.1979027  0.23044204 0.46475213 0.31945891 0.50407366  0.34603793 0.41398257 0.23841434 0.58103488 0.56582696 0.42488599  0.60067078 0.43420366 0.5516211  0.39637713
0.83757663 0.20024982 0.16489213 0.44734527 0.39165218 0.57271807  0.3575889  0.44525892 0.31661934 0.49702563 0.45935437 0.36401268  0.5171818  0.40936774 0.51290474 0.4891547 
0.8047809  0.24826821 0.0977911  0.35412712 0.45612291 0.62278197  0.35637158 0.45065112 0.40864818 0.38845759 0.29148671 0.28625432  0.45731867 0.33177787 0.54202877 0.52216951
0.80085895 0.26496556 0.10028839 0.31649515 0.4347067  0.59436451  0.33146015 0.42957517 0.40053535 0.39848443 0.31854969 0.29215966  0.47450926 0.29298489 0.54574744 0.53316816
0.77766008 0.3544494  0.11532598 0.18214421 0.3624777  0.51510882  0.34784378 0.44157604 0.53254084 0.39395625 0.26759632 0.45094377  0.44964707 0.31249113 0.47374255 0.40393201
0.75500101 0.3959788  0.09496858 0.12721651 0.36291236 0.47253131  0.39032606 0.42928219 0.61687182 0.36024464 0.29584427 0.49735479  0.46131689 0.29342549 0.53318046 0.40450296
0.72789242 0.45773556 0.08903931 0.12557578 0.36356117 0.51069479  0.46328119 0.40233599 0.6187462  0.36406978 0.2546431  0.51483709  0.59956313 0.418504   0.5901102  0.45241958
0.71481644 0.49307996 0.09631979 0.12825407 0.3450387  0.53617585  0.49845024 0.449      0.58042891 0.38609797 0.23191715 0.52869951  0.60494917 0.45561787 0.66422429 0.48769129
0.68366309 0.54567752 0.08277055 0.17491726 0.36002047 0.56729231  0.54976705 0.31560378 0.58664961 0.36170185 0.26258424 0.51163546  0.75220509 0.53956235 0.59103227 0.47358705
0.71481644 0.49307996 0.09631979 0.12825407 0.3450387  0.53617585  0.49845024 0.449      0.58042891 0.38609797 0.23191715 0.52869951  0.60494917 0.45561787 0.66422429 0.48769129
0.72789242 0.45773556 0.08903931 0.12557578 0.36356117 0.51069479  0.46328119 0.40233599 0.6187462  0.36406978 0.2546431  0.51483709  0.59956313 0.418504   0.5901102  0.45241958
0.72789242 0.45773556 0.08903931 0.12557578 0.36356117 0.51069479  0.46328119 0.40233599 0.6187462  0.36406978 0.2546431  0.51483709  0.59956313 0.418504   0.5901102  0.45241958
0.77045293 0.38261378 0.11810865 0.13503757 0.33883886 0.48945744  0.34555663 0.43957064 0.56631317 0.37898498 0.25354133 0.50240491  0.4553934  0.28566417 0.47715708 0.3362237 
0.78548636 0.32492756 0.11372766 0.22845341 0.38276825 0.53065775  0.34522863 0.43537146 0.4930477  0.40980957 0.3044102  0.40203274  0.44467291 0.33757959 0.45088574 0.48599792
0.85624777 0.27604832 0.3153927  0.39117956 0.24004679 0.41586796  0.37536393 0.3819565  0.33386791 0.53995107 0.54086598 0.50910638  0.56994541 0.54296517 0.40981064 0.38998154
0.91816894 0.36187776 0.65866402 0.40111611 0.52935322 0.35667529  0.53568795 0.3636048  0.64122308 0.69659819 0.36694982 0.23428687  0.57916509 0.47893233 0.35948151 0.38012055
0.93189499 0.39232461 0.74948985 0.38071849 0.65097342 0.37481489  0.51099611 0.33161594 0.60233243 0.59267512 0.40764608 0.29948441  0.58274122 0.41102925 0.44870287 0.42841875
0.93193287 0.38919648 0.74354968 0.38981467 0.60896272 0.35540939  0.53427975 0.33506989 0.63661772 0.61948583 0.36576969 0.22727518  0.57067365 0.4312597  0.42424224 0.41662447
0.93193287 0.38919648 0.74354968 0.38981467 0.60896272 0.35540939  0.53427975 0.33506989 0.63661772 0.61948583 0.36576969 0.22727518  0.57067365 0.4312597  0.42424224 0.41662447
0.92769994 0.34773508 0.68250671 0.46710277 0.47047044 0.33058035  0.6015517  0.34988156 0.7009792  0.63069137 0.3648467  0.24341269  0.58879914 0.38862121 0.3999494  0.48752188
0.91139998 0.30528944 0.57140866 0.49901743 0.34114699 0.3245795  0.6086852  0.37296435 0.69239732 0.6454777  0.3950554  0.3106455  0.58764856 0.39731734 0.38379795 0.52349333
0.90335514 0.28413292 0.51932684 0.5118994  0.29948729 0.32598781  0.61319345 0.3910951  0.67718075 0.66287385 0.41387346 0.34803933  0.59205218 0.36631761 0.41594449 0.49972758
0.88792953 0.27614633 0.44704304 0.46567068 0.28660682 0.34359945  0.54886895 0.41287122 0.59388719 0.72173256 0.4446725  0.36931838  0.58164246 0.46484569 0.37738574 0.44318234
0.8760332  0.24392376 0.36990769 0.48590874 0.25910369 0.37050492  0.51728293 0.41423207 0.52897903 0.67441296 0.5217187  0.50376253  0.63114639 0.41882215 0.4427564  0.45131887
0.87365491 0.2398874  0.35515798 0.49441626 0.24988771 0.39065921  0.4991309  0.40389386 0.48572251 0.61598954 0.53913296 0.54899513  0.64716533 0.40037495 0.46650436 0.43339729
0.86450722 0.23439483 0.31788369 0.47665052 0.27324129 0.40138316  0.49908554 0.43166892 0.49538607 0.64386349 0.52258117 0.53464724  0.61071607 0.35571857 0.49698982 0.41582771
0.86450722 0.23439483 0.31788369 0.47665052 0.27324129 0.40138316  0.49908554 0.43166892 0.49538607 0.64386349 0.52258117 0.53464724  0.61071607 0.35571857 0.49698982 0.41582771
0.83303439 0.24918033 0.20903787 0.38437656 0.31234242 0.47336841  0.39119833 0.45597281 0.38896079 0.5778432  0.50042167 0.51152395  0.49033188 0.49636877 0.44900096 0.41712743
0.83303439 0.24918033 0.20903787 0.38437656 0.31234242 0.47336841  0.39119833 0.45597281 0.38896079 0.5778432  0.50042167 0.51152395  0.49033188 0.49636877 0.44900096 0.41712743
0.82165421 0.25417197 0.17454766 0.35760244 0.34269439 0.48881876  0.39104011 0.47040365 0.42415342 0.55747562 0.45935344 0.47725917  0.44400952 0.44164176 0.47398291 0.452376  
0.82165421 0.25417197 0.17454766 0.35760244 0.34269439 0.48881876  0.39104011 0.47040365 0.42415342 0.55747562 0.45935344 0.47725917  0.44400952 0.44164176 0.47398291 0.452376  
0.83510935 0.20059012 0.16098497 0.44603638 0.39917876 0.56255041  0.40147629 0.47627702 0.36382562 0.5359342  0.43051468 0.38603804  0.46761584 0.42403416 0.59491353 0.45708376
0.84446805 0.16253521 0.15454365 0.51720016 0.43707211 0.61070053  0.42705517 0.50206461 0.35031206 0.50738208 0.40741486 0.37173218  0.43957857 0.44697514 0.58244489 0.44070377
0.84446805 0.16253521 0.15454365 0.51720016 0.43707211 0.61070053  0.42705517 0.50206461 0.35031206 0.50738208 0.40741486 0.37173218  0.43957857 0.44697514 0.58244489 0.44070377
0.84936942 0.14118526 0.15061062 0.56391265 0.46169413 0.64743236  0.44920255 0.52456619 0.33583731 0.49400719 0.38784379 0.35515311  0.44152969 0.45905987 0.62394831 0.42477655
0.84936942 0.14118526 0.15061062 0.56391265 0.46169413 0.64743236  0.44920255 0.52456619 0.33583731 0.49400719 0.38784379 0.35515311  0.44152969 0.45905987 0.62394831 0.42477655
0.85191403 0.1295855  0.14853282 0.59616792 0.48057563 0.67350181  0.48170564 0.55088354 0.36174153 0.47158633 0.34767902 0.37981816  0.41726093 0.48833716 0.60953509 0.37134164
0.85191403 0.1295855  0.14853282 0.59616792 0.48057563 0.67350181  0.48170564 0.55088354 0.36174153 0.47158633 0.34767902 0.37981816  0.41726093 0.48833716 0.60953509 0.37134164
0.85375173 0.12082485 0.147847   0.6230284  0.49329092 0.69285241  0.51110891 0.5766834  0.38912532 0.45342935 0.3170977  0.41528965  0.39206807 0.51413594 0.57663315 0.3249304 
0.85321691 0.12326    0.14821758 0.61548042 0.48860606 0.68643847  0.50140247 0.56845917 0.37762737 0.46176973 0.3321314  0.40387147  0.40926251 0.49451557 0.59446413 0.34160409
0.85321691 0.12326    0.14821758 0.61548042 0.48860606 0.68643847  0.50140247 0.56845917 0.37762737 0.46176973 0.3321314  0.40387147  0.40926251 0.49451557 0.59446413 0.34160409
0.85321691 0.12326    0.14821758 0.61548042 0.48860606 0.68643847  0.50140247 0.56845917 0.37762737 0.46176973 0.3321314  0.40387147  0.40926251 0.49451557 0.59446413 0.34160409
0.85376316 0.12085022 0.14857369 0.62219688 0.48898103 0.68776878  0.50527568 0.56884017 0.37500715 0.46334219 0.33916105 0.40567787  0.41956256 0.48731403 0.60220434 0.35144013
0.85376316 0.12085022 0.14857369 0.62219688 0.48898103 0.68776878  0.50527568 0.56884017 0.37500715 0.46334219 0.33916105 0.40567787  0.41956256 0.48731403 0.60220434 0.35144013
0.85376316 0.12085022 0.14857369 0.62219688 0.48898103 0.68776878  0.50527568 0.56884017 0.37500715 0.46334219 0.33916105 0.40567787  0.41956256 0.48731403 0.60220434 0.35144013
0.86585907 0.11283724 0.18091984 0.65216269 0.46557528 0.68318473  0.4987952  0.55372215 0.32508587 0.46783217 0.36336388 0.42300766  0.48287452 0.50853659 0.60624412 0.27252093
0.85255068 0.1266124  0.14853199 0.60317778 0.48095246 0.67569348  0.48254814 0.55122712 0.35108738 0.4780733  0.36135965 0.37740958  0.44327561 0.46176306 0.63577183 0.37827717
0.84206365 0.13249765 0.1201926  0.60393402 0.52350417 0.71584056  0.51777013 0.57123837 0.42579329 0.41025183 0.28557646 0.38384423  0.43428451 0.44781177 0.59724435 0.36822576
0.83490105 0.15209498 0.113133   0.58580503 0.5427613  0.75259924  0.52698115 0.58491421 0.4444985  0.34110715 0.1649149  0.38072079  0.39781852 0.4567455  0.60246621 0.2591245 
0.82214249 0.17190999 0.08452889 0.53852121 0.55515782 0.76530054  0.49105136 0.56307074 0.45547828 0.30222343 0.14877211 0.33174931  0.40155555 0.42229264 0.57605406 0.3544892 
0.82214249 0.17190999 0.08452889 0.53852121 0.55515782 0.76530054  0.49105136 0.56307074 0.45547828 0.30222343 0.14877211 0.33174931  0.40155555 0.42229264 0.57605406 0.3544892 
0.82214249 0.17190999 0.08452889 0.53852121 0.55515782 0.76530054  0.49105136 0.56307074 0.45547828 0.30222343 0.14877211 0.33174931  0.40155555 0.42229264 0.57605406 0.3544892 
0.82214249 0.17190999 0.08452889 0.53852121 0.55515782 0.76530054  0.49105136 0.56307074 0.45547828 0.30222343 0.14877211 0.33174931  0.40155555 0.42229264 0.57605406 0.3544892 
0.82214249 0.17190999 0.08452889 0.53852121 0.55515782 0.76530054  0.49105136 0.56307074 0.45547828 0.30222343 0.14877211 0.33174931  0.40155555 0.42229264 0.57605406 0.3544892 
0.82214249 0.17190999 0.08452889 0.53852121 0.55515782 0.76530054  0.49105136 0.56307074 0.45547828 0.30222343 0.14877211 0.33174931  0.40155555 0.42229264 0.57605406 0.3544892 
0.81792082 0.19184106 0.08554442 0.47808378 0.52935228 0.72526902  0.42837162 0.51109002 0.40333093 0.33696493 0.2029051  0.25899991  0.44164123 0.37789661 0.63411773 0.43747564
0.8024689  0.20520608 0.06240434 0.47026271 0.55342578 0.70834289  0.47314104 0.50080158 0.45388958 0.31822459 0.24520803 0.2539498  0.44756472 0.38565794 0.69014112 0.5057549 
0.79209802 0.24632768 0.06608046 0.39169825 0.51425372 0.66672452  0.44325311 0.4806888  0.46747849 0.32479214 0.24855892 0.27819578  0.47680764 0.33129219 0.72741115 0.4771239 
0.68796296 0.4411437  0.02730166 0.29870298 0.5036183  0.51027852  0.5588707  0.20471405 0.63036014 0.28282486 0.47945289 0.36543398  0.66239699 0.45233136 0.6417165  0.41088921
0.52951117 0.66231043 0.05446101 0.41902939 0.45032811 0.40775007  0.61413873 0.10190644 0.49723877 0.42278487 0.42019609 0.497183  0.41331556 0.48388673 0.57356058 0.32563448
0.27064902 0.64980987 0.1618547  0.53296832 0.45909869 0.22723682  0.5958537  0.44795996 0.24698825 0.41513454 0.33741177 0.48063684  0.35026526 0.37845889 0.4765379  0.40775571
0.08837313 0.49349274 0.28301688 0.52244009 0.39707778 0.33667853  0.39970993 0.54279457 0.41499696 0.3711332  0.29385644 0.45910554  0.67842059 0.39321697 0.36828835 0.52620442
0.01790387 0.3898545  0.33817562 0.42642862 0.35681041 0.46717525  0.46152885 0.47694295 0.46991849 0.39350101 0.41724602 0.4497633  0.51968443 0.43336993 0.49846349 0.44236435
0.00039479 0.36283831 0.35232302 0.39930133 0.34523319 0.50234819  0.48417291 0.45702496 0.47508945 0.39693445 0.45000532 0.44589633  0.47476172 0.42761975 0.50206904 0.41641874
0.00039479 0.36283831 0.35232302 0.39930133 0.34523319 0.50234819  0.48417291 0.45702496 0.47508945 0.39693445 0.45000532 0.44589633  0.47476172 0.42761975 0.50206904 0.41641874
0.00039479 0.36283831 0.35232302 0.39930133 0.34523319 0.50234819  0.48417291 0.45702496 0.47508945 0.39693445 0.45000532 0.44589633  0.47476172 0.42761975 0.50206904 0.41641874
0.00039479 0.36283831 0.35232302 0.39930133 0.34523319 0.50234819  0.48417291 0.45702496 0.47508945 0.39693445 0.45000532 0.44589633  0.47476172 0.42761975 0.50206904 0.41641874
0.00039479 0.36283831 0.35232302 0.39930133 0.34523319 0.50234819  0.48417291 0.45702496 0.47508945 0.39693445 0.45000532 0.44589633  0.47476172 0.42761975 0.50206904 0.41641874
0.00039479 0.36283831 0.35232302 0.39930133 0.34523319 0.50234819  0.48417291 0.45702496 0.47508945 0.39693445 0.45000532 0.44589633  0.47476172 0.42761975 0.50206904 0.41641874
0.00039479 0.36283831 0.35232302 0.39930133 0.34523319 0.50234819  0.48417291 0.45702496 0.47508945 0.39693445 0.45000532 0.44589633  0.47476172 0.42761975 0.50206904 0.41641874
0.00039479 0.36283831 0.35232302 0.39930133 0.34523319 0.50234819  0.48417291 0.45702496 0.47508945 0.39693445 0.45000532 0.44589633  0.47476172 0.42761975 0.50206904 0.41641874
0.00039479 0.36283831 0.35232302 0.39930133 0.34523319 0.50234819  0.48417291 0.45702496 0.47508945 0.39693445 0.45000532 0.44589633  0.47476172 0.42761975 0.50206904 0.41641874
0.00039479 0.36283831 0.35232302 0.39930133 0.34523319 0.50234819  0.48417291 0.45702496 0.47508945 0.39693445 0.45000532 0.44589633  0.47476172 0.42761975 0.50206904 0.41641874
0.00039479 0.36283831 0.35232302 0.39930133 0.34523319 0.50234819  0.48417291 0.45702496 0.47508945 0.39693445 0.45000532 0.44589633  0.47476172 0.42761975 0.50206904 0.41641874
0.12703728 0.540545   0.2630731  0.54404947 0.39250815 0.38912251  0.35093785 0.53638842 0.58113194 0.38410803 0.49624554 0.43818117  0.50274487 0.56447719 0.72958492 0.36006143
0.27445368 0.71691733 0.17472109 0.6311477  0.40916456 0.36333366  0.32974523 0.54222879 0.60341075 0.34758888 0.61097478 0.40037442  0.48946325 0.51130823 0.55918437 0.29566567
0.34817322 0.77643829 0.1516065  0.62261082 0.37042585 0.47147105  0.32543141 0.5264842  0.64496107 0.3621299  0.63532674 0.40024413  0.53653883 0.4364367  0.44460573 0.37077021
0.45241574 0.69076968 0.1380393  0.38473499 0.37738456 0.45222151  0.49286604 0.74094669 0.6554626  0.23763214 0.75808838 0.34031415  0.77345537 0.53311745 0.625038   0.39695316
0.45241574 0.69076968 0.1380393  0.38473499 0.37738456 0.45222151  0.49286604 0.74094669 0.6554626  0.23763214 0.75808838 0.34031415  0.77345537 0.53311745 0.625038   0.39695316
0.51765537 0.63950875 0.13389465 0.32139138 0.363299   0.4801921  0.48491669 0.78447456 0.64020903 0.22470533 0.81505605 0.31671595  0.68934162 0.40782331 0.47131338 0.37570212
0.53308994 0.61222885 0.14059167 0.30106868 0.35421336 0.46311344  0.45602027 0.84523922 0.63716419 0.23214548 0.797921   0.32412898  0.59715945 0.34606715 0.52378325 0.37773016
0.54146502 0.58686934 0.14769297 0.33821678 0.3429848  0.43843006  0.46953679 0.84917643 0.64237874 0.28655905 0.89638397 0.35552071  0.60991238 0.36268439 0.4849939  0.45999438
0.59197512 0.56557781 0.17156045 0.31973936 0.28257605 0.52513082  0.38316605 0.88011827 0.62416026 0.36153839 0.77484297 0.39636447  0.48921481 0.28001334 0.52258771 0.48382695
0.61520438 0.60143953 0.18022741 0.28948335 0.24507425 0.57535426  0.43898247 0.88926848 0.50572439 0.39984324 0.60295095 0.436027  0.46474535 0.28383495 0.53423189 0.49105085
0.68048324 0.58626238 0.18213478 0.25129893 0.22352445 0.56809019  0.56773743 0.79447441 0.34870505 0.53562179 0.52616852 0.53064702  0.4090343  0.30955986 0.60757382 0.55719264
0.71062545 0.54352522 0.19831084 0.24042035 0.20743276 0.56813806  0.51527091 0.73512137 0.3281586  0.5643761  0.41634376 0.5650163  0.42036209 0.3760759  0.61182958 0.49587575
0.75191684 0.46693678 0.21652548 0.22227798 0.20499514 0.48725955  0.49715288 0.67583333 0.37885229 0.58871386 0.41510716 0.61284912  0.45996968 0.51365731 0.69064296 0.43569063
0.78022207 0.41963835 0.22260352 0.21441596 0.22369978 0.4774943  0.42572185 0.49634017 0.38565647 0.55172228 0.29272961 0.62482298  0.53092316 0.48807661 0.68591896 0.25841494
0.83303439 0.24918033 0.20903787 0.38437656 0.31234242 0.47336841  0.39119833 0.45597281 0.38896079 0.5778432  0.50042167 0.51152395  0.49033188 0.49636877 0.44900096 0.41712743
0.86619683 0.15772792 0.22170889 0.547373   0.37060096 0.5721769  0.38829893 0.44667848 0.22978045 0.55531113 0.50991821 0.38364027  0.59012039 0.47775336 0.61290119 0.37004674
0.88024589 0.14187054 0.25505016 0.61185124 0.3718694  0.59818477  0.41049168 0.441405   0.20564214 0.5140623  0.50689892 0.38140909  0.62852076 0.53449447 0.62391914 0.3716891 
0.89181002 0.13058396 0.28868692 0.66889145 0.37136237 0.6030727  0.46964371 0.45157986 0.24205803 0.48332    0.47701213 0.4158317  0.65070513 0.53241231 0.65499452 0.30309217
0.89771095 0.10565637 0.29324544 0.74662247 0.3916736  0.62757352  0.5593636  0.495389   0.34108014 0.4626432  0.44764188 0.51162829  0.63313611 0.52935119 0.56911614 0.30249376
0.89094723 0.08899337 0.25564144 0.76243367 0.42811743 0.65897838  0.59259471 0.54934492 0.37550726 0.47393263 0.40753843 0.53455829  0.58179403 0.50329205 0.57443988 0.24834898
0.89331976 0.07779758 0.25458505 0.79684214 0.44551758 0.68474293  0.63170442 0.58336901 0.414389   0.44743527 0.36192341 0.58144797  0.53940673 0.54871121 0.52370696 0.18526406
0.89423576 0.07355758 0.25562831 0.81346257 0.44962402 0.69067661  0.65513023 0.59480113 0.44408516 0.4325164  0.3486948  0.61316352  0.52967955 0.5446439  0.49757297 0.18025711
0.90104248 0.05028241 0.26709783 0.88728004 0.46850347 0.69418947  0.76370328 0.63523964 0.60000583 0.43301985 0.31164689 0.71673434  0.51085488 0.49129461 0.38939341 0.20680464
0.90158675 0.04772471 0.26775342 0.89772145 0.47138887 0.69822639  0.77923999 0.64325457 0.6207511  0.42213919 0.30086844 0.73905714  0.50152988 0.49105955 0.36838664 0.20005987
0.90195396 0.04597444 0.26817536 0.90492389 0.47348908 0.70122851  0.79007006 0.64914201 0.63536634 0.41451846 0.29268081 0.75526615  0.49411066 0.49224434 0.35237908 0.19381709
0.90195396 0.04597444 0.26817536 0.90492389 0.47348908 0.70122851  0.79007006 0.64914201 0.63536634 0.41451846 0.29268081 0.75526615  0.49411066 0.49224434 0.35237908 0.19381709
0.90195396 0.04597444 0.26817536 0.90492389 0.47348908 0.70122851  0.79007006 0.64914201 0.63536634 0.41451846 0.29268081 0.75526615  0.49411066 0.49224434 0.35237908 0.19381709
0.90195396 0.04597444 0.26817536 0.90492389 0.47348908 0.70122851  0.79007006 0.64914201 0.63536634 0.41451846 0.29268081 0.75526615  0.49411066 0.49224434 0.35237908 0.19381709
0.90195396 0.04597444 0.26817536 0.90492389 0.47348908 0.70122851  0.79007006 0.64914201 0.63536634 0.41451846 0.29268081 0.75526615  0.49411066 0.49224434 0.35237908 0.19381709
0.90195396 0.04597444 0.26817536 0.90492389 0.47348908 0.70122851  0.79007006 0.64914201 0.63536634 0.41451846 0.29268081 0.75526615  0.49411066 0.49224434 0.35237908 0.19381709
0.90195396 0.04597444 0.26817536 0.90492389 0.47348908 0.70122851  0.79007006 0.64914201 0.63536634 0.41451846 0.29268081 0.75526615  0.49411066 0.49224434 0.35237908 0.19381709
0.89293444 0.04566126 0.23246079 0.88013894 0.49287762 0.72241003  0.76342111 0.66528451 0.62485467 0.42283989 0.28240284 0.74550859  0.44765754 0.5236038  0.30689048 0.20897911
0.88885824 0.0561871  0.22235414 0.85282244 0.48991739 0.74187427  0.71716681 0.66212172 0.54386896 0.38203881 0.27099199 0.72670279  0.42491664 0.5974953  0.33575121 0.13774848
0.88885824 0.0561871  0.22235414 0.85282244 0.48991739 0.74187427  0.71716681 0.66212172 0.54386896 0.38203881 0.27099199 0.72670279  0.42491664 0.5974953  0.33575121 0.13774848
0.87644606 0.06585585 0.18662455 0.80809248 0.5162895  0.75162464  0.69246966 0.66564244 0.54825851 0.37631328 0.24150932 0.66120311  0.38610538 0.5514981  0.38458365 0.17046652
0.8598634  0.09207199 0.14854229 0.71842734 0.53017992 0.74845682  0.62355405 0.65595965 0.50304473 0.38235733 0.22258929 0.55949451  0.30518338 0.59965349 0.43561162 0.208189  
0.85949619 0.09382226 0.14812035 0.71122491 0.52807971 0.7454547  0.61272397 0.65007221 0.48842949 0.38997807 0.23077692 0.5432855  0.3126026  0.59846869 0.45161918 0.21443177
0.83583953 0.12163001 0.0915292  0.65954887 0.5808255  0.79402037  0.60878027 0.64299778 0.57408441 0.28239183 0.13883724 0.4973407  0.29765016 0.5650477  0.37726898 0.31012626
0.81108796 0.16478438 0.0606647  0.59796932 0.61100313 0.79381522  0.61772949 0.61509196 0.59309393 0.22323106 0.09868287 0.4279155  0.30425153 0.5485297  0.50250988 0.31483309
0.81108796 0.16478438 0.0606647  0.59796932 0.61100313 0.79381522  0.61772949 0.61509196 0.59309393 0.22323106 0.09868287 0.4279155  0.30425153 0.5485297  0.50250988 0.31483309
0.77483692 0.22041744 0.0341396  0.55490359 0.62868903 0.72832108  0.62237623 0.49436605 0.58173908 0.23569427 0.25623056 0.33325514  0.43699822 0.55470318 0.59783122 0.40276274
0.70618866 0.28298526 0.00615288 0.597556   0.67898728 0.6295317  0.69613325 0.34750943 0.55416964 0.18687401 0.43543074 0.25106272  0.56326966 0.63197568 0.57666479 0.3861534 
0.58217899 0.42626813 0.02048148 0.53765671 0.64425807 0.38595511  0.69963633 0.2333531  0.49880038 0.23581013 0.37550198 0.339613  0.52973538 0.67632928 0.63390531 0.2539208 
0.58217899 0.42626813 0.02048148 0.53765671 0.64425807 0.38595511  0.69963633 0.2333531  0.49880038 0.23581013 0.37550198 0.339613  0.52973538 0.67632928 0.63390531 0.2539208 
0.41722281 0.57591158 0.08423639 0.4458206  0.52157661 0.17620625  0.61558077 0.18501862 0.37030313 0.36777263 0.29920041 0.49290498  0.47301885 0.52263557 0.56919781 0.28939979
0.41722281 0.57591158 0.08423639 0.4458206  0.52157661 0.17620625  0.61558077 0.18501862 0.37030313 0.36777263 0.29920041 0.49290498  0.47301885 0.52263557 0.56919781 0.28939979
0.21493829 0.57776247 0.19614235 0.48949495 0.45244458 0.21744114  0.6406733  0.44540615 0.14564434 0.40618015 0.21414685 0.49437643  0.47066631 0.29641151 0.28987608 0.49304124
0.21493829 0.57776247 0.19614235 0.48949495 0.45244458 0.21744114  0.6406733  0.44540615 0.14564434 0.40618015 0.21414685 0.49437643  0.47066631 0.29641151 0.28987608 0.49304124
0.1062998  0.44031098 0.27212109 0.40107468 0.40898124 0.32900978  0.65621535 0.40931053 0.19487262 0.43026155 0.22361334 0.503628  0.47521288 0.30442735 0.32817201 0.52420776
0.07057186 0.4363202  0.29688016 0.44476643 0.38823898 0.36908819  0.52491791 0.46269653 0.31979163 0.40788175 0.2630435  0.48417518  0.57287142 0.33420379 0.33510928 0.53324894
0.05336775 0.43914143 0.31083182 0.46832666 0.37416152 0.39938838  0.45143619 0.50292086 0.40448693 0.37548598 0.33684065 0.45259001  0.60541605 0.3574237  0.32371238 0.49045415
0.01779563 0.38669558 0.33863985 0.42004769 0.35385851 0.46460162  0.48109267 0.47190843 0.43452283 0.38595027 0.3992976  0.44733029  0.52908455 0.38078184 0.39373238 0.44873962
0.01779563 0.38669558 0.33863985 0.42004769 0.35385851 0.46460162  0.48109267 0.47190843 0.43452283 0.38595027 0.3992976  0.44733029  0.52908455 0.38078184 0.39373238 0.44873962
0.01779563 0.38669558 0.33863985 0.42004769 0.35385851 0.46460162  0.48109267 0.47190843 0.43452283 0.38595027 0.3992976  0.44733029  0.52908455 0.38078184 0.39373238 0.44873962
0.01779563 0.38669558 0.33863985 0.42004769 0.35385851 0.46460162  0.48109267 0.47190843 0.43452283 0.38595027 0.3992976  0.44733029  0.52908455 0.38078184 0.39373238 0.44873962
0.00039479 0.36283831 0.35232302 0.39930133 0.34523319 0.50234819  0.48417291 0.45702496 0.47508945 0.39693445 0.45000532 0.44589633  0.47476172 0.42761975 0.50206904 0.41641874
0.00039479 0.36283831 0.35232302 0.39930133 0.34523319 0.50234819  0.48417291 0.45702496 0.47508945 0.39693445 0.45000532 0.44589633  0.47476172 0.42761975 0.50206904 0.41641874
0.00039479 0.36283831 0.35232302 0.39930133 0.34523319 0.50234819  0.48417291 0.45702496 0.47508945 0.39693445 0.45000532 0.44589633  0.47476172 0.42761975 0.50206904 0.41641874
0.00039479 0.36283831 0.35232302 0.39930133 0.34523319 0.50234819  0.48417291 0.45702496 0.47508945 0.39693445 0.45000532 0.44589633  0.47476172 0.42761975 0.50206904 0.41641874
0.00039479 0.36283831 0.35232302 0.39930133 0.34523319 0.50234819  0.48417291 0.45702496 0.47508945 0.39693445 0.45000532 0.44589633  0.47476172 0.42761975 0.50206904 0.41641874
0.00039479 0.36283831 0.35232302 0.39930133 0.34523319 0.50234819  0.48417291 0.45702496 0.47508945 0.39693445 0.45000532 0.44589633  0.47476172 0.42761975 0.50206904 0.41641874
0.00039479 0.36283831 0.35232302 0.39930133 0.34523319 0.50234819  0.48417291 0.45702496 0.47508945 0.39693445 0.45000532 0.44589633  0.47476172 0.42761975 0.50206904 0.41641874
0.00039479 0.36283831 0.35232302 0.39930133 0.34523319 0.50234819  0.48417291 0.45702496 0.47508945 0.39693445 0.45000532 0.44589633  0.47476172 0.42761975 0.50206904 0.41641874
0.00039479 0.36283831 0.35232302 0.39930133 0.34523319 0.50234819  0.48417291 0.45702496 0.47508945 0.39693445 0.45000532 0.44589633  0.47476172 0.42761975 0.50206904 0.41641874
0.00039479 0.36283831 0.35232302 0.39930133 0.34523319 0.50234819  0.48417291 0.45702496 0.47508945 0.39693445 0.45000532 0.44589633  0.47476172 0.42761975 0.50206904 0.41641874
0.00039479 0.36283831 0.35232302 0.39930133 0.34523319 0.50234819  0.48417291 0.45702496 0.47508945 0.39693445 0.45000532 0.44589633  0.47476172 0.42761975 0.50206904 0.41641874
0.00039479 0.36283831 0.35232302 0.39930133 0.34523319 0.50234819  0.48417291 0.45702496 0.47508945 0.39693445 0.45000532 0.44589633  0.47476172 0.42761975 0.50206904 0.41641874
0.00039479 0.36283831 0.35232302 0.39930133 0.34523319 0.50234819  0.48417291 0.45702496 0.47508945 0.39693445 0.45000532 0.44589633  0.47476172 0.42761975 0.50206904 0.41641874
