0.00039479 0.36283831 0.35232302 0.39930133 0.34523319 0.50234819  0.48417291 0.45702496 0.47508945 0.39693445 0.45000532 0.44589633  0.47476172 0.42761975 0.50206904 0.41641874
0.00039479 0.36283831 0.35232302 0.39930133 0.34523319 0.50234819  0.48417291 0.45702496 0.47508945 0.39693445 0.45000532 0.44589633  0.47476172 0.42761975 0.50206904 0.41641874
0.00039479 0.36283831 0.35232302 0.39930133 0.34523319 0.50234819  0.48417291 0.45702496 0.47508945 0.39693445 0.45000532 0.44589633  0.47476172 0.42761975 0.50206904 0.41641874
0.00039479 0.36283831 0.35232302 0.39930133 0.34523319 0.50234819  0.48417291 0.45702496 0.47508945 0.39693445 0.45000532 0.44589633  0.47476172 0.42761975 0.50206904 0.41641874
0.00039479 0.36283831 0.35232302 0.39930133 0.34523319 0.50234819  0.48417291 0.45702496 0.47508945 0.39693445 0.45000532 0.44589633  0.47476172 0.42761975 0.50206904 0.41641874
0.00039479 0.36283831 0.35232302 0.39930133 0.34523319 0.50234819  0.48417291 0.45702496 0.47508945 0.39693445 0.45000532 0.44589633  0.47476172 0.42761975 0.50206904 0.41641874
0.00039479 0.36283831 0.35232302 0.39930133 0.34523319 0.50234819  0.48417291 0.45702496 0.47508945 0.39693445 0.45000532 0.44589633  0.47476172 0.42761975 0.50206904 0.41641874
0.00039479 0.36283831 0.35232302 0.39930133 0.34523319 0.50234819  0.48417291 0.45702496 0.47508945 0.39693445 0.45000532 0.44589633  0.47476172 0.42761975 0.50206904 0.41641874
0.00039479 0.36283831 0.35232302 0.39930133 0.34523319 0.50234819  0.48417291 0.45702496 0.47508945 0.39693445 0.45000532 0.44589633  0.47476172 0.42761975 0.50206904 0.41641874
0.00039479 0.36283831 0.35232302 0.39930133 0.34523319 0.50234819  0.48417291 0.45702496 0.47508945 0.39693445 0.45000532 0.44589633  0.47476172 0.42761975 0.50206904 0.41641874
0.00039479 0.36283831 0.35232302 0.39930133 0.34523319 0.50234819  0.48417291 0.45702496 0.47508945 0.39693445 0.45000532 0.44589633  0.47476172 0.42761975 0.50206904 0.41641874
0.00039479 0.36283831 0.35232302 0.39930133 0.34523319 0.50234819  0.48417291 0.45702496 0.47508945 0.39693445 0.45000532 0.44589633  0.47476172 0.42761975 0.50206904 0.41641874
0.00039479 0.36283831 0.35232302 0.39930133 0.34523319 0.50234819  0.48417291 0.45702496 0.47508945 0.39693445 0.45000532 0.44589633  0.47476172 0.42761975 0.50206904 0.41641874
0.00039479 0.36283831 0.35232302 0.39930133 0.34523319 0.50234819  0.48417291 0.45702496 0.47508945 0.39693445 0.45000532 0.44589633  0.47476172 0.42761975 0.50206904 0.41641874
0.00039479 0.36283831 0.35232302 0.39930133 0.34523319 0.50234819  0.48417291 0.45702496 0.47508945 0.39693445 0.45000532 0.44589633  0.47476172 0.42761975 0.50206904 0.41641874
0.00039479 0.36283831 0.35232302 0.39930133 0.34523319 0.50234819  0.48417291 0.45702496 0.47508945 0.39693445 0.45000532 0.44589633  0.47476172 0.42761975 0.50206904 0.41641874
0.00039479 0.36283831 0.35232302 0.39930133 0.34523319 0.50234819  0.48417291 0.45702496 0.47508945 0.39693445 0.45000532 0.44589633  0.47476172 0.42761975 0.50206904 0.41641874
0.00039479 0.36283831 0.35232302 0.39930133 0.34523319 0.50234819  0.48417291 0.45702496 0.47508945 0.39693445 0.45000532 0.44589633  0.47476172 0.42761975 0.50206904 0.41641874
0.00039479 0.36283831 0.35232302 0.39930133 0.34523319 0.50234819  0.48417291 0.45702496 0.47508945 0.39693445 0.45000532 0.44589633  0.47476172 0.42761975 0.50206904 0.41641874
0.00039479 0.36283831 0.35232302 0.39930133 0.34523319 0.50234819  0.48417291 0.45702496 0.47508945 0.39693445 0.45000532 0.44589633  0.47476172 0.42761975 0.50206904 0.41641874
0.00039479 0.36283831 0.35232302 0.39930133 0.34523319 0.50234819  0.48417291 0.45702496 0.47508945 0.39693445 0.45000532 0.44589633  0.47476172 0.42761975 0.50206904 0.41641874
0.00039479 0.36283831 0.35232302 0.39930133 0.34523319 0.50234819  0.48417291 0.45702496 0.47508945 0.39693445 0.45000532 0.44589633  0.47476172 0.42761975 0.50206904 0.41641874
0.00039479 0.36283831 0.35232302 0.39930133 0.34523319 0.50234819  0.48417291 0.45702496 0.47508945 0.39693445 0.45000532 0.44589633  0.47476172 0.42761975 0.50206904 0.41641874
0.00039479 0.36283831 0.35232302 0.39930133 0.34523319 0.50234819  0.48417291 0.45702496 0.47508945 0.39693445 0.45000532 0.44589633  0.47476172 0.42761975 0.50206904 0.41641874
0.00039479 0.36283831 0.35232302 0.39930133 0.34523319 0.50234819  0.48417291 0.45702496 0.47508945 0.39693445 0.45000532 0.44589633  0.47476172 0.42761975 0.50206904 0.41641874
0.00039479 0.36283831 0.35232302 0.39930133 0.34523319 0.50234819  0.48417291 0.45702496 0.47508945 0.39693445 0.45000532 0.44589633  0.47476172 0.42761975 0.50206904 0.41641874
0.00039479 0.36283831 0.35232302 0.39930133 0.34523319 0.50234819  0.48417291 0.45702496 0.47508945 0.39693445 0.45000532 0.44589633  0.47476172 0.42761975 0.50206904 0.41641874
0.00039479 0.36283831 0.35232302 0.39930133 0.34523319 0.50234819  0.48417291 0.45702496 0.47508945 0.39693445 0.45000532 0.44589633  0.47476172 0.42761975 0.50206904 0.41641874
0.00039479 0.36283831 0.35232302 0.39930133 0.34523319 0.50234819  0.48417291 0.45702496 0.47508945 0.39693445 0.45000532 0.44589633  0.47476172 0.42761975 0.50206904 0.41641874
0.00039479 0.36283831 0.35232302 0.39930133 0.34523319 0.50234819  0.48417291 0.45702496 0.47508945 0.39693445 0.45000532 0.44589633  0.47476172 0.42761975 0.50206904 0.41641874
0.00039479 0.36283831 0.35232302 0.39930133 0.34523319 0.50234819  0.48417291 0.45702496 0.47508945 0.39693445 0.45000532 0.44589633  0.47476172 0.42761975 0.50206904 0.41641874
0.00039479 0.36283831 0.35232302 0.39930133 0.34523319 0.50234819  0.48417291 0.45702496 0.47508945 0.39693445 0.45000532 0.44589633  0.47476172 0.42761975 0.50206904 0.41641874
0.00039479 0.36283831 0.35232302 0.39930133 0.34523319 0.50234819  0.48417291 0.45702496 0.47508945 0.39693445 0.45000532 0.44589633  0.47476172 0.42761975 0.50206904 0.41641874
0.00039479 0.36283831 0.35232302 0.39930133 0.34523319 0.50234819  0.48417291 0.45702496 0.47508945 0.39693445 0.45000532 0.44589633  0.47476172 0.42761975 0.50206904 0.41641874
0.00039479 0.36283831 0.35232302 0.39930133 0.34523319 0.50234819  0.48417291 0.45702496 0.47508945 0.39693445 0.45000532 0.44589633  0.47476172 0.42761975 0.50206904 0.41641874
0.00039479 0.36283831 0.35232302 0.39930133 0.34523319 0.50234819  0.48417291 0.45702496 0.47508945 0.39693445 0.45000532 0.44589633  0.47476172 0.42761975 0.50206904 0.41641874
0.00039479 0.36283831 0.35232302 0.39930133 0.34523319 0.50234819  0.48417291 0.45702496 0.47508945 0.39693445 0.45000532 0.44589633  0.47476172 0.42761975 0.50206904 0.41641874
0.00039479 0.36283831 0.35232302 0.39930133 0.34523319 0.50234819  0.48417291 0.45702496 0.47508945 0.39693445 0.45000532 0.44589633  0.47476172 0.42761975 0.50206904 0.41641874
0.00039479 0.36283831 0.35232302 0.39930133 0.34523319 0.50234819  0.48417291 0.45702496 0.47508945 0.39693445 0.45000532 0.44589633  0.47476172 0.42761975 0.50206904 0.41641874
0.01865742 0.3880557  0.34025579 0.41843982 0.3494262  0.49750935  0.46205159 0.46401308 0.50597385 0.40376969 0.46950961 0.4478266  0.44969389 0.45506031 0.57557814 0.40855754
0.07219041 0.4625789  0.30509759 0.48249172 0.36307135 0.46869752  0.38960032 0.48818572 0.5541493  0.43265161 0.43211871 0.47072834  0.45806783 0.49454618 0.70775685 0.45977915
0.12743998 0.51108315 0.29130294 0.49521646 0.32811365 0.59302983  0.34103841 0.41551279 0.63781435 0.51834878 0.40522657 0.51285467  0.38888717 0.51370527 0.84139156 0.5214873 
0.33478221 0.74054613 0.22068709 0.53930609 0.34681839 0.71687031  0.30058056 0.40258456 0.76775927 0.46228688 0.67936654 0.43231946  0.34476803 0.52266701 0.73465366 0.37583062
0.45208294 0.88817232 0.40681474 0.48159629 0.6776307  0.80138758  0.12313185 0.43415439 0.57024901 0.36053834 0.61899315 0.66787809  0.61326456 0.38865563 0.42730538 0.57435866
0.53787486 0.89090276 0.56969702 0.34388536 0.73074446 0.85945442  0.10779527 0.57564544 0.55751051 0.35725502 0.44731441 0.51432971  0.74222941 0.43712858 0.31268881 0.50729093
0.64383035 0.90225039 0.6583379  0.29249875 0.73946687 0.82575898  0.34041696 0.47838558 0.33923272 0.34134468 0.57891972 0.51979303  0.77916509 0.46349466 0.2541433  0.30613045
0.74413846 0.81612895 0.77548119 0.23686829 0.69023255 0.65804745  0.49902482 0.59068518 0.36959031 0.32183185 0.58971768 0.52682136  0.81399902 0.35694596 0.63524566 0.31438971
0.78910188 0.77138193 0.79588012 0.21908961 0.66538796 0.58987211  0.53779141 0.61701412 0.23452806 0.41133226 0.54398734 0.59485639  0.67307045 0.31171995 0.70473797 0.32285271
0.80380459 0.74499569 0.80831758 0.21628736 0.64873602 0.57528786  0.5022907  0.65847764 0.20772855 0.43456934 0.52249126 0.60192493  0.5548713  0.24856105 0.7418328  0.30199168
0.80569536 0.74874538 0.82036451 0.20916785 0.66463169 0.5624956  0.51999394 0.66827764 0.24869048 0.49916207 0.50601334 0.5644179  0.56831342 0.25067483 0.70724975 0.29843021
0.83781896 0.69024613 0.82476645 0.15425323 0.69183513 0.48623941  0.50682569 0.61509738 0.37754022 0.52830841 0.4490211  0.54631493  0.57192605 0.39780156 0.70233554 0.32469432
0.85250925 0.66087398 0.81780243 0.13555359 0.69981695 0.46936114  0.49912859 0.5454559  0.40755243 0.53832237 0.38149928 0.57563409  0.58917732 0.47207892 0.76261468 0.3316567 
0.85250925 0.66087398 0.81780243 0.13555359 0.69981695 0.46936114  0.49912859 0.5454559  0.40755243 0.53832237 0.38149928 0.57563409  0.58917732 0.47207892 0.76261468 0.3316567 
0.89029527 0.55396425 0.78523817 0.14906116 0.71481054 0.40132186  0.41518874 0.39696958 0.50051882 0.4854121  0.39105559 0.49577717  0.57527607 0.35676556 0.60120467 0.22304393
0.90267027 0.51491939 0.76559402 0.15984478 0.68525641 0.37404304  0.39830727 0.31726345 0.54577705 0.47258903 0.33327666 0.44546309  0.57666926 0.34366119 0.56782779 0.17391619
0.90379974 0.48669406 0.73739809 0.2258688  0.54449512 0.31592959  0.48775705 0.30816223 0.67726636 0.50807044 0.25285865 0.3258903  0.57968214 0.32211637 0.51292621 0.19802412
0.89783277 0.49347021 0.71524451 0.20567182 0.52563922 0.34818609  0.4237995  0.29519945 0.55531872 0.40267663 0.25792573 0.34459153  0.54349912 0.39389409 0.57636998 0.13035494
0.89504905 0.42774652 0.63201768 0.28708509 0.38069565 0.31088945  0.45625651 0.29970459 0.54490245 0.44023353 0.37557378 0.4231633  0.60952953 0.39776454 0.55067212 0.21837684
0.88240913 0.3861296  0.53596375 0.33442123 0.22785834 0.29308649  0.48298317 0.32020315 0.54161968 0.4344515  0.38651554 0.45383222  0.60299847 0.35999332 0.59244444 0.23690739
0.87604412 0.36220341 0.48745804 0.35910921 0.17254452 0.29556876  0.47796634 0.31592269 0.50808032 0.37616776 0.4376342  0.54844832  0.60173563 0.3194953  0.63431038 0.2980845 
0.86436244 0.31218736 0.38809089 0.38285626 0.209401   0.36447908  0.40874099 0.34300607 0.40052181 0.47118505 0.52184715 0.55461654  0.64392576 0.41832035 0.53165319 0.29557152
0.85022787 0.25817788 0.27959587 0.40149534 0.24813192 0.41918538  0.38645536 0.40363636 0.34143836 0.58403858 0.56196545 0.54451663  0.61728755 0.4474389  0.502248   0.33404487
0.86560046 0.19821588 0.2661566  0.48953708 0.30007037 0.48289214  0.37268688 0.39784007 0.24892601 0.57271345 0.57610493 0.43464355  0.64712391 0.4028442  0.5971097  0.38121511
0.86560046 0.19821588 0.2661566  0.48953708 0.30007037 0.48289214  0.37268688 0.39784007 0.24892601 0.57271345 0.57610493 0.43464355  0.64712391 0.4028442  0.5971097  0.38121511
0.86227488 0.17442527 0.22420618 0.50974102 0.34918475 0.54375943  0.3633875  0.42560254 0.22166761 0.56533797 0.53698119 0.38954561  0.60731098 0.43896038 0.61661985 0.38104539
0.85579608 0.15806695 0.18578294 0.52967939 0.40415874 0.59594161  0.38537667 0.46253495 0.24238549 0.5315955  0.47634189 0.33870176  0.56293974 0.39631809 0.68310523 0.40036675
0.84817194 0.15542243 0.15472324 0.53904665 0.44600004 0.64913567  0.39708585 0.47938047 0.28539786 0.46795383 0.41093753 0.31209323  0.52577312 0.42620918 0.61940692 0.45789574
0.84817194 0.15542243 0.15472324 0.53904665 0.44600004 0.64913567  0.39708585 0.47938047 0.28539786 0.46795383 0.41093753 0.31209323  0.52577312 0.42620918 0.61940692 0.45789574
0.84817194 0.15542243 0.15472324 0.53904665 0.44600004 0.64913567  0.39708585 0.47938047 0.28539786 0.46795383 0.41093753 0.31209323  0.52577312 0.42620918 0.61940692 0.45789574
0.84817194 0.15542243 0.15472324 0.53904665 0.44600004 0.64913567  0.39708585 0.47938047 0.28539786 0.46795383 0.41093753 0.31209323  0.52577312 0.42620918 0.61940692 0.45789574
0.84817194 0.15542243 0.15472324 0.53904665 0.44600004 0.64913567  0.39708585 0.47938047 0.28539786 0.46795383 0.41093753 0.31209323  0.52577312 0.42620918 0.61940692 0.45789574
0.85071655 0.14382267 0.15264544 0.57130192 0.46488154 0.67520512  0.42958893 0.50569782 0.31130209 0.44553296 0.37077276 0.33675827  0.50150436 0.45548648 0.6049937  0.40446083
0.85071655 0.14382267 0.15264544 0.57130192 0.46488154 0.67520512  0.42958893 0.50569782 0.31130209 0.44553296 0.37077276 0.33675827  0.50150436 0.45548648 0.6049937  0.40446083
0.85071655 0.14382267 0.15264544 0.57130192 0.46488154 0.67520512  0.42958893 0.50569782 0.31130209 0.44553296 0.37077276 0.33675827  0.50150436 0.45548648 0.6049937  0.40446083
0.85071655 0.14382267 0.15264544 0.57130192 0.46488154 0.67520512  0.42958893 0.50569782 0.31130209 0.44553296 0.37077276 0.33675827  0.50150436 0.45548648 0.6049937  0.40446083
0.83024556 0.17719517 0.11319799 0.50418802 0.49951586 0.70447254  0.4225529  0.51687863 0.35600882 0.38662942 0.24810697 0.28803676  0.42543946 0.41764668 0.63974327 0.40111581
0.81792082 0.19184106 0.08554442 0.47808378 0.52935228 0.72526902  0.42837162 0.51109002 0.40333093 0.33696493 0.2029051  0.25899991  0.44164123 0.37789661 0.63411773 0.43747564
0.81792082 0.19184106 0.08554442 0.47808378 0.52935228 0.72526902  0.42837162 0.51109002 0.40333093 0.33696493 0.2029051  0.25899991  0.44164123 0.37789661 0.63411773 0.43747564
0.81792082 0.19184106 0.08554442 0.47808378 0.52935228 0.72526902  0.42837162 0.51109002 0.40333093 0.33696493 0.2029051  0.25899991  0.44164123 0.37789661 0.63411773 0.43747564
0.81792082 0.19184106 0.08554442 0.47808378 0.52935228 0.72526902  0.42837162 0.51109002 0.40333093 0.33696493 0.2029051  0.25899991  0.44164123 0.37789661 0.63411773 0.43747564
0.81537622 0.20344082 0.08762222 0.44582851 0.51047077 0.69919957  0.39586853 0.48477267 0.3774267  0.35938579 0.24306986 0.23433486  0.46590999 0.34861932 0.64853095 0.49091055
0.81537622 0.20344082 0.08762222 0.44582851 0.51047077 0.69919957  0.39586853 0.48477267 0.3774267  0.35938579 0.24306986 0.23433486  0.46590999 0.34861932 0.64853095 0.49091055
0.81145427 0.22013817 0.09011951 0.40819653 0.48905456 0.67078211  0.3709571  0.46369673 0.36931387 0.36941263 0.27013284 0.2402402  0.48310058 0.30982634 0.65224962 0.50190921
0.77821413 0.35250937 0.11078182 0.17848262 0.36559738 0.52350332  0.33864324 0.43382403 0.52273208 0.37314048 0.25354835 0.44652416  0.47235953 0.26329985 0.53308895 0.3562632 
0.74029831 0.42236503 0.08253112 0.13001876 0.3795643  0.48711557  0.42582677 0.38781866 0.64367133 0.33700756 0.31734034 0.49028625  0.57951604 0.35658439 0.49608563 0.425364  
0.69673908 0.51033311 0.07549007 0.17223897 0.37854294 0.54181124  0.514598   0.26893977 0.6249669  0.33967367 0.28531019 0.49777304  0.74681904 0.50244848 0.51691819 0.43831534
0.58800872 0.67429278 0.06563009 0.30575776 0.38930901 0.54592659  0.67655907 0.23064462 0.5234796  0.42319393 0.42544625 0.49890728  0.60170073 0.55643304 0.66796011 0.47078774
0.52906469 0.78820068 0.09336626 0.38841304 0.34732777 0.60797626  0.70061735 0.39068725 0.41489499 0.43795197 0.56221965 0.44478585  0.48337353 0.40582652 0.48947905 0.4686588 
0.49279506 0.79883281 0.08948759 0.4538334  0.37477935 0.53766039  0.67361769 0.34105092 0.40775879 0.46182159 0.56147453 0.45894149  0.33910793 0.39120822 0.51804061 0.41814157
0.47519548 0.81056876 0.09654784 0.49702408 0.36448215 0.55085511  0.61469541 0.33360884 0.42118648 0.47317538 0.54490054 0.46542886  0.29218941 0.35246694 0.45807609 0.42316772
0.40138467 0.80135219 0.11697465 0.6050638  0.38931705 0.44984083  0.4599355  0.37144817 0.45315548 0.48938667 0.44264331 0.49237933  0.23866987 0.36829718 0.54850216 0.41057294
0.40138467 0.80135219 0.11697465 0.6050638  0.38931705 0.44984083  0.4599355  0.37144817 0.45315548 0.48938667 0.44264331 0.49237933  0.23866987 0.36829718 0.54850216 0.41057294
0.45775376 0.81740666 0.10966112 0.53201358 0.34846142 0.57765323  0.53662979 0.35534054 0.47293948 0.46019537 0.55721253 0.45385149  0.29939173 0.3402492  0.42639969 0.4127083 
0.47519548 0.81056876 0.09654784 0.49702408 0.36448215 0.55085511  0.61469541 0.33360884 0.42118648 0.47317538 0.54490054 0.46542886  0.29218941 0.35246694 0.45807609 0.42316772
0.51122529 0.79950986 0.09455724 0.43195576 0.3493868  0.5994669  0.66683861 0.34610602 0.416032   0.46732754 0.53386627 0.462384  0.40329739 0.37544479 0.47961754 0.45658068
0.54585538 0.76698681 0.08965354 0.34547207 0.35390861 0.59149901  0.72032369 0.43166193 0.43851868 0.41619343 0.58055577 0.44022078  0.54140279 0.43690875 0.55830019 0.48269548
0.61291159 0.70099062 0.11479667 0.2462402  0.3037744  0.65505669  0.64987998 0.50635539 0.43962441 0.39674639 0.38320338 0.46628713  0.71590504 0.5022964  0.50753178 0.51530578
0.65836296 0.61334382 0.10408142 0.1724053  0.32219242 0.58629059  0.60783979 0.47672889 0.53943825 0.36464744 0.32756704 0.50253464  0.71482103 0.60325283 0.60956367 0.53334995
0.65836296 0.61334382 0.10408142 0.1724053  0.32219242 0.58629059  0.60783979 0.47672889 0.53943825 0.36464744 0.32756704 0.50253464  0.71482103 0.60325283 0.60956367 0.53334995
0.72789242 0.45773556 0.08903931 0.12557578 0.36356117 0.51069479  0.46328119 0.40233599 0.6187462  0.36406978 0.2546431  0.51483709  0.59956313 0.418504   0.5901102  0.45241958
0.74029831 0.42236503 0.08253112 0.13001876 0.3795643  0.48711557  0.42582677 0.38781866 0.64367133 0.33700756 0.31734034 0.49028625  0.57951604 0.35658439 0.49608563 0.425364  
0.74029831 0.42236503 0.08253112 0.13001876 0.3795643  0.48711557  0.42582677 0.38781866 0.64367133 0.33700756 0.31734034 0.49028625  0.57951604 0.35658439 0.49608563 0.425364  
0.74029831 0.42236503 0.08253112 0.13001876 0.3795643  0.48711557  0.42582677 0.38781866 0.64367133 0.33700756 0.31734034 0.49028625  0.57951604 0.35658439 0.49608563 0.425364  
0.74029831 0.42236503 0.08253112 0.13001876 0.3795643  0.48711557  0.42582677 0.38781866 0.64367133 0.33700756 0.31734034 0.49028625  0.57951604 0.35658439 0.49608563 0.425364  
0.72789242 0.45773556 0.08903931 0.12557578 0.36356117 0.51069479  0.46328119 0.40233599 0.6187462  0.36406978 0.2546431  0.51483709  0.59956313 0.418504   0.5901102  0.45241958
0.72789242 0.45773556 0.08903931 0.12557578 0.36356117 0.51069479  0.46328119 0.40233599 0.6187462  0.36406978 0.2546431  0.51483709  0.59956313 0.418504   0.5901102  0.45241958
0.72789242 0.45773556 0.08903931 0.12557578 0.36356117 0.51069479  0.46328119 0.40233599 0.6187462  0.36406978 0.2546431  0.51483709  0.59956313 0.418504   0.5901102  0.45241958
0.65836296 0.61334382 0.10408142 0.1724053  0.32219242 0.58629059  0.60783979 0.47672889 0.53943825 0.36464744 0.32756704 0.50253464  0.71482103 0.60325283 0.60956367 0.53334995
0.65836296 0.61334382 0.10408142 0.1724053  0.32219242 0.58629059  0.60783979 0.47672889 0.53943825 0.36464744 0.32756704 0.50253464  0.71482103 0.60325283 0.60956367 0.53334995
0.61392737 0.70525158 0.1213932  0.23751204 0.29622314 0.65927076  0.64685717 0.60988884 0.42383282 0.38391055 0.43466685 0.44608585  0.67793819 0.40029594 0.53045078 0.51804505
0.59787761 0.73134667 0.12022963 0.27059545 0.29584709 0.67845973  0.66056277 0.55335991 0.40061692 0.40211321 0.42785235 0.44404497  0.69609507 0.42322775 0.46911648 0.50576494
0.56314362 0.75756133 0.10396649 0.32899575 0.32754094 0.63325965  0.68390257 0.46095652 0.41806749 0.42259576 0.50234817 0.44955163  0.58344442 0.42360249 0.50417466 0.48810486
0.52906469 0.78820068 0.09336626 0.38841304 0.34732777 0.60797626  0.70061735 0.39068725 0.41489499 0.43795197 0.56221965 0.44478585  0.48337353 0.40582652 0.48947905 0.4686588 
0.51122529 0.79950986 0.09455724 0.43195576 0.3493868  0.5994669  0.66683861 0.34610602 0.416032   0.46732754 0.53386627 0.462384  0.40329739 0.37544479 0.47961754 0.45658068
0.45775376 0.81740666 0.10966112 0.53201358 0.34846142 0.57765323  0.53662979 0.35534054 0.47293948 0.46019537 0.55721253 0.45385149  0.29939173 0.3402492  0.42639969 0.4127083 
0.40307465 0.81317002 0.12939876 0.61095755 0.35690898 0.53654769  0.3929279  0.40591639 0.56606153 0.45419495 0.56041313 0.45027724  0.29108188 0.37615142 0.48867626 0.38116118
0.38418056 0.80417342 0.13092631 0.62862403 0.37523959 0.48014103  0.38645378 0.41167251 0.53785078 0.45699091 0.51644047 0.46079417  0.27121451 0.3915171  0.53710526 0.36777814
0.34642805 0.7825323  0.14587228 0.66172356 0.38556723 0.43663571  0.306992   0.44931615 0.56901498 0.47390073 0.42453314 0.48720633  0.35072624 0.42870594 0.62507975 0.43299302
0.27338749 0.7268733  0.17869051 0.66696047 0.41191244 0.35672071  0.26388557 0.5316245  0.57804818 0.41972678 0.41177938 0.49612171  0.4478014  0.46132572 0.6761535  0.49106516
0.19992679 0.64449956 0.21708708 0.62876471 0.41941089 0.32506362  0.27635946 0.57234446 0.57270241 0.38902031 0.41217639 0.48374349  0.52086937 0.52491539 0.73963401 0.47986599
0.16341232 0.5956492  0.24215761 0.59265661 0.40860587 0.35624372  0.30010079 0.55442737 0.56533032 0.39952282 0.40514713 0.48957908  0.50391978 0.52286611 0.75550515 0.4966175 
0.10852253 0.52420783 0.27695933 0.53722681 0.40737937 0.36737378  0.35010009 0.55124737 0.51252312 0.3708102  0.40943713 0.49420971  0.55281817 0.49162768 0.64550257 0.51837608
0.05453802 0.44778415 0.31557674 0.47353915 0.38706037 0.41979206  0.4071094  0.51697916 0.47648539 0.37159652 0.41035704 0.49229898  0.53739699 0.44921857 0.56489231 0.51496002
0.03641983 0.42124712 0.32923077 0.44988383 0.37824918 0.44491774  0.42611183 0.50240451 0.47363073 0.37578314 0.41946088 0.49216208  0.51642642 0.44239724 0.56232754 0.51453338
0.03641983 0.42124712 0.32923077 0.44988383 0.37824918 0.44491774  0.42611183 0.50240451 0.47363073 0.37578314 0.41946088 0.49216208  0.51642642 0.44239724 0.56232754 0.51453338
0.01950437 0.39546867 0.34816263 0.41845042 0.38271422 0.47775715  0.44573547 0.48490053 0.46606997 0.37516288 0.45668745 0.51746865  0.47325829 0.40929173 0.5550211  0.52788176
0.01950437 0.39546867 0.34816263 0.41845042 0.38271422 0.47775715  0.44573547 0.48490053 0.46606997 0.37516288 0.45668745 0.51746865  0.47325829 0.40929173 0.5550211  0.52788176
0.01950437 0.39546867 0.34816263 0.41845042 0.38271422 0.47775715  0.44573547 0.48490053 0.46606997 0.37516288 0.45668745 0.51746865  0.47325829 0.40929173 0.5550211  0.52788176
0.01950437 0.39546867 0.34816263 0.41845042 0.38271422 0.47775715  0.44573547 0.48490053 0.46606997 0.37516288 0.45668745 0.51746865  0.47325829 0.40929173 0.5550211  0.52788176
0.01950437 0.39546867 0.34816263 0.41845042 0.38271422 0.47775715  0.44573547 0.48490053 0.46606997 0.37516288 0.45668745 0.51746865  0.47325829 0.40929173 0.5550211  0.52788176
0.01950437 0.39546867 0.34816263 0.41845042 0.38271422 0.47775715  0.44573547 0.48490053 0.46606997 0.37516288 0.45668745 0.51746865  0.47325829 0.40929173 0.5550211  0.52788176
0.01869559 0.39284293 0.34255128 0.42441368 0.36126796 0.47317753  0.45502934 0.48059459 0.47363419 0.37857057 0.43261715 0.46896996  0.48901602 0.43806739 0.54123409 0.47255453
0.0177474  0.38984345 0.33852207 0.42635267 0.35697043 0.47086435  0.45750391 0.47765391 0.48169648 0.39463854 0.42895995 0.44917931  0.51265071 0.44991576 0.53083289 0.43501917
0.0177474  0.38984345 0.33852207 0.42635267 0.35697043 0.47086435  0.45750391 0.47765391 0.48169648 0.39463854 0.42895995 0.44917931  0.51265071 0.44991576 0.53083289 0.43501917
0.0177474  0.38984345 0.33852207 0.42635267 0.35697043 0.47086435  0.45750391 0.47765391 0.48169648 0.39463854 0.42895995 0.44917931  0.51265071 0.44991576 0.53083289 0.43501917
0.0177474  0.38984345 0.33852207 0.42635267 0.35697043 0.47086435  0.45750391 0.47765391 0.48169648 0.39463854 0.42895995 0.44917931  0.51265071 0.44991576 0.53083289 0.43501917
0.03525649 0.41685964 0.32437467 0.45347996 0.36854765 0.43569141  0.43485985 0.4975719  0.47652552 0.39120509 0.39620065 0.45304628  0.55757342 0.45566594 0.52722734 0.46096477
0.07194124 0.46693322 0.300077   0.49028098 0.37698367 0.42502978  0.39559918 0.51033    0.53529168 0.39765929 0.44652528 0.45023787  0.50762731 0.51149446 0.65510357 0.42628009
0.07194124 0.46693322 0.300077   0.49028098 0.37698367 0.42502978  0.39559918 0.51033    0.53529168 0.39765929 0.44652528 0.45023787  0.50762731 0.51149446 0.65510357 0.42628009
0.07194124 0.46693322 0.300077   0.49028098 0.37698367 0.42502978  0.39559918 0.51033    0.53529168 0.39765929 0.44652528 0.45023787  0.50762731 0.51149446 0.65510357 0.42628009
0.07194124 0.46693322 0.300077   0.49028098 0.37698367 0.42502978  0.39559918 0.51033    0.53529168 0.39765929 0.44652528 0.45023787  0.50762731 0.51149446 0.65510357 0.42628009
0.07194124 0.46693322 0.300077   0.49028098 0.37698367 0.42502978  0.39559918 0.51033    0.53529168 0.39765929 0.44652528 0.45023787  0.50762731 0.51149446 0.65510357 0.42628009
0.07194124 0.46693322 0.300077   0.49028098 0.37698367 0.42502978  0.39559918 0.51033    0.53529168 0.39765929 0.44652528 0.45023787  0.50762731 0.51149446 0.65510357 0.42628009
0.05367861 0.44171583 0.31214423 0.47114249 0.37279065 0.42986862  0.4177205  0.50334188 0.50440728 0.39082405 0.42702098 0.4483076  0.53269514 0.48405389 0.58159446 0.43414129
0.05367861 0.44171583 0.31214423 0.47114249 0.37279065 0.42986862  0.4177205  0.50334188 0.50440728 0.39082405 0.42702098 0.4483076  0.53269514 0.48405389 0.58159446 0.43414129
0.05367861 0.44171583 0.31214423 0.47114249 0.37279065 0.42986862  0.4177205  0.50334188 0.50440728 0.39082405 0.42702098 0.4483076  0.53269514 0.48405389 0.58159446 0.43414129
0.05367861 0.44171583 0.31214423 0.47114249 0.37279065 0.42986862  0.4177205  0.50334188 0.50440728 0.39082405 0.42702098 0.4483076  0.53269514 0.48405389 0.58159446 0.43414129
0.05367861 0.44171583 0.31214423 0.47114249 0.37279065 0.42986862  0.4177205  0.50334188 0.50440728 0.39082405 0.42702098 0.4483076  0.53269514 0.48405389 0.58159446 0.43414129
0.05367861 0.44171583 0.31214423 0.47114249 0.37279065 0.42986862  0.4177205  0.50334188 0.50440728 0.39082405 0.42702098 0.4483076  0.53269514 0.48405389 0.58159446 0.43414129
0.05367861 0.44171583 0.31214423 0.47114249 0.37279065 0.42986862  0.4177205  0.50334188 0.50440728 0.39082405 0.42702098 0.4483076  0.53269514 0.48405389 0.58159446 0.43414129
0.05367861 0.44171583 0.31214423 0.47114249 0.37279065 0.42986862  0.4177205  0.50334188 0.50440728 0.39082405 0.42702098 0.4483076  0.53269514 0.48405389 0.58159446 0.43414129
0.0177474  0.38984345 0.33852207 0.42635267 0.35697043 0.47086435  0.45750391 0.47765391 0.48169648 0.39463854 0.42895995 0.44917931  0.51265071 0.44991576 0.53083289 0.43501917
0.0177474  0.38984345 0.33852207 0.42635267 0.35697043 0.47086435  0.45750391 0.47765391 0.48169648 0.39463854 0.42895995 0.44917931  0.51265071 0.44991576 0.53083289 0.43501917
0.0177474  0.38984345 0.33852207 0.42635267 0.35697043 0.47086435  0.45750391 0.47765391 0.48169648 0.39463854 0.42895995 0.44917931  0.51265071 0.44991576 0.53083289 0.43501917
0.0177474  0.38984345 0.33852207 0.42635267 0.35697043 0.47086435  0.45750391 0.47765391 0.48169648 0.39463854 0.42895995 0.44917931  0.51265071 0.44991576 0.53083289 0.43501917
0.0177474  0.38984345 0.33852207 0.42635267 0.35697043 0.47086435  0.45750391 0.47765391 0.48169648 0.39463854 0.42895995 0.44917931  0.51265071 0.44991576 0.53083289 0.43501917
0.00039479 0.36283831 0.35232302 0.39930133 0.34523319 0.50234819  0.48417291 0.45702496 0.47508945 0.39693445 0.45000532 0.44589633  0.47476172 0.42761975 0.50206904 0.41641874
0.00039479 0.36283831 0.35232302 0.39930133 0.34523319 0.50234819  0.48417291 0.45702496 0.47508945 0.39693445 0.45000532 0.44589633  0.47476172 0.42761975 0.50206904 0.41641874
0.00039479 0.36283831 0.35232302 0.39930133 0.34523319 0.50234819  0.48417291 0.45702496 0.47508945 0.39693445 0.45000532 0.44589633  0.47476172 0.42761975 0.50206904 0.41641874
0.00039479 0.36283831 0.35232302 0.39930133 0.34523319 0.50234819  0.48417291 0.45702496 0.47508945 0.39693445 0.45000532 0.44589633  0.47476172 0.42761975 0.50206904 0.41641874
0.00039479 0.36283831 0.35232302 0.39930133 0.34523319 0.50234819  0.48417291 0.45702496 0.47508945 0.39693445 0.45000532 0.44589633  0.47476172 0.42761975 0.50206904 0.41641874
0.00039479 0.36283831 0.35232302 0.39930133 0.34523319 0.50234819  0.48417291 0.45702496 0.47508945 0.39693445 0.45000532 0.44589633  0.47476172 0.42761975 0.50206904 0.41641874
0.00039479 0.36283831 0.35232302 0.39930133 0.34523319 0.50234819  0.48417291 0.45702496 0.47508945 0.39693445 0.45000532 0.44589633  0.47476172 0.42761975 0.50206904 0.41641874
0.00039479 0.36283831 0.35232302 0.39930133 0.34523319 0.50234819  0.48417291 0.45702496 0.47508945 0.39693445 0.45000532 0.44589633  0.47476172 0.42761975 0.50206904 0.41641874
0.00039479 0.36283831 0.35232302 0.39930133 0.34523319 0.50234819  0.48417291 0.45702496 0.47508945 0.39693445 0.45000532 0.44589633  0.47476172 0.42761975 0.50206904 0.41641874
0.00039479 0.36283831 0.35232302 0.39930133 0.34523319 0.50234819  0.48417291 0.45702496 0.47508945 0.39693445 0.45000532 0.44589633  0.47476172 0.42761975 0.50206904 0.41641874
0.00039479 0.36283831 0.35232302 0.39930133 0.34523319 0.50234819  0.48417291 0.45702496 0.47508945 0.39693445 0.45000532 0.44589633  0.47476172 0.42761975 0.50206904 0.41641874
0.00039479 0.36283831 0.35232302 0.39930133 0.34523319 0.50234819  0.48417291 0.45702496 0.47508945 0.39693445 0.45000532 0.44589633  0.47476172 0.42761975 0.50206904 0.41641874
0.00039479 0.36283831 0.35232302 0.39930133 0.34523319 0.50234819  0.48417291 0.45702496 0.47508945 0.39693445 0.45000532 0.44589633  0.47476172 0.42761975 0.50206904 0.41641874
0.00039479 0.36283831 0.35232302 0.39930133 0.34523319 0.50234819  0.48417291 0.45702496 0.47508945 0.39693445 0.45000532 0.44589633  0.47476172 0.42761975 0.50206904 0.41641874
0.00039479 0.36283831 0.35232302 0.39930133 0.34523319 0.50234819  0.48417291 0.45702496 0.47508945 0.39693445 0.45000532 0.44589633  0.47476172 0.42761975 0.50206904 0.41641874
0.00039479 0.36283831 0.35232302 0.39930133 0.34523319 0.50234819  0.48417291 0.45702496 0.47508945 0.39693445 0.45000532 0.44589633  0.47476172 0.42761975 0.50206904 0.41641874
0.00039479 0.36283831 0.35232302 0.39930133 0.34523319 0.50234819  0.48417291 0.45702496 0.47508945 0.39693445 0.45000532 0.44589633  0.47476172 0.42761975 0.50206904 0.41641874
0.00039479 0.36283831 0.35232302 0.39930133 0.34523319 0.50234819  0.48417291 0.45702496 0.47508945 0.39693445 0.45000532 0.44589633  0.47476172 0.42761975 0.50206904 0.41641874
0.00039479 0.36283831 0.35232302 0.39930133 0.34523319 0.50234819  0.48417291 0.45702496 0.47508945 0.39693445 0.45000532 0.44589633  0.47476172 0.42761975 0.50206904 0.41641874
0.00039479 0.36283831 0.35232302 0.39930133 0.34523319 0.50234819  0.48417291 0.45702496 0.47508945 0.39693445 0.45000532 0.44589633  0.47476172 0.42761975 0.50206904 0.41641874
0.00039479 0.36283831 0.35232302 0.39930133 0.34523319 0.50234819  0.48417291 0.45702496 0.47508945 0.39693445 0.45000532 0.44589633  0.47476172 0.42761975 0.50206904 0.41641874
0.00039479 0.36283831 0.35232302 0.39930133 0.34523319 0.50234819  0.48417291 0.45702496 0.47508945 0.39693445 0.45000532 0.44589633  0.47476172 0.42761975 0.50206904 0.41641874
