0.00039479 0.36283831 0.35232302 0.39930133 0.34523319 0.50234819  0.48417291 0.45702496 0.47508945 0.39693445 0.45000532 0.44589633  0.47476172 0.42761975 0.50206904 0.41641874
0.00039479 0.36283831 0.35232302 0.39930133 0.34523319 0.50234819  0.48417291 0.45702496 0.47508945 0.39693445 0.45000532 0.44589633  0.47476172 0.42761975 0.50206904 0.41641874
0.00039479 0.36283831 0.35232302 0.39930133 0.34523319 0.50234819  0.48417291 0.45702496 0.47508945 0.39693445 0.45000532 0.44589633  0.47476172 0.42761975 0.50206904 0.41641874
0.00039479 0.36283831 0.35232302 0.39930133 0.34523319 0.50234819  0.48417291 0.45702496 0.47508945 0.39693445 0.45000532 0.44589633  0.47476172 0.42761975 0.50206904 0.41641874
0.00039479 0.36283831 0.35232302 0.39930133 0.34523319 0.50234819  0.48417291 0.45702496 0.47508945 0.39693445 0.45000532 0.44589633  0.47476172 0.42761975 0.50206904 0.41641874
0.00039479 0.36283831 0.35232302 0.39930133 0.34523319 0.50234819  0.48417291 0.45702496 0.47508945 0.39693445 0.45000532 0.44589633  0.47476172 0.42761975 0.50206904 0.41641874
0.00039479 0.36283831 0.35232302 0.39930133 0.34523319 0.50234819  0.48417291 0.45702496 0.47508945 0.39693445 0.45000532 0.44589633  0.47476172 0.42761975 0.50206904 0.41641874
0.00039479 0.36283831 0.35232302 0.39930133 0.34523319 0.50234819  0.48417291 0.45702496 0.47508945 0.39693445 0.45000532 0.44589633  0.47476172 0.42761975 0.50206904 0.41641874
0.00039479 0.36283831 0.35232302 0.39930133 0.34523319 0.50234819  0.48417291 0.45702496 0.47508945 0.39693445 0.45000532 0.44589633  0.47476172 0.42761975 0.50206904 0.41641874
0.00039479 0.36283831 0.35232302 0.39930133 0.34523319 0.50234819  0.48417291 0.45702496 0.47508945 0.39693445 0.45000532 0.44589633  0.47476172 0.42761975 0.50206904 0.41641874
0.00039479 0.36283831 0.35232302 0.39930133 0.34523319 0.50234819  0.48417291 0.45702496 0.47508945 0.39693445 0.45000532 0.44589633  0.47476172 0.42761975 0.50206904 0.41641874
0.00039479 0.36283831 0.35232302 0.39930133 0.34523319 0.50234819  0.48417291 0.45702496 0.47508945 0.39693445 0.45000532 0.44589633  0.47476172 0.42761975 0.50206904 0.41641874
0.00039479 0.36283831 0.35232302 0.39930133 0.34523319 0.50234819  0.48417291 0.45702496 0.47508945 0.39693445 0.45000532 0.44589633  0.47476172 0.42761975 0.50206904 0.41641874
0.00039479 0.36283831 0.35232302 0.39930133 0.34523319 0.50234819  0.48417291 0.45702496 0.47508945 0.39693445 0.45000532 0.44589633  0.47476172 0.42761975 0.50206904 0.41641874
0.00039479 0.36283831 0.35232302 0.39930133 0.34523319 0.50234819  0.48417291 0.45702496 0.47508945 0.39693445 0.45000532 0.44589633  0.47476172 0.42761975 0.50206904 0.41641874
0.00039479 0.36283831 0.35232302 0.39930133 0.34523319 0.50234819  0.48417291 0.45702496 0.47508945 0.39693445 0.45000532 0.44589633  0.47476172 0.42761975 0.50206904 0.41641874
0.00039479 0.36283831 0.35232302 0.39930133 0.34523319 0.50234819  0.48417291 0.45702496 0.47508945 0.39693445 0.45000532 0.44589633  0.47476172 0.42761975 0.50206904 0.41641874
0.00039479 0.36283831 0.35232302 0.39930133 0.34523319 0.50234819  0.48417291 0.45702496 0.47508945 0.39693445 0.45000532 0.44589633  0.47476172 0.42761975 0.50206904 0.41641874
0.00039479 0.36283831 0.35232302 0.39930133 0.34523319 0.50234819  0.48417291 0.45702496 0.47508945 0.39693445 0.45000532 0.44589633  0.47476172 0.42761975 0.50206904 0.41641874
0.00039479 0.36283831 0.35232302 0.39930133 0.34523319 0.50234819  0.48417291 0.45702496 0.47508945 0.39693445 0.45000532 0.44589633  0.47476172 0.42761975 0.50206904 0.41641874
0.00039479 0.36283831 0.35232302 0.39930133 0.34523319 0.50234819  0.48417291 0.45702496 0.47508945 0.39693445 0.45000532 0.44589633  0.47476172 0.42761975 0.50206904 0.41641874
0.00039479 0.36283831 0.35232302 0.39930133 0.34523319 0.50234819  0.48417291 0.45702496 0.47508945 0.39693445 0.45000532 0.44589633  0.47476172 0.42761975 0.50206904 0.41641874
0.00039479 0.36283831 0.35232302 0.39930133 0.34523319 0.50234819  0.48417291 0.45702496 0.47508945 0.39693445 0.45000532 0.44589633  0.47476172 0.42761975 0.50206904 0.41641874
0.00039479 0.36283831 0.35232302 0.39930133 0.34523319 0.50234819  0.48417291 0.45702496 0.47508945 0.39693445 0.45000532 0.44589633  0.47476172 0.42761975 0.50206904 0.41641874
0.00039479 0.36283831 0.35232302 0.39930133 0.34523319 0.50234819  0.48417291 0.45702496 0.47508945 0.39693445 0.45000532 0.44589633  0.47476172 0.42761975 0.50206904 0.41641874
0.00039479 0.36283831 0.35232302 0.39930133 0.34523319 0.50234819  0.48417291 0.45702496 0.47508945 0.39693445 0.45000532 0.44589633  0.47476172 0.42761975 0.50206904 0.41641874
0.00039479 0.36283831 0.35232302 0.39930133 0.34523319 0.50234819  0.48417291 0.45702496 0.47508945 0.39693445 0.45000532 0.44589633  0.47476172 0.42761975 0.50206904 0.41641874
0.00039479 0.36283831 0.35232302 0.39930133 0.34523319 0.50234819  0.48417291 0.45702496 0.47508945 0.39693445 0.45000532 0.44589633  0.47476172 0.42761975 0.50206904 0.41641874
0.00039479 0.36283831 0.35232302 0.39930133 0.34523319 0.50234819  0.48417291 0.45702496 0.47508945 0.39693445 0.45000532 0.44589633  0.47476172 0.42761975 0.50206904 0.41641874
0.00039479 0.36283831 0.35232302 0.39930133 0.34523319 0.50234819  0.48417291 0.45702496 0.47508945 0.39693445 0.45000532 0.44589633  0.47476172 0.42761975 0.50206904 0.41641874
0.00039479 0.36283831 0.35232302 0.39930133 0.34523319 0.50234819  0.48417291 0.45702496 0.47508945 0.39693445 0.45000532 0.44589633  0.47476172 0.42761975 0.50206904 0.41641874
0.00039479 0.36283831 0.35232302 0.39930133 0.34523319 0.50234819  0.48417291 0.45702496 0.47508945 0.39693445 0.45000532 0.44589633  0.47476172 0.42761975 0.50206904 0.41641874
0.00039479 0.36283831 0.35232302 0.39930133 0.34523319 0.50234819  0.48417291 0.45702496 0.47508945 0.39693445 0.45000532 0.44589633  0.47476172 0.42761975 0.50206904 0.41641874
0.00039479 0.36283831 0.35232302 0.39930133 0.34523319 0.50234819  0.48417291 0.45702496 0.47508945 0.39693445 0.45000532 0.44589633  0.47476172 0.42761975 0.50206904 0.41641874
0.00039479 0.36283831 0.35232302 0.39930133 0.34523319 0.50234819  0.48417291 0.45702496 0.47508945 0.39693445 0.45000532 0.44589633  0.47476172 0.42761975 0.50206904 0.41641874
0.00039479 0.36283831 0.35232302 0.39930133 0.34523319 0.50234819  0.48417291 0.45702496 0.47508945 0.39693445 0.45000532 0.44589633  0.47476172 0.42761975 0.50206904 0.41641874
0.00039479 0.36283831 0.35232302 0.39930133 0.34523319 0.50234819  0.48417291 0.45702496 0.47508945 0.39693445 0.45000532 0.44589633  0.47476172 0.42761975 0.50206904 0.41641874
0.00039479 0.36283831 0.35232302 0.39930133 0.34523319 0.50234819  0.48417291 0.45702496 0.47508945 0.39693445 0.45000532 0.44589633  0.47476172 0.42761975 0.50206904 0.41641874
0.00039479 0.36283831 0.35232302 0.39930133 0.34523319 0.50234819  0.48417291 0.45702496 0.47508945 0.39693445 0.45000532 0.44589633  0.47476172 0.42761975 0.50206904 0.41641874
0.08862922 0.49201751 0.2832045  0.51879267 0.39501572 0.33619514  0.41066018 0.53971658 0.39639115 0.36519637 0.2882062  0.45686207  0.68472019 0.36737147 0.31138058 0.52163636
0.26946855 0.66751145 0.15649615 0.58203561 0.47136029 0.16896701  0.51759929 0.49876737 0.25857109 0.40641405 0.23714022 0.49702531  0.52370557 0.39451052 0.460448   0.47246792
0.40489796 0.611725   0.09469363 0.45271499 0.49725368 0.20324011  0.63680549 0.24519781 0.34412116 0.40609516 0.29103235 0.51479173  0.38366992 0.54786535 0.68814675 0.31724801
0.54342154 0.60259264 0.04209218 0.55928483 0.53682682 0.52363988  0.72187579 0.1882521  0.55217835 0.34587973 0.27114062 0.52190258  0.31841328 0.6266802  0.55872926 0.18231666
0.63670863 0.51953057 0.03587938 0.47023937 0.5278435  0.64106175  0.73325779 0.22572795 0.62250273 0.33205087 0.27347267 0.47902883  0.51502108 0.74579561 0.60063584 0.36262797
0.66675629 0.45219904 0.0270781  0.51910738 0.57375038 0.71711502  0.76002179 0.30859914 0.56734105 0.2905061  0.26148941 0.39382611  0.60064933 0.75124509 0.70677967 0.38473141
0.69709451 0.38499735 0.0210029  0.50236479 0.60067747 0.68452029  0.73387468 0.3360771  0.652794   0.23554415 0.26883127 0.41027286  0.55339335 0.71675039 0.6604324  0.33490277
0.71444343 0.37465986 0.03480746 0.48525401 0.57445727 0.7244448  0.69900486 0.36236427 0.63244927 0.23738699 0.18675466 0.41750911  0.59933301 0.70064657 0.61666568 0.33457169
0.71444343 0.37465986 0.03480746 0.48525401 0.57445727 0.7244448  0.69900486 0.36236427 0.63244927 0.23738699 0.18675466 0.41750911  0.59933301 0.70064657 0.61666568 0.33457169
0.72683029 0.38658434 0.05305344 0.4220652  0.52346759 0.72947361  0.64043636 0.36915728 0.62647283 0.2571642  0.12811814 0.44341903  0.63942351 0.67525558 0.52103672 0.35590828
0.71762967 0.42342568 0.06065107 0.35639738 0.48618942 0.68035657  0.62027163 0.35381273 0.64119341 0.28219059 0.158994   0.46549141  0.65725727 0.65856373 0.50875435 0.3718698 
0.69057995 0.47489685 0.05589716 0.2734539  0.44996567 0.55411945  0.57821771 0.26272653 0.6197586  0.33821578 0.3505098  0.43107571  0.68184049 0.5813747  0.56391053 0.48961562
0.67029681 0.53840565 0.0659603  0.22902555 0.40780435 0.55394913  0.6110996  0.30738513 0.61521363 0.34527269 0.31372885 0.49639927  0.69297287 0.5916616  0.64143914 0.45717902
0.62010513 0.62623606 0.06317386 0.24241638 0.3938955  0.5185033  0.66745159 0.2802469  0.5729595  0.37695829 0.43809802 0.49105185  0.66823333 0.62177299 0.65708709 0.48758058
0.60767606 0.65920188 0.07480033 0.23907581 0.37440424 0.52379441  0.69283633 0.36461821 0.55701828 0.37460493 0.48103675 0.48392667  0.64499663 0.65559472 0.64612161 0.51599154
0.57617405 0.71259532 0.08342786 0.30406862 0.35776325 0.57297053  0.69376748 0.34015746 0.48680885 0.42027373 0.45762965 0.48360427  0.58714577 0.57490161 0.59688203 0.50315318
0.55878896 0.72847248 0.08096928 0.34535815 0.3632369  0.56769496  0.68223746 0.27404124 0.48391469 0.44259912 0.45004886 0.49634717  0.52043477 0.55917253 0.58817349 0.48516202
0.55878896 0.72847248 0.08096928 0.34535815 0.3632369  0.56769496  0.68223746 0.27404124 0.48391469 0.44259912 0.45004886 0.49634717  0.52043477 0.55917253 0.58817349 0.48516202
0.55878896 0.72847248 0.08096928 0.34535815 0.3632369  0.56769496  0.68223746 0.27404124 0.48391469 0.44259912 0.45004886 0.49634717  0.52043477 0.55917253 0.58817349 0.48516202
0.54409867 0.75784463 0.0879333  0.36405779 0.35525509 0.58457322  0.68993456 0.34368272 0.45390248 0.43258515 0.51757068 0.467028  0.5031835  0.48489516 0.52789435 0.47819964
0.55878896 0.72847248 0.08096928 0.34535815 0.3632369  0.56769496  0.68223746 0.27404124 0.48391469 0.44259912 0.45004886 0.49634717  0.52043477 0.55917253 0.58817349 0.48516202
0.57617405 0.71259532 0.08342786 0.30406862 0.35776325 0.57297053  0.69376748 0.34015746 0.48680885 0.42027373 0.45762965 0.48360427  0.58714577 0.57490161 0.59688203 0.50315318
0.56114007 0.74295137 0.08886082 0.32842386 0.34983593 0.59637357  0.70445027 0.38716199 0.44780136 0.42564055 0.50227862 0.46136212  0.56733581 0.49583296 0.55846673 0.49361234
0.54375498 0.75882854 0.08640224 0.36971339 0.35530959 0.591098  0.69292025 0.32104577 0.4449072  0.44796593 0.49469783 0.47410501  0.50062481 0.48010388 0.54975819 0.47562118
0.54375498 0.75882854 0.08640224 0.36971339 0.35530959 0.591098  0.69292025 0.32104577 0.4449072  0.44796593 0.49469783 0.47410501  0.50062481 0.48010388 0.54975819 0.47562118
0.49218301 0.76410293 0.09970649 0.39533425 0.3706411  0.54730955  0.72412534 0.37880951 0.37438475 0.43591768 0.553101   0.44857168  0.43364328 0.39043234 0.4773588  0.46274012
0.38402596 0.70228814 0.1461928  0.42551464 0.36125407 0.55178798  0.68802421 0.32933707 0.37237192 0.45535863 0.56946496 0.45344142  0.24561186 0.3226025  0.41946497 0.41876142
0.31021516 0.69307158 0.16661961 0.53355436 0.38608898 0.45077371  0.53326431 0.3671764  0.40434093 0.47156992 0.46720773 0.48039189  0.19209233 0.33843274 0.50989103 0.40616664
0.19930575 0.61949745 0.21701917 0.57970714 0.40547522 0.34540053  0.40101858 0.49351175 0.43564161 0.41588761 0.371987   0.4706032  0.40247169 0.38336717 0.50613457 0.44108045
0.12495123 0.54450059 0.25783871 0.56182267 0.40875943 0.31490351  0.36345652 0.55665427 0.45426203 0.3769024  0.32136382 0.45984165  0.64040926 0.43221462 0.46691387 0.50551565
0.01790387 0.3898545  0.33817562 0.42642862 0.35681041 0.46717525  0.46152885 0.47694295 0.46991849 0.39350101 0.41724602 0.4497633  0.51968443 0.43336993 0.49846349 0.44236435
0.01790387 0.3898545  0.33817562 0.42642862 0.35681041 0.46717525  0.46152885 0.47694295 0.46991849 0.39350101 0.41724602 0.4497633  0.51968443 0.43336993 0.49846349 0.44236435
0.00039479 0.36283831 0.35232302 0.39930133 0.34523319 0.50234819  0.48417291 0.45702496 0.47508945 0.39693445 0.45000532 0.44589633  0.47476172 0.42761975 0.50206904 0.41641874
0.00039479 0.36283831 0.35232302 0.39930133 0.34523319 0.50234819  0.48417291 0.45702496 0.47508945 0.39693445 0.45000532 0.44589633  0.47476172 0.42761975 0.50206904 0.41641874
0.00039479 0.36283831 0.35232302 0.39930133 0.34523319 0.50234819  0.48417291 0.45702496 0.47508945 0.39693445 0.45000532 0.44589633  0.47476172 0.42761975 0.50206904 0.41641874
0.00039479 0.36283831 0.35232302 0.39930133 0.34523319 0.50234819  0.48417291 0.45702496 0.47508945 0.39693445 0.45000532 0.44589633  0.47476172 0.42761975 0.50206904 0.41641874
0.0361665  0.41507189 0.32610839 0.44556711 0.36100342 0.46233641  0.43940753 0.48393107 0.50080289 0.40033625 0.43675031 0.45169357  0.4946166  0.4608105  0.5719726  0.43450315
0.08969949 0.48959509 0.29095018 0.50961901 0.37464857 0.43352458  0.36695626 0.50810371 0.54897834 0.42921817 0.39935941 0.47459531  0.50299054 0.50029636 0.7041513  0.48572475
0.23580641 0.6753143  0.20015581 0.63526824 0.39575645 0.39011123  0.2747484  0.51969202 0.60895341 0.44613084 0.41801827 0.47876311  0.46286132 0.5031175  0.73174148 0.46290824
0.31051858 0.7521426  0.16288512 0.64741172 0.38609735 0.43259822  0.29800786 0.49626057 0.62786716 0.42244889 0.53274632 0.4469698  0.43620207 0.45470031 0.59111935 0.40807122
0.34720959 0.78459453 0.15213045 0.65689475 0.36931807 0.48964022  0.27451741 0.46296826 0.65629284 0.45591761 0.5081479  0.4650596  0.4348531  0.45893406 0.61771805 0.43198952
0.3661066  0.79108975 0.15156986 0.63533951 0.34955576 0.54521948  0.28753473 0.4537974  0.67253362 0.45100407 0.5336416  0.45762606  0.47236909 0.44257352 0.57230233 0.44591881
0.3661066  0.79108975 0.15156986 0.63533951 0.34955576 0.54521948  0.28753473 0.4537974  0.67253362 0.45100407 0.5336416  0.45762606  0.47236909 0.44257352 0.57230233 0.44591881
0.3661066  0.79108975 0.15156986 0.63533951 0.34955576 0.54521948  0.28753473 0.4537974  0.67253362 0.45100407 0.5336416  0.45762606  0.47236909 0.44257352 0.57230233 0.44591881
0.3661066  0.79108975 0.15156986 0.63533951 0.34955576 0.54521948  0.28753473 0.4537974  0.67253362 0.45100407 0.5336416  0.45762606  0.47236909 0.44257352 0.57230233 0.44591881
0.34720959 0.78459453 0.15213045 0.65689475 0.36931807 0.48964022  0.27451741 0.46296826 0.65629284 0.45591761 0.5081479  0.4650596  0.4348531  0.45893406 0.61771805 0.43198952
0.34720959 0.78459453 0.15213045 0.65689475 0.36931807 0.48964022  0.27451741 0.46296826 0.65629284 0.45591761 0.5081479  0.4650596  0.4348531  0.45893406 0.61771805 0.43198952
0.34720959 0.78459453 0.15213045 0.65689475 0.36931807 0.48964022  0.27451741 0.46296826 0.65629284 0.45591761 0.5081479  0.4650596  0.4348531  0.45893406 0.61771805 0.43198952
0.3661066  0.79108975 0.15156986 0.63533951 0.34955576 0.54521948  0.28753473 0.4537974  0.67253362 0.45100407 0.5336416  0.45762606  0.47236909 0.44257352 0.57230233 0.44591881
0.40343091 0.8007634  0.15511196 0.5957954  0.3058326  0.66343265  0.28722977 0.45309638 0.70901758 0.45371406 0.550006   0.45055164  0.55642592 0.41144441 0.48545025 0.49774096
0.40343091 0.8007634  0.15511196 0.5957954  0.3058326  0.66343265  0.28722977 0.45309638 0.70901758 0.45371406 0.550006   0.45055164  0.55642592 0.41144441 0.48545025 0.49774096
0.40343091 0.8007634  0.15511196 0.5957954  0.3058326  0.66343265  0.28722977 0.45309638 0.70901758 0.45371406 0.550006   0.45055164  0.55642592 0.41144441 0.48545025 0.49774096
0.40343091 0.8007634  0.15511196 0.5957954  0.3058326  0.66343265  0.28722977 0.45309638 0.70901758 0.45371406 0.550006   0.45055164  0.55642592 0.41144441 0.48545025 0.49774096
0.42211565 0.8095136  0.14555362 0.57622693 0.30703259 0.66721375  0.34593432 0.43345492 0.66374153 0.44538756 0.58541673 0.43841075  0.48324354 0.38602163 0.44345113 0.45303018
0.44040188 0.82034229 0.13390782 0.56752468 0.31175412 0.65393346  0.39916614 0.40180063 0.59057552 0.45478735 0.55829857 0.44628621  0.39278733 0.34402745 0.40483746 0.43352958
0.44619552 0.83335446 0.16833527 0.56950871 0.31382753 0.6546692  0.38801168 0.37827588 0.58359419 0.38636935 0.55740417 0.44657194  0.36151309 0.35892849 0.40023254 0.49069231
0.55218534 0.95637068 0.58478549 0.46662559 0.60747644 0.71411507  0.38857238 0.29709669 0.51195297 0.251133   0.46447736 0.29363517  0.45011386 0.39480993 0.34304213 0.3444211 
0.60035703 0.92035118 0.6693762  0.49356469 0.55773007 0.747549  0.33203387 0.32926346 0.40835413 0.36157369 0.42485697 0.39813802  0.63239698 0.36099855 0.2729196  0.1775923 
0.64689157 0.90424351 0.72388094 0.43426939 0.50064246 0.72136334  0.42251349 0.41759027 0.48297496 0.26111203 0.40364604 0.29683296  0.71757086 0.38380134 0.30964994 0.2770203 
0.67118576 0.87116037 0.77564069 0.49512016 0.41827741 0.64824683  0.46341146 0.43227824 0.46302154 0.43845107 0.44206918 0.26689718  0.74253753 0.44854158 0.32961195 0.14786912
0.74152823 0.828484   0.76311744 0.35853172 0.46199265 0.54376171  0.66961271 0.46073405 0.35322621 0.54785244 0.34158773 0.26799077  0.67861642 0.47253956 0.42962396 0.22609498
0.74152823 0.828484   0.76311744 0.35853172 0.46199265 0.54376171  0.66961271 0.46073405 0.35322621 0.54785244 0.34158773 0.26799077  0.67861642 0.47253956 0.42962396 0.22609498
0.75904541 0.810523   0.78078417 0.31184699 0.51036793 0.53932391  0.64009593 0.52239402 0.3551358  0.52018279 0.37704441 0.31220044  0.65270924 0.43563324 0.5020184  0.25907732
0.80597337 0.73564299 0.79620593 0.24578108 0.49121119 0.49118373  0.59540513 0.66559689 0.34891513 0.52910147 0.3567494  0.32211693  0.50035718 0.34180042 0.66040424 0.254281  
0.80450595 0.72750889 0.77970277 0.2593824  0.44321197 0.47643257  0.61121632 0.66046584 0.37022144 0.53856846 0.32810722 0.27994814  0.50810747 0.35577493 0.64934411 0.23357877
0.80938482 0.71922856 0.79573799 0.28244884 0.45652275 0.45151373  0.66589339 0.66972231 0.4704966  0.6155736  0.33016024 0.2750246  0.53699803 0.28370112 0.60057876 0.30236997
0.80938482 0.71922856 0.79573799 0.28244884 0.45652275 0.45151373  0.66589339 0.66972231 0.4704966  0.6155736  0.33016024 0.2750246  0.53699803 0.28370112 0.60057876 0.30236997
0.82245502 0.67842701 0.77226456 0.27846729 0.40434607 0.40631257  0.65695064 0.65111873 0.52277113 0.56611861 0.32100913 0.26377447  0.51730218 0.32988808 0.59259826 0.31856178
0.84323139 0.59006898 0.69596552 0.2464826  0.37612049 0.34954762  0.66735315 0.56130949 0.61189163 0.65111372 0.2159749  0.32602394  0.60595932 0.46116837 0.70096407 0.30070193
0.83454785 0.55966598 0.62670927 0.28899089 0.24180384 0.34234226  0.67135448 0.56032981 0.5827181  0.59096723 0.24034756 0.38235514  0.58563483 0.4522     0.73674116 0.34190994
0.82426231 0.54276752 0.56801199 0.28903393 0.20798391 0.34624861  0.67263882 0.58890787 0.60054409 0.67957078 0.24142449 0.3801279  0.59616292 0.48939474 0.66176967 0.32250116
0.81425676 0.51429464 0.50292356 0.30215247 0.19637647 0.36036182  0.65875604 0.6000687  0.57659786 0.69684391 0.30199277 0.47706502  0.65910896 0.44548498 0.69255728 0.32707623
0.79066384 0.48030519 0.37955684 0.28855093 0.17188226 0.39156079  0.62753707 0.65329959 0.52908883 0.7437043  0.34597974 0.55610582  0.61134647 0.43167786 0.69410823 0.33123824
0.79666063 0.45090932 0.37190843 0.33420655 0.15143771 0.3870317  0.62290155 0.64689859 0.49104686 0.73969446 0.46185696 0.63273015  0.64011835 0.4298479  0.67906683 0.39558087
0.79666063 0.45090932 0.37190843 0.33420655 0.15143771 0.3870317  0.62290155 0.64689859 0.49104686 0.73969446 0.46185696 0.63273015  0.64011835 0.4298479  0.67906683 0.39558087
0.79989221 0.43854339 0.37575418 0.36973346 0.1560567  0.38775102  0.66269864 0.6559723  0.53936574 0.75084405 0.47367302 0.66716024  0.66608546 0.37826778 0.66114944 0.44046072
0.78662125 0.43978535 0.32921704 0.35007884 0.170513   0.41599363  0.64483719 0.66060314 0.53359644 0.66588373 0.44908271 0.67040249  0.60632098 0.32142699 0.72071443 0.47927076
0.7873964  0.41309784 0.28718649 0.31928441 0.21225554 0.4068705  0.61862966 0.59896735 0.61478785 0.65609481 0.40283581 0.65504835  0.55715638 0.27033568 0.68717779 0.52683801
0.77209567 0.40934453 0.22079348 0.28429276 0.23091115 0.45480746  0.55051628 0.61131602 0.53942702 0.63536558 0.41628998 0.66806064  0.52282505 0.35831695 0.61436796 0.52044918
0.78517166 0.37400012 0.213513   0.28161447 0.24943362 0.4293264  0.51534723 0.56465201 0.57774431 0.6133374  0.43901594 0.65419822  0.517439   0.32120308 0.54025388 0.48517747
0.79760073 0.3410343  0.20188654 0.28495505 0.26892488 0.42403529  0.4899625  0.48028071 0.59368553 0.61569075 0.3960772  0.6613234  0.5406757  0.28738135 0.55121935 0.45676651
0.79760073 0.3410343  0.20188654 0.28495505 0.26892488 0.42403529  0.4899625  0.48028071 0.59368553 0.61569075 0.3960772  0.6613234  0.5406757  0.28738135 0.55121935 0.45676651
0.81000661 0.30566378 0.19537834 0.28939803 0.284928   0.40045607  0.45250808 0.46576338 0.61861065 0.58862853 0.45877445 0.63677257  0.52062861 0.22546175 0.45719478 0.42971093
0.81000661 0.30566378 0.19537834 0.28939803 0.284928   0.40045607  0.45250808 0.46576338 0.61861065 0.58862853 0.45877445 0.63677257  0.52062861 0.22546175 0.45719478 0.42971093
0.81000661 0.30566378 0.19537834 0.28939803 0.284928   0.40045607  0.45250808 0.46576338 0.61861065 0.58862853 0.45877445 0.63677257  0.52062861 0.22546175 0.45719478 0.42971093
0.81000661 0.30566378 0.19537834 0.28939803 0.284928   0.40045607  0.45250808 0.46576338 0.61861065 0.58862853 0.45877445 0.63677257  0.52062861 0.22546175 0.45719478 0.42971093
0.81000661 0.30566378 0.19537834 0.28939803 0.284928   0.40045607  0.45250808 0.46576338 0.61861065 0.58862853 0.45877445 0.63677257  0.52062861 0.22546175 0.45719478 0.42971093
0.81000661 0.30566378 0.19537834 0.28939803 0.284928   0.40045607  0.45250808 0.46576338 0.61861065 0.58862853 0.45877445 0.63677257  0.52062861 0.22546175 0.45719478 0.42971093
0.79445029 0.3326756  0.16387902 0.22776688 0.31014543 0.42053323  0.4185297  0.45090106 0.61761388 0.52781446 0.40175653 0.57330563  0.51086327 0.2372918  0.46948664 0.4211909 
0.79445029 0.3326756  0.16387902 0.22776688 0.31014543 0.42053323  0.4185297  0.45090106 0.61761388 0.52781446 0.40175653 0.57330563  0.51086327 0.2372918  0.46948664 0.4211909 
0.79037409 0.34320144 0.15377236 0.20045038 0.3071852  0.43999747  0.3722754  0.44773827 0.53662817 0.48701338 0.39034568 0.55449983  0.48812237 0.31118329 0.49834737 0.34996027
0.77045293 0.38261378 0.11810865 0.13503757 0.33883886 0.48945744  0.34555663 0.43957064 0.56631317 0.37898498 0.25354133 0.50240491  0.4553934  0.28566417 0.47715708 0.3362237 
0.75500101 0.3959788  0.09496858 0.12721651 0.36291236 0.47253131  0.39032606 0.42928219 0.61687182 0.36024464 0.29584427 0.49735479  0.46131689 0.29342549 0.53318046 0.40450296
0.75500101 0.3959788  0.09496858 0.12721651 0.36291236 0.47253131  0.39032606 0.42928219 0.61687182 0.36024464 0.29584427 0.49735479  0.46131689 0.29342549 0.53318046 0.40450296
0.75500101 0.3959788  0.09496858 0.12721651 0.36291236 0.47253131  0.39032606 0.42928219 0.61687182 0.36024464 0.29584427 0.49735479  0.46131689 0.29342549 0.53318046 0.40450296
0.74259513 0.43134932 0.10147678 0.12277353 0.34690923 0.49611053  0.42778048 0.44379952 0.59194669 0.38730686 0.23314702 0.52190563  0.48136398 0.35534509 0.62720503 0.43155854
0.69488541 0.49247868 0.06787413 0.16839259 0.39582498 0.48297194  0.5221227  0.30040984 0.64237325 0.3407115  0.34638273 0.49585521  0.61259524 0.45399859 0.62351359 0.434934  
0.58019102 0.60369227 0.05072087 0.29946228 0.45522597 0.38059322  0.6539182  0.24399127 0.54294135 0.3534481  0.4737001  0.47706065  0.53326407 0.52241889 0.71357754 0.36402939
0.51839681 0.70615308 0.06586564 0.40127229 0.43064484 0.42838304  0.67721586 0.26663945 0.45058484 0.41169209 0.50522525 0.46840013  0.43738749 0.46576907 0.63346329 0.36148226
0.4495703  0.72432181 0.08947983 0.46562296 0.43233358 0.40647168  0.67546142 0.29423973 0.33650117 0.42970428 0.47371137 0.4613913  0.35669879 0.34461753 0.50224869 0.3596206 
0.23263438 0.62076669 0.17997944 0.55185723 0.46424879 0.18369552  0.540845   0.48661039 0.22465944 0.41715526 0.18913658 0.50858449  0.53975143 0.3560962  0.40794908 0.53031746
0.17881184 0.57585018 0.21881397 0.54405291 0.43522386 0.24045817  0.50390313 0.48677931 0.24267339 0.40152663 0.19104812 0.49493995  0.551051   0.30961656 0.3001988  0.5272926 
0.08837313 0.49349274 0.28301688 0.52244009 0.39707778 0.33667853  0.39970993 0.54279457 0.41499696 0.3711332  0.29385644 0.45910554  0.67842059 0.39321697 0.36828835 0.52620442
0.07102051 0.46648761 0.29681783 0.49538875 0.38534053 0.36816237  0.42637893 0.52216562 0.40838993 0.37342912 0.31490181 0.45582256  0.6405316  0.37092096 0.3395245  0.50760399
0.05336775 0.43914143 0.31083182 0.46832666 0.37416152 0.39938838  0.45143619 0.50292086 0.40448693 0.37548598 0.33684065 0.45259001  0.60541605 0.3574237  0.32371238 0.49045415
0.05336775 0.43914143 0.31083182 0.46832666 0.37416152 0.39938838  0.45143619 0.50292086 0.40448693 0.37548598 0.33684065 0.45259001  0.60541605 0.3574237  0.32371238 0.49045415
0.01779563 0.38669558 0.33863985 0.42004769 0.35385851 0.46460162  0.48109267 0.47190843 0.43452283 0.38595027 0.3992976  0.44733029  0.52908455 0.38078184 0.39373238 0.44873962
0.01779563 0.38669558 0.33863985 0.42004769 0.35385851 0.46460162  0.48109267 0.47190843 0.43452283 0.38595027 0.3992976  0.44733029  0.52908455 0.38078184 0.39373238 0.44873962
0.00039479 0.36283831 0.35232302 0.39930133 0.34523319 0.50234819  0.48417291 0.45702496 0.47508945 0.39693445 0.45000532 0.44589633  0.47476172 0.42761975 0.50206904 0.41641874
0.00039479 0.36283831 0.35232302 0.39930133 0.34523319 0.50234819  0.48417291 0.45702496 0.47508945 0.39693445 0.45000532 0.44589633  0.47476172 0.42761975 0.50206904 0.41641874
0.00039479 0.36283831 0.35232302 0.39930133 0.34523319 0.50234819  0.48417291 0.45702496 0.47508945 0.39693445 0.45000532 0.44589633  0.47476172 0.42761975 0.50206904 0.41641874
0.00039479 0.36283831 0.35232302 0.39930133 0.34523319 0.50234819  0.48417291 0.45702496 0.47508945 0.39693445 0.45000532 0.44589633  0.47476172 0.42761975 0.50206904 0.41641874
0.00039479 0.36283831 0.35232302 0.39930133 0.34523319 0.50234819  0.48417291 0.45702496 0.47508945 0.39693445 0.45000532 0.44589633  0.47476172 0.42761975 0.50206904 0.41641874
0.00039479 0.36283831 0.35232302 0.39930133 0.34523319 0.50234819  0.48417291 0.45702496 0.47508945 0.39693445 0.45000532 0.44589633  0.47476172 0.42761975 0.50206904 0.41641874
0.00039479 0.36283831 0.35232302 0.39930133 0.34523319 0.50234819  0.48417291 0.45702496 0.47508945 0.39693445 0.45000532 0.44589633  0.47476172 0.42761975 0.50206904 0.41641874
0.00039479 0.36283831 0.35232302 0.39930133 0.34523319 0.50234819  0.48417291 0.45702496 0.47508945 0.39693445 0.45000532 0.44589633  0.47476172 0.42761975 0.50206904 0.41641874
0.00039479 0.36283831 0.35232302 0.39930133 0.34523319 0.50234819  0.48417291 0.45702496 0.47508945 0.39693445 0.45000532 0.44589633  0.47476172 0.42761975 0.50206904 0.41641874
0.00039479 0.36283831 0.35232302 0.39930133 0.34523319 0.50234819  0.48417291 0.45702496 0.47508945 0.39693445 0.45000532 0.44589633  0.47476172 0.42761975 0.50206904 0.41641874
0.00039479 0.36283831 0.35232302 0.39930133 0.34523319 0.50234819  0.48417291 0.45702496 0.47508945 0.39693445 0.45000532 0.44589633  0.47476172 0.42761975 0.50206904 0.41641874
0.00039479 0.36283831 0.35232302 0.39930133 0.34523319 0.50234819  0.48417291 0.45702496 0.47508945 0.39693445 0.45000532 0.44589633  0.47476172 0.42761975 0.50206904 0.41641874
0.00039479 0.36283831 0.35232302 0.39930133 0.34523319 0.50234819  0.48417291 0.45702496 0.47508945 0.39693445 0.45000532 0.44589633  0.47476172 0.42761975 0.50206904 0.41641874
0.00039479 0.36283831 0.35232302 0.39930133 0.34523319 0.50234819  0.48417291 0.45702496 0.47508945 0.39693445 0.45000532 0.44589633  0.47476172 0.42761975 0.50206904 0.41641874
0.00039479 0.36283831 0.35232302 0.39930133 0.34523319 0.50234819  0.48417291 0.45702496 0.47508945 0.39693445 0.45000532 0.44589633  0.47476172 0.42761975 0.50206904 0.41641874
