0.00039479 0.36283831 0.35232302 0.39930133 0.34523319 0.50234819  0.48417291 0.45702496 0.47508945 0.39693445 0.45000532 0.44589633  0.47476172 0.42761975 0.50206904 0.41641874
0.00039479 0.36283831 0.35232302 0.39930133 0.34523319 0.50234819  0.48417291 0.45702496 0.47508945 0.39693445 0.45000532 0.44589633  0.47476172 0.42761975 0.50206904 0.41641874
0.00039479 0.36283831 0.35232302 0.39930133 0.34523319 0.50234819  0.48417291 0.45702496 0.47508945 0.39693445 0.45000532 0.44589633  0.47476172 0.42761975 0.50206904 0.41641874
0.00039479 0.36283831 0.35232302 0.39930133 0.34523319 0.50234819  0.48417291 0.45702496 0.47508945 0.39693445 0.45000532 0.44589633  0.47476172 0.42761975 0.50206904 0.41641874
0.00039479 0.36283831 0.35232302 0.39930133 0.34523319 0.50234819  0.48417291 0.45702496 0.47508945 0.39693445 0.45000532 0.44589633  0.47476172 0.42761975 0.50206904 0.41641874
0.00039479 0.36283831 0.35232302 0.39930133 0.34523319 0.50234819  0.48417291 0.45702496 0.47508945 0.39693445 0.45000532 0.44589633  0.47476172 0.42761975 0.50206904 0.41641874
0.00039479 0.36283831 0.35232302 0.39930133 0.34523319 0.50234819  0.48417291 0.45702496 0.47508945 0.39693445 0.45000532 0.44589633  0.47476172 0.42761975 0.50206904 0.41641874
0.00039479 0.36283831 0.35232302 0.39930133 0.34523319 0.50234819  0.48417291 0.45702496 0.47508945 0.39693445 0.45000532 0.44589633  0.47476172 0.42761975 0.50206904 0.41641874
0.00039479 0.36283831 0.35232302 0.39930133 0.34523319 0.50234819  0.48417291 0.45702496 0.47508945 0.39693445 0.45000532 0.44589633  0.47476172 0.42761975 0.50206904 0.41641874
0.00039479 0.36283831 0.35232302 0.39930133 0.34523319 0.50234819  0.48417291 0.45702496 0.47508945 0.39693445 0.45000532 0.44589633  0.47476172 0.42761975 0.50206904 0.41641874
0.00039479 0.36283831 0.35232302 0.39930133 0.34523319 0.50234819  0.48417291 0.45702496 0.47508945 0.39693445 0.45000532 0.44589633  0.47476172 0.42761975 0.50206904 0.41641874
0.00039479 0.36283831 0.35232302 0.39930133 0.34523319 0.50234819  0.48417291 0.45702496 0.47508945 0.39693445 0.45000532 0.44589633  0.47476172 0.42761975 0.50206904 0.41641874
0.00039479 0.36283831 0.35232302 0.39930133 0.34523319 0.50234819  0.48417291 0.45702496 0.47508945 0.39693445 0.45000532 0.44589633  0.47476172 0.42761975 0.50206904 0.41641874
0.00039479 0.36283831 0.35232302 0.39930133 0.34523319 0.50234819  0.48417291 0.45702496 0.47508945 0.39693445 0.45000532 0.44589633  0.47476172 0.42761975 0.50206904 0.41641874
0.00039479 0.36283831 0.35232302 0.39930133 0.34523319 0.50234819  0.48417291 0.45702496 0.47508945 0.39693445 0.45000532 0.44589633  0.47476172 0.42761975 0.50206904 0.41641874
0.00039479 0.36283831 0.35232302 0.39930133 0.34523319 0.50234819  0.48417291 0.45702496 0.47508945 0.39693445 0.45000532 0.44589633  0.47476172 0.42761975 0.50206904 0.41641874
0.00039479 0.36283831 0.35232302 0.39930133 0.34523319 0.50234819  0.48417291 0.45702496 0.47508945 0.39693445 0.45000532 0.44589633  0.47476172 0.42761975 0.50206904 0.41641874
0.00039479 0.36283831 0.35232302 0.39930133 0.34523319 0.50234819  0.48417291 0.45702496 0.47508945 0.39693445 0.45000532 0.44589633  0.47476172 0.42761975 0.50206904 0.41641874
0.00039479 0.36283831 0.35232302 0.39930133 0.34523319 0.50234819  0.48417291 0.45702496 0.47508945 0.39693445 0.45000532 0.44589633  0.47476172 0.42761975 0.50206904 0.41641874
0.00039479 0.36283831 0.35232302 0.39930133 0.34523319 0.50234819  0.48417291 0.45702496 0.47508945 0.39693445 0.45000532 0.44589633  0.47476172 0.42761975 0.50206904 0.41641874
0.00039479 0.36283831 0.35232302 0.39930133 0.34523319 0.50234819  0.48417291 0.45702496 0.47508945 0.39693445 0.45000532 0.44589633  0.47476172 0.42761975 0.50206904 0.41641874
0.00039479 0.36283831 0.35232302 0.39930133 0.34523319 0.50234819  0.48417291 0.45702496 0.47508945 0.39693445 0.45000532 0.44589633  0.47476172 0.42761975 0.50206904 0.41641874
0.00039479 0.36283831 0.35232302 0.39930133 0.34523319 0.50234819  0.48417291 0.45702496 0.47508945 0.39693445 0.45000532 0.44589633  0.47476172 0.42761975 0.50206904 0.41641874
0.00039479 0.36283831 0.35232302 0.39930133 0.34523319 0.50234819  0.48417291 0.45702496 0.47508945 0.39693445 0.45000532 0.44589633  0.47476172 0.42761975 0.50206904 0.41641874
0.00039479 0.36283831 0.35232302 0.39930133 0.34523319 0.50234819  0.48417291 0.45702496 0.47508945 0.39693445 0.45000532 0.44589633  0.47476172 0.42761975 0.50206904 0.41641874
0.00039479 0.36283831 0.35232302 0.39930133 0.34523319 0.50234819  0.48417291 0.45702496 0.47508945 0.39693445 0.45000532 0.44589633  0.47476172 0.42761975 0.50206904 0.41641874
0.00039479 0.36283831 0.35232302 0.39930133 0.34523319 0.50234819  0.48417291 0.45702496 0.47508945 0.39693445 0.45000532 0.44589633  0.47476172 0.42761975 0.50206904 0.41641874
0.00039479 0.36283831 0.35232302 0.39930133 0.34523319 0.50234819  0.48417291 0.45702496 0.47508945 0.39693445 0.45000532 0.44589633  0.47476172 0.42761975 0.50206904 0.41641874
0.00039479 0.36283831 0.35232302 0.39930133 0.34523319 0.50234819  0.48417291 0.45702496 0.47508945 0.39693445 0.45000532 0.44589633  0.47476172 0.42761975 0.50206904 0.41641874
0.00039479 0.36283831 0.35232302 0.39930133 0.34523319 0.50234819  0.48417291 0.45702496 0.47508945 0.39693445 0.45000532 0.44589633  0.47476172 0.42761975 0.50206904 0.41641874
0.00039479 0.36283831 0.35232302 0.39930133 0.34523319 0.50234819  0.48417291 0.45702496 0.47508945 0.39693445 0.45000532 0.44589633  0.47476172 0.42761975 0.50206904 0.41641874
0.00039479 0.36283831 0.35232302 0.39930133 0.34523319 0.50234819  0.48417291 0.45702496 0.47508945 0.39693445 0.45000532 0.44589633  0.47476172 0.42761975 0.50206904 0.41641874
0.00039479 0.36283831 0.35232302 0.39930133 0.34523319 0.50234819  0.48417291 0.45702496 0.47508945 0.39693445 0.45000532 0.44589633  0.47476172 0.42761975 0.50206904 0.41641874
0.00039479 0.36283831 0.35232302 0.39930133 0.34523319 0.50234819  0.48417291 0.45702496 0.47508945 0.39693445 0.45000532 0.44589633  0.47476172 0.42761975 0.50206904 0.41641874
0.00039479 0.36283831 0.35232302 0.39930133 0.34523319 0.50234819  0.48417291 0.45702496 0.47508945 0.39693445 0.45000532 0.44589633  0.47476172 0.42761975 0.50206904 0.41641874
0.00039479 0.36283831 0.35232302 0.39930133 0.34523319 0.50234819  0.48417291 0.45702496 0.47508945 0.39693445 0.45000532 0.44589633  0.47476172 0.42761975 0.50206904 0.41641874
0.00039479 0.36283831 0.35232302 0.39930133 0.34523319 0.50234819  0.48417291 0.45702496 0.47508945 0.39693445 0.45000532 0.44589633  0.47476172 0.42761975 0.50206904 0.41641874
0.00039479 0.36283831 0.35232302 0.39930133 0.34523319 0.50234819  0.48417291 0.45702496 0.47508945 0.39693445 0.45000532 0.44589633  0.47476172 0.42761975 0.50206904 0.41641874
0.00039479 0.36283831 0.35232302 0.39930133 0.34523319 0.50234819  0.48417291 0.45702496 0.47508945 0.39693445 0.45000532 0.44589633  0.47476172 0.42761975 0.50206904 0.41641874
0.00039479 0.36283831 0.35232302 0.39930133 0.34523319 0.50234819  0.48417291 0.45702496 0.47508945 0.39693445 0.45000532 0.44589633  0.47476172 0.42761975 0.50206904 0.41641874
0.00039479 0.36283831 0.35232302 0.39930133 0.34523319 0.50234819  0.48417291 0.45702496 0.47508945 0.39693445 0.45000532 0.44589633  0.47476172 0.42761975 0.50206904 0.41641874
0.00039479 0.36283831 0.35232302 0.39930133 0.34523319 0.50234819  0.48417291 0.45702496 0.47508945 0.39693445 0.45000532 0.44589633  0.47476172 0.42761975 0.50206904 0.41641874
0.00039479 0.36283831 0.35232302 0.39930133 0.34523319 0.50234819  0.48417291 0.45702496 0.47508945 0.39693445 0.45000532 0.44589633  0.47476172 0.42761975 0.50206904 0.41641874
0.00039479 0.36283831 0.35232302 0.39930133 0.34523319 0.50234819  0.48417291 0.45702496 0.47508945 0.39693445 0.45000532 0.44589633  0.47476172 0.42761975 0.50206904 0.41641874
0.07716674 0.44749328 0.36082293 0.41038628 0.3430157  0.67731037  0.39227606 0.36655706 0.58630309 0.51115264 0.41114828 0.50010394  0.32043925 0.45668874 0.73738204 0.48976086
0.14866981 0.60408014 0.58666223 0.38617931 0.66723515 0.66119054  0.2697348  0.34999827 0.55519255 0.40140873 0.38433343 0.51918693  0.3474716  0.52071857 0.77507194 0.54846839
0.2840618  0.75756923 0.66171823 0.41213419 0.83522462 0.71915914  0.21382162 0.33148302 0.64294041 0.46898532 0.65869116 0.58474978  0.44375532 0.55433977 0.76312565 0.4579607 
0.44782942 0.82319605 0.68786416 0.37592027 0.73137523 0.89556584  0.12261267 0.40406762 0.60331779 0.53284345 0.4719633  0.54098062  0.62470926 0.4518434  0.36690467 0.43878096
0.57554951 0.92313494 0.84731925 0.54218599 0.6985721  0.70027907  0.17540928 0.40005576 0.60059782 0.53170902 0.47276355 0.52392153  0.75618994 0.36945367 0.3788482  0.40690869
0.58796975 0.91238562 0.8825037  0.56460872 0.69429978 0.6730141  0.19317405 0.41294503 0.58108127 0.62079734 0.51052967 0.54085495  0.77461047 0.37100584 0.42420456 0.3607706 
0.69446198 0.88002316 0.864194   0.39133675 0.68402977 0.67908852  0.38520163 0.54379764 0.43655298 0.56564382 0.58632723 0.49532211  0.70602378 0.3311896  0.35462621 0.31352774
0.72669279 0.84084298 0.86887773 0.34693574 0.67187282 0.64834332  0.41248345 0.59013809 0.40023223 0.57825768 0.57262257 0.47594372  0.64244831 0.31593938 0.44640423 0.26281156
0.79220196 0.7702355  0.83256452 0.25499446 0.60634724 0.52771783  0.55130365 0.63958964 0.31172583 0.59917361 0.40752986 0.42770158  0.46790331 0.25455545 0.59516486 0.2947236 
0.80745268 0.74520838 0.81800535 0.22067487 0.58693348 0.51508177  0.56802085 0.67272984 0.31971784 0.54388813 0.41993607 0.41832673  0.5278355  0.30342825 0.67538495 0.28070148
0.80450595 0.72750889 0.77970277 0.2593824  0.44321197 0.47643257  0.61121632 0.66046584 0.37022144 0.53856846 0.32810722 0.27994814  0.50810747 0.35577493 0.64934411 0.23357877
0.79765307 0.69558523 0.71467194 0.30507426 0.29582217 0.44856848  0.63718298 0.65897461 0.3687918  0.47541057 0.33365907 0.30954125  0.48306101 0.3256701  0.6998606  0.30390969
0.81138361 0.58808426 0.59346386 0.30118992 0.21022349 0.41648689  0.59080154 0.59810009 0.36734284 0.35469264 0.35379496 0.46679517  0.53737293 0.39056482 0.80530204 0.29364746
0.8109953  0.51325312 0.48121918 0.32098105 0.11553953 0.40208569  0.57963388 0.54433923 0.37980722 0.39832519 0.34610412 0.58636962  0.61437005 0.44609158 0.87623307 0.3147054 
0.87015238 0.34951237 0.45322094 0.36240579 0.17666461 0.30934375  0.46245419 0.32596999 0.49547554 0.40070276 0.46500748 0.58844891  0.63907391 0.29998487 0.65077367 0.27487943
0.84259315 0.32340631 0.32041835 0.32262572 0.19607863 0.36591271  0.40032243 0.38149411 0.42521347 0.49451326 0.50389101 0.63778658  0.64347478 0.36239727 0.57048746 0.20355629
0.84259315 0.32340631 0.32041835 0.32262572 0.19607863 0.36591271  0.40032243 0.38149411 0.42521347 0.49451326 0.50389101 0.63778658  0.64347478 0.36239727 0.57048746 0.20355629
0.83519444 0.3158641  0.28397686 0.3080795  0.20420253 0.37798507  0.38678336 0.40783553 0.41470383 0.55321399 0.51109658 0.6448888  0.62800804 0.39552348 0.52851933 0.18427065
0.86560046 0.19821588 0.2661566  0.48953708 0.30007037 0.48289214  0.37268688 0.39784007 0.24892601 0.57271345 0.57610493 0.43464355  0.64712391 0.4028442  0.5971097  0.38121511
0.86560046 0.19821588 0.2661566  0.48953708 0.30007037 0.48289214  0.37268688 0.39784007 0.24892601 0.57271345 0.57610493 0.43464355  0.64712391 0.4028442  0.5971097  0.38121511
0.84520076 0.20289434 0.19595182 0.43797801 0.34981088 0.51952401  0.34587972 0.4284134  0.27360697 0.5606673  0.52475873 0.39062122  0.55434842 0.37947664 0.57660305 0.4316257 
0.8508947  0.1794169  0.18971596 0.4829669  0.37953673 0.55920978  0.36322929 0.44003338 0.25686024 0.54497038 0.49591296 0.35528084  0.56098862 0.38423336 0.6416018  0.41629396
0.85971803 0.1413696  0.18328565 0.56731137 0.42557495 0.62435907  0.4102881  0.48361089 0.25049832 0.52156866 0.44927891 0.33279642  0.54574915 0.43511107 0.67938656 0.38936809
0.85971803 0.1413696  0.18328565 0.56731137 0.42557495 0.62435907  0.4102881  0.48361089 0.25049832 0.52156866 0.44927891 0.33279642  0.54574915 0.43511107 0.67938656 0.38936809
0.85971803 0.1413696  0.18328565 0.56731137 0.42557495 0.62435907  0.4102881  0.48361089 0.25049832 0.52156866 0.44927891 0.33279642  0.54574915 0.43511107 0.67938656 0.38936809
0.84762212 0.14938258 0.1509395  0.53734556 0.4489807  0.62894312  0.41676858 0.49872891 0.3004196  0.51707868 0.42507608 0.31546663  0.48243719 0.41388851 0.67534679 0.46828729
0.83529738 0.16402848 0.12328593 0.51124132 0.47881712 0.6497396  0.4225873  0.4929403  0.34774171 0.46741419 0.37987421 0.28642979  0.49863895 0.37413844 0.66972125 0.50464712
0.83784199 0.15242872 0.12120813 0.54349659 0.49769862 0.67580905  0.45509038 0.51925765 0.37364593 0.44499333 0.33970945 0.31109484  0.47437019 0.40341574 0.65530802 0.45121221
0.81537622 0.20344082 0.08762222 0.44582851 0.51047077 0.69919957  0.39586853 0.48477267 0.3774267  0.35938579 0.24306986 0.23433486  0.46590999 0.34861932 0.64853095 0.49091055
0.81792082 0.19184106 0.08554442 0.47808378 0.52935228 0.72526902  0.42837162 0.51109002 0.40333093 0.33696493 0.2029051  0.25899991  0.44164123 0.37789661 0.63411773 0.43747564
0.8024689  0.20520608 0.06240434 0.47026271 0.55342578 0.70834289  0.47314104 0.50080158 0.45388958 0.31822459 0.24520803 0.2539498  0.44756472 0.38565794 0.69014112 0.5057549 
0.76488255 0.32392144 0.06368847 0.30319132 0.48110372 0.61491606  0.46346153 0.41677338 0.55768402 0.32041059 0.2754936  0.34169865  0.58018544 0.40459674 0.60988307 0.48678141
0.67947903 0.45981688 0.03131257 0.33189198 0.50903139 0.56227521  0.62123655 0.24030732 0.61354785 0.29986024 0.38969267 0.38407947  0.66525349 0.55304394 0.7320224  0.42694614
0.66779588 0.50661864 0.04113669 0.25081495 0.46085666 0.49981186  0.60323851 0.22497799 0.6490161  0.31573158 0.41674863 0.44586556  0.66547795 0.53661528 0.67980919 0.41790529
0.59762251 0.53878597 0.03112615 0.35280445 0.51315838 0.38128804  0.62916683 0.13590438 0.58788176 0.31001541 0.46583676 0.43070444  0.5524967  0.56260442 0.62354634 0.29994751
0.56414126 0.62978737 0.0495573  0.33254569 0.45484992 0.39978219  0.6676238  0.18746235 0.51972545 0.37165076 0.46688559 0.47501977  0.55142096 0.54535069 0.65224323 0.35174928
0.49209791 0.63879365 0.0588715  0.43589473 0.48604785 0.29181904  0.62211351 0.14747884 0.43999579 0.3802409  0.39806075 0.48325555  0.43798824 0.50545829 0.56736507 0.27296721
0.42676826 0.67718308 0.08189272 0.47269536 0.48881716 0.23945197  0.673192   0.29610911 0.31581197 0.36258551 0.43366678 0.45008508  0.43114553 0.46892633 0.51625962 0.26537769
0.33782112 0.68945975 0.11291856 0.58990194 0.4948184  0.1755078  0.53311625 0.39191241 0.28213831 0.39875299 0.31488761 0.47719192  0.39887125 0.37070323 0.49890665 0.33407699
0.3069406  0.69900486 0.13595492 0.57160495 0.47324793 0.1819387  0.5752299  0.46946107 0.23396006 0.39987129 0.32109942 0.47729508  0.39009376 0.37336736 0.43739786 0.39500839
0.23279386 0.6204055  0.17981623 0.55038126 0.46429878 0.18271158  0.54582696 0.48539225 0.2216568  0.40993899 0.20045262 0.50191553  0.53994098 0.35704358 0.38880709 0.51135517
0.17820599 0.57969865 0.21682808 0.55749167 0.44129354 0.21932679  0.47918194 0.50852894 0.25366817 0.39968241 0.1642513  0.49849797  0.60486196 0.33403305 0.32765711 0.54967947
0.1234861  0.51654246 0.25523885 0.52229453 0.42027218 0.27466894  0.45908465 0.51873701 0.31559885 0.39553528 0.19247021 0.49167978  0.6872911  0.3576488  0.3385896  0.581581  
0.07072036 0.46614656 0.29703087 0.49537801 0.38589877 0.36790454  0.42476719 0.52354981 0.41109396 0.37319006 0.31579528 0.455873  0.64330505 0.37971972 0.35247623 0.50905457
0.01779563 0.38669558 0.33863985 0.42004769 0.35385851 0.46460162  0.48109267 0.47190843 0.43452283 0.38595027 0.3992976  0.44733029  0.52908455 0.38078184 0.39373238 0.44873962
0.01779563 0.38669558 0.33863985 0.42004769 0.35385851 0.46460162  0.48109267 0.47190843 0.43452283 0.38595027 0.3992976  0.44733029  0.52908455 0.38078184 0.39373238 0.44873962
0.01779563 0.38669558 0.33863985 0.42004769 0.35385851 0.46460162  0.48109267 0.47190843 0.43452283 0.38595027 0.3992976  0.44733029  0.52908455 0.38078184 0.39373238 0.44873962
0.00039479 0.36283831 0.35232302 0.39930133 0.34523319 0.50234819  0.48417291 0.45702496 0.47508945 0.39693445 0.45000532 0.44589633  0.47476172 0.42761975 0.50206904 0.41641874
0.00039479 0.36283831 0.35232302 0.39930133 0.34523319 0.50234819  0.48417291 0.45702496 0.47508945 0.39693445 0.45000532 0.44589633  0.47476172 0.42761975 0.50206904 0.41641874
0.00039479 0.36283831 0.35232302 0.39930133 0.34523319 0.50234819  0.48417291 0.45702496 0.47508945 0.39693445 0.45000532 0.44589633  0.47476172 0.42761975 0.50206904 0.41641874
0.00039479 0.36283831 0.35232302 0.39930133 0.34523319 0.50234819  0.48417291 0.45702496 0.47508945 0.39693445 0.45000532 0.44589633  0.47476172 0.42761975 0.50206904 0.41641874
0.00039479 0.36283831 0.35232302 0.39930133 0.34523319 0.50234819  0.48417291 0.45702496 0.47508945 0.39693445 0.45000532 0.44589633  0.47476172 0.42761975 0.50206904 0.41641874
0.00039479 0.36283831 0.35232302 0.39930133 0.34523319 0.50234819  0.48417291 0.45702496 0.47508945 0.39693445 0.45000532 0.44589633  0.47476172 0.42761975 0.50206904 0.41641874
0.00039479 0.36283831 0.35232302 0.39930133 0.34523319 0.50234819  0.48417291 0.45702496 0.47508945 0.39693445 0.45000532 0.44589633  0.47476172 0.42761975 0.50206904 0.41641874
0.00039479 0.36283831 0.35232302 0.39930133 0.34523319 0.50234819  0.48417291 0.45702496 0.47508945 0.39693445 0.45000532 0.44589633  0.47476172 0.42761975 0.50206904 0.41641874
0.00039479 0.36283831 0.35232302 0.39930133 0.34523319 0.50234819  0.48417291 0.45702496 0.47508945 0.39693445 0.45000532 0.44589633  0.47476172 0.42761975 0.50206904 0.41641874
0.00039479 0.36283831 0.35232302 0.39930133 0.34523319 0.50234819  0.48417291 0.45702496 0.47508945 0.39693445 0.45000532 0.44589633  0.47476172 0.42761975 0.50206904 0.41641874
0.00039479 0.36283831 0.35232302 0.39930133 0.34523319 0.50234819  0.48417291 0.45702496 0.47508945 0.39693445 0.45000532 0.44589633  0.47476172 0.42761975 0.50206904 0.41641874
0.00039479 0.36283831 0.35232302 0.39930133 0.34523319 0.50234819  0.48417291 0.45702496 0.47508945 0.39693445 0.45000532 0.44589633  0.47476172 0.42761975 0.50206904 0.41641874
0.00039479 0.36283831 0.35232302 0.39930133 0.34523319 0.50234819  0.48417291 0.45702496 0.47508945 0.39693445 0.45000532 0.44589633  0.47476172 0.42761975 0.50206904 0.41641874
0.00039479 0.36283831 0.35232302 0.39930133 0.34523319 0.50234819  0.48417291 0.45702496 0.47508945 0.39693445 0.45000532 0.44589633  0.47476172 0.42761975 0.50206904 0.41641874
0.00039479 0.36283831 0.35232302 0.39930133 0.34523319 0.50234819  0.48417291 0.45702496 0.47508945 0.39693445 0.45000532 0.44589633  0.47476172 0.42761975 0.50206904 0.41641874
0.03616952 0.41469964 0.32629163 0.4440152  0.36121344 0.46504157  0.44036456 0.48342389 0.50957824 0.3942575  0.45978029 0.44444063  0.48777243 0.47830371 0.58520001 0.40819568
0.10735842 0.52146999 0.27064984 0.54527456 0.4018978  0.34180753  0.3595538  0.55332807 0.49646212 0.37658689 0.36838923 0.45266611  0.63019642 0.49202423 0.55887569 0.46429956
0.23551263 0.68728843 0.18488133 0.65424332 0.43511442 0.25223525  0.3171386  0.58254739 0.49020305 0.34311532 0.41613863 0.42923937  0.60408793 0.45550354 0.45197155 0.38130632
0.25452413 0.70266629 0.17849277 0.64628663 0.42512449 0.29070171  0.32802908 0.56812632 0.51784788 0.33835279 0.48426618 0.41414938  0.57518326 0.44879581 0.42331398 0.35635185
0.29185453 0.74077459 0.16103792 0.65189407 0.41778988 0.3255871  0.32666498 0.55711226 0.56284413 0.3366047  0.56026706 0.40180838  0.54378608 0.46447032 0.45084772 0.32798655
0.31074861 0.7497712  0.15951037 0.63422758 0.39945927 0.38199376  0.3331391  0.55135613 0.59105487 0.33380875 0.60423973 0.39129145  0.56365345 0.44910464 0.40241872 0.34136959
0.39984334 0.71929631 0.12084038 0.45970947 0.43079533 0.34513123  0.60574075 0.55721908 0.47955429 0.28386813 0.70735142 0.35909812  0.59155504 0.50940135 0.49262391 0.29095179
0.50697242 0.69335903 0.12043734 0.3082994  0.36921274 0.49101099  0.62285712 0.70462863 0.56670676 0.24779161 0.75357885 0.34319313  0.75726013 0.50414898 0.57629221 0.40114091
0.47084597 0.69144673 0.14310896 0.36285736 0.35199202 0.51402802  0.48608696 0.74600179 0.66373581 0.24313809 0.73048012 0.34375665  0.83764483 0.51735403 0.58661493 0.43539227
0.50366342 0.67128645 0.13903515 0.34217481 0.34430068 0.51384913  0.4636044  0.74639911 0.66263772 0.33037999 0.63409289 0.40776879  0.69038178 0.45793148 0.75364345 0.51234093
0.52242781 0.71975574 0.16795119 0.43525019 0.25786048 0.67054526  0.31158037 0.62020932 0.53342557 0.47066689 0.28606672 0.50329036  0.47777829 0.24786134 0.48285395 0.55841276
0.52706994 0.77504303 0.13741898 0.43409833 0.28379078 0.68379587  0.49095255 0.46154257 0.41622546 0.48608292 0.319486   0.49327293  0.50773265 0.31934427 0.35872705 0.50985326
0.59787761 0.73134667 0.12022963 0.27059545 0.29584709 0.67845973  0.66056277 0.55335991 0.40061692 0.40211321 0.42785235 0.44404497  0.69609507 0.42322775 0.46911648 0.50576494
0.61332953 0.71798166 0.1433697  0.27841651 0.27177359 0.69538586  0.61579334 0.56364836 0.35005827 0.42085355 0.38554941 0.44909509  0.69017158 0.41546642 0.41309309 0.43748568
0.72605962 0.53092727 0.21407328 0.23338696 0.20780062 0.57207997  0.47652788 0.63238203 0.30369265 0.53268347 0.31601029 0.57501452  0.47716821 0.38036394 0.63660245 0.34995201
0.80536712 0.62527103 0.58292517 0.17221877 0.47108144 0.56663255  0.41483376 0.4714865  0.27614907 0.32185644 0.23839394 0.52059735  0.45390752 0.5208534  0.68805386 0.31386712
0.84619916 0.64952502 0.77925227 0.18381396 0.65188953 0.5177572  0.46889899 0.4562488  0.30301978 0.43136859 0.34693462 0.63686083  0.59436249 0.36524145 0.85611838 0.30280637
0.86140655 0.62168985 0.78429721 0.15014987 0.7098406  0.49862998  0.43245497 0.44268718 0.33561743 0.41498246 0.38774046 0.69403802  0.60693826 0.39808795 0.84041683 0.31938385
0.86140655 0.62168985 0.78429721 0.15014987 0.7098406  0.49862998  0.43245497 0.44268718 0.33561743 0.41498246 0.38774046 0.69403802  0.60693826 0.39808795 0.84041683 0.31938385
0.87949486 0.5977749  0.80543865 0.13175522 0.75758657 0.45428944  0.43314766 0.38901225 0.44304372 0.5166317  0.33546141 0.63306468  0.59487411 0.37693182 0.76299016 0.33992739
0.89257085 0.56243049 0.79815817 0.12907694 0.77610904 0.42880838  0.39797861 0.34234824 0.48136101 0.49460352 0.35818736 0.61920226  0.58948806 0.33981795 0.68887608 0.30465568
0.90497673 0.52705996 0.79164997 0.13351992 0.79211217 0.40522916  0.36052419 0.32783091 0.50628614 0.46754129 0.42088461 0.59465142  0.56944097 0.27789834 0.59485151 0.2776001 
0.90102928 0.51245076 0.75576218 0.16398099 0.69168447 0.39581073  0.37472162 0.30866603 0.49886276 0.41148849 0.36597864 0.51923481  0.58463562 0.30560573 0.60008141 0.18649283
0.89339698 0.48174984 0.68349721 0.22874668 0.47333158 0.3687265  0.40229145 0.28214763 0.4918243  0.2947101  0.28887176 0.42458095  0.53366739 0.35593066 0.63396693 0.14257451
0.89727001 0.37589778 0.58257728 0.37797502 0.35764902 0.38415887  0.42626931 0.27489038 0.40382773 0.25363617 0.38287937 0.41366117  0.52248826 0.35675946 0.66622904 0.39371562
0.89506267 0.31660536 0.51062225 0.44789192 0.2366748  0.34128642  0.4698685  0.30203976 0.4259974  0.35181083 0.47875231 0.440965  0.55456082 0.3551217  0.63536302 0.46436924
0.90085408 0.25711256 0.46656103 0.53226552 0.28896962 0.41752476  0.47235439 0.32741639 0.37792437 0.36047449 0.47906963 0.4191795  0.59167464 0.35203993 0.70403952 0.45020501
0.88579242 0.22877393 0.37634083 0.53053635 0.25165042 0.44602145  0.42767146 0.33781472 0.29742761 0.39791293 0.54796205 0.49766744  0.67127486 0.43877252 0.63488631 0.4197639 
0.88995008 0.16994633 0.32671823 0.60235619 0.32990977 0.52609206  0.43812058 0.37716007 0.24141318 0.40460932 0.51669696 0.39398682  0.65433603 0.37664247 0.76930036 0.41399332
0.88995008 0.16994633 0.32671823 0.60235619 0.32990977 0.52609206  0.43812058 0.37716007 0.24141318 0.40460932 0.51669696 0.39398682  0.65433603 0.37664247 0.76930036 0.41399332
0.86383618 0.16303273 0.22293324 0.54538382 0.3815644  0.56644573  0.41478967 0.44496682 0.27548474 0.52662211 0.47912795 0.35913306  0.59025115 0.39166688 0.68337173 0.39013328
0.85481665 0.16271955 0.18721867 0.52059888 0.40095294 0.58762724  0.38814072 0.46110932 0.26497307 0.53494354 0.46884998 0.34937549  0.54379802 0.42302634 0.63788313 0.40529531
0.85481665 0.16271955 0.18721867 0.52059888 0.40095294 0.58762724  0.38814072 0.46110932 0.26497307 0.53494354 0.46884998 0.34937549  0.54379802 0.42302634 0.63788313 0.40529531
0.85971803 0.1413696  0.18328565 0.56731137 0.42557495 0.62435907  0.4102881  0.48361089 0.25049832 0.52156866 0.44927891 0.33279642  0.54574915 0.43511107 0.67938656 0.38936809
0.85971803 0.1413696  0.18328565 0.56731137 0.42557495 0.62435907  0.4102881  0.48361089 0.25049832 0.52156866 0.44927891 0.33279642  0.54574915 0.43511107 0.67938656 0.38936809
0.85971803 0.1413696  0.18328565 0.56731137 0.42557495 0.62435907  0.4102881  0.48361089 0.25049832 0.52156866 0.44927891 0.33279642  0.54574915 0.43511107 0.67938656 0.38936809
0.83901821 0.18137501 0.14853077 0.50405903 0.46663994 0.66983893  0.4025903  0.47388507 0.29260588 0.4174906  0.30561407 0.27236785  0.54919797 0.37874376 0.71255037 0.3434637 
0.81047484 0.22479077 0.09155524 0.39911602 0.48584876 0.66246775  0.37372115 0.46227109 0.39190146 0.37276068 0.26264094 0.25091394  0.46395887 0.33653459 0.60702753 0.50683777
0.81047484 0.22479077 0.09155524 0.39911602 0.48584876 0.66246775  0.37372115 0.46227109 0.39190146 0.37276068 0.26264094 0.25091394  0.46395887 0.33653459 0.60702753 0.50683777
0.8047809  0.24826821 0.0977911  0.35412712 0.45612291 0.62278197  0.35637158 0.45065112 0.40864818 0.38845759 0.29148671 0.28625432  0.45731867 0.33177787 0.54202877 0.52216951
0.78542128 0.32434498 0.10799915 0.22558926 0.38923622 0.5491547  0.34093039 0.43582944 0.48895975 0.38811175 0.26760334 0.39506302  0.4666132  0.29012682 0.52967443 0.42397151
0.77045293 0.38261378 0.11810865 0.13503757 0.33883886 0.48945744  0.34555663 0.43957064 0.56631317 0.37898498 0.25354133 0.50240491  0.4553934  0.28566417 0.47715708 0.3362237 
0.72789242 0.45773556 0.08903931 0.12557578 0.36356117 0.51069479  0.46328119 0.40233599 0.6187462  0.36406978 0.2546431  0.51483709  0.59956313 0.418504   0.5901102  0.45241958
0.69673908 0.51033311 0.07549007 0.17223897 0.37854294 0.54181124  0.514598   0.26893977 0.6249669  0.33967367 0.28531019 0.49777304  0.74681904 0.50244848 0.51691819 0.43831534
0.62140739 0.6378602  0.08059823 0.25556357 0.36346486 0.56666213  0.62798365 0.31346072 0.52635076 0.40683411 0.35018414 0.5081844  0.62948351 0.51739741 0.6855277  0.48273678
0.51122529 0.79950986 0.09455724 0.43195576 0.3493868  0.5994669  0.66683861 0.34610602 0.416032   0.46732754 0.53386627 0.462384  0.40329739 0.37544479 0.47961754 0.45658068
0.41717583 0.7466554  0.10812662 0.49458011 0.42433834 0.37333442  0.64389928 0.37901115 0.31064214 0.47560051 0.36942556 0.50206095  0.36063961 0.42259288 0.62541773 0.45422941
0.25223898 0.66873078 0.1753771  0.6067195  0.43857982 0.24659934  0.43294076 0.49792643 0.33960884 0.42773477 0.24704244 0.50302832  0.4792208  0.3744283  0.49125793 0.4903074 
0.1260913  0.53947855 0.25925652 0.54674558 0.40231667 0.32378456  0.39948388 0.53997197 0.41494121 0.3586677  0.33687625 0.44780382  0.6370815  0.38416393 0.34447014 0.45755416
0.00039479 0.36283831 0.35232302 0.39930133 0.34523319 0.50234819  0.48417291 0.45702496 0.47508945 0.39693445 0.45000532 0.44589633  0.47476172 0.42761975 0.50206904 0.41641874
0.00039479 0.36283831 0.35232302 0.39930133 0.34523319 0.50234819  0.48417291 0.45702496 0.47508945 0.39693445 0.45000532 0.44589633  0.47476172 0.42761975 0.50206904 0.41641874
0.00039479 0.36283831 0.35232302 0.39930133 0.34523319 0.50234819  0.48417291 0.45702496 0.47508945 0.39693445 0.45000532 0.44589633  0.47476172 0.42761975 0.50206904 0.41641874
0.00875787 0.4123508  0.45576771 0.30945473 0.68016703 0.59650713  0.38177987 0.47395259 0.37800674 0.42956625 0.61847711 0.69029721  0.51814452 0.35155546 0.51955922 0.459002  
0.00875787 0.4123508  0.45576771 0.30945473 0.68016703 0.59650713  0.38177987 0.47395259 0.37800674 0.42956625 0.61847711 0.69029721  0.51814452 0.35155546 0.51955922 0.459002  
0.0200776  0.44785144 0.53974192 0.2723146  0.80555672 0.61630961  0.34626357 0.45248121 0.35739385 0.38312804 0.63635487 0.72292423  0.49077232 0.3502022  0.52014157 0.50111082
0.0193403  0.4462837  0.53482404 0.27668593 0.78991268 0.61469621  0.3516972  0.45074042 0.36105162 0.38580517 0.62106714 0.69438511  0.4988249  0.36981046 0.51163589 0.4706126 
0.01059613 0.4207361  0.47455261 0.29039695 0.74084058 0.60503585  0.3737696  0.47580873 0.37647036 0.45914708 0.62674481 0.69956334  0.542923   0.35547893 0.51021177 0.43386405
0.00875787 0.4123508  0.45576771 0.30945473 0.68016703 0.59650713  0.38177987 0.47395259 0.37800674 0.42956625 0.61847711 0.69029721  0.51814452 0.35155546 0.51955922 0.459002  
0.00729046 0.40421671 0.43926455 0.32305604 0.6321678  0.58175596  0.39759106 0.46882153 0.39931305 0.43903324 0.58983494 0.64812842  0.52589481 0.36552997 0.50849909 0.43829976
0.00519017 0.38707796 0.40035625 0.36817681 0.44953132 0.53059839  0.45485022 0.45580258 0.45628119 0.41054923 0.45798525 0.45106005  0.47395751 0.43820836 0.48540153 0.37622897
0.00039479 0.36283831 0.35232302 0.39930133 0.34523319 0.50234819  0.48417291 0.45702496 0.47508945 0.39693445 0.45000532 0.44589633  0.47476172 0.42761975 0.50206904 0.41641874
0.00039479 0.36283831 0.35232302 0.39930133 0.34523319 0.50234819  0.48417291 0.45702496 0.47508945 0.39693445 0.45000532 0.44589633  0.47476172 0.42761975 0.50206904 0.41641874
0.0177474  0.38984345 0.33852207 0.42635267 0.35697043 0.47086435  0.45750391 0.47765391 0.48169648 0.39463854 0.42895995 0.44917931  0.51265071 0.44991576 0.53083289 0.43501917
0.0177474  0.38984345 0.33852207 0.42635267 0.35697043 0.47086435  0.45750391 0.47765391 0.48169648 0.39463854 0.42895995 0.44917931  0.51265071 0.44991576 0.53083289 0.43501917
0.14398862 0.55091082 0.24951178 0.54069618 0.40152668 0.34115374  0.41491483 0.51654859 0.43909327 0.38460955 0.37783723 0.45330802  0.49844986 0.44147173 0.51760091 0.41916171
0.38237318 0.78597433 0.12336321 0.61302049 0.39930697 0.41137438  0.44904502 0.38586924 0.42551065 0.4941492  0.37451576 0.50746932  0.26757454 0.3750049  0.57715973 0.43552741
0.54613843 0.77463399 0.11719805 0.37383787 0.30518924 0.66820719  0.61680396 0.47865598 0.41076565 0.4333827  0.47501885 0.44786116  0.54520764 0.36950805 0.38409753 0.49708548
0.63895904 0.63454887 0.10677114 0.2474816  0.31877051 0.63532677  0.57467141 0.38399949 0.45877829 0.44782821 0.24087467 0.51694757  0.64329002 0.48948147 0.5306774  0.49189673
0.74259513 0.43134932 0.10147678 0.12277353 0.34690923 0.49611053  0.42778048 0.44379952 0.59194669 0.38730686 0.23314702 0.52190563  0.48136398 0.35534509 0.62720503 0.43155854
0.77045293 0.38261378 0.11810865 0.13503757 0.33883886 0.48945744  0.34555663 0.43957064 0.56631317 0.37898498 0.25354133 0.50240491  0.4553934  0.28566417 0.47715708 0.3362237 
0.78390808 0.32903193 0.10454596 0.22347151 0.39532322 0.5631891  0.35599281 0.44544401 0.50598536 0.35744356 0.22470258 0.41118378  0.47899973 0.26805656 0.59808771 0.34093146
0.81399887 0.20853841 0.0880417  0.4404518  0.50793607 0.69685156  0.40346018 0.49001408 0.39521809 0.34699177 0.22996808 0.26490525  0.45883182 0.33910363 0.6378364  0.4484743 
0.82237395 0.1831789  0.09514301 0.4775999  0.4967075  0.67216818  0.41697669 0.49395129 0.40043264 0.40140534 0.32843105 0.29629698  0.47158476 0.35572087 0.59904705 0.53073851
0.8262959  0.16648155 0.09264572 0.51523187 0.51812371 0.70058564  0.44188813 0.51502723 0.40854547 0.3913785  0.30136807 0.29039164  0.45439417 0.39451386 0.59532838 0.51973986
0.8262959  0.16648155 0.09264572 0.51523187 0.51812371 0.70058564  0.44188813 0.51502723 0.40854547 0.3913785  0.30136807 0.29039164  0.45439417 0.39451386 0.59532838 0.51973986
0.8262959  0.16648155 0.09264572 0.51523187 0.51812371 0.70058564  0.44188813 0.51502723 0.40854547 0.3913785  0.30136807 0.29039164  0.45439417 0.39451386 0.59532838 0.51973986
0.81399887 0.20853841 0.0880417  0.4404518  0.50793607 0.69685156  0.40346018 0.49001408 0.39521809 0.34699177 0.22996808 0.26490525  0.45883182 0.33910363 0.6378364  0.4484743 
0.81399887 0.20853841 0.0880417  0.4404518  0.50793607 0.69685156  0.40346018 0.49001408 0.39521809 0.34699177 0.22996808 0.26490525  0.45883182 0.33910363 0.6378364  0.4484743 
0.79854695 0.22190343 0.06490163 0.43263074 0.53200957 0.67992542  0.44822961 0.47972564 0.44577674 0.32825143 0.27227101 0.25985514  0.46475531 0.34686496 0.69385978 0.51675356
0.78879519 0.26166758 0.0697621  0.35326883 0.48948921 0.6282046  0.41343938 0.45140288 0.45364485 0.33570101 0.29838079 0.28665123  0.49477041 0.29076069 0.71168753 0.50248016
0.78879519 0.26166758 0.0697621  0.35326883 0.48948921 0.6282046  0.41343938 0.45140288 0.45364485 0.33570101 0.29838079 0.28665123  0.49477041 0.29076069 0.71168753 0.50248016
0.77606755 0.31253936 0.07529345 0.26024714 0.44457665 0.57592384  0.39390715 0.43510588 0.50761275 0.33322258 0.28113798 0.35214133  0.49779344 0.25358751 0.69304092 0.43634146
0.72789242 0.45773556 0.08903931 0.12557578 0.36356117 0.51069479  0.46328119 0.40233599 0.6187462  0.36406978 0.2546431  0.51483709  0.59956313 0.418504   0.5901102  0.45241958
0.72789242 0.45773556 0.08903931 0.12557578 0.36356117 0.51069479  0.46328119 0.40233599 0.6187462  0.36406978 0.2546431  0.51483709  0.59956313 0.418504   0.5901102  0.45241958
0.69673908 0.51033311 0.07549007 0.17223897 0.37854294 0.54181124  0.514598   0.26893977 0.6249669  0.33967367 0.28531019 0.49777304  0.74681904 0.50244848 0.51691819 0.43831534
0.68366309 0.54567752 0.08277055 0.17491726 0.36002047 0.56729231  0.54976705 0.31560378 0.58664961 0.36170185 0.26258424 0.51163546  0.75220509 0.53956235 0.59103227 0.47358705
0.62635644 0.67228576 0.10976673 0.24085261 0.3157144  0.65397965  0.62147243 0.52551753 0.43977404 0.3862639  0.39172812 0.45321103  0.70117488 0.36647421 0.54141626 0.48963409
0.62635644 0.67228576 0.10976673 0.24085261 0.3157144  0.65397965  0.62147243 0.52551753 0.43977404 0.3862639  0.39172812 0.45321103  0.70117488 0.36647421 0.54141626 0.48963409
0.61392737 0.70525158 0.1213932  0.23751204 0.29622314 0.65927076  0.64685717 0.60988884 0.42383282 0.38391055 0.43466685 0.44608585  0.67793819 0.40029594 0.53045078 0.51804505
0.61392737 0.70525158 0.1213932  0.23751204 0.29622314 0.65927076  0.64685717 0.60988884 0.42383282 0.38391055 0.43466685 0.44608585  0.67793819 0.40029594 0.53045078 0.51804505
0.61392737 0.70525158 0.1213932  0.23751204 0.29622314 0.65927076  0.64685717 0.60988884 0.42383282 0.38391055 0.43466685 0.44608585  0.67793819 0.40029594 0.53045078 0.51804505
0.62964615 0.67993392 0.12824543 0.21117154 0.29032701 0.64523296  0.62443677 0.6825204  0.42065696 0.40086651 0.42113481 0.45573688  0.62286445 0.37810761 0.55117293 0.53012125
0.6627757  0.68370027 0.22398883 0.19351185 0.31903547 0.62758961  0.58501694 0.58090404 0.42990009 0.28727779 0.38590106 0.48163877  0.62752777 0.52389837 0.54943141 0.59159475
0.79289659 0.72368769 0.68861578 0.15171115 0.62042916 0.54233701  0.56268519 0.40269126 0.47737229 0.26225904 0.27114822 0.44556363  0.76464112 0.58204667 0.64723425 0.38830112
0.80321507 0.66503001 0.65606139 0.22200875 0.46278505 0.47637547  0.59887703 0.44165776 0.44965881 0.50447315 0.29957513 0.40407495  0.79210699 0.71600014 0.60095687 0.19702307
0.80493098 0.60074213 0.57065287 0.20065329 0.38056342 0.40943668  0.63277395 0.57364916 0.54611236 0.7484334  0.24866794 0.33040111  0.71395971 0.68244152 0.57440004 0.17715264
0.81040911 0.54171479 0.50671413 0.25567874 0.2039316  0.3979395  0.5946934  0.6017483  0.46579222 0.63904703 0.25463347 0.41365691  0.57397422 0.57796523 0.67241022 0.21406329
0.77363221 0.45777897 0.26296637 0.22545129 0.20609592 0.46444603  0.49987429 0.57688781 0.4192355  0.58607189 0.29104154 0.60007748  0.50465401 0.46132354 0.74273706 0.31131774
0.7572958  0.43868282 0.1595509  0.15937712 0.27447685 0.51772124  0.41236138 0.50654059 0.45574864 0.47773987 0.21332    0.56985501  0.46462477 0.42444771 0.65092127 0.36219116
0.75804705 0.41798431 0.12461685 0.13059459 0.32283573 0.51303666  0.38301105 0.45408797 0.54138804 0.4060472  0.19084409 0.52695574  0.47544049 0.34758377 0.57118164 0.36327928
0.75804705 0.41798431 0.12461685 0.13059459 0.32283573 0.51303666  0.38301105 0.45408797 0.54138804 0.4060472  0.19084409 0.52695574  0.47544049 0.34758377 0.57118164 0.36327928
0.75804705 0.41798431 0.12461685 0.13059459 0.32283573 0.51303666  0.38301105 0.45408797 0.54138804 0.4060472  0.19084409 0.52695574  0.47544049 0.34758377 0.57118164 0.36327928
0.80535742 0.2798415  0.12954028 0.29629019 0.38457974 0.5580191  0.32825658 0.44156837 0.39270638 0.43229561 0.32693768 0.37010753  0.46328166 0.30764651 0.57422979 0.41474242
0.81497331 0.23966672 0.12080713 0.37891106 0.43572179 0.62612234  0.37051758 0.47426428 0.38407249 0.40657185 0.27102892 0.32886181  0.45273126 0.35119621 0.63550988 0.38841203
0.83607603 0.16343542 0.12237709 0.50908085 0.46940579 0.65371972  0.40356633 0.49449849 0.33531914 0.46346385 0.3867347  0.29476344  0.46246116 0.40498663 0.61536715 0.53681494
0.83862064 0.15183565 0.12029929 0.54133612 0.48828729 0.67978916  0.43606941 0.52081584 0.36122336 0.44104299 0.34656994 0.31942849  0.4381924  0.43426392 0.60095392 0.48338003
0.85016673 0.13778282 0.1488617  0.56960083 0.46786221 0.65501256  0.44927167 0.52504626 0.32632382 0.49465782 0.38491132 0.34013168  0.45816843 0.44316581 0.66093356 0.41485238
0.85016673 0.13778282 0.1488617  0.56960083 0.46786221 0.65501256  0.44927167 0.52504626 0.32632382 0.49465782 0.38491132 0.34013168  0.45816843 0.44316581 0.66093356 0.41485238
0.85200443 0.12902218 0.14817588 0.59646131 0.4805775  0.67436317  0.47867493 0.55084612 0.35370761 0.47650084 0.35433    0.37560318  0.43297556 0.46896459 0.62803162 0.36844114
0.85200443 0.12902218 0.14817588 0.59646131 0.4805775  0.67436317  0.47867493 0.55084612 0.35370761 0.47650084 0.35433    0.37560318  0.43297556 0.46896459 0.62803162 0.36844114
0.86410034 0.1210092  0.18052203 0.62642712 0.45717175 0.66977912  0.47219445 0.53572811 0.30378633 0.48099082 0.37853282 0.39293296  0.49628752 0.49018715 0.6320714  0.28952194
0.87548052 0.11601756 0.21501224 0.65320124 0.42681977 0.65432878  0.47235266 0.52129727 0.26859371 0.5013584  0.41960105 0.42719774  0.54260989 0.54491416 0.60708945 0.25427337
0.87364281 0.1247782  0.21569806 0.62634076 0.41410448 0.63497817  0.4429494  0.49549741 0.24120991 0.51951538 0.45018237 0.39172624  0.56780275 0.51911538 0.63999139 0.30068461
0.87109821 0.13637797 0.21777586 0.59408549 0.39522298 0.60890872  0.41044631 0.46918006 0.21530569 0.54193625 0.49034714 0.36706119  0.59207151 0.48983808 0.65440461 0.35411952
0.86619683 0.15772792 0.22170889 0.547373   0.37060096 0.5721769  0.38829893 0.44667848 0.22978045 0.55531113 0.50991821 0.38364027  0.59012039 0.47775336 0.61290119 0.37004674
0.88692109 0.21983964 0.36834644 0.51421296 0.27332963 0.43163775  0.42970883 0.36381155 0.3167164  0.54935516 0.5415513  0.386221  0.6341131  0.41038921 0.57748216 0.44354062
0.90651754 0.35296521 0.59258015 0.42312536 0.28555214 0.3327602  0.46537859 0.2941114  0.46931201 0.39232969 0.43075725 0.33521887  0.49779253 0.43632296 0.56029541 0.47236324
0.89546924 0.42273961 0.62450633 0.32507639 0.26182363 0.29607725  0.45793674 0.28862682 0.53376003 0.30632357 0.37013762 0.42847987  0.4720587  0.36811852 0.61389072 0.33909953
0.89841976 0.43527504 0.65035032 0.30938133 0.30882232 0.30500187  0.44701879 0.28708325 0.52532262 0.30139966 0.36535434 0.42301591  0.45923484 0.36754901 0.61991977 0.31868535
0.89546924 0.42273961 0.62450633 0.32507639 0.26182363 0.29607725  0.45793674 0.28862682 0.53376003 0.30632357 0.37013762 0.42847987  0.4720587  0.36811852 0.61389072 0.33909953
0.89546924 0.42273961 0.62450633 0.32507639 0.26182363 0.29607725  0.45793674 0.28862682 0.53376003 0.30632357 0.37013762 0.42847987  0.4720587  0.36811852 0.61389072 0.33909953
0.89556032 0.40012559 0.60706779 0.35702601 0.24458298 0.27209565  0.51196089 0.30147337 0.62356319 0.40230618 0.39129922 0.45439684  0.53125392 0.31051605 0.55770602 0.39381965
0.89240606 0.38450794 0.57759318 0.37008024 0.20252167 0.25634775  0.52958885 0.3047854  0.63668266 0.41423613 0.39754139 0.46537072  0.55157558 0.30335136 0.56277245 0.4166193 
0.89240606 0.38450794 0.57759318 0.37008024 0.20252167 0.25634775  0.52958885 0.3047854  0.63668266 0.41423613 0.39754139 0.46537072  0.55157558 0.30335136 0.56277245 0.4166193 
0.87532499 0.33886726 0.46556814 0.39027012 0.15911936 0.28236313  0.51323232 0.32359389 0.56460099 0.42827641 0.48445456 0.61586105  0.65550065 0.25942556 0.59094164 0.3769354 
0.8584496  0.29527498 0.35033128 0.38236115 0.20187243 0.35605461  0.42567802 0.37764973 0.4303963  0.57024402 0.5407301  0.58755581  0.64736135 0.4086465  0.50249827 0.305457  
0.85022787 0.25817788 0.27959587 0.40149534 0.24813192 0.41918538  0.38645536 0.40363636 0.34143836 0.58403858 0.56196545 0.54451663  0.61728755 0.4474389  0.502248   0.33404487
0.84120835 0.2578647  0.24388131 0.37671039 0.26752046 0.4403669  0.35980641 0.41977885 0.33092669 0.59236002 0.55168748 0.53475907  0.57083443 0.47879835 0.4567594  0.34920689
0.84896955 0.22776029 0.23655448 0.42015544 0.29427898 0.47441278  0.35289302 0.41403225 0.2873456  0.58651552 0.55169449 0.47887833  0.58780056 0.45643403 0.51269127 0.36924639
0.85481665 0.16271955 0.18721867 0.52059888 0.40095294 0.58762724  0.38814072 0.46110932 0.26497307 0.53494354 0.46884998 0.34937549  0.54379802 0.42302634 0.63788313 0.40529531
0.86400993 0.12157252 0.18087897 0.62613372 0.45716989 0.66891776  0.47522516 0.53576552 0.31182025 0.47607631 0.37188185 0.39714794  0.48057289 0.50955972 0.61357487 0.29242245
0.85878578 0.09736113 0.14712206 0.69730744 0.52543956 0.7404849  0.59386011 0.63933664 0.46552818 0.39966428 0.23838616 0.51409739  0.31485523 0.60603757 0.47330232 0.22393056
0.84764482 0.10958132 0.11805946 0.67483842 0.55021047 0.77090476  0.58797449 0.64213875 0.50845696 0.33822174 0.18530215 0.5030136  0.27429733 0.622691   0.39369913 0.27543514
0.84764482 0.10958132 0.11805946 0.67483842 0.55021047 0.77090476  0.58797449 0.64213875 0.50845696 0.33822174 0.18530215 0.5030136  0.27429733 0.622691   0.39369913 0.27543514
0.82694501 0.14958673 0.08330459 0.61158608 0.59127546 0.81638462  0.58027669 0.63241293 0.55056452 0.23414368 0.04163731 0.44258502  0.27774616 0.56632369 0.42686294 0.22953076
0.82694501 0.14958673 0.08330459 0.61158608 0.59127546 0.81638462  0.58027669 0.63241293 0.55056452 0.23414368 0.04163731 0.44258502  0.27774616 0.56632369 0.42686294 0.22953076
0.80726896 0.18274001 0.06020235 0.5415216  0.59064479 0.76148592  0.55824482 0.57154688 0.54286238 0.25657598 0.13944617 0.35898985  0.33857568 0.50697417 0.5619735  0.36895411
0.79126491 0.2503361  0.0715796  0.39843625 0.51512362 0.65767885  0.4830313  0.49925936 0.54659083 0.31707728 0.21474541 0.35648615  0.39492527 0.4370339  0.5668367  0.44935583
0.76069495 0.37250136 0.08873272 0.1722054  0.3926382  0.51221709  0.40767563 0.44090217 0.60012509 0.34454772 0.26699849 0.46201441  0.46795709 0.29818221 0.59817922 0.38917122
0.72789242 0.45773556 0.08903931 0.12557578 0.36356117 0.51069479  0.46328119 0.40233599 0.6187462  0.36406978 0.2546431  0.51483709  0.59956313 0.418504   0.5901102  0.45241958
0.65055564 0.53919952 0.09691241 0.15667754 0.35393343 0.5357489  0.59649655 0.41849332 0.57111121 0.37530818 0.33442412 0.51207283  0.60542057 0.51372448 0.72516893 0.52688676
0.622692   0.59944524 0.10184187 0.17365966 0.3435278  0.55811867  0.6507777  0.44209997 0.55821483 0.36551468 0.39449791 0.49753463  0.67436605 0.60930238 0.66173359 0.55326968
0.62636341 0.65494885 0.09468327 0.21093346 0.33849995 0.57722881  0.6648984  0.46394824 0.5133037  0.38215537 0.40070366 0.48831632  0.67295781 0.56694822 0.68327076 0.52913889
0.62636341 0.65494885 0.09468327 0.21093346 0.33849995 0.57722881  0.6648984  0.46394824 0.5133037  0.38215537 0.40070366 0.48831632  0.67295781 0.56694822 0.68327076 0.52913889
0.59663914 0.71467705 0.10708025 0.25398835 0.32259081 0.61751011  0.68327829 0.58059425 0.44428401 0.37750822 0.51287444 0.436755  0.63589656 0.41360221 0.58457631 0.51263567
0.59663914 0.71467705 0.10708025 0.25398835 0.32259081 0.61751011  0.68327829 0.58059425 0.44428401 0.37750822 0.51287444 0.436755  0.63589656 0.41360221 0.58457631 0.51263567
0.61167312 0.684321   0.10164729 0.22963311 0.33051813 0.59410707  0.6725955  0.53358972 0.4832915  0.3721414  0.46822548 0.45899716  0.65570653 0.49267085 0.62299162 0.52217651
0.61167312 0.684321   0.10164729 0.22963311 0.33051813 0.59410707  0.6725955  0.53358972 0.4832915  0.3721414  0.46822548 0.45899716  0.65570653 0.49267085 0.62299162 0.52217651
0.67379753 0.58606392 0.11077843 0.15208261 0.31310679 0.56921193  0.57894337 0.53749355 0.53639341 0.3720876  0.31043199 0.50994767  0.62263885 0.54149667 0.66203354 0.53537799
0.68951631 0.56074627 0.11763066 0.12574211 0.30721065 0.55517413  0.55652297 0.61012512 0.53321756 0.38904356 0.29689995 0.51959869  0.56756511 0.51930834 0.68275568 0.54745419
0.74029831 0.42236503 0.08253112 0.13001876 0.3795643  0.48711557  0.42582677 0.38781866 0.64367133 0.33700756 0.31734034 0.49028625  0.57951604 0.35658439 0.49608563 0.425364  
0.75500101 0.3959788  0.09496858 0.12721651 0.36291236 0.47253131  0.39032606 0.42928219 0.61687182 0.36024464 0.29584427 0.49735479  0.46131689 0.29342549 0.53318046 0.40450296
0.75500101 0.3959788  0.09496858 0.12721651 0.36291236 0.47253131  0.39032606 0.42928219 0.61687182 0.36024464 0.29584427 0.49735479  0.46131689 0.29342549 0.53318046 0.40450296
0.75500101 0.3959788  0.09496858 0.12721651 0.36291236 0.47253131  0.39032606 0.42928219 0.61687182 0.36024464 0.29584427 0.49735479  0.46131689 0.29342549 0.53318046 0.40450296
0.75500101 0.3959788  0.09496858 0.12721651 0.36291236 0.47253131  0.39032606 0.42928219 0.61687182 0.36024464 0.29584427 0.49735479  0.46131689 0.29342549 0.53318046 0.40450296
0.77043868 0.33659938 0.08725782 0.2181224  0.40838284 0.51774112  0.38085582 0.42302793 0.52844741 0.37061731 0.34679062 0.39445143  0.46921296 0.29628357 0.54925347 0.51369962
0.7936518  0.29312995 0.10307106 0.26938851 0.41106786 0.56871313  0.329173   0.42756977 0.43430768 0.38351315 0.3044947  0.3436208  0.4802556  0.26615792 0.54916196 0.46545985
0.80655289 0.24148812 0.09405253 0.36148404 0.46443255 0.63405028  0.34880972 0.44119515 0.38378863 0.38278751 0.28970392 0.25681928  0.48114946 0.29774161 0.6107462  0.51783642
0.80655289 0.24148812 0.09405253 0.36148404 0.46443255 0.63405028  0.34880972 0.44119515 0.38378863 0.38278751 0.28970392 0.25681928  0.48114946 0.29774161 0.6107462  0.51783642
0.80655289 0.24148812 0.09405253 0.36148404 0.46443255 0.63405028  0.34880972 0.44119515 0.38378863 0.38278751 0.28970392 0.25681928  0.48114946 0.29774161 0.6107462  0.51783642
0.79110097 0.25485314 0.07091246 0.35366298 0.48850605 0.61712415  0.39357915 0.43090671 0.43434728 0.36404717 0.33200685 0.25176917  0.48707295 0.30550293 0.66676958 0.58611568
0.79110097 0.25485314 0.07091246 0.35366298 0.48850605 0.61712415  0.39357915 0.43090671 0.43434728 0.36404717 0.33200685 0.25176917  0.48707295 0.30550293 0.66676958 0.58611568
0.79110097 0.25485314 0.07091246 0.35366298 0.48850605 0.61712415  0.39357915 0.43090671 0.43434728 0.36404717 0.33200685 0.25176917  0.48707295 0.30550293 0.66676958 0.58611568
0.7703736  0.3360168  0.08152931 0.21525825 0.41485081 0.53623807  0.37655758 0.42348591 0.52435947 0.3489195  0.30998375 0.38748171  0.49115325 0.2488308  0.62804216 0.45167321
0.7072913  0.45710816 0.06136593 0.17283557 0.4118281  0.45939272  0.48466829 0.28589251 0.66729838 0.31364927 0.40907998 0.47130438  0.59254815 0.39207898 0.52948902 0.40787842
0.67450782 0.49472555 0.04086436 0.21026904 0.44713394 0.43654687  0.54843452 0.19884068 0.69068795 0.30436628 0.50829165 0.45665511  0.63879066 0.46993896 0.52078587 0.40618146
0.66210193 0.53009608 0.04737255 0.20582606 0.43113082 0.46012609  0.58588894 0.21335801 0.66576282 0.3314285  0.4455944  0.48120594  0.65883775 0.53185857 0.61481044 0.43323704
0.66210193 0.53009608 0.04737255 0.20582606 0.43113082 0.46012609  0.58588894 0.21335801 0.66576282 0.3314285  0.4455944  0.48120594  0.65883775 0.53185857 0.61481044 0.43323704
0.60087978 0.6395923  0.05594569 0.30492914 0.4076458  0.53221942  0.64387106 0.15389081 0.55474973 0.41789498 0.40340217 0.50088291  0.6158481  0.52656429 0.63846324 0.4394358 
0.49950273 0.69715648 0.0673932  0.41893877 0.44897545 0.37197637  0.67074174 0.27239557 0.42237409 0.41448805 0.46125259 0.47891706  0.41752012 0.48113474 0.68189229 0.34809922
0.39916502 0.74431507 0.09952849 0.50594959 0.4620629  0.25705291  0.67465834 0.44884189 0.27987913 0.38821542 0.48159309 0.44511694  0.35493162 0.43887102 0.56127531 0.32725207
0.34324276 0.70227281 0.12225949 0.52340793 0.47557286 0.19345483  0.638844   0.47433579 0.24186095 0.3777694  0.37644187 0.4593871  0.46623408 0.42445091 0.48680515 0.37540341
0.19632081 0.56654587 0.20673824 0.5040413  0.44878824 0.2170075  0.58958406 0.46351038 0.18421433 0.40830312 0.18200976 0.50338065  0.55520555 0.31753393 0.30871441 0.52525047
0.12423391 0.47950599 0.25843121 0.44697964 0.41834025 0.31075885  0.5796201  0.45374558 0.27557949 0.41760002 0.25819957 0.49497999  0.56091055 0.35886945 0.39007366 0.53155279
0.08943958 0.45933876 0.28534544 0.45491779 0.39058228 0.36904081  0.52822348 0.45484833 0.32072547 0.40691592 0.29155694 0.48011963  0.53022387 0.32435571 0.32963341 0.50249295
0.03585866 0.41212524 0.32497922 0.44119937 0.36258431 0.43456132  0.47408025 0.48300288 0.40965789 0.37891942 0.36959995 0.44872305  0.56049334 0.35167352 0.32731793 0.46450854
0.03585866 0.41212524 0.32497922 0.44119937 0.36258431 0.43456132  0.47408025 0.48300288 0.40965789 0.37891942 0.36959995 0.44872305  0.56049334 0.35167352 0.32731793 0.46450854
0.01779563 0.38669558 0.33863985 0.42004769 0.35385851 0.46460162  0.48109267 0.47190843 0.43452283 0.38595027 0.3992976  0.44733029  0.52908455 0.38078184 0.39373238 0.44873962
0.00039479 0.36283831 0.35232302 0.39930133 0.34523319 0.50234819  0.48417291 0.45702496 0.47508945 0.39693445 0.45000532 0.44589633  0.47476172 0.42761975 0.50206904 0.41641874
0.00039479 0.36283831 0.35232302 0.39930133 0.34523319 0.50234819  0.48417291 0.45702496 0.47508945 0.39693445 0.45000532 0.44589633  0.47476172 0.42761975 0.50206904 0.41641874
0.00039479 0.36283831 0.35232302 0.39930133 0.34523319 0.50234819  0.48417291 0.45702496 0.47508945 0.39693445 0.45000532 0.44589633  0.47476172 0.42761975 0.50206904 0.41641874
0.00039479 0.36283831 0.35232302 0.39930133 0.34523319 0.50234819  0.48417291 0.45702496 0.47508945 0.39693445 0.45000532 0.44589633  0.47476172 0.42761975 0.50206904 0.41641874
0.00039479 0.36283831 0.35232302 0.39930133 0.34523319 0.50234819  0.48417291 0.45702496 0.47508945 0.39693445 0.45000532 0.44589633  0.47476172 0.42761975 0.50206904 0.41641874
0.00039479 0.36283831 0.35232302 0.39930133 0.34523319 0.50234819  0.48417291 0.45702496 0.47508945 0.39693445 0.45000532 0.44589633  0.47476172 0.42761975 0.50206904 0.41641874
0.00039479 0.36283831 0.35232302 0.39930133 0.34523319 0.50234819  0.48417291 0.45702496 0.47508945 0.39693445 0.45000532 0.44589633  0.47476172 0.42761975 0.50206904 0.41641874
0.00039479 0.36283831 0.35232302 0.39930133 0.34523319 0.50234819  0.48417291 0.45702496 0.47508945 0.39693445 0.45000532 0.44589633  0.47476172 0.42761975 0.50206904 0.41641874
0.00039479 0.36283831 0.35232302 0.39930133 0.34523319 0.50234819  0.48417291 0.45702496 0.47508945 0.39693445 0.45000532 0.44589633  0.47476172 0.42761975 0.50206904 0.41641874
0.00039479 0.36283831 0.35232302 0.39930133 0.34523319 0.50234819  0.48417291 0.45702496 0.47508945 0.39693445 0.45000532 0.44589633  0.47476172 0.42761975 0.50206904 0.41641874
