0.00039479 0.36283831 0.35232302 0.39930133 0.34523319 0.50234819  0.48417291 0.45702496 0.47508945 0.39693445 0.45000532 0.44589633  0.47476172 0.42761975 0.50206904 0.41641874
0.00039479 0.36283831 0.35232302 0.39930133 0.34523319 0.50234819  0.48417291 0.45702496 0.47508945 0.39693445 0.45000532 0.44589633  0.47476172 0.42761975 0.50206904 0.41641874
0.00039479 0.36283831 0.35232302 0.39930133 0.34523319 0.50234819  0.48417291 0.45702496 0.47508945 0.39693445 0.45000532 0.44589633  0.47476172 0.42761975 0.50206904 0.41641874
0.00039479 0.36283831 0.35232302 0.39930133 0.34523319 0.50234819  0.48417291 0.45702496 0.47508945 0.39693445 0.45000532 0.44589633  0.47476172 0.42761975 0.50206904 0.41641874
0.00039479 0.36283831 0.35232302 0.39930133 0.34523319 0.50234819  0.48417291 0.45702496 0.47508945 0.39693445 0.45000532 0.44589633  0.47476172 0.42761975 0.50206904 0.41641874
0.00039479 0.36283831 0.35232302 0.39930133 0.34523319 0.50234819  0.48417291 0.45702496 0.47508945 0.39693445 0.45000532 0.44589633  0.47476172 0.42761975 0.50206904 0.41641874
0.00039479 0.36283831 0.35232302 0.39930133 0.34523319 0.50234819  0.48417291 0.45702496 0.47508945 0.39693445 0.45000532 0.44589633  0.47476172 0.42761975 0.50206904 0.41641874
0.00039479 0.36283831 0.35232302 0.39930133 0.34523319 0.50234819  0.48417291 0.45702496 0.47508945 0.39693445 0.45000532 0.44589633  0.47476172 0.42761975 0.50206904 0.41641874
0.00039479 0.36283831 0.35232302 0.39930133 0.34523319 0.50234819  0.48417291 0.45702496 0.47508945 0.39693445 0.45000532 0.44589633  0.47476172 0.42761975 0.50206904 0.41641874
0.00039479 0.36283831 0.35232302 0.39930133 0.34523319 0.50234819  0.48417291 0.45702496 0.47508945 0.39693445 0.45000532 0.44589633  0.47476172 0.42761975 0.50206904 0.41641874
0.00039479 0.36283831 0.35232302 0.39930133 0.34523319 0.50234819  0.48417291 0.45702496 0.47508945 0.39693445 0.45000532 0.44589633  0.47476172 0.42761975 0.50206904 0.41641874
0.00039479 0.36283831 0.35232302 0.39930133 0.34523319 0.50234819  0.48417291 0.45702496 0.47508945 0.39693445 0.45000532 0.44589633  0.47476172 0.42761975 0.50206904 0.41641874
0.00039479 0.36283831 0.35232302 0.39930133 0.34523319 0.50234819  0.48417291 0.45702496 0.47508945 0.39693445 0.45000532 0.44589633  0.47476172 0.42761975 0.50206904 0.41641874
0.00039479 0.36283831 0.35232302 0.39930133 0.34523319 0.50234819  0.48417291 0.45702496 0.47508945 0.39693445 0.45000532 0.44589633  0.47476172 0.42761975 0.50206904 0.41641874
0.00039479 0.36283831 0.35232302 0.39930133 0.34523319 0.50234819  0.48417291 0.45702496 0.47508945 0.39693445 0.45000532 0.44589633  0.47476172 0.42761975 0.50206904 0.41641874
0.00039479 0.36283831 0.35232302 0.39930133 0.34523319 0.50234819  0.48417291 0.45702496 0.47508945 0.39693445 0.45000532 0.44589633  0.47476172 0.42761975 0.50206904 0.41641874
0.00039479 0.36283831 0.35232302 0.39930133 0.34523319 0.50234819  0.48417291 0.45702496 0.47508945 0.39693445 0.45000532 0.44589633  0.47476172 0.42761975 0.50206904 0.41641874
0.00039479 0.36283831 0.35232302 0.39930133 0.34523319 0.50234819  0.48417291 0.45702496 0.47508945 0.39693445 0.45000532 0.44589633  0.47476172 0.42761975 0.50206904 0.41641874
0.00039479 0.36283831 0.35232302 0.39930133 0.34523319 0.50234819  0.48417291 0.45702496 0.47508945 0.39693445 0.45000532 0.44589633  0.47476172 0.42761975 0.50206904 0.41641874
0.00039479 0.36283831 0.35232302 0.39930133 0.34523319 0.50234819  0.48417291 0.45702496 0.47508945 0.39693445 0.45000532 0.44589633  0.47476172 0.42761975 0.50206904 0.41641874
0.00039479 0.36283831 0.35232302 0.39930133 0.34523319 0.50234819  0.48417291 0.45702496 0.47508945 0.39693445 0.45000532 0.44589633  0.47476172 0.42761975 0.50206904 0.41641874
0.00039479 0.36283831 0.35232302 0.39930133 0.34523319 0.50234819  0.48417291 0.45702496 0.47508945 0.39693445 0.45000532 0.44589633  0.47476172 0.42761975 0.50206904 0.41641874
0.00039479 0.36283831 0.35232302 0.39930133 0.34523319 0.50234819  0.48417291 0.45702496 0.47508945 0.39693445 0.45000532 0.44589633  0.47476172 0.42761975 0.50206904 0.41641874
0.00039479 0.36283831 0.35232302 0.39930133 0.34523319 0.50234819  0.48417291 0.45702496 0.47508945 0.39693445 0.45000532 0.44589633  0.47476172 0.42761975 0.50206904 0.41641874
0.00039479 0.36283831 0.35232302 0.39930133 0.34523319 0.50234819  0.48417291 0.45702496 0.47508945 0.39693445 0.45000532 0.44589633  0.47476172 0.42761975 0.50206904 0.41641874
0.00039479 0.36283831 0.35232302 0.39930133 0.34523319 0.50234819  0.48417291 0.45702496 0.47508945 0.39693445 0.45000532 0.44589633  0.47476172 0.42761975 0.50206904 0.41641874
0.00039479 0.36283831 0.35232302 0.39930133 0.34523319 0.50234819  0.48417291 0.45702496 0.47508945 0.39693445 0.45000532 0.44589633  0.47476172 0.42761975 0.50206904 0.41641874
0.00039479 0.36283831 0.35232302 0.39930133 0.34523319 0.50234819  0.48417291 0.45702496 0.47508945 0.39693445 0.45000532 0.44589633  0.47476172 0.42761975 0.50206904 0.41641874
0.00039479 0.36283831 0.35232302 0.39930133 0.34523319 0.50234819  0.48417291 0.45702496 0.47508945 0.39693445 0.45000532 0.44589633  0.47476172 0.42761975 0.50206904 0.41641874
0.00039479 0.36283831 0.35232302 0.39930133 0.34523319 0.50234819  0.48417291 0.45702496 0.47508945 0.39693445 0.45000532 0.44589633  0.47476172 0.42761975 0.50206904 0.41641874
0.00039479 0.36283831 0.35232302 0.39930133 0.34523319 0.50234819  0.48417291 0.45702496 0.47508945 0.39693445 0.45000532 0.44589633  0.47476172 0.42761975 0.50206904 0.41641874
0.00039479 0.36283831 0.35232302 0.39930133 0.34523319 0.50234819  0.48417291 0.45702496 0.47508945 0.39693445 0.45000532 0.44589633  0.47476172 0.42761975 0.50206904 0.41641874
0.00039479 0.36283831 0.35232302 0.39930133 0.34523319 0.50234819  0.48417291 0.45702496 0.47508945 0.39693445 0.45000532 0.44589633  0.47476172 0.42761975 0.50206904 0.41641874
0.00039479 0.36283831 0.35232302 0.39930133 0.34523319 0.50234819  0.48417291 0.45702496 0.47508945 0.39693445 0.45000532 0.44589633  0.47476172 0.42761975 0.50206904 0.41641874
0.00039479 0.36283831 0.35232302 0.39930133 0.34523319 0.50234819  0.48417291 0.45702496 0.47508945 0.39693445 0.45000532 0.44589633  0.47476172 0.42761975 0.50206904 0.41641874
0.00039479 0.36283831 0.35232302 0.39930133 0.34523319 0.50234819  0.48417291 0.45702496 0.47508945 0.39693445 0.45000532 0.44589633  0.47476172 0.42761975 0.50206904 0.41641874
0.00039479 0.36283831 0.35232302 0.39930133 0.34523319 0.50234819  0.48417291 0.45702496 0.47508945 0.39693445 0.45000532 0.44589633  0.47476172 0.42761975 0.50206904 0.41641874
0.00039479 0.36283831 0.35232302 0.39930133 0.34523319 0.50234819  0.48417291 0.45702496 0.47508945 0.39693445 0.45000532 0.44589633  0.47476172 0.42761975 0.50206904 0.41641874
0.00039479 0.36283831 0.35232302 0.39930133 0.34523319 0.50234819  0.48417291 0.45702496 0.47508945 0.39693445 0.45000532 0.44589633  0.47476172 0.42761975 0.50206904 0.41641874
0.00039479 0.36283831 0.35232302 0.39930133 0.34523319 0.50234819  0.48417291 0.45702496 0.47508945 0.39693445 0.45000532 0.44589633  0.47476172 0.42761975 0.50206904 0.41641874
0.00039479 0.36283831 0.35232302 0.39930133 0.34523319 0.50234819  0.48417291 0.45702496 0.47508945 0.39693445 0.45000532 0.44589633  0.47476172 0.42761975 0.50206904 0.41641874
0.00039479 0.36283831 0.35232302 0.39930133 0.34523319 0.50234819  0.48417291 0.45702496 0.47508945 0.39693445 0.45000532 0.44589633  0.47476172 0.42761975 0.50206904 0.41641874
0.00039479 0.36283831 0.35232302 0.39930133 0.34523319 0.50234819  0.48417291 0.45702496 0.47508945 0.39693445 0.45000532 0.44589633  0.47476172 0.42761975 0.50206904 0.41641874
0.00039479 0.36283831 0.35232302 0.39930133 0.34523319 0.50234819  0.48417291 0.45702496 0.47508945 0.39693445 0.45000532 0.44589633  0.47476172 0.42761975 0.50206904 0.41641874
0.00039479 0.36283831 0.35232302 0.39930133 0.34523319 0.50234819  0.48417291 0.45702496 0.47508945 0.39693445 0.45000532 0.44589633  0.47476172 0.42761975 0.50206904 0.41641874
0.00039479 0.36283831 0.35232302 0.39930133 0.34523319 0.50234819  0.48417291 0.45702496 0.47508945 0.39693445 0.45000532 0.44589633  0.47476172 0.42761975 0.50206904 0.41641874
0.0177474  0.38984345 0.33852207 0.42635267 0.35697043 0.47086435  0.45750391 0.47765391 0.48169648 0.39463854 0.42895995 0.44917931  0.51265071 0.44991576 0.53083289 0.43501917
0.03525649 0.41685964 0.32437467 0.45347996 0.36854765 0.43569141  0.43485985 0.4975719  0.47652552 0.39120509 0.39620065 0.45304628  0.55757342 0.45566594 0.52722734 0.46096477
0.12672612 0.54137758 0.26278974 0.54401884 0.39417517 0.39074118  0.35574632 0.52783416 0.57259564 0.39322951 0.48704457 0.44219725  0.47978899 0.54359807 0.71115727 0.39215667
0.29131437 0.74805556 0.15908228 0.6753636  0.42004641 0.3197609  0.28518274 0.55941337 0.5863977  0.37842273 0.50936378 0.43246587  0.48548483 0.47992898 0.58442582 0.36396198
0.42150488 0.81384707 0.13446841 0.58907992 0.33151643 0.5983542  0.38614882 0.41097149 0.57433474 0.45970089 0.53280487 0.45371974  0.35527134 0.36038799 0.45025318 0.41960029
0.51146511 0.79993663 0.10042651 0.43160372 0.33703057 0.62117098  0.64169506 0.38324518 0.42832268 0.44930576 0.54564566 0.45127321  0.43645501 0.36708524 0.42951453 0.47368495
0.52906469 0.78820068 0.09336626 0.38841304 0.34732777 0.60797626  0.70061735 0.39068725 0.41489499 0.43795197 0.56221965 0.44478585  0.48337353 0.40582652 0.48947905 0.4686588 
0.5805287  0.74168416 0.10642507 0.28770622 0.32206729 0.63853522  0.69543258 0.52707274 0.42096165 0.40027037 0.50992896 0.43680873  0.65015541 0.43933157 0.5128832  0.50609601
0.59787761 0.73134667 0.12022963 0.27059545 0.29584709 0.67845973  0.66056277 0.55335991 0.40061692 0.40211321 0.42785235 0.44404497  0.69609507 0.42322775 0.46911648 0.50576494
0.59787761 0.73134667 0.12022963 0.27059545 0.29584709 0.67845973  0.66056277 0.55335991 0.40061692 0.40211321 0.42785235 0.44404497  0.69609507 0.42322775 0.46911648 0.50576494
0.61392737 0.70525158 0.1213932  0.23751204 0.29622314 0.65927076  0.64685717 0.60988884 0.42383282 0.38391055 0.43466685 0.44608585  0.67793819 0.40029594 0.53045078 0.51804505
0.61392737 0.70525158 0.1213932  0.23751204 0.29622314 0.65927076  0.64685717 0.60988884 0.42383282 0.38391055 0.43466685 0.44608585  0.67793819 0.40029594 0.53045078 0.51804505
0.59787761 0.73134667 0.12022963 0.27059545 0.29584709 0.67845973  0.66056277 0.55335991 0.40061692 0.40211321 0.42785235 0.44404497  0.69609507 0.42322775 0.46911648 0.50576494
0.59787761 0.73134667 0.12022963 0.27059545 0.29584709 0.67845973  0.66056277 0.55335991 0.40061692 0.40211321 0.42785235 0.44404497  0.69609507 0.42322775 0.46911648 0.50576494
0.59787761 0.73134667 0.12022963 0.27059545 0.29584709 0.67845973  0.66056277 0.55335991 0.40061692 0.40211321 0.42785235 0.44404497  0.69609507 0.42322775 0.46911648 0.50576494
0.58049253 0.74722384 0.11777105 0.31188498 0.30132074 0.67318416  0.64903275 0.48724369 0.39772276 0.4244386  0.42027156 0.45678787  0.62938408 0.40749867 0.46040794 0.48777378
0.58049253 0.74722384 0.11777105 0.31188498 0.30132074 0.67318416  0.64903275 0.48724369 0.39772276 0.4244386  0.42027156 0.45678787  0.62938408 0.40749867 0.46040794 0.48777378
0.54586244 0.77974689 0.12267476 0.39836867 0.29679893 0.68115205  0.59554768 0.40168778 0.37523608 0.47557271 0.37358206 0.4789511  0.49127868 0.3460347  0.38172529 0.46165898
0.50968485 0.79092019 0.1349604  0.47538786 0.28926443 0.6785203  0.47942254 0.39542635 0.4133313  0.50840831 0.31190521 0.50601583  0.44102165 0.30361519 0.35001851 0.4918621 
0.47220471 0.77638562 0.1968112  0.55046091 0.23037122 0.76582503  0.22987395 0.49932513 0.57238696 0.47237307 0.38282959 0.46002796  0.56530133 0.34885022 0.28953549 0.38982922
0.47404784 0.76813636 0.27813405 0.61456924 0.17546567 0.73586963  0.17137298 0.4767607  0.57280683 0.47319321 0.40503887 0.52078152  0.72125533 0.4736564  0.2760672  0.41686101
0.49193739 0.77313555 0.34490764 0.64651908 0.15413333 0.73202133  0.15373805 0.43811793 0.51590422 0.40926519 0.4283473  0.53839704  0.75329305 0.50978    0.27550205 0.39510454
0.4993361  0.78067775 0.38134914 0.6610653  0.14600944 0.71994897  0.16727712 0.41177651 0.52641386 0.35056445 0.42114173 0.53129482  0.76875978 0.47665379 0.31747018 0.41439018
0.56465917 0.74949099 0.58010021 0.75345371 0.06298916 0.5986855  0.21527758 0.42276237 0.4947064  0.42139231 0.44024608 0.52584578  0.66535424 0.36193967 0.54759814 0.30707332
0.57534624 0.77499234 0.64633387 0.74631273 0.07525445 0.57865189  0.24177806 0.40820667 0.53177621 0.38554974 0.37746328 0.43723827  0.59699185 0.36762835 0.54564285 0.32265813
0.61498727 0.78834155 0.64629984 0.68440823 0.08290771 0.57810517  0.37583749 0.39772277 0.50508915 0.41416485 0.44056261 0.35928741  0.51112904 0.364331   0.45163803 0.27069197
0.75050479 0.67873407 0.62962255 0.4443762  0.08986551 0.48480948  0.54175966 0.63390882 0.35255251 0.39909911 0.36830287 0.38102454  0.41642104 0.2770927  0.63748215 0.34541364
0.78473719 0.65068229 0.61279655 0.36644574 0.11246708 0.4415341  0.63953161 0.65315179 0.3244232  0.39032058 0.374327   0.38803683  0.46724798 0.32039268 0.73797969 0.36990974
0.81853766 0.58042824 0.61050623 0.35070735 0.13133644 0.38178855  0.66740603 0.53966857 0.4744286  0.43576881 0.27356705 0.45840396  0.52705013 0.39984719 0.80781341 0.45764359
0.85767573 0.45107473 0.5497867  0.37264384 0.18425546 0.36476748  0.6026189  0.38761387 0.55187349 0.4101937  0.22200177 0.51509382  0.57808931 0.43838233 0.75147378 0.39330398
0.93716085 0.16819055 0.52126814 0.80523441 0.40306694 0.53726366  0.76373024 0.4815242  0.66586707 0.31729409 0.24834048 0.50122294  0.44243719 0.53783553 0.47582636 0.37973003
0.94021607 0.12087031 0.48178854 0.87415083 0.4580557  0.60570135  0.78847908 0.54259287 0.66012059 0.37179313 0.22331084 0.4889937  0.42053105 0.59185451 0.39944799 0.31416905
0.92053162 0.08049773 0.36531857 0.87595008 0.43916268 0.63753048  0.76957181 0.58323439 0.60199431 0.43322657 0.28202006 0.59797932  0.47796526 0.56723316 0.40015706 0.24757924
0.90694264 0.09994936 0.32068772 0.80289997 0.43085054 0.68303084  0.64205597 0.56720406 0.40784055 0.35222524 0.28252531 0.56751329  0.44137904 0.74932659 0.41961396 0.10991789
0.89181468 0.08801645 0.25073253 0.77760881 0.45267408 0.71536982  0.59489984 0.58904527 0.37877995 0.38882019 0.30546637 0.58965925  0.44035693 0.75219885 0.40225113 0.11030931
0.86036188 0.13310664 0.17812423 0.66085331 0.49459106 0.75487283  0.53485923 0.58247183 0.39336494 0.32525025 0.1756619  0.48593853  0.38607153 0.66342609 0.43670804 0.11557836
0.86036188 0.13310664 0.17812423 0.66085331 0.49459106 0.75487283  0.53485923 0.58247183 0.39336494 0.32525025 0.1756619  0.48593853  0.38607153 0.66342609 0.43670804 0.11557836
0.79818168 0.27071786 0.10254614 0.35087753 0.45747668 0.63124438  0.42969916 0.50260897 0.52181598 0.35332457 0.19330299 0.39687025  0.39265931 0.43002696 0.47992163 0.38955893
0.761969   0.40128696 0.12211956 0.16822657 0.34425194 0.54145413  0.40792248 0.47516391 0.54950087 0.39602036 0.16378111 0.5210504  0.4582499  0.38637675 0.56746298 0.35228062
0.72789242 0.45773556 0.08903931 0.12557578 0.36356117 0.51069479  0.46328119 0.40233599 0.6187462  0.36406978 0.2546431  0.51483709  0.59956313 0.418504   0.5901102  0.45241958
0.71481644 0.49307996 0.09631979 0.12825407 0.3450387  0.53617585  0.49845024 0.449      0.58042891 0.38609797 0.23191715 0.52869951  0.60494917 0.45561787 0.66422429 0.48769129
0.7321     0.4880292  0.14158173 0.1341015  0.28597647 0.5522249  0.4508681  0.57750578 0.47180062 0.43337432 0.19016221 0.53884252  0.46667918 0.41456639 0.6747926  0.42990293
0.74497106 0.45332872 0.13189733 0.13327288 0.30431326 0.53851772  0.4181801  0.50075198 0.50307075 0.42807538 0.16811814 0.54081816  0.48082654 0.38469764 0.64529573 0.39855099
0.74497106 0.45332872 0.13189733 0.13327288 0.30431326 0.53851772  0.4181801  0.50075198 0.50307075 0.42807538 0.16811814 0.54081816  0.48082654 0.38469764 0.64529573 0.39855099
0.75804705 0.41798431 0.12461685 0.13059459 0.32283573 0.51303666  0.38301105 0.45408797 0.54138804 0.4060472  0.19084409 0.52695574  0.47544049 0.34758377 0.57118164 0.36327928
0.77045293 0.38261378 0.11810865 0.13503757 0.33883886 0.48945744  0.34555663 0.43957064 0.56631317 0.37898498 0.25354133 0.50240491  0.4553934  0.28566417 0.47715708 0.3362237 
0.78277767 0.36796789 0.14576222 0.16114181 0.30900244 0.46866096  0.33973792 0.44535925 0.51899106 0.42864946 0.2987432  0.53144176  0.43919163 0.32541423 0.48278262 0.29986387
0.82834875 0.26137961 0.19832142 0.35419318 0.32733471 0.4992952  0.34591529 0.43090998 0.32670215 0.52797583 0.44315415 0.43204522  0.50763976 0.41872818 0.5304388  0.37299261
0.84840698 0.18921834 0.1955986  0.4724183  0.36428087 0.53707517  0.37742984 0.45017652 0.29644845 0.56651807 0.51456115 0.40165086  0.52016824 0.45177408 0.54386266 0.46429767
0.88265229 0.14032872 0.27293559 0.62798215 0.3548266  0.54270802  0.4743957  0.43113992 0.34942148 0.57938785 0.54969689 0.45122406  0.67527765 0.39693812 0.53563759 0.50372681
0.88901055 0.1121793  0.26967364 0.69787965 0.38711229 0.59114605  0.52373834 0.47076389 0.36173019 0.54891769 0.51113811 0.46774319  0.6574057  0.43199087 0.54274753 0.46915838
0.90875864 0.09533202 0.33706444 0.79993856 0.39269423 0.5796872  0.66878896 0.51085998 0.51422694 0.52731529 0.44147342 0.54415874  0.6455429  0.37680824 0.5366103  0.4195405 
0.91325125 0.07481514 0.33726928 0.86677011 0.41966204 0.6173903  0.74925679 0.55951956 0.60063041 0.4753335  0.37649449 0.63177423  0.60403586 0.39328841 0.4722126  0.36362917
0.91325125 0.07481514 0.33726928 0.86677011 0.41966204 0.6173903  0.74925679 0.55951956 0.60063041 0.4753335  0.37649449 0.63177423  0.60403586 0.39328841 0.4722126  0.36362917
0.91417582 0.0703853  0.3378924  0.88338049 0.42478648 0.6253527  0.77156049 0.57319972 0.62696499 0.46134037 0.36048882 0.66475759  0.59060505 0.4009505  0.44178444 0.34493739
0.92298436 0.06932285 0.37172869 0.9249338  0.44095194 0.64137918  0.84171905 0.60519145 0.69919678 0.39942735 0.27672207 0.69396948  0.50155447 0.46564502 0.35358146 0.29831277
0.93276136 0.08090141 0.4229199  0.9309725  0.44204402 0.60915253  0.87341016 0.58918823 0.75296294 0.39915003 0.25210225 0.64163467  0.50100227 0.45096603 0.37180163 0.33552   
0.93276136 0.08090141 0.4229199  0.9309725  0.44204402 0.60915253  0.87341016 0.58918823 0.75296294 0.39915003 0.25210225 0.64163467  0.50100227 0.45096603 0.37180163 0.33552   
0.93276136 0.08090141 0.4229199  0.9309725  0.44204402 0.60915253  0.87341016 0.58918823 0.75296294 0.39915003 0.25210225 0.64163467  0.50100227 0.45096603 0.37180163 0.33552   
0.93276136 0.08090141 0.4229199  0.9309725  0.44204402 0.60915253  0.87341016 0.58918823 0.75296294 0.39915003 0.25210225 0.64163467  0.50100227 0.45096603 0.37180163 0.33552   
0.93276136 0.08090141 0.4229199  0.9309725  0.44204402 0.60915253  0.87341016 0.58918823 0.75296294 0.39915003 0.25210225 0.64163467  0.50100227 0.45096603 0.37180163 0.33552   
0.93337346 0.07873139 0.42429688 0.93997309 0.44535142 0.61085656  0.8893473  0.59702501 0.77771216 0.39544707 0.24120434 0.65835535  0.49121527 0.44662947 0.34829773 0.33480839
0.94070847 0.08309442 0.45715017 0.95562511 0.43217266 0.5980256  0.89898092 0.56999052 0.76832358 0.31176743 0.24491069 0.66604656  0.49351106 0.41000424 0.41724018 0.37463135
0.93337346 0.07873139 0.42429688 0.93997309 0.44535142 0.61085656  0.8893473  0.59702501 0.77771216 0.39544707 0.24120434 0.65835535  0.49121527 0.44662947 0.34829773 0.33480839
0.93337346 0.07873139 0.42429688 0.93997309 0.44535142 0.61085656  0.8893473  0.59702501 0.77771216 0.39544707 0.24120434 0.65835535  0.49121527 0.44662947 0.34829773 0.33480839
0.92597475 0.07118918 0.38785539 0.92542687 0.45347531 0.62292892  0.87580823 0.62336644 0.76720252 0.45414781 0.24840991 0.66545757  0.47574854 0.47975567 0.3063296  0.31552275
0.92322924 0.0689031  0.37268373 0.92673197 0.44215913 0.64008109  0.84682613 0.60714079 0.70933076 0.40334513 0.2740118  0.69448116  0.4991867  0.46012367 0.34608511 0.30384394
0.92268497 0.07146079 0.37202814 0.91629055 0.43927373 0.63604417  0.83128942 0.59912586 0.68858549 0.41422579 0.28479025 0.67215836  0.5085117  0.46035874 0.36709188 0.31058871
0.92861366 0.09519915 0.41736163 0.87380421 0.41946605 0.57669401  0.79721288 0.5341871  0.65494252 0.43562936 0.33363936 0.5624695  0.58006772 0.37276606 0.48261236 0.42862691
0.95385927 0.18703764 0.61616373 0.77336338 0.62076564 0.53752112  0.78643939 0.49312981 0.74223849 0.56790697 0.25710427 0.31265351  0.59906946 0.38559084 0.43737134 0.38014075
0.95594673 0.23428483 0.66738144 0.66911731 0.65430748 0.5023957  0.6633059  0.40532508 0.62453821 0.58994635 0.335042   0.19370874  0.64841785 0.37306425 0.53213266 0.47805419
0.94987993 0.31420037 0.7370237  0.50733827 0.75000567 0.446444  0.56344644 0.36640204 0.6035261  0.66731995 0.44946619 0.27398535  0.66344233 0.30211569 0.46176454 0.53515785
0.94968673 0.35449436 0.78190515 0.42864151 0.82684872 0.44375511  0.47813312 0.33246905 0.52002506 0.64083001 0.54354521 0.34468496  0.67510053 0.22640339 0.53518289 0.58467046
0.94956182 0.35126539 0.77475603 0.43704381 0.78782546 0.43006722  0.49220146 0.32953538 0.53380782 0.63465679 0.51061705 0.29611612  0.66339573 0.24394523 0.53094606 0.56679593
0.9480944  0.34313129 0.75825287 0.45064512 0.73982623 0.41531605  0.50801265 0.32440433 0.55511412 0.64412378 0.48197488 0.25394733  0.67114602 0.25791974 0.51988592 0.5460937 
0.93603366 0.30622004 0.66855225 0.48265048 0.6114791  0.39161951  0.54589847 0.34438619 0.58082075 0.71673258 0.43879118 0.1882923  0.70524661 0.2958622  0.50209078 0.44843941
0.93603366 0.30622004 0.66855225 0.48265048 0.6114791  0.39161951  0.54589847 0.34438619 0.58082075 0.71673258 0.43879118 0.1882923  0.70524661 0.2958622  0.50209078 0.44843941
0.92794063 0.24496158 0.5653811  0.58272907 0.45648683 0.4158087  0.57519527 0.34808988 0.53196081 0.57499873 0.44242373 0.26542683  0.70426091 0.30407511 0.56734157 0.48368459
0.9069928  0.17946472 0.41485924 0.64818315 0.28514249 0.43018197  0.54833221 0.35379537 0.44265011 0.47343362 0.56158927 0.47414113  0.72073131 0.23444872 0.65435923 0.58455599
0.89370671 0.11723951 0.29812128 0.69192055 0.38414658 0.54222684  0.5646111  0.46906789 0.41997112 0.61461614 0.50011987 0.40728479  0.67511085 0.2763852  0.68043631 0.47661885
0.88334931 0.12432522 0.25733618 0.65439735 0.38045343 0.58844653  0.47689235 0.46211127 0.27413624 0.5447644  0.51244116 0.41124884  0.66449174 0.40689851 0.68197582 0.38383735
0.88334931 0.12432522 0.25733618 0.65439735 0.38045343 0.58844653  0.47689235 0.46211127 0.27413624 0.5447644  0.51244116 0.41124884  0.66449174 0.40689851 0.68197582 0.38383735
0.88573326 0.11315479 0.25700647 0.68797429 0.39354368 0.60912744  0.51016883 0.48829213 0.2988998  0.52817988 0.4888895  0.44852674  0.64959892 0.42549576 0.65681408 0.34726215
0.89011558 0.09279439 0.25424285 0.74709004 0.42514048 0.65454749  0.57207518 0.54040934 0.35218782 0.48760204 0.41814341 0.50866328  0.6001373  0.48057183 0.60949892 0.247416  
0.86971587 0.09747284 0.18403807 0.69553097 0.47488099 0.69117936  0.54526802 0.57098268 0.37686878 0.47555589 0.36679721 0.46464095  0.50736181 0.45720428 0.58899227 0.29782659
0.87092835 0.09171067 0.18407977 0.71455008 0.48290955 0.70325466  0.56799556 0.58859572 0.40078854 0.46082478 0.34459862 0.49290924  0.48364876 0.48275525 0.55542478 0.27098955
0.87092835 0.09171067 0.18407977 0.71455008 0.48290955 0.70325466  0.56799556 0.58859572 0.40078854 0.46082478 0.34459862 0.49290924  0.48364876 0.48275525 0.55542478 0.27098955
0.87092835 0.09171067 0.18407977 0.71455008 0.48290955 0.70325466  0.56799556 0.58859572 0.40078854 0.46082478 0.34459862 0.49290924  0.48364876 0.48275525 0.55542478 0.27098955
0.8717023  0.0880683  0.18358014 0.72648482 0.48972447 0.71256939  0.58347167 0.60128117 0.41858583 0.44916233 0.32373109 0.513456  0.4630251  0.5043652  0.5303846  0.24246769
0.85937756 0.10271419 0.15592656 0.70038058 0.51956089 0.73336587  0.58929039 0.59549255 0.46590794 0.39949784 0.27852922 0.48441916  0.47922687 0.46461513 0.52475906 0.27882752
0.85614598 0.11508012 0.15208082 0.66485367 0.51494191 0.73264655  0.54949329 0.58641885 0.41758906 0.38834825 0.26671317 0.44998907  0.45325976 0.51619525 0.54267645 0.23394766
0.84655842 0.14620181 0.14493781 0.60868647 0.51814191 0.74525462  0.51324925 0.56486859 0.38845475 0.34866579 0.19044879 0.39032905  0.46421987 0.47402703 0.61503329 0.17852049
0.83446252 0.15421479 0.11259167 0.57872066 0.54154766 0.74983867  0.51972973 0.57998661 0.43837603 0.34417581 0.16624596 0.37299926  0.40090792 0.45280447 0.61099352 0.25743969
0.83446252 0.15421479 0.11259167 0.57872066 0.54154766 0.74983867  0.51972973 0.57998661 0.43837603 0.34417581 0.16624596 0.37299926  0.40090792 0.45280447 0.61099352 0.25743969
0.82291643 0.16826762 0.08402926 0.55045595 0.56197274 0.77461527  0.50652747 0.57575619 0.47327557 0.29056098 0.12790458 0.35229607  0.38093189 0.44390258 0.55101388 0.32596734
0.82291643 0.16826762 0.08402926 0.55045595 0.56197274 0.77461527  0.50652747 0.57575619 0.47327557 0.29056098 0.12790458 0.35229607  0.38093189 0.44390258 0.55101388 0.32596734
0.82291643 0.16826762 0.08402926 0.55045595 0.56197274 0.77461527  0.50652747 0.57575619 0.47327557 0.29056098 0.12790458 0.35229607  0.38093189 0.44390258 0.55101388 0.32596734
0.80746451 0.18163264 0.06088919 0.54263488 0.58604624 0.75768914  0.5512969  0.56546775 0.52383422 0.27182064 0.17020752 0.34724595  0.38685538 0.45166391 0.60703726 0.39424661
0.80746451 0.18163264 0.06088919 0.54263488 0.58604624 0.75768914  0.5512969  0.56546775 0.52383422 0.27182064 0.17020752 0.34724595  0.38685538 0.45166391 0.60703726 0.39424661
0.79963824 0.21115448 0.06248751 0.49632569 0.56575569 0.74214021  0.55391205 0.57167233 0.56332736 0.25596733 0.13339363 0.39615698  0.39182954 0.42657545 0.62989408 0.3121807 
0.74954457 0.28345426 0.02921457 0.5083678  0.60158119 0.7083207  0.6149778  0.40210178 0.58899036 0.22595649 0.27018101 0.33282867  0.53795361 0.5066317  0.65136436 0.35213135
0.70955394 0.34923604 0.01149566 0.49869463 0.61324818 0.65982348  0.67645689 0.31304455 0.64615226 0.20170221 0.35533769 0.36964054  0.58994246 0.55766471 0.64607574 0.28272608
0.66720502 0.39353652 0.00765016 0.4854346  0.60316795 0.5356586  0.60191514 0.18231197 0.58169097 0.25836792 0.453877   0.32882801  0.52204912 0.47149736 0.73745106 0.31222756
0.5379559  0.51140204 0.03669814 0.50182736 0.578399   0.37528816  0.65586617 0.14986502 0.45888    0.30459712 0.34268867 0.40633014  0.51005957 0.50119787 0.63561131 0.22681792
0.49626372 0.56536729 0.05001852 0.50429279 0.56347548 0.30906607  0.66044504 0.21178702 0.44721281 0.32072199 0.36183691 0.44740227  0.43576749 0.46085408 0.58667985 0.18330829
0.37105902 0.55299107 0.10188407 0.52183981 0.54119641 0.22179926  0.6290209  0.23381889 0.26859192 0.36137978 0.2192219  0.45519612  0.52744536 0.39101528 0.4808006  0.30351013
0.15576839 0.45582419 0.23571553 0.4348759  0.43870264 0.30278819  0.62241728 0.32463582 0.21105439 0.42920647 0.20637068 0.50613789  0.45266569 0.26456755 0.33936036 0.461009  
0.15576839 0.45582419 0.23571553 0.4348759  0.43870264 0.30278819  0.62241728 0.32463582 0.21105439 0.42920647 0.20637068 0.50613789  0.45266569 0.26456755 0.33936036 0.461009  
0.12502385 0.46299955 0.26045295 0.41129124 0.41172275 0.32501548  0.66193411 0.40213556 0.1867325  0.42791915 0.24130632 0.50020688  0.4423725  0.28683219 0.30327848 0.50224752
0.07057186 0.4363202  0.29688016 0.44476643 0.38823898 0.36908819  0.52491791 0.46269653 0.31979163 0.40788175 0.2630435  0.48417518  0.57287142 0.33420379 0.33510928 0.53324894
0.07057186 0.4363202  0.29688016 0.44476643 0.38823898 0.36908819  0.52491791 0.46269653 0.31979163 0.40788175 0.2630435  0.48417518  0.57287142 0.33420379 0.33510928 0.53324894
0.00039479 0.36283831 0.35232302 0.39930133 0.34523319 0.50234819  0.48417291 0.45702496 0.47508945 0.39693445 0.45000532 0.44589633  0.47476172 0.42761975 0.50206904 0.41641874
0.00039479 0.36283831 0.35232302 0.39930133 0.34523319 0.50234819  0.48417291 0.45702496 0.47508945 0.39693445 0.45000532 0.44589633  0.47476172 0.42761975 0.50206904 0.41641874
0.00039479 0.36283831 0.35232302 0.39930133 0.34523319 0.50234819  0.48417291 0.45702496 0.47508945 0.39693445 0.45000532 0.44589633  0.47476172 0.42761975 0.50206904 0.41641874
0.00039479 0.36283831 0.35232302 0.39930133 0.34523319 0.50234819  0.48417291 0.45702496 0.47508945 0.39693445 0.45000532 0.44589633  0.47476172 0.42761975 0.50206904 0.41641874
0.00039479 0.36283831 0.35232302 0.39930133 0.34523319 0.50234819  0.48417291 0.45702496 0.47508945 0.39693445 0.45000532 0.44589633  0.47476172 0.42761975 0.50206904 0.41641874
0.00039479 0.36283831 0.35232302 0.39930133 0.34523319 0.50234819  0.48417291 0.45702496 0.47508945 0.39693445 0.45000532 0.44589633  0.47476172 0.42761975 0.50206904 0.41641874
0.00039479 0.36283831 0.35232302 0.39930133 0.34523319 0.50234819  0.48417291 0.45702496 0.47508945 0.39693445 0.45000532 0.44589633  0.47476172 0.42761975 0.50206904 0.41641874
0.00039479 0.36283831 0.35232302 0.39930133 0.34523319 0.50234819  0.48417291 0.45702496 0.47508945 0.39693445 0.45000532 0.44589633  0.47476172 0.42761975 0.50206904 0.41641874
0.00039479 0.36283831 0.35232302 0.39930133 0.34523319 0.50234819  0.48417291 0.45702496 0.47508945 0.39693445 0.45000532 0.44589633  0.47476172 0.42761975 0.50206904 0.41641874
0.00039479 0.36283831 0.35232302 0.39930133 0.34523319 0.50234819  0.48417291 0.45702496 0.47508945 0.39693445 0.45000532 0.44589633  0.47476172 0.42761975 0.50206904 0.41641874
0.00039479 0.36283831 0.35232302 0.39930133 0.34523319 0.50234819  0.48417291 0.45702496 0.47508945 0.39693445 0.45000532 0.44589633  0.47476172 0.42761975 0.50206904 0.41641874
0.00039479 0.36283831 0.35232302 0.39930133 0.34523319 0.50234819  0.48417291 0.45702496 0.47508945 0.39693445 0.45000532 0.44589633  0.47476172 0.42761975 0.50206904 0.41641874
0.00039479 0.36283831 0.35232302 0.39930133 0.34523319 0.50234819  0.48417291 0.45702496 0.47508945 0.39693445 0.45000532 0.44589633  0.47476172 0.42761975 0.50206904 0.41641874
0.00039479 0.36283831 0.35232302 0.39930133 0.34523319 0.50234819  0.48417291 0.45702496 0.47508945 0.39693445 0.45000532 0.44589633  0.47476172 0.42761975 0.50206904 0.41641874
0.00039479 0.36283831 0.35232302 0.39930133 0.34523319 0.50234819  0.48417291 0.45702496 0.47508945 0.39693445 0.45000532 0.44589633  0.47476172 0.42761975 0.50206904 0.41641874
0.00039479 0.36283831 0.35232302 0.39930133 0.34523319 0.50234819  0.48417291 0.45702496 0.47508945 0.39693445 0.45000532 0.44589633  0.47476172 0.42761975 0.50206904 0.41641874
0.00039479 0.36283831 0.35232302 0.39930133 0.34523319 0.50234819  0.48417291 0.45702496 0.47508945 0.39693445 0.45000532 0.44589633  0.47476172 0.42761975 0.50206904 0.41641874
0.00039479 0.36283831 0.35232302 0.39930133 0.34523319 0.50234819  0.48417291 0.45702496 0.47508945 0.39693445 0.45000532 0.44589633  0.47476172 0.42761975 0.50206904 0.41641874
0.00039479 0.36283831 0.35232302 0.39930133 0.34523319 0.50234819  0.48417291 0.45702496 0.47508945 0.39693445 0.45000532 0.44589633  0.47476172 0.42761975 0.50206904 0.41641874
