0.00039479 0.36283831 0.35232302 0.39930133 0.34523319 0.50234819  0.48417291 0.45702496 0.47508945 0.39693445 0.45000532 0.44589633  0.47476172 0.42761975 0.50206904 0.41641874
0.00039479 0.36283831 0.35232302 0.39930133 0.34523319 0.50234819  0.48417291 0.45702496 0.47508945 0.39693445 0.45000532 0.44589633  0.47476172 0.42761975 0.50206904 0.41641874
0.00039479 0.36283831 0.35232302 0.39930133 0.34523319 0.50234819  0.48417291 0.45702496 0.47508945 0.39693445 0.45000532 0.44589633  0.47476172 0.42761975 0.50206904 0.41641874
0.00039479 0.36283831 0.35232302 0.39930133 0.34523319 0.50234819  0.48417291 0.45702496 0.47508945 0.39693445 0.45000532 0.44589633  0.47476172 0.42761975 0.50206904 0.41641874
0.00039479 0.36283831 0.35232302 0.39930133 0.34523319 0.50234819  0.48417291 0.45702496 0.47508945 0.39693445 0.45000532 0.44589633  0.47476172 0.42761975 0.50206904 0.41641874
0.00039479 0.36283831 0.35232302 0.39930133 0.34523319 0.50234819  0.48417291 0.45702496 0.47508945 0.39693445 0.45000532 0.44589633  0.47476172 0.42761975 0.50206904 0.41641874
0.00039479 0.36283831 0.35232302 0.39930133 0.34523319 0.50234819  0.48417291 0.45702496 0.47508945 0.39693445 0.45000532 0.44589633  0.47476172 0.42761975 0.50206904 0.41641874
0.00039479 0.36283831 0.35232302 0.39930133 0.34523319 0.50234819  0.48417291 0.45702496 0.47508945 0.39693445 0.45000532 0.44589633  0.47476172 0.42761975 0.50206904 0.41641874
0.00039479 0.36283831 0.35232302 0.39930133 0.34523319 0.50234819  0.48417291 0.45702496 0.47508945 0.39693445 0.45000532 0.44589633  0.47476172 0.42761975 0.50206904 0.41641874
0.00039479 0.36283831 0.35232302 0.39930133 0.34523319 0.50234819  0.48417291 0.45702496 0.47508945 0.39693445 0.45000532 0.44589633  0.47476172 0.42761975 0.50206904 0.41641874
0.00039479 0.36283831 0.35232302 0.39930133 0.34523319 0.50234819  0.48417291 0.45702496 0.47508945 0.39693445 0.45000532 0.44589633  0.47476172 0.42761975 0.50206904 0.41641874
0.00039479 0.36283831 0.35232302 0.39930133 0.34523319 0.50234819  0.48417291 0.45702496 0.47508945 0.39693445 0.45000532 0.44589633  0.47476172 0.42761975 0.50206904 0.41641874
0.00039479 0.36283831 0.35232302 0.39930133 0.34523319 0.50234819  0.48417291 0.45702496 0.47508945 0.39693445 0.45000532 0.44589633  0.47476172 0.42761975 0.50206904 0.41641874
0.00039479 0.36283831 0.35232302 0.39930133 0.34523319 0.50234819  0.48417291 0.45702496 0.47508945 0.39693445 0.45000532 0.44589633  0.47476172 0.42761975 0.50206904 0.41641874
0.00039479 0.36283831 0.35232302 0.39930133 0.34523319 0.50234819  0.48417291 0.45702496 0.47508945 0.39693445 0.45000532 0.44589633  0.47476172 0.42761975 0.50206904 0.41641874
0.00039479 0.36283831 0.35232302 0.39930133 0.34523319 0.50234819  0.48417291 0.45702496 0.47508945 0.39693445 0.45000532 0.44589633  0.47476172 0.42761975 0.50206904 0.41641874
0.00039479 0.36283831 0.35232302 0.39930133 0.34523319 0.50234819  0.48417291 0.45702496 0.47508945 0.39693445 0.45000532 0.44589633  0.47476172 0.42761975 0.50206904 0.41641874
0.00039479 0.36283831 0.35232302 0.39930133 0.34523319 0.50234819  0.48417291 0.45702496 0.47508945 0.39693445 0.45000532 0.44589633  0.47476172 0.42761975 0.50206904 0.41641874
0.00039479 0.36283831 0.35232302 0.39930133 0.34523319 0.50234819  0.48417291 0.45702496 0.47508945 0.39693445 0.45000532 0.44589633  0.47476172 0.42761975 0.50206904 0.41641874
0.00039479 0.36283831 0.35232302 0.39930133 0.34523319 0.50234819  0.48417291 0.45702496 0.47508945 0.39693445 0.45000532 0.44589633  0.47476172 0.42761975 0.50206904 0.41641874
0.00039479 0.36283831 0.35232302 0.39930133 0.34523319 0.50234819  0.48417291 0.45702496 0.47508945 0.39693445 0.45000532 0.44589633  0.47476172 0.42761975 0.50206904 0.41641874
0.00039479 0.36283831 0.35232302 0.39930133 0.34523319 0.50234819  0.48417291 0.45702496 0.47508945 0.39693445 0.45000532 0.44589633  0.47476172 0.42761975 0.50206904 0.41641874
0.00039479 0.36283831 0.35232302 0.39930133 0.34523319 0.50234819  0.48417291 0.45702496 0.47508945 0.39693445 0.45000532 0.44589633  0.47476172 0.42761975 0.50206904 0.41641874
0.00039479 0.36283831 0.35232302 0.39930133 0.34523319 0.50234819  0.48417291 0.45702496 0.47508945 0.39693445 0.45000532 0.44589633  0.47476172 0.42761975 0.50206904 0.41641874
0.00039479 0.36283831 0.35232302 0.39930133 0.34523319 0.50234819  0.48417291 0.45702496 0.47508945 0.39693445 0.45000532 0.44589633  0.47476172 0.42761975 0.50206904 0.41641874
0.00039479 0.36283831 0.35232302 0.39930133 0.34523319 0.50234819  0.48417291 0.45702496 0.47508945 0.39693445 0.45000532 0.44589633  0.47476172 0.42761975 0.50206904 0.41641874
0.00039479 0.36283831 0.35232302 0.39930133 0.34523319 0.50234819  0.48417291 0.45702496 0.47508945 0.39693445 0.45000532 0.44589633  0.47476172 0.42761975 0.50206904 0.41641874
0.00039479 0.36283831 0.35232302 0.39930133 0.34523319 0.50234819  0.48417291 0.45702496 0.47508945 0.39693445 0.45000532 0.44589633  0.47476172 0.42761975 0.50206904 0.41641874
0.00039479 0.36283831 0.35232302 0.39930133 0.34523319 0.50234819  0.48417291 0.45702496 0.47508945 0.39693445 0.45000532 0.44589633  0.47476172 0.42761975 0.50206904 0.41641874
0.00039479 0.36283831 0.35232302 0.39930133 0.34523319 0.50234819  0.48417291 0.45702496 0.47508945 0.39693445 0.45000532 0.44589633  0.47476172 0.42761975 0.50206904 0.41641874
0.00039479 0.36283831 0.35232302 0.39930133 0.34523319 0.50234819  0.48417291 0.45702496 0.47508945 0.39693445 0.45000532 0.44589633  0.47476172 0.42761975 0.50206904 0.41641874
0.00039479 0.36283831 0.35232302 0.39930133 0.34523319 0.50234819  0.48417291 0.45702496 0.47508945 0.39693445 0.45000532 0.44589633  0.47476172 0.42761975 0.50206904 0.41641874
0.00039479 0.36283831 0.35232302 0.39930133 0.34523319 0.50234819  0.48417291 0.45702496 0.47508945 0.39693445 0.45000532 0.44589633  0.47476172 0.42761975 0.50206904 0.41641874
0.00039479 0.36283831 0.35232302 0.39930133 0.34523319 0.50234819  0.48417291 0.45702496 0.47508945 0.39693445 0.45000532 0.44589633  0.47476172 0.42761975 0.50206904 0.41641874
0.00039479 0.36283831 0.35232302 0.39930133 0.34523319 0.50234819  0.48417291 0.45702496 0.47508945 0.39693445 0.45000532 0.44589633  0.47476172 0.42761975 0.50206904 0.41641874
0.00039479 0.36283831 0.35232302 0.39930133 0.34523319 0.50234819  0.48417291 0.45702496 0.47508945 0.39693445 0.45000532 0.44589633  0.47476172 0.42761975 0.50206904 0.41641874
0.00039479 0.36283831 0.35232302 0.39930133 0.34523319 0.50234819  0.48417291 0.45702496 0.47508945 0.39693445 0.45000532 0.44589633  0.47476172 0.42761975 0.50206904 0.41641874
0.00039479 0.36283831 0.35232302 0.39930133 0.34523319 0.50234819  0.48417291 0.45702496 0.47508945 0.39693445 0.45000532 0.44589633  0.47476172 0.42761975 0.50206904 0.41641874
0.00039479 0.36283831 0.35232302 0.39930133 0.34523319 0.50234819  0.48417291 0.45702496 0.47508945 0.39693445 0.45000532 0.44589633  0.47476172 0.42761975 0.50206904 0.41641874
0.00039479 0.36283831 0.35232302 0.39930133 0.34523319 0.50234819  0.48417291 0.45702496 0.47508945 0.39693445 0.45000532 0.44589633  0.47476172 0.42761975 0.50206904 0.41641874
0.00039479 0.36283831 0.35232302 0.39930133 0.34523319 0.50234819  0.48417291 0.45702496 0.47508945 0.39693445 0.45000532 0.44589633  0.47476172 0.42761975 0.50206904 0.41641874
0.00039479 0.36283831 0.35232302 0.39930133 0.34523319 0.50234819  0.48417291 0.45702496 0.47508945 0.39693445 0.45000532 0.44589633  0.47476172 0.42761975 0.50206904 0.41641874
0.00140664 0.36431381 0.35232474 0.39642652 0.34463577 0.50247588  0.48308211 0.45859707 0.47435751 0.39611259 0.44362313 0.46430998  0.44184368 0.4496556  0.47683731 0.47370053
0.00140664 0.36431381 0.35232474 0.39642652 0.34463577 0.50247588  0.48308211 0.45859707 0.47435751 0.39611259 0.44362313 0.46430998  0.44184368 0.4496556  0.47683731 0.47370053
0.03626834 0.41833513 0.32437639 0.45060516 0.36795023 0.4358191  0.43376905 0.499144   0.47579359 0.39038324 0.38981846 0.47145993  0.52465538 0.47770179 0.50199562 0.51824656
0.09235946 0.47077313 0.31373044 0.46397246 0.34053569 0.55135119  0.38573981 0.43051333 0.53189526 0.45932745 0.34376628 0.53692142  0.44377481 0.46818164 0.61678082 0.631486  
0.23858807 0.65539529 0.22487431 0.57655515 0.36256687 0.53088099  0.29697095 0.45232495 0.61555694 0.47214447 0.42870517 0.55134907  0.36342508 0.45642793 0.66506972 0.63894112
0.36623795 0.74156871 0.19193503 0.56911902 0.31786722 0.61674514  0.28608601 0.47283068 0.53843542 0.47613386 0.32074389 0.55918581  0.42861267 0.34687631 0.42205403 0.66772023
0.51165974 0.78741391 0.15525666 0.4626821  0.27727237 0.71600109  0.40546132 0.49035222 0.45527778 0.4554825  0.33785558 0.53985944  0.45067709 0.3081466  0.31750146 0.61903999
0.58311844 0.75809353 0.12866676 0.30713068 0.29876857 0.70034408  0.63343081 0.51946318 0.36429255 0.40625136 0.41557381 0.50677392  0.57380793 0.39316558 0.39074614 0.61137441
0.66584478 0.67147329 0.22345341 0.25501302 0.23222509 0.63928488  0.58203356 0.65842147 0.31281643 0.3386744  0.42966404 0.56090684  0.60130122 0.38946815 0.52956085 0.58606253
0.73241697 0.57723978 0.30138932 0.25299475 0.15542263 0.54973226  0.50504054 0.68909352 0.26890034 0.38650592 0.39935502 0.62105573  0.43868251 0.43719559 0.62739959 0.53315113
0.81260058 0.37730684 0.25441095 0.21651991 0.24581824 0.43209658  0.34600974 0.38063166 0.45595207 0.32057364 0.35734457 0.62594993  0.4677063  0.39835988 0.48142712 0.416825  
0.81064054 0.37283186 0.25038002 0.2213337  0.24211813 0.4296557  0.34957512 0.37611887 0.4647463  0.33746346 0.36006956 0.58774564  0.52425903 0.38817241 0.49625764 0.32200784
0.81064054 0.37283186 0.25038002 0.2213337  0.24211813 0.4296557  0.34957512 0.37611887 0.4647463  0.33746346 0.36006956 0.58774564  0.52425903 0.38817241 0.49625764 0.32200784
0.81064054 0.37283186 0.25038002 0.2213337  0.24211813 0.4296557  0.34957512 0.37611887 0.4647463  0.33746346 0.36006956 0.58774564  0.52425903 0.38817241 0.49625764 0.32200784
0.8187432  0.30908941 0.20981597 0.29658757 0.30076737 0.48769647  0.33047126 0.3968991  0.38571047 0.43151578 0.40730956 0.47715107  0.52985932 0.42765571 0.44338821 0.39138153
0.8265044  0.27898499 0.20248914 0.34003262 0.32752589 0.52174235  0.32355787 0.39115249 0.34212939 0.42567128 0.40731658 0.42127032  0.54682545 0.40529139 0.49932009 0.41142103
0.81735672 0.27349242 0.16521485 0.32226687 0.35087946 0.5324663  0.3235125  0.41892755 0.35179294 0.45354523 0.3907648  0.40692242  0.51037619 0.360635   0.52980555 0.39385145
0.82305066 0.25001498 0.15897898 0.36725577 0.38060531 0.57215207  0.34086207 0.43054752 0.33504622 0.43784831 0.36191902 0.37158204  0.51701639 0.36539172 0.59480431 0.37851971
0.81167048 0.25500662 0.12448877 0.34048164 0.41095728 0.58760242  0.34070386 0.44497836 0.37023885 0.41748072 0.32085079 0.33731727  0.47069402 0.31066471 0.61978626 0.41376828
0.81887763 0.22684223 0.1217061  0.38758828 0.43459613 0.6132538  0.342991   0.44698376 0.33646652 0.432452   0.33490578 0.28585613  0.46494769 0.33749168 0.61637173 0.48147659
0.80655289 0.24148812 0.09405253 0.36148404 0.46443255 0.63405028  0.34880972 0.44119515 0.38378863 0.38278751 0.28970392 0.25681928  0.48114946 0.29774161 0.6107462  0.51783642
0.80655289 0.24148812 0.09405253 0.36148404 0.46443255 0.63405028  0.34880972 0.44119515 0.38378863 0.38278751 0.28970392 0.25681928  0.48114946 0.29774161 0.6107462  0.51783642
0.77639827 0.28123937 0.058475   0.35646523 0.50515799 0.6317084  0.42907986 0.38944318 0.46114679 0.3408101  0.35350293 0.24470063  0.60527209 0.36866183 0.62967475 0.60697672
0.68988041 0.43476356 0.02742509 0.29831078 0.49907239 0.50025363  0.53466604 0.19304439 0.5981756  0.29304114 0.52243113 0.34678203  0.66862702 0.42534427 0.61564757 0.4533517 
0.68226902 0.46462114 0.03353752 0.25371409 0.47389246 0.47059275  0.54152113 0.19309407 0.64710687 0.29852178 0.50829866 0.40077436  0.6557568  0.44757464 0.57671774 0.42622096
0.56461015 0.65022443 0.05206702 0.3703495  0.43509738 0.46190354  0.61687141 0.10425447 0.54761352 0.44176461 0.40265705 0.51503856  0.4715825  0.51194599 0.66702481 0.38891857
0.39301608 0.7107866  0.09312741 0.54311867 0.48431688 0.23593533  0.59207076 0.36565123 0.32048789 0.41205057 0.3935515  0.47281949  0.37482982 0.40137105 0.60049853 0.32401808
0.25115308 0.64172099 0.16960709 0.56179153 0.46387166 0.18590319  0.53173139 0.4918958  0.25019042 0.40748008 0.22913713 0.49821948  0.53664908 0.38295344 0.4353316  0.48529548
0.08879812 0.4596332  0.28515321 0.45991245 0.3934313  0.35918857  0.51437619 0.46874183 0.33324424 0.40174971 0.28603416 0.47926036  0.56425105 0.35800634 0.36943429 0.50057466
0.01779563 0.38669558 0.33863985 0.42004769 0.35385851 0.46460162  0.48109267 0.47190843 0.43452283 0.38595027 0.3992976  0.44733029  0.52908455 0.38078184 0.39373238 0.44873962
0.00039479 0.36283831 0.35232302 0.39930133 0.34523319 0.50234819  0.48417291 0.45702496 0.47508945 0.39693445 0.45000532 0.44589633  0.47476172 0.42761975 0.50206904 0.41641874
0.00039479 0.36283831 0.35232302 0.39930133 0.34523319 0.50234819  0.48417291 0.45702496 0.47508945 0.39693445 0.45000532 0.44589633  0.47476172 0.42761975 0.50206904 0.41641874
0.00039479 0.36283831 0.35232302 0.39930133 0.34523319 0.50234819  0.48417291 0.45702496 0.47508945 0.39693445 0.45000532 0.44589633  0.47476172 0.42761975 0.50206904 0.41641874
0.00039479 0.36283831 0.35232302 0.39930133 0.34523319 0.50234819  0.48417291 0.45702496 0.47508945 0.39693445 0.45000532 0.44589633  0.47476172 0.42761975 0.50206904 0.41641874
0.00039479 0.36283831 0.35232302 0.39930133 0.34523319 0.50234819  0.48417291 0.45702496 0.47508945 0.39693445 0.45000532 0.44589633  0.47476172 0.42761975 0.50206904 0.41641874
0.00039479 0.36283831 0.35232302 0.39930133 0.34523319 0.50234819  0.48417291 0.45702496 0.47508945 0.39693445 0.45000532 0.44589633  0.47476172 0.42761975 0.50206904 0.41641874
0.00039479 0.36283831 0.35232302 0.39930133 0.34523319 0.50234819  0.48417291 0.45702496 0.47508945 0.39693445 0.45000532 0.44589633  0.47476172 0.42761975 0.50206904 0.41641874
0.00039479 0.36283831 0.35232302 0.39930133 0.34523319 0.50234819  0.48417291 0.45702496 0.47508945 0.39693445 0.45000532 0.44589633  0.47476172 0.42761975 0.50206904 0.41641874
0.00039479 0.36283831 0.35232302 0.39930133 0.34523319 0.50234819  0.48417291 0.45702496 0.47508945 0.39693445 0.45000532 0.44589633  0.47476172 0.42761975 0.50206904 0.41641874
0.00039479 0.36283831 0.35232302 0.39930133 0.34523319 0.50234819  0.48417291 0.45702496 0.47508945 0.39693445 0.45000532 0.44589633  0.47476172 0.42761975 0.50206904 0.41641874
0.00039479 0.36283831 0.35232302 0.39930133 0.34523319 0.50234819  0.48417291 0.45702496 0.47508945 0.39693445 0.45000532 0.44589633  0.47476172 0.42761975 0.50206904 0.41641874
0.00039479 0.36283831 0.35232302 0.39930133 0.34523319 0.50234819  0.48417291 0.45702496 0.47508945 0.39693445 0.45000532 0.44589633  0.47476172 0.42761975 0.50206904 0.41641874
0.00039479 0.36283831 0.35232302 0.39930133 0.34523319 0.50234819  0.48417291 0.45702496 0.47508945 0.39693445 0.45000532 0.44589633  0.47476172 0.42761975 0.50206904 0.41641874
0.00039479 0.36283831 0.35232302 0.39930133 0.34523319 0.50234819  0.48417291 0.45702496 0.47508945 0.39693445 0.45000532 0.44589633  0.47476172 0.42761975 0.50206904 0.41641874
0.00039479 0.36283831 0.35232302 0.39930133 0.34523319 0.50234819  0.48417291 0.45702496 0.47508945 0.39693445 0.45000532 0.44589633  0.47476172 0.42761975 0.50206904 0.41641874
0.00039479 0.36283831 0.35232302 0.39930133 0.34523319 0.50234819  0.48417291 0.45702496 0.47508945 0.39693445 0.45000532 0.44589633  0.47476172 0.42761975 0.50206904 0.41641874
0.00039479 0.36283831 0.35232302 0.39930133 0.34523319 0.50234819  0.48417291 0.45702496 0.47508945 0.39693445 0.45000532 0.44589633  0.47476172 0.42761975 0.50206904 0.41641874
0.00039479 0.36283831 0.35232302 0.39930133 0.34523319 0.50234819  0.48417291 0.45702496 0.47508945 0.39693445 0.45000532 0.44589633  0.47476172 0.42761975 0.50206904 0.41641874
0.00039479 0.36283831 0.35232302 0.39930133 0.34523319 0.50234819  0.48417291 0.45702496 0.47508945 0.39693445 0.45000532 0.44589633  0.47476172 0.42761975 0.50206904 0.41641874
0.00039479 0.36283831 0.35232302 0.39930133 0.34523319 0.50234819  0.48417291 0.45702496 0.47508945 0.39693445 0.45000532 0.44589633  0.47476172 0.42761975 0.50206904 0.41641874
0.00039479 0.36283831 0.35232302 0.39930133 0.34523319 0.50234819  0.48417291 0.45702496 0.47508945 0.39693445 0.45000532 0.44589633  0.47476172 0.42761975 0.50206904 0.41641874
0.00039479 0.36283831 0.35232302 0.39930133 0.34523319 0.50234819  0.48417291 0.45702496 0.47508945 0.39693445 0.45000532 0.44589633  0.47476172 0.42761975 0.50206904 0.41641874
0.00039479 0.36283831 0.35232302 0.39930133 0.34523319 0.50234819  0.48417291 0.45702496 0.47508945 0.39693445 0.45000532 0.44589633  0.47476172 0.42761975 0.50206904 0.41641874
0.00039479 0.36283831 0.35232302 0.39930133 0.34523319 0.50234819  0.48417291 0.45702496 0.47508945 0.39693445 0.45000532 0.44589633  0.47476172 0.42761975 0.50206904 0.41641874
0.00039479 0.36283831 0.35232302 0.39930133 0.34523319 0.50234819  0.48417291 0.45702496 0.47508945 0.39693445 0.45000532 0.44589633  0.47476172 0.42761975 0.50206904 0.41641874
0.00039479 0.36283831 0.35232302 0.39930133 0.34523319 0.50234819  0.48417291 0.45702496 0.47508945 0.39693445 0.45000532 0.44589633  0.47476172 0.42761975 0.50206904 0.41641874
0.00039479 0.36283831 0.35232302 0.39930133 0.34523319 0.50234819  0.48417291 0.45702496 0.47508945 0.39693445 0.45000532 0.44589633  0.47476172 0.42761975 0.50206904 0.41641874
0.01790387 0.3898545  0.33817562 0.42642862 0.35681041 0.46717525  0.46152885 0.47694295 0.46991849 0.39350101 0.41724602 0.4497633  0.51968443 0.43336993 0.49846349 0.44236435
0.14339695 0.55496808 0.2460297  0.55164444 0.41353094 0.30063928  0.4216703  0.52378183 0.37809337 0.37908591 0.3055617  0.46104815  0.55014259 0.39116783 0.40915821 0.46705276
0.45661747 0.81000611 0.10177323 0.53085258 0.36724485 0.53502864  0.55749255 0.33478949 0.44585401 0.49465719 0.49979768 0.48600623  0.28885091 0.3487887  0.48633384 0.44834469
0.51122529 0.79950986 0.09455724 0.43195576 0.3493868  0.5994669  0.66683861 0.34610602 0.416032   0.46732754 0.53386627 0.462384  0.40329739 0.37544479 0.47961754 0.45658068
0.52801598 0.77829598 0.09084452 0.3890148  0.35596765 0.58298964  0.68654495 0.3870807  0.43965569 0.445569   0.55220238 0.45781893  0.46132665 0.40652703 0.54843868 0.47061736
0.56324047 0.75110964 0.09211211 0.30418254 0.34843496 0.59677457  0.7318537  0.49777815 0.44141285 0.39386804 0.58813656 0.42747788  0.60811379 0.45263783 0.56700873 0.50068664
0.5805287  0.74168416 0.10642507 0.28770622 0.32206729 0.63853522  0.69543258 0.52707274 0.42096165 0.40027037 0.50992896 0.43680873  0.65015541 0.43933157 0.5128832  0.50609601
0.5805287  0.74168416 0.10642507 0.28770622 0.32206729 0.63853522  0.69543258 0.52707274 0.42096165 0.40027037 0.50992896 0.43680873  0.65015541 0.43933157 0.5128832  0.50609601
0.5805287  0.74168416 0.10642507 0.28770622 0.32206729 0.63853522  0.69543258 0.52707274 0.42096165 0.40027037 0.50992896 0.43680873  0.65015541 0.43933157 0.5128832  0.50609601
0.5805287  0.74168416 0.10642507 0.28770622 0.32206729 0.63853522  0.69543258 0.52707274 0.42096165 0.40027037 0.50992896 0.43680873  0.65015541 0.43933157 0.5128832  0.50609601
0.54585538 0.76698681 0.08965354 0.34547207 0.35390861 0.59149901  0.72032369 0.43166193 0.43851868 0.41619343 0.58055577 0.44022078  0.54140279 0.43690875 0.55830019 0.48269548
0.54585538 0.76698681 0.08965354 0.34547207 0.35390861 0.59149901  0.72032369 0.43166193 0.43851868 0.41619343 0.58055577 0.44022078  0.54140279 0.43690875 0.55830019 0.48269548
0.51122529 0.79950986 0.09455724 0.43195576 0.3493868  0.5994669  0.66683861 0.34610602 0.416032   0.46732754 0.53386627 0.462384  0.40329739 0.37544479 0.47961754 0.45658068
0.47519548 0.81056876 0.09654784 0.49702408 0.36448215 0.55085511  0.61469541 0.33360884 0.42118648 0.47317538 0.54490054 0.46542886  0.29218941 0.35246694 0.45807609 0.42316772
0.43917576 0.81684401 0.11488651 0.56584208 0.35122413 0.56182676  0.47942694 0.35652119 0.49760701 0.48167717 0.51210968 0.47442886  0.29605323 0.33657096 0.45465744 0.43788527
0.42197165 0.81966524 0.12883817 0.58940231 0.33714667 0.59212695  0.40594522 0.39674552 0.58230231 0.4492814  0.58590683 0.4428437  0.32859787 0.35979088 0.44326054 0.39509047
0.40328691 0.81091504 0.13839651 0.60897078 0.33594668 0.58834586  0.34724066 0.41638698 0.62757836 0.4576079  0.5504961  0.45498459  0.40178024 0.38521367 0.48525966 0.43980125
0.40343091 0.8007634  0.15511196 0.5957954  0.3058326  0.66343265  0.28722977 0.45309638 0.70901758 0.45371406 0.550006   0.45055164  0.55642592 0.41144441 0.48545025 0.49774096
0.4394107  0.78789933 0.25001654 0.64815633 0.22805355 0.65418448  0.24266392 0.42117894 0.61360275 0.46494804 0.56532308 0.50421443  0.63327405 0.50306649 0.37395945 0.41178271
0.49593274 0.76914032 0.39447122 0.71451905 0.13112858 0.65011882  0.2094381  0.40147687 0.49943851 0.4487654  0.56590376 0.5699552  0.73760474 0.53427442 0.37038291 0.34391376
0.52479416 0.78212688 0.4755686  0.70213252 0.11251202 0.67763275  0.18647798 0.40030908 0.50094487 0.39916939 0.44342657 0.5131527  0.77340337 0.50944372 0.35426    0.33508819
0.53841038 0.78993005 0.53910034 0.72799125 0.10006618 0.63804635  0.23757604 0.37706842 0.55640546 0.34454041 0.42340078 0.49807405  0.76357736 0.41619669 0.45052366 0.396462  
0.53841038 0.78993005 0.53910034 0.72799125 0.10006618 0.63804635  0.23757604 0.37706842 0.55640546 0.34454041 0.42340078 0.49807405  0.76357736 0.41619669 0.45052366 0.396462  
0.53841038 0.78993005 0.53910034 0.72799125 0.10006618 0.63804635  0.23757604 0.37706842 0.55640546 0.34454041 0.42340078 0.49807405  0.76357736 0.41619669 0.45052366 0.396462  
0.53841038 0.78993005 0.53910034 0.72799125 0.10006618 0.63804635  0.23757604 0.37706842 0.55640546 0.34454041 0.42340078 0.49807405  0.76357736 0.41619669 0.45052366 0.396462  
0.54995646 0.77587722 0.56766275 0.75625596 0.0796411  0.61326975  0.25077829 0.38129884 0.52150591 0.39815524 0.46174216 0.51877724  0.78355338 0.42509857 0.5105033  0.32793435
0.54995646 0.77587722 0.56766275 0.75625596 0.0796411  0.61326975  0.25077829 0.38129884 0.52150591 0.39815524 0.46174216 0.51877724  0.78355338 0.42509857 0.5105033  0.32793435
0.55475179 0.78868753 0.59965931 0.75241155 0.09602648 0.60701114  0.26176662 0.37679044 0.54597095 0.38684767 0.42633264 0.47017032  0.75252927 0.41127681 0.52501132 0.32031409
0.55475179 0.78868753 0.59965931 0.75241155 0.09602648 0.60701114  0.26176662 0.37679044 0.54597095 0.38684767 0.42633264 0.47017032  0.75252927 0.41127681 0.52501132 0.32031409
0.57343653 0.79743773 0.59010096 0.73284309 0.09722647 0.61079224  0.32047117 0.35714898 0.5006949  0.37852117 0.46174337 0.45802943  0.67934689 0.38585403 0.48301219 0.27560332
0.58813923 0.7710515  0.60253843 0.73004084 0.08057453 0.59620798  0.28497046 0.3986125  0.47389539 0.40175824 0.44024729 0.46509797  0.56114775 0.32269512 0.52010702 0.25474228
0.58813923 0.7710515  0.60253843 0.73004084 0.08057453 0.59620798  0.28497046 0.3986125  0.47389539 0.40175824 0.44024729 0.46509797  0.56114775 0.32269512 0.52010702 0.25474228
0.58813923 0.7710515  0.60253843 0.73004084 0.08057453 0.59620798  0.28497046 0.3986125  0.47389539 0.40175824 0.44024729 0.46509797  0.56114775 0.32269512 0.52010702 0.25474228
0.59403097 0.78374254 0.63677552 0.72674426 0.07645444 0.58243299  0.30048261 0.38856521 0.48650017 0.37722324 0.41287401 0.42509738  0.52380947 0.34220556 0.50364373 0.27794735
0.63089521 0.79513388 0.61990434 0.68421351 0.07841326 0.58497918  0.41091728 0.35573027 0.38866662 0.36514123 0.43085871 0.41239546  0.43669176 0.30388962 0.43677232 0.23326978
0.63089521 0.79513388 0.61990434 0.68421351 0.07841326 0.58497918  0.41091728 0.35573027 0.38866662 0.36514123 0.43085871 0.41239546  0.43669176 0.30388962 0.43677232 0.23326978
0.63089521 0.79513388 0.61990434 0.68421351 0.07841326 0.58497918  0.41091728 0.35573027 0.38866662 0.36514123 0.43085871 0.41239546  0.43669176 0.30388962 0.43677232 0.23326978
0.63089521 0.79513388 0.61990434 0.68421351 0.07841326 0.58497918  0.41091728 0.35573027 0.38866662 0.36514123 0.43085871 0.41239546  0.43669176 0.30388962 0.43677232 0.23326978
0.63089521 0.79513388 0.61990434 0.68421351 0.07841326 0.58497918  0.41091728 0.35573027 0.38866662 0.36514123 0.43085871 0.41239546  0.43669176 0.30388962 0.43677232 0.23326978
0.63089521 0.79513388 0.61990434 0.68421351 0.07841326 0.58497918  0.41091728 0.35573027 0.38866662 0.36514123 0.43085871 0.41239546  0.43669176 0.30388962 0.43677232 0.23326978
0.64809932 0.79231265 0.60595268 0.66065327 0.09249072 0.55467898  0.484399   0.31550594 0.30397133 0.39753699 0.35706155 0.44398062  0.40414712 0.2806697  0.44816922 0.27606458
0.61135883 0.77273153 0.4633866  0.65948585 0.0881351  0.58795528  0.5120616  0.33022359 0.31133427 0.53044325 0.4443502  0.5344786  0.60795661 0.35497524 0.34655318 0.23534033
0.55889683 0.77744369 0.27009902 0.5588756  0.16929619 0.70731268  0.40751345 0.36894195 0.29508066 0.48967045 0.40883997 0.54485366  0.59172256 0.40792032 0.18263334 0.29134827
0.52627306 0.78495573 0.16598836 0.48436992 0.24640749 0.73807102  0.41379035 0.42626585 0.38985812 0.49268683 0.32701713 0.4789112  0.44563898 0.28731436 0.23406098 0.38794645
0.47503902 0.80057932 0.16202534 0.53393759 0.25916625 0.73561862  0.3278752  0.45738239 0.5497796  0.46303252 0.39801436 0.4628533  0.48076861 0.31461737 0.30694521 0.43860789
0.40307756 0.81066863 0.13036572 0.6070688  0.35547728 0.53572029  0.3994711  0.40250164 0.55409156 0.45207736 0.54193417 0.45336063  0.30873049 0.37515656 0.49168954 0.38170743
0.29058238 0.72040968 0.17574413 0.63950187 0.38844566 0.41289776  0.31934723 0.45158024 0.5074585  0.48940447 0.30840195 0.51385549  0.39567676 0.39699934 0.6012384  0.51579703
0.1613877  0.59054342 0.23666907 0.5951758  0.40860527 0.31709213  0.32862449 0.55711996 0.47722464 0.40214341 0.29936805 0.47721694  0.6171938  0.42355897 0.51342095 0.53356877
0.10663576 0.51871013 0.27094966 0.54157859 0.40127079 0.33183969  0.37758862 0.5497827  0.44588136 0.37796843 0.31336073 0.46103582  0.65335276 0.42065754 0.44179746 0.51834321
0.05295748 0.44105795 0.31047847 0.47423707 0.37661473 0.39820267  0.43339135 0.51107118 0.43325487 0.38045997 0.34459946 0.45442981  0.6091228  0.40002928 0.40593895 0.49183507
0.01790387 0.3898545  0.33817562 0.42642862 0.35681041 0.46717525  0.46152885 0.47694295 0.46991849 0.39350101 0.41724602 0.4497633  0.51968443 0.43336993 0.49846349 0.44236435
0.00039479 0.36283831 0.35232302 0.39930133 0.34523319 0.50234819  0.48417291 0.45702496 0.47508945 0.39693445 0.45000532 0.44589633  0.47476172 0.42761975 0.50206904 0.41641874
0.00039479 0.36283831 0.35232302 0.39930133 0.34523319 0.50234819  0.48417291 0.45702496 0.47508945 0.39693445 0.45000532 0.44589633  0.47476172 0.42761975 0.50206904 0.41641874
0.00039479 0.36283831 0.35232302 0.39930133 0.34523319 0.50234819  0.48417291 0.45702496 0.47508945 0.39693445 0.45000532 0.44589633  0.47476172 0.42761975 0.50206904 0.41641874
0.00039479 0.36283831 0.35232302 0.39930133 0.34523319 0.50234819  0.48417291 0.45702496 0.47508945 0.39693445 0.45000532 0.44589633  0.47476172 0.42761975 0.50206904 0.41641874
0.00039479 0.36283831 0.35232302 0.39930133 0.34523319 0.50234819  0.48417291 0.45702496 0.47508945 0.39693445 0.45000532 0.44589633  0.47476172 0.42761975 0.50206904 0.41641874
0.00039479 0.36283831 0.35232302 0.39930133 0.34523319 0.50234819  0.48417291 0.45702496 0.47508945 0.39693445 0.45000532 0.44589633  0.47476172 0.42761975 0.50206904 0.41641874
0.00039479 0.36283831 0.35232302 0.39930133 0.34523319 0.50234819  0.48417291 0.45702496 0.47508945 0.39693445 0.45000532 0.44589633  0.47476172 0.42761975 0.50206904 0.41641874
0.00039479 0.36283831 0.35232302 0.39930133 0.34523319 0.50234819  0.48417291 0.45702496 0.47508945 0.39693445 0.45000532 0.44589633  0.47476172 0.42761975 0.50206904 0.41641874
0.00039479 0.36283831 0.35232302 0.39930133 0.34523319 0.50234819  0.48417291 0.45702496 0.47508945 0.39693445 0.45000532 0.44589633  0.47476172 0.42761975 0.50206904 0.41641874
0.00039479 0.36283831 0.35232302 0.39930133 0.34523319 0.50234819  0.48417291 0.45702496 0.47508945 0.39693445 0.45000532 0.44589633  0.47476172 0.42761975 0.50206904 0.41641874
0.00039479 0.36283831 0.35232302 0.39930133 0.34523319 0.50234819  0.48417291 0.45702496 0.47508945 0.39693445 0.45000532 0.44589633  0.47476172 0.42761975 0.50206904 0.41641874
0.00039479 0.36283831 0.35232302 0.39930133 0.34523319 0.50234819  0.48417291 0.45702496 0.47508945 0.39693445 0.45000532 0.44589633  0.47476172 0.42761975 0.50206904 0.41641874
0.00039479 0.36283831 0.35232302 0.39930133 0.34523319 0.50234819  0.48417291 0.45702496 0.47508945 0.39693445 0.45000532 0.44589633  0.47476172 0.42761975 0.50206904 0.41641874
0.00039479 0.36283831 0.35232302 0.39930133 0.34523319 0.50234819  0.48417291 0.45702496 0.47508945 0.39693445 0.45000532 0.44589633  0.47476172 0.42761975 0.50206904 0.41641874
0.00039479 0.36283831 0.35232302 0.39930133 0.34523319 0.50234819  0.48417291 0.45702496 0.47508945 0.39693445 0.45000532 0.44589633  0.47476172 0.42761975 0.50206904 0.41641874
0.00039479 0.36283831 0.35232302 0.39930133 0.34523319 0.50234819  0.48417291 0.45702496 0.47508945 0.39693445 0.45000532 0.44589633  0.47476172 0.42761975 0.50206904 0.41641874
0.00039479 0.36283831 0.35232302 0.39930133 0.34523319 0.50234819  0.48417291 0.45702496 0.47508945 0.39693445 0.45000532 0.44589633  0.47476172 0.42761975 0.50206904 0.41641874
0.00039479 0.36283831 0.35232302 0.39930133 0.34523319 0.50234819  0.48417291 0.45702496 0.47508945 0.39693445 0.45000532 0.44589633  0.47476172 0.42761975 0.50206904 0.41641874
0.00039479 0.36283831 0.35232302 0.39930133 0.34523319 0.50234819  0.48417291 0.45702496 0.47508945 0.39693445 0.45000532 0.44589633  0.47476172 0.42761975 0.50206904 0.41641874
0.00039479 0.36283831 0.35232302 0.39930133 0.34523319 0.50234819  0.48417291 0.45702496 0.47508945 0.39693445 0.45000532 0.44589633  0.47476172 0.42761975 0.50206904 0.41641874
0.00039479 0.36283831 0.35232302 0.39930133 0.34523319 0.50234819  0.48417291 0.45702496 0.47508945 0.39693445 0.45000532 0.44589633  0.47476172 0.42761975 0.50206904 0.41641874
0.00039479 0.36283831 0.35232302 0.39930133 0.34523319 0.50234819  0.48417291 0.45702496 0.47508945 0.39693445 0.45000532 0.44589633  0.47476172 0.42761975 0.50206904 0.41641874
0.00039479 0.36283831 0.35232302 0.39930133 0.34523319 0.50234819  0.48417291 0.45702496 0.47508945 0.39693445 0.45000532 0.44589633  0.47476172 0.42761975 0.50206904 0.41641874
0.00039479 0.36283831 0.35232302 0.39930133 0.34523319 0.50234819  0.48417291 0.45702496 0.47508945 0.39693445 0.45000532 0.44589633  0.47476172 0.42761975 0.50206904 0.41641874
