0.00039479 0.36283831 0.35232302 0.39930133 0.34523319 0.50234819  0.48417291 0.45702496 0.47508945 0.39693445 0.45000532 0.44589633  0.47476172 0.42761975 0.50206904 0.41641874
0.00039479 0.36283831 0.35232302 0.39930133 0.34523319 0.50234819  0.48417291 0.45702496 0.47508945 0.39693445 0.45000532 0.44589633  0.47476172 0.42761975 0.50206904 0.41641874
0.00039479 0.36283831 0.35232302 0.39930133 0.34523319 0.50234819  0.48417291 0.45702496 0.47508945 0.39693445 0.45000532 0.44589633  0.47476172 0.42761975 0.50206904 0.41641874
0.00039479 0.36283831 0.35232302 0.39930133 0.34523319 0.50234819  0.48417291 0.45702496 0.47508945 0.39693445 0.45000532 0.44589633  0.47476172 0.42761975 0.50206904 0.41641874
0.00039479 0.36283831 0.35232302 0.39930133 0.34523319 0.50234819  0.48417291 0.45702496 0.47508945 0.39693445 0.45000532 0.44589633  0.47476172 0.42761975 0.50206904 0.41641874
0.00039479 0.36283831 0.35232302 0.39930133 0.34523319 0.50234819  0.48417291 0.45702496 0.47508945 0.39693445 0.45000532 0.44589633  0.47476172 0.42761975 0.50206904 0.41641874
0.00039479 0.36283831 0.35232302 0.39930133 0.34523319 0.50234819  0.48417291 0.45702496 0.47508945 0.39693445 0.45000532 0.44589633  0.47476172 0.42761975 0.50206904 0.41641874
0.00039479 0.36283831 0.35232302 0.39930133 0.34523319 0.50234819  0.48417291 0.45702496 0.47508945 0.39693445 0.45000532 0.44589633  0.47476172 0.42761975 0.50206904 0.41641874
0.00039479 0.36283831 0.35232302 0.39930133 0.34523319 0.50234819  0.48417291 0.45702496 0.47508945 0.39693445 0.45000532 0.44589633  0.47476172 0.42761975 0.50206904 0.41641874
0.00039479 0.36283831 0.35232302 0.39930133 0.34523319 0.50234819  0.48417291 0.45702496 0.47508945 0.39693445 0.45000532 0.44589633  0.47476172 0.42761975 0.50206904 0.41641874
0.00039479 0.36283831 0.35232302 0.39930133 0.34523319 0.50234819  0.48417291 0.45702496 0.47508945 0.39693445 0.45000532 0.44589633  0.47476172 0.42761975 0.50206904 0.41641874
0.00039479 0.36283831 0.35232302 0.39930133 0.34523319 0.50234819  0.48417291 0.45702496 0.47508945 0.39693445 0.45000532 0.44589633  0.47476172 0.42761975 0.50206904 0.41641874
0.00039479 0.36283831 0.35232302 0.39930133 0.34523319 0.50234819  0.48417291 0.45702496 0.47508945 0.39693445 0.45000532 0.44589633  0.47476172 0.42761975 0.50206904 0.41641874
0.00039479 0.36283831 0.35232302 0.39930133 0.34523319 0.50234819  0.48417291 0.45702496 0.47508945 0.39693445 0.45000532 0.44589633  0.47476172 0.42761975 0.50206904 0.41641874
0.00039479 0.36283831 0.35232302 0.39930133 0.34523319 0.50234819  0.48417291 0.45702496 0.47508945 0.39693445 0.45000532 0.44589633  0.47476172 0.42761975 0.50206904 0.41641874
0.00039479 0.36283831 0.35232302 0.39930133 0.34523319 0.50234819  0.48417291 0.45702496 0.47508945 0.39693445 0.45000532 0.44589633  0.47476172 0.42761975 0.50206904 0.41641874
0.00039479 0.36283831 0.35232302 0.39930133 0.34523319 0.50234819  0.48417291 0.45702496 0.47508945 0.39693445 0.45000532 0.44589633  0.47476172 0.42761975 0.50206904 0.41641874
0.00039479 0.36283831 0.35232302 0.39930133 0.34523319 0.50234819  0.48417291 0.45702496 0.47508945 0.39693445 0.45000532 0.44589633  0.47476172 0.42761975 0.50206904 0.41641874
0.00039479 0.36283831 0.35232302 0.39930133 0.34523319 0.50234819  0.48417291 0.45702496 0.47508945 0.39693445 0.45000532 0.44589633  0.47476172 0.42761975 0.50206904 0.41641874
0.00039479 0.36283831 0.35232302 0.39930133 0.34523319 0.50234819  0.48417291 0.45702496 0.47508945 0.39693445 0.45000532 0.44589633  0.47476172 0.42761975 0.50206904 0.41641874
0.00039479 0.36283831 0.35232302 0.39930133 0.34523319 0.50234819  0.48417291 0.45702496 0.47508945 0.39693445 0.45000532 0.44589633  0.47476172 0.42761975 0.50206904 0.41641874
0.00039479 0.36283831 0.35232302 0.39930133 0.34523319 0.50234819  0.48417291 0.45702496 0.47508945 0.39693445 0.45000532 0.44589633  0.47476172 0.42761975 0.50206904 0.41641874
0.00039479 0.36283831 0.35232302 0.39930133 0.34523319 0.50234819  0.48417291 0.45702496 0.47508945 0.39693445 0.45000532 0.44589633  0.47476172 0.42761975 0.50206904 0.41641874
0.00039479 0.36283831 0.35232302 0.39930133 0.34523319 0.50234819  0.48417291 0.45702496 0.47508945 0.39693445 0.45000532 0.44589633  0.47476172 0.42761975 0.50206904 0.41641874
0.00039479 0.36283831 0.35232302 0.39930133 0.34523319 0.50234819  0.48417291 0.45702496 0.47508945 0.39693445 0.45000532 0.44589633  0.47476172 0.42761975 0.50206904 0.41641874
0.00039479 0.36283831 0.35232302 0.39930133 0.34523319 0.50234819  0.48417291 0.45702496 0.47508945 0.39693445 0.45000532 0.44589633  0.47476172 0.42761975 0.50206904 0.41641874
0.00039479 0.36283831 0.35232302 0.39930133 0.34523319 0.50234819  0.48417291 0.45702496 0.47508945 0.39693445 0.45000532 0.44589633  0.47476172 0.42761975 0.50206904 0.41641874
0.00039479 0.36283831 0.35232302 0.39930133 0.34523319 0.50234819  0.48417291 0.45702496 0.47508945 0.39693445 0.45000532 0.44589633  0.47476172 0.42761975 0.50206904 0.41641874
0.00039479 0.36283831 0.35232302 0.39930133 0.34523319 0.50234819  0.48417291 0.45702496 0.47508945 0.39693445 0.45000532 0.44589633  0.47476172 0.42761975 0.50206904 0.41641874
0.00039479 0.36283831 0.35232302 0.39930133 0.34523319 0.50234819  0.48417291 0.45702496 0.47508945 0.39693445 0.45000532 0.44589633  0.47476172 0.42761975 0.50206904 0.41641874
0.00039479 0.36283831 0.35232302 0.39930133 0.34523319 0.50234819  0.48417291 0.45702496 0.47508945 0.39693445 0.45000532 0.44589633  0.47476172 0.42761975 0.50206904 0.41641874
0.00039479 0.36283831 0.35232302 0.39930133 0.34523319 0.50234819  0.48417291 0.45702496 0.47508945 0.39693445 0.45000532 0.44589633  0.47476172 0.42761975 0.50206904 0.41641874
0.00039479 0.36283831 0.35232302 0.39930133 0.34523319 0.50234819  0.48417291 0.45702496 0.47508945 0.39693445 0.45000532 0.44589633  0.47476172 0.42761975 0.50206904 0.41641874
0.00039479 0.36283831 0.35232302 0.39930133 0.34523319 0.50234819  0.48417291 0.45702496 0.47508945 0.39693445 0.45000532 0.44589633  0.47476172 0.42761975 0.50206904 0.41641874
0.00039479 0.36283831 0.35232302 0.39930133 0.34523319 0.50234819  0.48417291 0.45702496 0.47508945 0.39693445 0.45000532 0.44589633  0.47476172 0.42761975 0.50206904 0.41641874
0.00039479 0.36283831 0.35232302 0.39930133 0.34523319 0.50234819  0.48417291 0.45702496 0.47508945 0.39693445 0.45000532 0.44589633  0.47476172 0.42761975 0.50206904 0.41641874
0.00039479 0.36283831 0.35232302 0.39930133 0.34523319 0.50234819  0.48417291 0.45702496 0.47508945 0.39693445 0.45000532 0.44589633  0.47476172 0.42761975 0.50206904 0.41641874
0.00039479 0.36283831 0.35232302 0.39930133 0.34523319 0.50234819  0.48417291 0.45702496 0.47508945 0.39693445 0.45000532 0.44589633  0.47476172 0.42761975 0.50206904 0.41641874
0.00039479 0.36283831 0.35232302 0.39930133 0.34523319 0.50234819  0.48417291 0.45702496 0.47508945 0.39693445 0.45000532 0.44589633  0.47476172 0.42761975 0.50206904 0.41641874
0.00039479 0.36283831 0.35232302 0.39930133 0.34523319 0.50234819  0.48417291 0.45702496 0.47508945 0.39693445 0.45000532 0.44589633  0.47476172 0.42761975 0.50206904 0.41641874
0.00039479 0.36283831 0.35232302 0.39930133 0.34523319 0.50234819  0.48417291 0.45702496 0.47508945 0.39693445 0.45000532 0.44589633  0.47476172 0.42761975 0.50206904 0.41641874
0.00039479 0.36283831 0.35232302 0.39930133 0.34523319 0.50234819  0.48417291 0.45702496 0.47508945 0.39693445 0.45000532 0.44589633  0.47476172 0.42761975 0.50206904 0.41641874
0.00039479 0.36283831 0.35232302 0.39930133 0.34523319 0.50234819  0.48417291 0.45702496 0.47508945 0.39693445 0.45000532 0.44589633  0.47476172 0.42761975 0.50206904 0.41641874
0.00039479 0.36283831 0.35232302 0.39930133 0.34523319 0.50234819  0.48417291 0.45702496 0.47508945 0.39693445 0.45000532 0.44589633  0.47476172 0.42761975 0.50206904 0.41641874
0.00039479 0.36283831 0.35232302 0.39930133 0.34523319 0.50234819  0.48417291 0.45702496 0.47508945 0.39693445 0.45000532 0.44589633  0.47476172 0.42761975 0.50206904 0.41641874
0.00039479 0.36283831 0.35232302 0.39930133 0.34523319 0.50234819  0.48417291 0.45702496 0.47508945 0.39693445 0.45000532 0.44589633  0.47476172 0.42761975 0.50206904 0.41641874
0.00039479 0.36283831 0.35232302 0.39930133 0.34523319 0.50234819  0.48417291 0.45702496 0.47508945 0.39693445 0.45000532 0.44589633  0.47476172 0.42761975 0.50206904 0.41641874
0.00039479 0.36283831 0.35232302 0.39930133 0.34523319 0.50234819  0.48417291 0.45702496 0.47508945 0.39693445 0.45000532 0.44589633  0.47476172 0.42761975 0.50206904 0.41641874
0.00039479 0.36283831 0.35232302 0.39930133 0.34523319 0.50234819  0.48417291 0.45702496 0.47508945 0.39693445 0.45000532 0.44589633  0.47476172 0.42761975 0.50206904 0.41641874
0.03525649 0.41685964 0.32437467 0.45347996 0.36854765 0.43569141  0.43485985 0.4975719  0.47652552 0.39120509 0.39620065 0.45304628  0.55757342 0.45566594 0.52722734 0.46096477
0.05357196 0.4426501  0.31126372 0.47372404 0.37603629 0.41875523  0.42072775 0.50444347 0.48490619 0.39013906 0.40420374 0.45185212  0.54462992 0.46722303 0.55234375 0.44813721
0.07199408 0.46750629 0.29903328 0.49138657 0.38027929 0.41293245  0.4035884  0.51021345 0.51278795 0.38975802 0.43502408 0.44711343  0.51975164 0.49561098 0.60671087 0.42131372
0.12672612 0.54137758 0.26278974 0.54401884 0.39417517 0.39074118  0.35574632 0.52783416 0.57259564 0.39322951 0.48704457 0.44219725  0.47978899 0.54359807 0.71115727 0.39215667
0.20081292 0.61771874 0.22755896 0.56320267 0.38339162 0.43044832  0.34709607 0.53332607 0.60644093 0.37445356 0.5603433  0.41811999  0.52313106 0.49923769 0.57022101 0.3967808 
0.31034524 0.72988629 0.15983388 0.59924802 0.40052581 0.38139689  0.42683894 0.49020451 0.46225474 0.38744128 0.51362537 0.42924268  0.35775946 0.35873201 0.40288511 0.37098318
0.40220356 0.75111075 0.15011524 0.50566114 0.34156112 0.57237824  0.48490647 0.45869498 0.51037651 0.42112897 0.56509313 0.42851614  0.37717724 0.35714441 0.41662812 0.43182491
0.51031399 0.75814784 0.14238473 0.39360541 0.28413623 0.70859404  0.54525513 0.49505335 0.46084404 0.42767224 0.47605412 0.44061463  0.5539966  0.35003359 0.35046552 0.51195517
0.54535529 0.73957399 0.1222112  0.31542523 0.31045416 0.6686012  0.68224304 0.48076372 0.39566335 0.42929847 0.48031611 0.44570463  0.5937128  0.40099261 0.44210644 0.51738844
0.57786475 0.69304246 0.1253507  0.24614376 0.31113887 0.63808614  0.67952898 0.59436997 0.41611118 0.42449589 0.48512019 0.45079058  0.59666832 0.40988652 0.53164973 0.54350132
0.67408174 0.58802617 0.11093365 0.14606481 0.31629629 0.5722528  0.58541939 0.54936046 0.5362624  0.3816034  0.31403501 0.51218567  0.65974729 0.5810645  0.63028581 0.54542615
0.68951631 0.56074627 0.11763066 0.12574211 0.30721065 0.55517413  0.55652297 0.61012512 0.53321756 0.38904356 0.29689995 0.51959869  0.56756511 0.51930834 0.68275568 0.54745419
0.70421901 0.53436003 0.13006812 0.12293986 0.29055871 0.54058988  0.52102226 0.65158865 0.50641804 0.41228063 0.27540387 0.52666723  0.44936597 0.45614944 0.71985051 0.52659316
0.74257194 0.42894462 0.10659505 0.12387593 0.3434211  0.47782242  0.41571079 0.5136535  0.6009306  0.35789128 0.338783   0.49022962  0.43808019 0.32724722 0.52221499 0.43291392
0.75500101 0.3959788  0.09496858 0.12721651 0.36291236 0.47253131  0.39032606 0.42928219 0.61687182 0.36024464 0.29584427 0.49735479  0.46131689 0.29342549 0.53318046 0.40450296
0.75500101 0.3959788  0.09496858 0.12721651 0.36291236 0.47253131  0.39032606 0.42928219 0.61687182 0.36024464 0.29584427 0.49735479  0.46131689 0.29342549 0.53318046 0.40450296
0.75500101 0.3959788  0.09496858 0.12721651 0.36291236 0.47253131  0.39032606 0.42928219 0.61687182 0.36024464 0.29584427 0.49735479  0.46131689 0.29342549 0.53318046 0.40450296
0.75500101 0.3959788  0.09496858 0.12721651 0.36291236 0.47253131  0.39032606 0.42928219 0.61687182 0.36024464 0.29584427 0.49735479  0.46131689 0.29342549 0.53318046 0.40450296
0.75500101 0.3959788  0.09496858 0.12721651 0.36291236 0.47253131  0.39032606 0.42928219 0.61687182 0.36024464 0.29584427 0.49735479  0.46131689 0.29342549 0.53318046 0.40450296
0.75500101 0.3959788  0.09496858 0.12721651 0.36291236 0.47253131  0.39032606 0.42928219 0.61687182 0.36024464 0.29584427 0.49735479  0.46131689 0.29342549 0.53318046 0.40450296
0.75500101 0.3959788  0.09496858 0.12721651 0.36291236 0.47253131  0.39032606 0.42928219 0.61687182 0.36024464 0.29584427 0.49735479  0.46131689 0.29342549 0.53318046 0.40450296
0.75500101 0.3959788  0.09496858 0.12721651 0.36291236 0.47253131  0.39032606 0.42928219 0.61687182 0.36024464 0.29584427 0.49735479  0.46131689 0.29342549 0.53318046 0.40450296
0.72789242 0.45773556 0.08903931 0.12557578 0.36356117 0.51069479  0.46328119 0.40233599 0.6187462  0.36406978 0.2546431  0.51483709  0.59956313 0.418504   0.5901102  0.45241958
0.71245785 0.48501546 0.0823423  0.14589847 0.37264681 0.52777345  0.49217761 0.34157134 0.62179105 0.35662963 0.27177815 0.50742406  0.6917453  0.48026016 0.53764033 0.45039154
0.71245785 0.48501546 0.0823423  0.14589847 0.37264681 0.52777345  0.49217761 0.34157134 0.62179105 0.35662963 0.27177815 0.50742406  0.6917453  0.48026016 0.53764033 0.45039154
0.62054712 0.6245014  0.06511593 0.23824718 0.39274103 0.51008723  0.66014832 0.2878644  0.58828841 0.36930599 0.45899267 0.48590231  0.65914399 0.62572598 0.61662474 0.4846396 
0.48917706 0.76033278 0.08120483 0.44087268 0.40457274 0.4501514  0.68289425 0.31003608 0.41101993 0.43109728 0.52982786 0.46584003  0.35612153 0.46850856 0.55367667 0.37585654
0.40057693 0.77142888 0.10020019 0.54118359 0.44177577 0.30871409  0.62662653 0.42697874 0.32095166 0.39480668 0.53314665 0.43651431  0.27910843 0.39342201 0.47265322 0.30732375
0.40057693 0.77142888 0.10020019 0.54118359 0.44177577 0.30871409  0.62662653 0.42697874 0.32095166 0.39480668 0.53314665 0.43651431  0.27910843 0.39342201 0.47265322 0.30732375
0.19798855 0.63042582 0.20704437 0.61040696 0.4341506  0.24079384  0.38929766 0.54856643 0.36110775 0.37177948 0.27524573 0.46542195  0.57949838 0.36709838 0.36487578 0.47706324
0.19798855 0.63042582 0.20704437 0.61040696 0.4341506  0.24079384  0.38929766 0.54856643 0.36110775 0.37177948 0.27524573 0.46542195  0.57949838 0.36709838 0.36487578 0.47706324
0.1066886  0.5192832  0.26990593 0.54268417 0.40456641 0.31974235  0.38557783 0.54966614 0.42337763 0.37006716 0.30185953 0.45791138  0.66547709 0.40477406 0.39340476 0.51337685
0.05295748 0.44105795 0.31047847 0.47423707 0.37661473 0.39820267  0.43339135 0.51107118 0.43325487 0.38045997 0.34459946 0.45442981  0.6091228  0.40002928 0.40593895 0.49183507
0.00039479 0.36283831 0.35232302 0.39930133 0.34523319 0.50234819  0.48417291 0.45702496 0.47508945 0.39693445 0.45000532 0.44589633  0.47476172 0.42761975 0.50206904 0.41641874
0.00039479 0.36283831 0.35232302 0.39930133 0.34523319 0.50234819  0.48417291 0.45702496 0.47508945 0.39693445 0.45000532 0.44589633  0.47476172 0.42761975 0.50206904 0.41641874
0.00039479 0.36283831 0.35232302 0.39930133 0.34523319 0.50234819  0.48417291 0.45702496 0.47508945 0.39693445 0.45000532 0.44589633  0.47476172 0.42761975 0.50206904 0.41641874
0.00039479 0.36283831 0.35232302 0.39930133 0.34523319 0.50234819  0.48417291 0.45702496 0.47508945 0.39693445 0.45000532 0.44589633  0.47476172 0.42761975 0.50206904 0.41641874
0.00039479 0.36283831 0.35232302 0.39930133 0.34523319 0.50234819  0.48417291 0.45702496 0.47508945 0.39693445 0.45000532 0.44589633  0.47476172 0.42761975 0.50206904 0.41641874
0.00039479 0.36283831 0.35232302 0.39930133 0.34523319 0.50234819  0.48417291 0.45702496 0.47508945 0.39693445 0.45000532 0.44589633  0.47476172 0.42761975 0.50206904 0.41641874
0.00039479 0.36283831 0.35232302 0.39930133 0.34523319 0.50234819  0.48417291 0.45702496 0.47508945 0.39693445 0.45000532 0.44589633  0.47476172 0.42761975 0.50206904 0.41641874
0.00039479 0.36283831 0.35232302 0.39930133 0.34523319 0.50234819  0.48417291 0.45702496 0.47508945 0.39693445 0.45000532 0.44589633  0.47476172 0.42761975 0.50206904 0.41641874
0.00039479 0.36283831 0.35232302 0.39930133 0.34523319 0.50234819  0.48417291 0.45702496 0.47508945 0.39693445 0.45000532 0.44589633  0.47476172 0.42761975 0.50206904 0.41641874
0.00039479 0.36283831 0.35232302 0.39930133 0.34523319 0.50234819  0.48417291 0.45702496 0.47508945 0.39693445 0.45000532 0.44589633  0.47476172 0.42761975 0.50206904 0.41641874
0.00039479 0.36283831 0.35232302 0.39930133 0.34523319 0.50234819  0.48417291 0.45702496 0.47508945 0.39693445 0.45000532 0.44589633  0.47476172 0.42761975 0.50206904 0.41641874
0.00039479 0.36283831 0.35232302 0.39930133 0.34523319 0.50234819  0.48417291 0.45702496 0.47508945 0.39693445 0.45000532 0.44589633  0.47476172 0.42761975 0.50206904 0.41641874
0.00039479 0.36283831 0.35232302 0.39930133 0.34523319 0.50234819  0.48417291 0.45702496 0.47508945 0.39693445 0.45000532 0.44589633  0.47476172 0.42761975 0.50206904 0.41641874
0.00039479 0.36283831 0.35232302 0.39930133 0.34523319 0.50234819  0.48417291 0.45702496 0.47508945 0.39693445 0.45000532 0.44589633  0.47476172 0.42761975 0.50206904 0.41641874
0.00039479 0.36283831 0.35232302 0.39930133 0.34523319 0.50234819  0.48417291 0.45702496 0.47508945 0.39693445 0.45000532 0.44589633  0.47476172 0.42761975 0.50206904 0.41641874
0.00039479 0.36283831 0.35232302 0.39930133 0.34523319 0.50234819  0.48417291 0.45702496 0.47508945 0.39693445 0.45000532 0.44589633  0.47476172 0.42761975 0.50206904 0.41641874
0.00039479 0.36283831 0.35232302 0.39930133 0.34523319 0.50234819  0.48417291 0.45702496 0.47508945 0.39693445 0.45000532 0.44589633  0.47476172 0.42761975 0.50206904 0.41641874
0.00039479 0.36283831 0.35232302 0.39930133 0.34523319 0.50234819  0.48417291 0.45702496 0.47508945 0.39693445 0.45000532 0.44589633  0.47476172 0.42761975 0.50206904 0.41641874
0.00039479 0.36283831 0.35232302 0.39930133 0.34523319 0.50234819  0.48417291 0.45702496 0.47508945 0.39693445 0.45000532 0.44589633  0.47476172 0.42761975 0.50206904 0.41641874
0.00039479 0.36283831 0.35232302 0.39930133 0.34523319 0.50234819  0.48417291 0.45702496 0.47508945 0.39693445 0.45000532 0.44589633  0.47476172 0.42761975 0.50206904 0.41641874
0.00039479 0.36283831 0.35232302 0.39930133 0.34523319 0.50234819  0.48417291 0.45702496 0.47508945 0.39693445 0.45000532 0.44589633  0.47476172 0.42761975 0.50206904 0.41641874
