0.00039479 0.36283831 0.35232302 0.39930133 0.34523319 0.50234819  0.48417291 0.45702496 0.47508945 0.39693445 0.45000532 0.44589633  0.47476172 0.42761975 0.50206904 0.41641874
0.00039479 0.36283831 0.35232302 0.39930133 0.34523319 0.50234819  0.48417291 0.45702496 0.47508945 0.39693445 0.45000532 0.44589633  0.47476172 0.42761975 0.50206904 0.41641874
0.00039479 0.36283831 0.35232302 0.39930133 0.34523319 0.50234819  0.48417291 0.45702496 0.47508945 0.39693445 0.45000532 0.44589633  0.47476172 0.42761975 0.50206904 0.41641874
0.00039479 0.36283831 0.35232302 0.39930133 0.34523319 0.50234819  0.48417291 0.45702496 0.47508945 0.39693445 0.45000532 0.44589633  0.47476172 0.42761975 0.50206904 0.41641874
0.00039479 0.36283831 0.35232302 0.39930133 0.34523319 0.50234819  0.48417291 0.45702496 0.47508945 0.39693445 0.45000532 0.44589633  0.47476172 0.42761975 0.50206904 0.41641874
0.00039479 0.36283831 0.35232302 0.39930133 0.34523319 0.50234819  0.48417291 0.45702496 0.47508945 0.39693445 0.45000532 0.44589633  0.47476172 0.42761975 0.50206904 0.41641874
0.00039479 0.36283831 0.35232302 0.39930133 0.34523319 0.50234819  0.48417291 0.45702496 0.47508945 0.39693445 0.45000532 0.44589633  0.47476172 0.42761975 0.50206904 0.41641874
0.00039479 0.36283831 0.35232302 0.39930133 0.34523319 0.50234819  0.48417291 0.45702496 0.47508945 0.39693445 0.45000532 0.44589633  0.47476172 0.42761975 0.50206904 0.41641874
0.00039479 0.36283831 0.35232302 0.39930133 0.34523319 0.50234819  0.48417291 0.45702496 0.47508945 0.39693445 0.45000532 0.44589633  0.47476172 0.42761975 0.50206904 0.41641874
0.00039479 0.36283831 0.35232302 0.39930133 0.34523319 0.50234819  0.48417291 0.45702496 0.47508945 0.39693445 0.45000532 0.44589633  0.47476172 0.42761975 0.50206904 0.41641874
0.00039479 0.36283831 0.35232302 0.39930133 0.34523319 0.50234819  0.48417291 0.45702496 0.47508945 0.39693445 0.45000532 0.44589633  0.47476172 0.42761975 0.50206904 0.41641874
0.00039479 0.36283831 0.35232302 0.39930133 0.34523319 0.50234819  0.48417291 0.45702496 0.47508945 0.39693445 0.45000532 0.44589633  0.47476172 0.42761975 0.50206904 0.41641874
0.00039479 0.36283831 0.35232302 0.39930133 0.34523319 0.50234819  0.48417291 0.45702496 0.47508945 0.39693445 0.45000532 0.44589633  0.47476172 0.42761975 0.50206904 0.41641874
0.00039479 0.36283831 0.35232302 0.39930133 0.34523319 0.50234819  0.48417291 0.45702496 0.47508945 0.39693445 0.45000532 0.44589633  0.47476172 0.42761975 0.50206904 0.41641874
0.00039479 0.36283831 0.35232302 0.39930133 0.34523319 0.50234819  0.48417291 0.45702496 0.47508945 0.39693445 0.45000532 0.44589633  0.47476172 0.42761975 0.50206904 0.41641874
0.00039479 0.36283831 0.35232302 0.39930133 0.34523319 0.50234819  0.48417291 0.45702496 0.47508945 0.39693445 0.45000532 0.44589633  0.47476172 0.42761975 0.50206904 0.41641874
0.00039479 0.36283831 0.35232302 0.39930133 0.34523319 0.50234819  0.48417291 0.45702496 0.47508945 0.39693445 0.45000532 0.44589633  0.47476172 0.42761975 0.50206904 0.41641874
0.00039479 0.36283831 0.35232302 0.39930133 0.34523319 0.50234819  0.48417291 0.45702496 0.47508945 0.39693445 0.45000532 0.44589633  0.47476172 0.42761975 0.50206904 0.41641874
0.00039479 0.36283831 0.35232302 0.39930133 0.34523319 0.50234819  0.48417291 0.45702496 0.47508945 0.39693445 0.45000532 0.44589633  0.47476172 0.42761975 0.50206904 0.41641874
0.00039479 0.36283831 0.35232302 0.39930133 0.34523319 0.50234819  0.48417291 0.45702496 0.47508945 0.39693445 0.45000532 0.44589633  0.47476172 0.42761975 0.50206904 0.41641874
0.00039479 0.36283831 0.35232302 0.39930133 0.34523319 0.50234819  0.48417291 0.45702496 0.47508945 0.39693445 0.45000532 0.44589633  0.47476172 0.42761975 0.50206904 0.41641874
0.00039479 0.36283831 0.35232302 0.39930133 0.34523319 0.50234819  0.48417291 0.45702496 0.47508945 0.39693445 0.45000532 0.44589633  0.47476172 0.42761975 0.50206904 0.41641874
0.00039479 0.36283831 0.35232302 0.39930133 0.34523319 0.50234819  0.48417291 0.45702496 0.47508945 0.39693445 0.45000532 0.44589633  0.47476172 0.42761975 0.50206904 0.41641874
0.00039479 0.36283831 0.35232302 0.39930133 0.34523319 0.50234819  0.48417291 0.45702496 0.47508945 0.39693445 0.45000532 0.44589633  0.47476172 0.42761975 0.50206904 0.41641874
0.00039479 0.36283831 0.35232302 0.39930133 0.34523319 0.50234819  0.48417291 0.45702496 0.47508945 0.39693445 0.45000532 0.44589633  0.47476172 0.42761975 0.50206904 0.41641874
0.00039479 0.36283831 0.35232302 0.39930133 0.34523319 0.50234819  0.48417291 0.45702496 0.47508945 0.39693445 0.45000532 0.44589633  0.47476172 0.42761975 0.50206904 0.41641874
0.00039479 0.36283831 0.35232302 0.39930133 0.34523319 0.50234819  0.48417291 0.45702496 0.47508945 0.39693445 0.45000532 0.44589633  0.47476172 0.42761975 0.50206904 0.41641874
0.00039479 0.36283831 0.35232302 0.39930133 0.34523319 0.50234819  0.48417291 0.45702496 0.47508945 0.39693445 0.45000532 0.44589633  0.47476172 0.42761975 0.50206904 0.41641874
0.00039479 0.36283831 0.35232302 0.39930133 0.34523319 0.50234819  0.48417291 0.45702496 0.47508945 0.39693445 0.45000532 0.44589633  0.47476172 0.42761975 0.50206904 0.41641874
0.00039479 0.36283831 0.35232302 0.39930133 0.34523319 0.50234819  0.48417291 0.45702496 0.47508945 0.39693445 0.45000532 0.44589633  0.47476172 0.42761975 0.50206904 0.41641874
0.00039479 0.36283831 0.35232302 0.39930133 0.34523319 0.50234819  0.48417291 0.45702496 0.47508945 0.39693445 0.45000532 0.44589633  0.47476172 0.42761975 0.50206904 0.41641874
0.00039479 0.36283831 0.35232302 0.39930133 0.34523319 0.50234819  0.48417291 0.45702496 0.47508945 0.39693445 0.45000532 0.44589633  0.47476172 0.42761975 0.50206904 0.41641874
0.00039479 0.36283831 0.35232302 0.39930133 0.34523319 0.50234819  0.48417291 0.45702496 0.47508945 0.39693445 0.45000532 0.44589633  0.47476172 0.42761975 0.50206904 0.41641874
0.00039479 0.36283831 0.35232302 0.39930133 0.34523319 0.50234819  0.48417291 0.45702496 0.47508945 0.39693445 0.45000532 0.44589633  0.47476172 0.42761975 0.50206904 0.41641874
0.00039479 0.36283831 0.35232302 0.39930133 0.34523319 0.50234819  0.48417291 0.45702496 0.47508945 0.39693445 0.45000532 0.44589633  0.47476172 0.42761975 0.50206904 0.41641874
0.00039479 0.36283831 0.35232302 0.39930133 0.34523319 0.50234819  0.48417291 0.45702496 0.47508945 0.39693445 0.45000532 0.44589633  0.47476172 0.42761975 0.50206904 0.41641874
0.00039479 0.36283831 0.35232302 0.39930133 0.34523319 0.50234819  0.48417291 0.45702496 0.47508945 0.39693445 0.45000532 0.44589633  0.47476172 0.42761975 0.50206904 0.41641874
0.00039479 0.36283831 0.35232302 0.39930133 0.34523319 0.50234819  0.48417291 0.45702496 0.47508945 0.39693445 0.45000532 0.44589633  0.47476172 0.42761975 0.50206904 0.41641874
0.00039479 0.36283831 0.35232302 0.39930133 0.34523319 0.50234819  0.48417291 0.45702496 0.47508945 0.39693445 0.45000532 0.44589633  0.47476172 0.42761975 0.50206904 0.41641874
0.00039479 0.36283831 0.35232302 0.39930133 0.34523319 0.50234819  0.48417291 0.45702496 0.47508945 0.39693445 0.45000532 0.44589633  0.47476172 0.42761975 0.50206904 0.41641874
0.00039479 0.36283831 0.35232302 0.39930133 0.34523319 0.50234819  0.48417291 0.45702496 0.47508945 0.39693445 0.45000532 0.44589633  0.47476172 0.42761975 0.50206904 0.41641874
0.00039479 0.36283831 0.35232302 0.39930133 0.34523319 0.50234819  0.48417291 0.45702496 0.47508945 0.39693445 0.45000532 0.44589633  0.47476172 0.42761975 0.50206904 0.41641874
0.00039479 0.36283831 0.35232302 0.39930133 0.34523319 0.50234819  0.48417291 0.45702496 0.47508945 0.39693445 0.45000532 0.44589633  0.47476172 0.42761975 0.50206904 0.41641874
0.00039479 0.36283831 0.35232302 0.39930133 0.34523319 0.50234819  0.48417291 0.45702496 0.47508945 0.39693445 0.45000532 0.44589633  0.47476172 0.42761975 0.50206904 0.41641874
0.00039479 0.36283831 0.35232302 0.39930133 0.34523319 0.50234819  0.48417291 0.45702496 0.47508945 0.39693445 0.45000532 0.44589633  0.47476172 0.42761975 0.50206904 0.41641874
0.00039479 0.36283831 0.35232302 0.39930133 0.34523319 0.50234819  0.48417291 0.45702496 0.47508945 0.39693445 0.45000532 0.44589633  0.47476172 0.42761975 0.50206904 0.41641874
0.0177474  0.38984345 0.33852207 0.42635267 0.35697043 0.47086435  0.45750391 0.47765391 0.48169648 0.39463854 0.42895995 0.44917931  0.51265071 0.44991576 0.53083289 0.43501917
0.07117188 0.46942321 0.29829345 0.49968054 0.38391967 0.39962655  0.38768127 0.52380478 0.51131292 0.39598347 0.3937661  0.4582091  0.56762114 0.49660376 0.61654857 0.47025342
0.08948736 0.49521366 0.28518251 0.51992462 0.39140831 0.38269037  0.37354917 0.53067635 0.51969359 0.39491743 0.40176919 0.45701493  0.55467763 0.50816085 0.64166497 0.45742585
0.2351961  0.68666507 0.18921238 0.65788176 0.42226254 0.29887746  0.27509029 0.57567507 0.56521837 0.39279722 0.41226652 0.45530781  0.54881652 0.49697514 0.63602132 0.43620579
0.27230287 0.73267769 0.16547083 0.68332028 0.43003633 0.28129444  0.27429226 0.57383444 0.55875287 0.38318526 0.44123623 0.44755586  0.5143895  0.4866367  0.6130834  0.38891645
0.27230287 0.73267769 0.16547083 0.68332028 0.43003633 0.28129444  0.27429226 0.57383444 0.55875287 0.38318526 0.44123623 0.44755586  0.5143895  0.4866367  0.6130834  0.38891645
0.27230287 0.73267769 0.16547083 0.68332028 0.43003633 0.28129444  0.27429226 0.57383444 0.55875287 0.38318526 0.44123623 0.44755586  0.5143895  0.4866367  0.6130834  0.38891645
0.3096006  0.75888425 0.14743648 0.66666134 0.42476793 0.30648061  0.33841456 0.52775907 0.51323169 0.38782252 0.48224562 0.44034132  0.39502861 0.4379348  0.54581215 0.34446138
0.3096006  0.75888425 0.14743648 0.66666134 0.42476793 0.30648061  0.33841456 0.52775907 0.51323169 0.38782252 0.48224562 0.44034132  0.39502861 0.4379348  0.54581215 0.34446138
0.3096006  0.75888425 0.14743648 0.66666134 0.42476793 0.30648061  0.33841456 0.52775907 0.51323169 0.38782252 0.48224562 0.44034132  0.39502861 0.4379348  0.54581215 0.34446138
0.32811976 0.77340442 0.14455354 0.66746248 0.4073788  0.36600498  0.32396566 0.48794279 0.54226391 0.43316245 0.4604083  0.4647857  0.35048856 0.43172892 0.60043666 0.38374561
0.36587227 0.79504554 0.12960758 0.63436296 0.39705116 0.40951031  0.40342744 0.45029915 0.51109971 0.41625263 0.55231562 0.43837353  0.27097683 0.39454007 0.51246217 0.31853074
0.36587227 0.79504554 0.12960758 0.63436296 0.39705116 0.40951031  0.40342744 0.45029915 0.51109971 0.41625263 0.55231562 0.43837353  0.27097683 0.39454007 0.51246217 0.31853074
0.36587227 0.79504554 0.12960758 0.63436296 0.39705116 0.40951031  0.40342744 0.45029915 0.51109971 0.41625263 0.55231562 0.43837353  0.27097683 0.39454007 0.51246217 0.31853074
0.36587227 0.79504554 0.12960758 0.63436296 0.39705116 0.40951031  0.40342744 0.45029915 0.51109971 0.41625263 0.55231562 0.43837353  0.27097683 0.39454007 0.51246217 0.31853074
0.40307465 0.81317002 0.12939876 0.61095755 0.35690898 0.53654769  0.3929279  0.40591639 0.56606153 0.45419495 0.56041313 0.45027724  0.29108188 0.37615142 0.48867626 0.38116118
0.40307465 0.81317002 0.12939876 0.61095755 0.35690898 0.53654769  0.3929279  0.40591639 0.56606153 0.45419495 0.56041313 0.45027724  0.29108188 0.37615142 0.48867626 0.38116118
0.40307465 0.81317002 0.12939876 0.61095755 0.35690898 0.53654769  0.3929279  0.40591639 0.56606153 0.45419495 0.56041313 0.45027724  0.29108188 0.37615142 0.48867626 0.38116118
0.40307465 0.81317002 0.12939876 0.61095755 0.35690898 0.53654769  0.3929279  0.40591639 0.56606153 0.45419495 0.56041313 0.45027724  0.29108188 0.37615142 0.48867626 0.38116118
0.44054965 0.82022789 0.12361278 0.55557381 0.33438396 0.60795342  0.46314807 0.39556488 0.55763478 0.4277996  0.63100969 0.42226633  0.33193637 0.36346912 0.41500279 0.3699135 
0.44054965 0.82022789 0.12361278 0.55557381 0.33438396 0.60795342  0.46314807 0.39556488 0.55763478 0.4277996  0.63100969 0.42226633  0.33193637 0.36346912 0.41500279 0.3699135 
0.49362571 0.81124581 0.1016175  0.47514645 0.3390896  0.61266162  0.60791633 0.33866394 0.42945969 0.47868133 0.51729227 0.46887136  0.35637887 0.33670351 0.41965302 0.46160683
0.49362571 0.81124581 0.1016175  0.47514645 0.3390896  0.61266162  0.60791633 0.33866394 0.42945969 0.47868133 0.51729227 0.46887136  0.35637887 0.33670351 0.41965302 0.46160683
0.49362571 0.81124581 0.1016175  0.47514645 0.3390896  0.61266162  0.60791633 0.33866394 0.42945969 0.47868133 0.51729227 0.46887136  0.35637887 0.33670351 0.41965302 0.46160683
0.47519548 0.81056876 0.09654784 0.49702408 0.36448215 0.55085511  0.61469541 0.33360884 0.42118648 0.47317538 0.54490054 0.46542886  0.29218941 0.35246694 0.45807609 0.42316772
0.47519548 0.81056876 0.09654784 0.49702408 0.36448215 0.55085511  0.61469541 0.33360884 0.42118648 0.47317538 0.54490054 0.46542886  0.29218941 0.35246694 0.45807609 0.42316772
0.47614366 0.81356824 0.10057705 0.49508509 0.36877967 0.55316829  0.61222083 0.33654952 0.41312418 0.45710742 0.54855774 0.4852195  0.26855472 0.34061856 0.46847729 0.46070309
0.45790685 0.80549837 0.09995179 0.49923208 0.39639346 0.48550379  0.62533424 0.37774132 0.38246666 0.41563857 0.59321547 0.48275844  0.26061189 0.33447413 0.44911554 0.43628468
0.4204936  0.78198159 0.10436228 0.51609742 0.43211321 0.36957275  0.63330903 0.42331372 0.32522369 0.3730946  0.57108012 0.46883099  0.28528457 0.35604569 0.44292003 0.38361741
0.38321387 0.75216232 0.11699628 0.5224307  0.44684323 0.32758222  0.6268085  0.42715024 0.30730829 0.3852777  0.53430969 0.48059537  0.24935523 0.36514951 0.48638014 0.39501722
0.30788879 0.70200435 0.13998413 0.56966596 0.47754546 0.18425188  0.57275533 0.47240175 0.22589776 0.38380333 0.32475663 0.49708572  0.36645907 0.36151898 0.44779906 0.43254376
0.25347901 0.62627232 0.17953793 0.50737401 0.45458503 0.25467569  0.61238156 0.43632598 0.2360713  0.40325319 0.35017281 0.50029059  0.30565999 0.35978918 0.48437434 0.44486443
0.16090298 0.54997924 0.23264034 0.52063825 0.42610691 0.27216757  0.51801014 0.47061254 0.2573762  0.40952032 0.2186372  0.49395088  0.50963585 0.32196481 0.34129445 0.51471081
0.12389271 0.51646198 0.25595428 0.51912394 0.41864387 0.28944215  0.45905956 0.50944181 0.33868233 0.40246293 0.22806237 0.48949654  0.63293245 0.38155414 0.40480166 0.55617165
0.07072036 0.46614656 0.29703087 0.49537801 0.38589877 0.36790454  0.42476719 0.52354981 0.41109396 0.37319006 0.31579528 0.455873  0.64330505 0.37971972 0.35247623 0.50905457
0.03585866 0.41212524 0.32497922 0.44119937 0.36258431 0.43456132  0.47408025 0.48300288 0.40965789 0.37891942 0.36959995 0.44872305  0.56049334 0.35167352 0.32731793 0.46450854
0.01779563 0.38669558 0.33863985 0.42004769 0.35385851 0.46460162  0.48109267 0.47190843 0.43452283 0.38595027 0.3992976  0.44733029  0.52908455 0.38078184 0.39373238 0.44873962
0.01779563 0.38669558 0.33863985 0.42004769 0.35385851 0.46460162  0.48109267 0.47190843 0.43452283 0.38595027 0.3992976  0.44733029  0.52908455 0.38078184 0.39373238 0.44873962
0.00039479 0.36283831 0.35232302 0.39930133 0.34523319 0.50234819  0.48417291 0.45702496 0.47508945 0.39693445 0.45000532 0.44589633  0.47476172 0.42761975 0.50206904 0.41641874
0.00039479 0.36283831 0.35232302 0.39930133 0.34523319 0.50234819  0.48417291 0.45702496 0.47508945 0.39693445 0.45000532 0.44589633  0.47476172 0.42761975 0.50206904 0.41641874
0.00039479 0.36283831 0.35232302 0.39930133 0.34523319 0.50234819  0.48417291 0.45702496 0.47508945 0.39693445 0.45000532 0.44589633  0.47476172 0.42761975 0.50206904 0.41641874
0.00039479 0.36283831 0.35232302 0.39930133 0.34523319 0.50234819  0.48417291 0.45702496 0.47508945 0.39693445 0.45000532 0.44589633  0.47476172 0.42761975 0.50206904 0.41641874
0.00039479 0.36283831 0.35232302 0.39930133 0.34523319 0.50234819  0.48417291 0.45702496 0.47508945 0.39693445 0.45000532 0.44589633  0.47476172 0.42761975 0.50206904 0.41641874
0.00039479 0.36283831 0.35232302 0.39930133 0.34523319 0.50234819  0.48417291 0.45702496 0.47508945 0.39693445 0.45000532 0.44589633  0.47476172 0.42761975 0.50206904 0.41641874
0.00039479 0.36283831 0.35232302 0.39930133 0.34523319 0.50234819  0.48417291 0.45702496 0.47508945 0.39693445 0.45000532 0.44589633  0.47476172 0.42761975 0.50206904 0.41641874
0.00039479 0.36283831 0.35232302 0.39930133 0.34523319 0.50234819  0.48417291 0.45702496 0.47508945 0.39693445 0.45000532 0.44589633  0.47476172 0.42761975 0.50206904 0.41641874
0.00039479 0.36283831 0.35232302 0.39930133 0.34523319 0.50234819  0.48417291 0.45702496 0.47508945 0.39693445 0.45000532 0.44589633  0.47476172 0.42761975 0.50206904 0.41641874
0.00039479 0.36283831 0.35232302 0.39930133 0.34523319 0.50234819  0.48417291 0.45702496 0.47508945 0.39693445 0.45000532 0.44589633  0.47476172 0.42761975 0.50206904 0.41641874
0.00039479 0.36283831 0.35232302 0.39930133 0.34523319 0.50234819  0.48417291 0.45702496 0.47508945 0.39693445 0.45000532 0.44589633  0.47476172 0.42761975 0.50206904 0.41641874
0.00039479 0.36283831 0.35232302 0.39930133 0.34523319 0.50234819  0.48417291 0.45702496 0.47508945 0.39693445 0.45000532 0.44589633  0.47476172 0.42761975 0.50206904 0.41641874
0.00039479 0.36283831 0.35232302 0.39930133 0.34523319 0.50234819  0.48417291 0.45702496 0.47508945 0.39693445 0.45000532 0.44589633  0.47476172 0.42761975 0.50206904 0.41641874
0.00039479 0.36283831 0.35232302 0.39930133 0.34523319 0.50234819  0.48417291 0.45702496 0.47508945 0.39693445 0.45000532 0.44589633  0.47476172 0.42761975 0.50206904 0.41641874
0.00039479 0.36283831 0.35232302 0.39930133 0.34523319 0.50234819  0.48417291 0.45702496 0.47508945 0.39693445 0.45000532 0.44589633  0.47476172 0.42761975 0.50206904 0.41641874
0.00039479 0.36283831 0.35232302 0.39930133 0.34523319 0.50234819  0.48417291 0.45702496 0.47508945 0.39693445 0.45000532 0.44589633  0.47476172 0.42761975 0.50206904 0.41641874
0.00039479 0.36283831 0.35232302 0.39930133 0.34523319 0.50234819  0.48417291 0.45702496 0.47508945 0.39693445 0.45000532 0.44589633  0.47476172 0.42761975 0.50206904 0.41641874
0.08962333 0.49284391 0.28688357 0.51463696 0.38599889 0.39848676  0.37095236 0.53062742 0.54354995 0.39251181 0.43049301 0.45098076  0.55316193 0.52776137 0.66709188 0.43773298
0.17985607 0.6172894  0.22141616 0.6153378  0.42182764 0.28449361  0.31110653 0.58735664 0.52069155 0.36169672 0.38518944 0.44447118  0.64340555 0.51104121 0.57654707 0.4309097 
0.23476218 0.6886814  0.1873013  0.66667202 0.42877097 0.27141515  0.269237   0.58962159 0.5418727  0.38683453 0.3690882  0.46105598  0.59724024 0.49718258 0.62285176 0.44932239
0.25328135 0.70320158 0.18441837 0.66747317 0.41138183 0.33093952  0.2547881  0.54980531 0.57090492 0.43217446 0.34725088 0.48550035  0.55270019 0.49097669 0.67747627 0.48860662
0.27200539 0.72589014 0.17275022 0.67768973 0.41412334 0.32694522  0.26050686 0.54263034 0.5627648  0.42983206 0.36494386 0.48207923  0.51985981 0.47338154 0.65258273 0.46664639
0.29082203 0.74719787 0.16258789 0.68412143 0.4126472  0.34081881  0.25984336 0.53401816 0.58778509 0.42852519 0.41939891 0.47200023  0.46984945 0.48043082 0.66770791 0.42820069
0.29082203 0.74719787 0.16258789 0.68412143 0.4126472  0.34081881  0.25984336 0.53401816 0.58778509 0.42852519 0.41939891 0.47200023  0.46984945 0.48043082 0.66770791 0.42820069
0.34720959 0.78459453 0.15213045 0.65689475 0.36931807 0.48964022  0.27451741 0.46296826 0.65629284 0.45591761 0.5081479  0.4650596  0.4348531  0.45893406 0.61771805 0.43198952
0.41792967 0.90072507 0.39062698 0.52020861 0.68109504 0.6653192  0.20570342 0.40520252 0.65059463 0.44691923 0.61916997 0.46966396  0.51927171 0.51223609 0.43623985 0.42042805
0.43852238 0.94023433 0.51979932 0.50506471 0.82080573 0.66305437  0.22002038 0.37243919 0.66877168 0.37118697 0.62214422 0.47742815  0.55215963 0.37926534 0.57416256 0.43351754
0.43852238 0.94023433 0.51979932 0.50506471 0.82080573 0.66305437  0.22002038 0.37243919 0.66877168 0.37118697 0.62214422 0.47742815  0.55215963 0.37926534 0.57416256 0.43351754
0.54663994 0.92364172 0.68240257 0.54159398 0.62988238 0.71864995  0.24066248 0.33876355 0.51254431 0.37933698 0.52468375 0.45589342  0.68632921 0.39865393 0.38743775 0.24037674
0.60640134 0.9319649  0.68293882 0.46946881 0.59632089 0.69516552  0.41467152 0.28689362 0.40828983 0.27995906 0.52261318 0.38470014  0.6021016  0.43074468 0.37204592 0.23005995
0.70622705 0.85258652 0.75546716 0.41693998 0.44459534 0.60825399  0.60039936 0.41798861 0.39784085 0.4400773  0.44633118 0.27198718  0.78225373 0.4995006  0.42125287 0.15330239
0.73174947 0.80338365 0.7011448  0.36118081 0.43971836 0.53850861  0.68853702 0.49394255 0.36902498 0.67145196 0.35223288 0.2748162  0.74634498 0.47392755 0.4069049  0.15242174
0.73956402 0.76918474 0.64602017 0.32065812 0.39724114 0.52236002  0.71030447 0.55986207 0.40772604 0.70782832 0.35264056 0.24642232  0.78256101 0.53821109 0.41838467 0.14402558
0.7199532  0.71731811 0.50867854 0.369546   0.23051982 0.53417769  0.6974663  0.56906475 0.33609121 0.63078595 0.39649606 0.34343588  0.77803813 0.54025766 0.44313238 0.1787316 
0.79332799 0.50593282 0.40114087 0.26625792 0.15519007 0.44408402  0.52616677 0.59377642 0.32417464 0.54944933 0.36344806 0.57947726  0.62928578 0.62189571 0.67948836 0.2314743 
0.78175197 0.39834678 0.18676063 0.18347296 0.26264734 0.47678983  0.37735055 0.44544574 0.4588733  0.47607927 0.27711419 0.59025736  0.50556109 0.44206085 0.55182524 0.29167088
0.80736192 0.2695243  0.12691957 0.33431437 0.41054186 0.59646146  0.37737268 0.47431396 0.43300375 0.41205249 0.25689646 0.38285415  0.43986104 0.37342658 0.59658006 0.36128128
0.841583   0.13813023 0.11878311 0.58573452 0.51279101 0.71358159  0.49176992 0.56576128 0.42281238 0.39755136 0.27138939 0.38899704  0.35439623 0.52978138 0.50568824 0.39299047
0.84380399 0.12755122 0.1177181  0.61807647 0.52945654 0.73851765  0.52750275 0.5988355  0.45690993 0.37190154 0.22784152 0.43263749  0.30901322 0.58112574 0.45325435 0.33065156
0.84380399 0.12755122 0.1177181  0.61807647 0.52945654 0.73851765  0.52750275 0.5988355  0.45690993 0.37190154 0.22784152 0.43263749  0.30901322 0.58112574 0.45325435 0.33065156
0.84380399 0.12755122 0.1177181  0.61807647 0.52945654 0.73851765  0.52750275 0.5988355  0.45690993 0.37190154 0.22784152 0.43263749  0.30901322 0.58112574 0.45325435 0.33065156
0.83147925 0.14219712 0.09006453 0.59197222 0.55929296 0.75931413  0.53332147 0.59304689 0.50423204 0.32223705 0.18263965 0.40360064  0.32521499 0.54137567 0.44762882 0.36701138
0.80765225 0.18092164 0.05982315 0.54700307 0.59459503 0.76707138  0.56457438 0.57882124 0.54957614 0.24908314 0.12647962 0.3671588  0.31838554 0.53251975 0.54244155 0.35302643
0.80726896 0.18274001 0.06020235 0.5415216  0.59064479 0.76148592  0.55824482 0.57154688 0.54286238 0.25657598 0.13944617 0.35898985  0.33857568 0.50697417 0.5619735  0.36895411
0.79660739 0.22712042 0.0669589  0.45104533 0.544721   0.70039914  0.51296911 0.52818366 0.54049009 0.29494471 0.17809361 0.3492424  0.37461138 0.47785479 0.5895131  0.41507165
0.79170601 0.24847037 0.07089193 0.40433283 0.52009899 0.66366731  0.49082173 0.50568208 0.55496485 0.30831959 0.19766468 0.36582147  0.37266026 0.46577006 0.54800968 0.43099887
0.77490349 0.31360472 0.08100438 0.29674727 0.46125963 0.59876932  0.47708373 0.4985251  0.61186777 0.31873092 0.19879204 0.44073116  0.40355696 0.41269983 0.55880182 0.37577228
0.70066103 0.49363576 0.07299278 0.20987095 0.39995915 0.57022871  0.53950944 0.29001571 0.63307973 0.32964683 0.25824721 0.4918677  0.72962845 0.54124146 0.51319952 0.42731668
0.67079203 0.580378   0.09245495 0.17574588 0.34168368 0.58099948  0.58245506 0.39235759 0.55537948 0.3670008  0.28462831 0.50965982  0.73805772 0.5694311  0.62052914 0.50493899
0.63745404 0.61589857 0.07697842 0.2253056  0.3676753  0.55842781  0.63258178 0.30653408 0.55261477 0.37880113 0.3560214  0.49828809  0.71417299 0.60566917 0.61332037 0.48724951
0.59352296 0.70225782 0.09723242 0.28695784 0.33154305 0.61289504  0.65889766 0.36644464 0.46646412 0.42211657 0.37555303 0.49084052  0.63308543 0.55879779 0.55311531 0.50282211
0.59352296 0.70225782 0.09723242 0.28695784 0.33154305 0.61289504  0.65889766 0.36644464 0.46646412 0.42211657 0.37555303 0.49084052  0.63308543 0.55879779 0.55311531 0.50282211
0.57848898 0.73261388 0.10266538 0.31131309 0.32361573 0.63629808  0.66958045 0.41344917 0.42745663 0.42748339 0.420202   0.46859836  0.61327546 0.47972914 0.51470001 0.49328126
0.57848898 0.73261388 0.10266538 0.31131309 0.32361573 0.63629808  0.66958045 0.41344917 0.42745663 0.42748339 0.420202   0.46859836  0.61327546 0.47972914 0.51470001 0.49328126
0.57848898 0.73261388 0.10266538 0.31131309 0.32361573 0.63629808  0.66958045 0.41344917 0.42745663 0.42748339 0.420202   0.46859836  0.61327546 0.47972914 0.51470001 0.49328126
0.59527967 0.7114     0.09895266 0.26837212 0.33019657 0.61982082  0.68928679 0.45442385 0.45108032 0.40572485 0.43853812 0.46403329  0.67130473 0.51081138 0.58352115 0.50731794
0.64365164 0.64552337 0.10899623 0.19445715 0.31213228 0.61898945  0.62847728 0.49324283 0.49285251 0.3885577  0.32249606 0.49764718  0.71499943 0.55364195 0.62914523 0.53454827
0.65836296 0.61334382 0.10408142 0.1724053  0.32219242 0.58629059  0.60783979 0.47672889 0.53943825 0.36464744 0.32756704 0.50253464  0.71482103 0.60325283 0.60956367 0.53334995
0.68951631 0.56074627 0.11763066 0.12574211 0.30721065 0.55517413  0.55652297 0.61012512 0.53321756 0.38904356 0.29689995 0.51959869  0.56756511 0.51930834 0.68275568 0.54745419
0.70421901 0.53436003 0.13006812 0.12293986 0.29055871 0.54058988  0.52102226 0.65158865 0.50641804 0.41228063 0.27540387 0.52666723  0.44936597 0.45614944 0.71985051 0.52659316
0.72972406 0.46604981 0.11116118 0.12360215 0.32857245 0.50981771  0.46046848 0.52055333 0.56067656 0.3926058  0.2551911  0.51992999  0.46721662 0.38521384 0.6567019  0.46291049
0.77045293 0.38261378 0.11810865 0.13503757 0.33883886 0.48945744  0.34555663 0.43957064 0.56631317 0.37898498 0.25354133 0.50240491  0.4553934  0.28566417 0.47715708 0.3362237 
0.77045293 0.38261378 0.11810865 0.13503757 0.33883886 0.48945744  0.34555663 0.43957064 0.56631317 0.37898498 0.25354133 0.50240491  0.4553934  0.28566417 0.47715708 0.3362237 
0.79038906 0.3381103  0.13964978 0.2057385  0.33418237 0.49832184  0.33288283 0.44530957 0.47005979 0.42316883 0.31287567 0.47744942  0.45206186 0.30318386 0.52171244 0.32699461
0.82155877 0.22496015 0.13504327 0.37974748 0.39364172 0.54888465  0.33915795 0.439301   0.35842779 0.50256249 0.46221453 0.35258824  0.47106043 0.3493522  0.51258363 0.57907255
0.83310485 0.21090732 0.16360568 0.4080122  0.37321663 0.52410805  0.3523602  0.44353142 0.32352824 0.55617732 0.50055591 0.37329143  0.49103646 0.35825409 0.57256327 0.5105449 
0.83800622 0.18955737 0.15967265 0.45472469 0.39783864 0.56083988  0.37450758 0.46603299 0.30905349 0.54280243 0.48098483 0.35671236  0.49298758 0.37033881 0.6140667  0.49461768
0.84192817 0.17286002 0.15717536 0.49235667 0.41925486 0.58925735  0.39941901 0.48710893 0.31716632 0.5327756  0.45392185 0.35080701  0.47579699 0.40913179 0.61034803 0.48361903
0.84754371 0.14932367 0.1606914  0.56146052 0.43696409 0.61065758  0.47249258 0.5223635  0.39024876 0.52734067 0.44218624 0.422515  0.48687128 0.37614892 0.5672689  0.49192368
0.84754371 0.14932367 0.1606914  0.56146052 0.43696409 0.61065758  0.47249258 0.5223635  0.39024876 0.52734067 0.44218624 0.422515  0.48687128 0.37614892 0.5672689  0.49192368
0.86492829 0.12502267 0.2031859  0.63776193 0.42454714 0.59868459  0.53499394 0.52802132 0.44523296 0.55790062 0.45560132 0.48691888  0.54921109 0.34903096 0.50888046 0.45739808
0.87062224 0.10154523 0.19695004 0.68275082 0.45427299 0.63837036  0.55234351 0.5396413  0.42848624 0.5422037  0.42675555 0.4515785  0.55585129 0.35378768 0.57387921 0.44206633
0.89059143 0.08952627 0.26407558 0.75738787 0.43543634 0.61159267  0.64209464 0.55477754 0.51337882 0.56351067 0.41464367 0.52005328  0.56264052 0.36351131 0.52160717 0.41713294
0.89059143 0.08952627 0.26407558 0.75738787 0.43543634 0.61159267  0.64209464 0.55477754 0.51337882 0.56351067 0.41464367 0.52005328  0.56264052 0.36351131 0.52160717 0.41713294
0.89059143 0.08952627 0.26407558 0.75738787 0.43543634 0.61159267  0.64209464 0.55477754 0.51337882 0.56351067 0.41464367 0.52005328  0.56264052 0.36351131 0.52160717 0.41713294
0.90064295 0.08516233 0.30102952 0.80012866 0.42002767 0.59611112  0.69328252 0.54954514 0.55469358 0.54054719 0.41333609 0.56104574  0.60158254 0.32342204 0.54324528 0.40450145
0.89162343 0.08484916 0.26531495 0.77534371 0.43941621 0.61729264  0.66663357 0.56568764 0.54418191 0.54886862 0.40305811 0.55128818  0.55512942 0.3547815  0.49775668 0.41966348
0.8907725  0.08851714 0.26402915 0.7608725  0.43629748 0.61357075  0.64570035 0.55703679 0.51572932 0.55988462 0.41351838 0.52740653  0.56271768 0.36613109 0.51797451 0.41225794
0.85998321 0.10275873 0.16527497 0.67597003 0.48534241 0.65466061  0.58601925 0.5718817  0.50519098 0.52061844 0.38356501 0.46734693  0.47271625 0.35553314 0.53544595 0.50234432
0.8403507  0.1402964  0.12366899 0.58702238 0.50759961 0.69420201  0.50578657 0.55385659 0.4232085  0.41900329 0.31513625 0.38507419  0.44021001 0.44125469 0.57659853 0.42259366
0.81189581 0.17451372 0.07129544 0.52775159 0.54443452 0.69034628  0.51015849 0.52221534 0.48188323 0.3637434  0.33808551 0.32622267  0.44598055 0.41714611 0.60703577 0.57804178
0.7999243  0.21680584 0.06448215 0.43800745 0.53454427 0.68227344  0.44063796 0.47448422 0.42798535 0.34064545 0.2853728  0.22928475  0.47183348 0.35638064 0.70455434 0.55918981
0.79405806 0.25080265 0.07011139 0.38688445 0.51795383 0.66916539  0.43968773 0.48520159 0.45868426 0.30790232 0.24583393 0.31640007  0.42025491 0.34147966 0.71258063 0.57194106
0.61736546 0.34866949 0.01227556 0.54085705 0.68581559 0.37995518  0.64820964 0.29209974 0.49701554 0.14816901 0.43782884 0.32477889  0.4727408  0.54507235 0.68806328 0.29413139
0.47999548 0.48808404 0.04860975 0.49540807 0.60606145 0.19577632  0.6128134  0.18852799 0.359326   0.29053227 0.30468731 0.39815789  0.53733903 0.52323057 0.64424159 0.30927557
0.26436152 0.55786025 0.16538394 0.461992   0.48666791 0.18549428  0.66660326 0.37538337 0.14910055 0.38908829 0.19267665 0.50909706  0.50631684 0.33062363 0.33752996 0.49155681
0.12466427 0.46879161 0.25832186 0.42525122 0.42012107 0.29765363  0.62845555 0.43151158 0.20074771 0.42714378 0.19618578 0.52532463  0.48018384 0.34875921 0.33170414 0.60008997
0.03687051 0.41360073 0.32498094 0.43832457 0.36198688 0.43468902  0.47298946 0.48457498 0.40892595 0.37809756 0.36321776 0.4671367  0.52757531 0.37370937 0.3020862  0.52179033
0.01880749 0.38817107 0.33864157 0.41717289 0.35326109 0.46472932  0.48000187 0.47348054 0.43379089 0.38512841 0.39291541 0.46574394  0.49616651 0.40281769 0.36850065 0.5060214 
0.00039479 0.36283831 0.35232302 0.39930133 0.34523319 0.50234819  0.48417291 0.45702496 0.47508945 0.39693445 0.45000532 0.44589633  0.47476172 0.42761975 0.50206904 0.41641874
0.00039479 0.36283831 0.35232302 0.39930133 0.34523319 0.50234819  0.48417291 0.45702496 0.47508945 0.39693445 0.45000532 0.44589633  0.47476172 0.42761975 0.50206904 0.41641874
0.00039479 0.36283831 0.35232302 0.39930133 0.34523319 0.50234819  0.48417291 0.45702496 0.47508945 0.39693445 0.45000532 0.44589633  0.47476172 0.42761975 0.50206904 0.41641874
0.00039479 0.36283831 0.35232302 0.39930133 0.34523319 0.50234819  0.48417291 0.45702496 0.47508945 0.39693445 0.45000532 0.44589633  0.47476172 0.42761975 0.50206904 0.41641874
0.00039479 0.36283831 0.35232302 0.39930133 0.34523319 0.50234819  0.48417291 0.45702496 0.47508945 0.39693445 0.45000532 0.44589633  0.47476172 0.42761975 0.50206904 0.41641874
0.00039479 0.36283831 0.35232302 0.39930133 0.34523319 0.50234819  0.48417291 0.45702496 0.47508945 0.39693445 0.45000532 0.44589633  0.47476172 0.42761975 0.50206904 0.41641874
0.00039479 0.36283831 0.35232302 0.39930133 0.34523319 0.50234819  0.48417291 0.45702496 0.47508945 0.39693445 0.45000532 0.44589633  0.47476172 0.42761975 0.50206904 0.41641874
0.00039479 0.36283831 0.35232302 0.39930133 0.34523319 0.50234819  0.48417291 0.45702496 0.47508945 0.39693445 0.45000532 0.44589633  0.47476172 0.42761975 0.50206904 0.41641874
0.00039479 0.36283831 0.35232302 0.39930133 0.34523319 0.50234819  0.48417291 0.45702496 0.47508945 0.39693445 0.45000532 0.44589633  0.47476172 0.42761975 0.50206904 0.41641874
0.03530472 0.41371177 0.32449245 0.44717499 0.36543573 0.42942868  0.4584486  0.49182641 0.42935187 0.38251683 0.3665383  0.45119726  0.57400726 0.38653202 0.39012683 0.47468522
0.03530472 0.41371177 0.32449245 0.44717499 0.36543573 0.42942868  0.4584486  0.49182641 0.42935187 0.38251683 0.3665383  0.45119726  0.57400726 0.38653202 0.39012683 0.47468522
0.28977696 0.70618582 0.1577625  0.60823088 0.43474352 0.27381132  0.43472173 0.50656642 0.38976227 0.39621971 0.36742354 0.46444417  0.47747327 0.39510762 0.44787929 0.43545146
0.4561507  0.80418794 0.10740348 0.53053019 0.36161462 0.54125589  0.53769616 0.34901545 0.43788644 0.50507668 0.44669572 0.49688228  0.31552439 0.34938581 0.49332649 0.4728545 
0.54585538 0.76698681 0.08965354 0.34547207 0.35390861 0.59149901  0.72032369 0.43166193 0.43851868 0.41619343 0.58055577 0.44022078  0.54140279 0.43690875 0.55830019 0.48269548
0.54585538 0.76698681 0.08965354 0.34547207 0.35390861 0.59149901  0.72032369 0.43166193 0.43851868 0.41619343 0.58055577 0.44022078  0.54140279 0.43690875 0.55830019 0.48269548
0.57929023 0.72501455 0.09327569 0.27109913 0.34881102 0.5775856  0.7181481  0.55430708 0.46462874 0.37566538 0.59495106 0.42951876  0.5899569  0.42970602 0.62834303 0.51296674
0.74259513 0.43134932 0.10147678 0.12277353 0.34690923 0.49611053  0.42778048 0.44379952 0.59194669 0.38730686 0.23314702 0.52190563  0.48136398 0.35534509 0.62720503 0.43155854
0.75500101 0.3959788  0.09496858 0.12721651 0.36291236 0.47253131  0.39032606 0.42928219 0.61687182 0.36024464 0.29584427 0.49735479  0.46131689 0.29342549 0.53318046 0.40450296
0.75500101 0.3959788  0.09496858 0.12721651 0.36291236 0.47253131  0.39032606 0.42928219 0.61687182 0.36024464 0.29584427 0.49735479  0.46131689 0.29342549 0.53318046 0.40450296
0.7703736  0.3360168  0.08152931 0.21525825 0.41485081 0.53623807  0.37655758 0.42348591 0.52435947 0.3489195  0.30998375 0.38748171  0.49115325 0.2488308  0.62804216 0.45167321
0.7903084  0.25698062 0.07321529 0.35538658 0.48340222 0.61417021  0.39837696 0.44178831 0.43661924 0.36636921 0.34128155 0.27053047  0.48238388 0.31283094 0.64327425 0.58552021
0.7903084  0.25698062 0.07321529 0.35538658 0.48340222 0.61417021  0.39837696 0.44178831 0.43661924 0.36636921 0.34128155 0.27053047  0.48238388 0.31283094 0.64327425 0.58552021
0.7999243  0.21680584 0.06448215 0.43800745 0.53454427 0.68227344  0.44063796 0.47448422 0.42798535 0.34064545 0.2853728  0.22928475  0.47183348 0.35638064 0.70455434 0.55918981
0.80230825 0.20563541 0.06415244 0.47158439 0.54763453 0.70295436  0.47391444 0.50066508 0.45274892 0.32406094 0.26182113 0.26656265  0.45694066 0.37497789 0.67939261 0.52261461
0.80230825 0.20563541 0.06415244 0.47158439 0.54763453 0.70295436  0.47391444 0.50066508 0.45274892 0.32406094 0.26182113 0.26656265  0.45694066 0.37497789 0.67939261 0.52261461
0.7999243  0.21680584 0.06448215 0.43800745 0.53454427 0.68227344  0.44063796 0.47448422 0.42798535 0.34064545 0.2853728  0.22928475  0.47183348 0.35638064 0.70455434 0.55918981
0.71655738 0.27914481 0.0157562  0.50647621 0.63149179 0.55857962  0.58682367 0.34343401 0.47200558 0.25146897 0.51656028 0.17357745  0.5568874  0.47416093 0.71998653 0.51364894
0.70480916 0.325364   0.01985181 0.42253504 0.58978503 0.51461323  0.56452738 0.32856265 0.50338589 0.24564249 0.50680938 0.22839382  0.57905215 0.4102795  0.74656201 0.44258168
0.52233106 0.57106008 0.05369401 0.36267052 0.50209166 0.27236936  0.63384993 0.15173446 0.4924821  0.30042352 0.47750217 0.43792492  0.57512943 0.48036839 0.42604039 0.24964388
0.52233106 0.57106008 0.05369401 0.36267052 0.50209166 0.27236936  0.63384993 0.15173446 0.4924821  0.30042352 0.47750217 0.43792492  0.57512943 0.48036839 0.42604039 0.24964388
0.33256305 0.5583389  0.13492865 0.42702685 0.48899637 0.24983358  0.69669811 0.27091623 0.22477701 0.367344   0.34129683 0.4539925  0.47689984 0.29786433 0.34571037 0.33626422
0.173121   0.48282933 0.22191458 0.46192724 0.45043989 0.27130435  0.59574828 0.34526477 0.21766142 0.42691055 0.18532531 0.50942088  0.49055469 0.28686356 0.36812421 0.47960942
0.05306277 0.40930401 0.31102756 0.41763914 0.37666176 0.40426113  0.54756198 0.44277854 0.32496259 0.41131519 0.2958028  0.48030821  0.52794871 0.3284536  0.33871483 0.50730334
0.03566193 0.38544674 0.32471073 0.39689277 0.36803644 0.44200769  0.55064222 0.42789507 0.36552921 0.42229936 0.34651052 0.47887424  0.47362588 0.37529151 0.44705148 0.47498246
0.00039479 0.36283831 0.35232302 0.39930133 0.34523319 0.50234819  0.48417291 0.45702496 0.47508945 0.39693445 0.45000532 0.44589633  0.47476172 0.42761975 0.50206904 0.41641874
0.00039479 0.36283831 0.35232302 0.39930133 0.34523319 0.50234819  0.48417291 0.45702496 0.47508945 0.39693445 0.45000532 0.44589633  0.47476172 0.42761975 0.50206904 0.41641874
0.00039479 0.36283831 0.35232302 0.39930133 0.34523319 0.50234819  0.48417291 0.45702496 0.47508945 0.39693445 0.45000532 0.44589633  0.47476172 0.42761975 0.50206904 0.41641874
0.00039479 0.36283831 0.35232302 0.39930133 0.34523319 0.50234819  0.48417291 0.45702496 0.47508945 0.39693445 0.45000532 0.44589633  0.47476172 0.42761975 0.50206904 0.41641874
0.00039479 0.36283831 0.35232302 0.39930133 0.34523319 0.50234819  0.48417291 0.45702496 0.47508945 0.39693445 0.45000532 0.44589633  0.47476172 0.42761975 0.50206904 0.41641874
0.00039479 0.36283831 0.35232302 0.39930133 0.34523319 0.50234819  0.48417291 0.45702496 0.47508945 0.39693445 0.45000532 0.44589633  0.47476172 0.42761975 0.50206904 0.41641874
0.00039479 0.36283831 0.35232302 0.39930133 0.34523319 0.50234819  0.48417291 0.45702496 0.47508945 0.39693445 0.45000532 0.44589633  0.47476172 0.42761975 0.50206904 0.41641874
0.00039479 0.36283831 0.35232302 0.39930133 0.34523319 0.50234819  0.48417291 0.45702496 0.47508945 0.39693445 0.45000532 0.44589633  0.47476172 0.42761975 0.50206904 0.41641874
0.00039479 0.36283831 0.35232302 0.39930133 0.34523319 0.50234819  0.48417291 0.45702496 0.47508945 0.39693445 0.45000532 0.44589633  0.47476172 0.42761975 0.50206904 0.41641874
0.00039479 0.36283831 0.35232302 0.39930133 0.34523319 0.50234819  0.48417291 0.45702496 0.47508945 0.39693445 0.45000532 0.44589633  0.47476172 0.42761975 0.50206904 0.41641874
0.00039479 0.36283831 0.35232302 0.39930133 0.34523319 0.50234819  0.48417291 0.45702496 0.47508945 0.39693445 0.45000532 0.44589633  0.47476172 0.42761975 0.50206904 0.41641874
0.00039479 0.36283831 0.35232302 0.39930133 0.34523319 0.50234819  0.48417291 0.45702496 0.47508945 0.39693445 0.45000532 0.44589633  0.47476172 0.42761975 0.50206904 0.41641874
0.00039479 0.36283831 0.35232302 0.39930133 0.34523319 0.50234819  0.48417291 0.45702496 0.47508945 0.39693445 0.45000532 0.44589633  0.47476172 0.42761975 0.50206904 0.41641874
0.00039479 0.36283831 0.35232302 0.39930133 0.34523319 0.50234819  0.48417291 0.45702496 0.47508945 0.39693445 0.45000532 0.44589633  0.47476172 0.42761975 0.50206904 0.41641874
0.00039479 0.36283831 0.35232302 0.39930133 0.34523319 0.50234819  0.48417291 0.45702496 0.47508945 0.39693445 0.45000532 0.44589633  0.47476172 0.42761975 0.50206904 0.41641874
0.00039479 0.36283831 0.35232302 0.39930133 0.34523319 0.50234819  0.48417291 0.45702496 0.47508945 0.39693445 0.45000532 0.44589633  0.47476172 0.42761975 0.50206904 0.41641874
0.00039479 0.36283831 0.35232302 0.39930133 0.34523319 0.50234819  0.48417291 0.45702496 0.47508945 0.39693445 0.45000532 0.44589633  0.47476172 0.42761975 0.50206904 0.41641874
0.00039479 0.36283831 0.35232302 0.39930133 0.34523319 0.50234819  0.48417291 0.45702496 0.47508945 0.39693445 0.45000532 0.44589633  0.47476172 0.42761975 0.50206904 0.41641874
