0.00039479 0.36283831 0.35232302 0.39930133 0.34523319 0.50234819  0.48417291 0.45702496 0.47508945 0.39693445 0.45000532 0.44589633  0.47476172 0.42761975 0.50206904 0.41641874
0.00039479 0.36283831 0.35232302 0.39930133 0.34523319 0.50234819  0.48417291 0.45702496 0.47508945 0.39693445 0.45000532 0.44589633  0.47476172 0.42761975 0.50206904 0.41641874
0.00039479 0.36283831 0.35232302 0.39930133 0.34523319 0.50234819  0.48417291 0.45702496 0.47508945 0.39693445 0.45000532 0.44589633  0.47476172 0.42761975 0.50206904 0.41641874
0.00039479 0.36283831 0.35232302 0.39930133 0.34523319 0.50234819  0.48417291 0.45702496 0.47508945 0.39693445 0.45000532 0.44589633  0.47476172 0.42761975 0.50206904 0.41641874
0.00039479 0.36283831 0.35232302 0.39930133 0.34523319 0.50234819  0.48417291 0.45702496 0.47508945 0.39693445 0.45000532 0.44589633  0.47476172 0.42761975 0.50206904 0.41641874
0.00039479 0.36283831 0.35232302 0.39930133 0.34523319 0.50234819  0.48417291 0.45702496 0.47508945 0.39693445 0.45000532 0.44589633  0.47476172 0.42761975 0.50206904 0.41641874
0.00039479 0.36283831 0.35232302 0.39930133 0.34523319 0.50234819  0.48417291 0.45702496 0.47508945 0.39693445 0.45000532 0.44589633  0.47476172 0.42761975 0.50206904 0.41641874
0.00039479 0.36283831 0.35232302 0.39930133 0.34523319 0.50234819  0.48417291 0.45702496 0.47508945 0.39693445 0.45000532 0.44589633  0.47476172 0.42761975 0.50206904 0.41641874
0.00039479 0.36283831 0.35232302 0.39930133 0.34523319 0.50234819  0.48417291 0.45702496 0.47508945 0.39693445 0.45000532 0.44589633  0.47476172 0.42761975 0.50206904 0.41641874
0.00039479 0.36283831 0.35232302 0.39930133 0.34523319 0.50234819  0.48417291 0.45702496 0.47508945 0.39693445 0.45000532 0.44589633  0.47476172 0.42761975 0.50206904 0.41641874
0.00039479 0.36283831 0.35232302 0.39930133 0.34523319 0.50234819  0.48417291 0.45702496 0.47508945 0.39693445 0.45000532 0.44589633  0.47476172 0.42761975 0.50206904 0.41641874
0.00039479 0.36283831 0.35232302 0.39930133 0.34523319 0.50234819  0.48417291 0.45702496 0.47508945 0.39693445 0.45000532 0.44589633  0.47476172 0.42761975 0.50206904 0.41641874
0.00039479 0.36283831 0.35232302 0.39930133 0.34523319 0.50234819  0.48417291 0.45702496 0.47508945 0.39693445 0.45000532 0.44589633  0.47476172 0.42761975 0.50206904 0.41641874
0.00039479 0.36283831 0.35232302 0.39930133 0.34523319 0.50234819  0.48417291 0.45702496 0.47508945 0.39693445 0.45000532 0.44589633  0.47476172 0.42761975 0.50206904 0.41641874
0.00039479 0.36283831 0.35232302 0.39930133 0.34523319 0.50234819  0.48417291 0.45702496 0.47508945 0.39693445 0.45000532 0.44589633  0.47476172 0.42761975 0.50206904 0.41641874
0.00039479 0.36283831 0.35232302 0.39930133 0.34523319 0.50234819  0.48417291 0.45702496 0.47508945 0.39693445 0.45000532 0.44589633  0.47476172 0.42761975 0.50206904 0.41641874
0.00039479 0.36283831 0.35232302 0.39930133 0.34523319 0.50234819  0.48417291 0.45702496 0.47508945 0.39693445 0.45000532 0.44589633  0.47476172 0.42761975 0.50206904 0.41641874
0.00039479 0.36283831 0.35232302 0.39930133 0.34523319 0.50234819  0.48417291 0.45702496 0.47508945 0.39693445 0.45000532 0.44589633  0.47476172 0.42761975 0.50206904 0.41641874
0.00039479 0.36283831 0.35232302 0.39930133 0.34523319 0.50234819  0.48417291 0.45702496 0.47508945 0.39693445 0.45000532 0.44589633  0.47476172 0.42761975 0.50206904 0.41641874
0.00039479 0.36283831 0.35232302 0.39930133 0.34523319 0.50234819  0.48417291 0.45702496 0.47508945 0.39693445 0.45000532 0.44589633  0.47476172 0.42761975 0.50206904 0.41641874
0.00039479 0.36283831 0.35232302 0.39930133 0.34523319 0.50234819  0.48417291 0.45702496 0.47508945 0.39693445 0.45000532 0.44589633  0.47476172 0.42761975 0.50206904 0.41641874
0.00039479 0.36283831 0.35232302 0.39930133 0.34523319 0.50234819  0.48417291 0.45702496 0.47508945 0.39693445 0.45000532 0.44589633  0.47476172 0.42761975 0.50206904 0.41641874
0.00039479 0.36283831 0.35232302 0.39930133 0.34523319 0.50234819  0.48417291 0.45702496 0.47508945 0.39693445 0.45000532 0.44589633  0.47476172 0.42761975 0.50206904 0.41641874
0.00039479 0.36283831 0.35232302 0.39930133 0.34523319 0.50234819  0.48417291 0.45702496 0.47508945 0.39693445 0.45000532 0.44589633  0.47476172 0.42761975 0.50206904 0.41641874
0.00039479 0.36283831 0.35232302 0.39930133 0.34523319 0.50234819  0.48417291 0.45702496 0.47508945 0.39693445 0.45000532 0.44589633  0.47476172 0.42761975 0.50206904 0.41641874
0.00039479 0.36283831 0.35232302 0.39930133 0.34523319 0.50234819  0.48417291 0.45702496 0.47508945 0.39693445 0.45000532 0.44589633  0.47476172 0.42761975 0.50206904 0.41641874
0.00039479 0.36283831 0.35232302 0.39930133 0.34523319 0.50234819  0.48417291 0.45702496 0.47508945 0.39693445 0.45000532 0.44589633  0.47476172 0.42761975 0.50206904 0.41641874
0.00039479 0.36283831 0.35232302 0.39930133 0.34523319 0.50234819  0.48417291 0.45702496 0.47508945 0.39693445 0.45000532 0.44589633  0.47476172 0.42761975 0.50206904 0.41641874
0.00039479 0.36283831 0.35232302 0.39930133 0.34523319 0.50234819  0.48417291 0.45702496 0.47508945 0.39693445 0.45000532 0.44589633  0.47476172 0.42761975 0.50206904 0.41641874
0.00039479 0.36283831 0.35232302 0.39930133 0.34523319 0.50234819  0.48417291 0.45702496 0.47508945 0.39693445 0.45000532 0.44589633  0.47476172 0.42761975 0.50206904 0.41641874
0.00039479 0.36283831 0.35232302 0.39930133 0.34523319 0.50234819  0.48417291 0.45702496 0.47508945 0.39693445 0.45000532 0.44589633  0.47476172 0.42761975 0.50206904 0.41641874
0.00039479 0.36283831 0.35232302 0.39930133 0.34523319 0.50234819  0.48417291 0.45702496 0.47508945 0.39693445 0.45000532 0.44589633  0.47476172 0.42761975 0.50206904 0.41641874
0.00039479 0.36283831 0.35232302 0.39930133 0.34523319 0.50234819  0.48417291 0.45702496 0.47508945 0.39693445 0.45000532 0.44589633  0.47476172 0.42761975 0.50206904 0.41641874
0.00039479 0.36283831 0.35232302 0.39930133 0.34523319 0.50234819  0.48417291 0.45702496 0.47508945 0.39693445 0.45000532 0.44589633  0.47476172 0.42761975 0.50206904 0.41641874
0.00039479 0.36283831 0.35232302 0.39930133 0.34523319 0.50234819  0.48417291 0.45702496 0.47508945 0.39693445 0.45000532 0.44589633  0.47476172 0.42761975 0.50206904 0.41641874
0.00039479 0.36283831 0.35232302 0.39930133 0.34523319 0.50234819  0.48417291 0.45702496 0.47508945 0.39693445 0.45000532 0.44589633  0.47476172 0.42761975 0.50206904 0.41641874
0.00039479 0.36283831 0.35232302 0.39930133 0.34523319 0.50234819  0.48417291 0.45702496 0.47508945 0.39693445 0.45000532 0.44589633  0.47476172 0.42761975 0.50206904 0.41641874
0.00039479 0.36283831 0.35232302 0.39930133 0.34523319 0.50234819  0.48417291 0.45702496 0.47508945 0.39693445 0.45000532 0.44589633  0.47476172 0.42761975 0.50206904 0.41641874
0.00039479 0.36283831 0.35232302 0.39930133 0.34523319 0.50234819  0.48417291 0.45702496 0.47508945 0.39693445 0.45000532 0.44589633  0.47476172 0.42761975 0.50206904 0.41641874
0.00039479 0.36283831 0.35232302 0.39930133 0.34523319 0.50234819  0.48417291 0.45702496 0.47508945 0.39693445 0.45000532 0.44589633  0.47476172 0.42761975 0.50206904 0.41641874
0.00039479 0.36283831 0.35232302 0.39930133 0.34523319 0.50234819  0.48417291 0.45702496 0.47508945 0.39693445 0.45000532 0.44589633  0.47476172 0.42761975 0.50206904 0.41641874
0.00039479 0.36283831 0.35232302 0.39930133 0.34523319 0.50234819  0.48417291 0.45702496 0.47508945 0.39693445 0.45000532 0.44589633  0.47476172 0.42761975 0.50206904 0.41641874
0.00039479 0.36283831 0.35232302 0.39930133 0.34523319 0.50234819  0.48417291 0.45702496 0.47508945 0.39693445 0.45000532 0.44589633  0.47476172 0.42761975 0.50206904 0.41641874
0.00039479 0.36283831 0.35232302 0.39930133 0.34523319 0.50234819  0.48417291 0.45702496 0.47508945 0.39693445 0.45000532 0.44589633  0.47476172 0.42761975 0.50206904 0.41641874
0.03525649 0.41685964 0.32437467 0.45347996 0.36854765 0.43569141  0.43485985 0.4975719  0.47652552 0.39120509 0.39620065 0.45304628  0.55757342 0.45566594 0.52722734 0.46096477
0.05357196 0.4426501  0.31126372 0.47372404 0.37603629 0.41875523  0.42072775 0.50444347 0.48490619 0.39013906 0.40420374 0.45185212  0.54462992 0.46722303 0.55234375 0.44813721
0.12871631 0.51318848 0.28095483 0.4721951  0.35048261 0.52167916  0.42028949 0.48142408 0.59366382 0.38089265 0.60157934 0.41142752  0.46070397 0.48058685 0.54474947 0.37129659
0.2210701  0.61210549 0.24666135 0.51892962 0.32258761 0.65276134  0.3160123  0.41765024 0.71726154 0.5034315  0.549426   0.51821478  0.32119553 0.52885685 0.78099063 0.56669899
0.29337621 0.71061801 0.19399538 0.59469954 0.35149143 0.55585449  0.29263597 0.45102784 0.64654452 0.47888745 0.47760978 0.51775727  0.39505734 0.44213681 0.58391075 0.59325519
0.42405067 0.80255122 0.15070563 0.54589699 0.31622416 0.67292928  0.39825731 0.40354423 0.57620022 0.44443651 0.55307942 0.50878091  0.33011609 0.3377908  0.39333267 0.57850484
0.53029437 0.79701582 0.13445942 0.43515363 0.29600405 0.69975387  0.52919977 0.40132365 0.37596308 0.46930611 0.36306565 0.54360233  0.38010228 0.30831349 0.31221158 0.58633128
0.694807   0.63195363 0.27841677 0.28881812 0.18174427 0.60973486  0.51050143 0.71090956 0.20850132 0.49034735 0.45755344 0.63758019  0.41897592 0.38890832 0.47249454 0.52683444
0.71085676 0.60585853 0.27958034 0.25573471 0.18212033 0.59054589  0.49679583 0.76743849 0.23171722 0.47214469 0.46436794 0.63962106  0.40081903 0.36597651 0.53382885 0.53911455
0.76631687 0.51692275 0.33932373 0.27672447 0.17052754 0.48571975  0.48103986 0.68856291 0.28064412 0.48247801 0.56069991 0.71913134  0.42190532 0.53507619 0.56924796 0.61835636
0.8376809  0.36186041 0.33149727 0.2590049  0.24674292 0.38700794  0.35815871 0.38656768 0.43371487 0.41592098 0.4862452  0.67913748  0.41376924 0.46614004 0.42639376 0.52643362
0.83003219 0.34354415 0.2876196  0.27020372 0.22511922 0.39389012  0.35441501 0.38936835 0.43673661 0.45993165 0.48589097 0.65084873  0.49049994 0.48725364 0.41866884 0.41036596
0.84872764 0.30419809 0.31385159 0.34764103 0.22749082 0.41883926  0.34217023 0.37262854 0.338616   0.45976285 0.53060846 0.59577253  0.59960016 0.46420998 0.48687017 0.30129572
0.86431511 0.24457184 0.30492644 0.43739527 0.27453989 0.46843407  0.33264169 0.36067736 0.25554178 0.46977166 0.56742936 0.49098076  0.61159213 0.46693411 0.51994523 0.40340113
0.86431511 0.24457184 0.30492644 0.43739527 0.27453989 0.46843407  0.33264169 0.36067736 0.25554178 0.46977166 0.56742936 0.49098076  0.61159213 0.46693411 0.51994523 0.40340113
0.86431511 0.24457184 0.30492644 0.43739527 0.27453989 0.46843407  0.33264169 0.36067736 0.25554178 0.46977166 0.56742936 0.49098076  0.61159213 0.46693411 0.51994523 0.40340113
0.87632394 0.15856789 0.25754745 0.57421926 0.35045319 0.56976731  0.38558025 0.42032906 0.1975293  0.52408914 0.5339619  0.38731443  0.64571136 0.49570149 0.62763781 0.38268776
0.87632394 0.15856789 0.25754745 0.57421926 0.35045319 0.56976731  0.38558025 0.42032906 0.1975293  0.52408914 0.5339619  0.38731443  0.64571136 0.49570149 0.62763781 0.38268776
0.87632394 0.15856789 0.25754745 0.57421926 0.35045319 0.56976731  0.38558025 0.42032906 0.1975293  0.52408914 0.5339619  0.38731443  0.64571136 0.49570149 0.62763781 0.38268776
0.87870789 0.14739747 0.25721774 0.60779621 0.36354344 0.59044822  0.41885672 0.44650992 0.22229287 0.50750462 0.51041023 0.42459233  0.63081854 0.51429873 0.60247608 0.34611256
0.87870789 0.14739747 0.25721774 0.60779621 0.36354344 0.59044822  0.41885672 0.44650992 0.22229287 0.50750462 0.51041023 0.42459233  0.63081854 0.51429873 0.60247608 0.34611256
0.86956021 0.14190489 0.21994344 0.59003046 0.38689702 0.60117217  0.41881136 0.47428498 0.23195642 0.53537856 0.49385845 0.41024443  0.59436928 0.46964235 0.63296155 0.32854298
0.87210482 0.13030513 0.21786564 0.62228573 0.40577852 0.62724162  0.45131444 0.50060233 0.25786064 0.5129577  0.45369368 0.43490948  0.57010052 0.49891965 0.61854832 0.27510806
0.87932136 0.09804766 0.21535361 0.7099632  0.4475737  0.68671588  0.5328244  0.56460053 0.32014073 0.46767861 0.37706168 0.49757385  0.50789399 0.58647943 0.54753422 0.19905696
0.87932136 0.09804766 0.21535361 0.7099632  0.4475737  0.68671588  0.5328244  0.56460053 0.32014073 0.46767861 0.37706168 0.49757385  0.50789399 0.58647943 0.54753422 0.19905696
0.87932136 0.09804766 0.21535361 0.7099632  0.4475737  0.68671588  0.5328244  0.56460053 0.32014073 0.46767861 0.37706168 0.49757385  0.50789399 0.58647943 0.54753422 0.19905696
0.87932136 0.09804766 0.21535361 0.7099632  0.4475737  0.68671588  0.5328244  0.56460053 0.32014073 0.46767861 0.37706168 0.49757385  0.50789399 0.58647943 0.54753422 0.19905696
0.85584527 0.11105227 0.14851725 0.65322327 0.50133143 0.70675028  0.53914667 0.59414938 0.40525464 0.44282104 0.31179062 0.44597929  0.39825967 0.51052985 0.5684764  0.31322472
0.85584527 0.11105227 0.14851725 0.65322327 0.50133143 0.70675028  0.53914667 0.59414938 0.40525464 0.44282104 0.31179062 0.44597929  0.39825967 0.51052985 0.5684764  0.31322472
0.85438839 0.11785175 0.14784618 0.63003826 0.49366775 0.69504408  0.51195141 0.57702699 0.37847117 0.45991632 0.33077833 0.41288107  0.41808275 0.48756183 0.60286989 0.33186593
0.85438839 0.11785175 0.14784618 0.63003826 0.49366775 0.69504408  0.51195141 0.57702699 0.37847117 0.45991632 0.33077833 0.41288107  0.41808275 0.48756183 0.60286989 0.33186593
0.85438839 0.11785175 0.14784618 0.63003826 0.49366775 0.69504408  0.51195141 0.57702699 0.37847117 0.45991632 0.33077833 0.41288107  0.41808275 0.48756183 0.60286989 0.33186593
0.8428423  0.13190458 0.11928377 0.60177355 0.51409283 0.71982068  0.49874916 0.57279656 0.41337072 0.40630149 0.29243695 0.39217788  0.39810672 0.47865995 0.54289025 0.40039359
0.82214249 0.17190999 0.08452889 0.53852121 0.55515782 0.76530054  0.49105136 0.56307074 0.45547828 0.30222343 0.14877211 0.33174931  0.40155555 0.42229264 0.57605406 0.3544892 
0.80485286 0.19403565 0.06207464 0.50383966 0.56651603 0.7290238  0.50641752 0.52698244 0.47865314 0.30164007 0.22165637 0.2912277  0.4326719  0.40425518 0.66497939 0.4691797 
0.79600235 0.23350319 0.06697943 0.40037547 0.51312806 0.65385598  0.41572653 0.45340828 0.41987252 0.35067229 0.31243578 0.23519009  0.48902407 0.31758766 0.70827301 0.57018847
0.79600235 0.23350319 0.06697943 0.40037547 0.51312806 0.65385598  0.41572653 0.45340828 0.41987252 0.35067229 0.31243578 0.23519009  0.48902407 0.31758766 0.70827301 0.57018847
0.61799806 0.54128687 0.03135391 0.34552169 0.48837948 0.44627887  0.58793021 0.07991116 0.58779847 0.3606061  0.45881439 0.43258471  0.56306032 0.53246041 0.63912254 0.38456616
0.61799806 0.54128687 0.03135391 0.34552169 0.48837948 0.44627887  0.58793021 0.07991116 0.58779847 0.3606061  0.45881439 0.43258471  0.56306032 0.53246041 0.63912254 0.38456616
0.28730142 0.641105   0.15128744 0.50432004 0.48077827 0.16069318  0.65195504 0.47974535 0.16763032 0.39020542 0.25239803 0.4856254  0.51190092 0.37667141 0.42787008 0.45525143
0.17957741 0.57538208 0.21896089 0.54065689 0.4322978  0.24681633  0.5115697  0.48072502 0.23892101 0.39963593 0.20298965 0.49179386  0.53413259 0.29414188 0.27399972 0.50911882
0.03530472 0.41371177 0.32449245 0.44717499 0.36543573 0.42942868  0.4584486  0.49182641 0.42935187 0.38251683 0.3665383  0.45119726  0.57400726 0.38653202 0.39012683 0.47468522
0.00039479 0.36283831 0.35232302 0.39930133 0.34523319 0.50234819  0.48417291 0.45702496 0.47508945 0.39693445 0.45000532 0.44589633  0.47476172 0.42761975 0.50206904 0.41641874
0.00039479 0.36283831 0.35232302 0.39930133 0.34523319 0.50234819  0.48417291 0.45702496 0.47508945 0.39693445 0.45000532 0.44589633  0.47476172 0.42761975 0.50206904 0.41641874
0.00039479 0.36283831 0.35232302 0.39930133 0.34523319 0.50234819  0.48417291 0.45702496 0.47508945 0.39693445 0.45000532 0.44589633  0.47476172 0.42761975 0.50206904 0.41641874
0.00039479 0.36283831 0.35232302 0.39930133 0.34523319 0.50234819  0.48417291 0.45702496 0.47508945 0.39693445 0.45000532 0.44589633  0.47476172 0.42761975 0.50206904 0.41641874
0.00039479 0.36283831 0.35232302 0.39930133 0.34523319 0.50234819  0.48417291 0.45702496 0.47508945 0.39693445 0.45000532 0.44589633  0.47476172 0.42761975 0.50206904 0.41641874
0.00039479 0.36283831 0.35232302 0.39930133 0.34523319 0.50234819  0.48417291 0.45702496 0.47508945 0.39693445 0.45000532 0.44589633  0.47476172 0.42761975 0.50206904 0.41641874
0.00039479 0.36283831 0.35232302 0.39930133 0.34523319 0.50234819  0.48417291 0.45702496 0.47508945 0.39693445 0.45000532 0.44589633  0.47476172 0.42761975 0.50206904 0.41641874
0.00039479 0.36283831 0.35232302 0.39930133 0.34523319 0.50234819  0.48417291 0.45702496 0.47508945 0.39693445 0.45000532 0.44589633  0.47476172 0.42761975 0.50206904 0.41641874
0.00039479 0.36283831 0.35232302 0.39930133 0.34523319 0.50234819  0.48417291 0.45702496 0.47508945 0.39693445 0.45000532 0.44589633  0.47476172 0.42761975 0.50206904 0.41641874
0.00039479 0.36283831 0.35232302 0.39930133 0.34523319 0.50234819  0.48417291 0.45702496 0.47508945 0.39693445 0.45000532 0.44589633  0.47476172 0.42761975 0.50206904 0.41641874
0.10917141 0.51455462 0.27527812 0.52275027 0.38564485 0.39471974  0.38063919 0.52615626 0.53194034 0.3787913  0.4588815  0.44062594  0.53114931 0.50144498 0.6053583  0.38086627
0.36555831 0.76056113 0.15406508 0.58132128 0.3649522  0.47674661  0.33696142 0.59260042 0.64785524 0.33980451 0.64290753 0.38750123  0.60324983 0.45216578 0.45331427 0.38876137
0.43481616 0.70250563 0.14509956 0.42792567 0.36708736 0.46541623  0.43394375 0.73350461 0.66889029 0.24898593 0.74151439 0.34680151  0.72653685 0.49437617 0.56507348 0.40197931
0.46596951 0.64990807 0.1586488  0.38126248 0.35210559 0.43429977  0.38262694 0.86690083 0.66266959 0.27338205 0.7108473  0.36386556  0.57928094 0.41043169 0.6382655  0.41608355
0.52068406 0.64759938 0.14709986 0.29662571 0.33821024 0.48669265  0.49347469 0.85975655 0.61223907 0.25920771 0.73522375 0.34867981  0.61720654 0.40798675 0.61780782 0.40478574
0.52068406 0.64759938 0.14709986 0.29662571 0.33821024 0.48669265  0.49347469 0.85975655 0.61223907 0.25920771 0.73522375 0.34867981  0.61720654 0.40798675 0.61780782 0.40478574
0.52068406 0.64759938 0.14709986 0.29662571 0.33821024 0.48669265  0.49347469 0.85975655 0.61223907 0.25920771 0.73522375 0.34867981  0.61720654 0.40798675 0.61780782 0.40478574
0.51145955 0.63397581 0.16126142 0.37696448 0.31668447 0.475204  0.44806892 0.85625168 0.6308813  0.32497506 0.81711273 0.3865589  0.58304096 0.38586271 0.51905395 0.4920761 
0.51778718 0.63294909 0.16659758 0.33701414 0.31126109 0.48530312  0.3990517  0.893778   0.59886724 0.29379857 0.69715369 0.36223571  0.45208888 0.30608657 0.59493813 0.38895085
0.5213707  0.67016401 0.14251433 0.33111413 0.33263456 0.48660709  0.48778423 0.82066018 0.55250074 0.27996128 0.6915316  0.36304263  0.4798318  0.3272513  0.51922963 0.39031128
0.50458002 0.69137789 0.14622705 0.3740551  0.32605372 0.50308434  0.46807789 0.7796855  0.52887705 0.30171982 0.67319548 0.3676077  0.42180254 0.29616906 0.45040849 0.3762746 
0.42040595 0.75049165 0.15271837 0.48207242 0.33473791 0.56288896  0.42116393 0.64105611 0.63032391 0.29445308 0.6887555  0.35276821  0.75085394 0.47046231 0.39649496 0.41410163
0.25460157 0.69035517 0.18712755 0.62218845 0.40827002 0.33323479  0.3351667  0.57098237 0.52103833 0.33686371 0.47378379 0.41371146  0.645061   0.42638086 0.3597598  0.40818059
0.16221687 0.59555646 0.23123436 0.59951976 0.42368378 0.26055963  0.34185356 0.58621243 0.43197324 0.35048043 0.2928784  0.46957565  0.68142336 0.44537057 0.36084847 0.54434204
0.05406896 0.44104715 0.31101425 0.4676389  0.37411529 0.40153608  0.43922586 0.51027626 0.42569512 0.37483881 0.34428096 0.470016  0.57547065 0.41276545 0.35616885 0.53720361
0.05406896 0.44104715 0.31101425 0.4676389  0.37411529 0.40153608  0.43922586 0.51027626 0.42569512 0.37483881 0.34428096 0.470016  0.57547065 0.41276545 0.35616885 0.53720361
0.00140664 0.36431381 0.35232474 0.39642652 0.34463577 0.50247588  0.48308211 0.45859707 0.47435751 0.39611259 0.44362313 0.46430998  0.44184368 0.4496556  0.47683731 0.47370053
0.00140664 0.36431381 0.35232474 0.39642652 0.34463577 0.50247588  0.48308211 0.45859707 0.47435751 0.39611259 0.44362313 0.46430998  0.44184368 0.4496556  0.47683731 0.47370053
0.00140664 0.36431381 0.35232474 0.39642652 0.34463577 0.50247588  0.48308211 0.45859707 0.47435751 0.39611259 0.44362313 0.46430998  0.44184368 0.4496556  0.47683731 0.47370053
0.00039479 0.36283831 0.35232302 0.39930133 0.34523319 0.50234819  0.48417291 0.45702496 0.47508945 0.39693445 0.45000532 0.44589633  0.47476172 0.42761975 0.50206904 0.41641874
0.00039479 0.36283831 0.35232302 0.39930133 0.34523319 0.50234819  0.48417291 0.45702496 0.47508945 0.39693445 0.45000532 0.44589633  0.47476172 0.42761975 0.50206904 0.41641874
0.00039479 0.36283831 0.35232302 0.39930133 0.34523319 0.50234819  0.48417291 0.45702496 0.47508945 0.39693445 0.45000532 0.44589633  0.47476172 0.42761975 0.50206904 0.41641874
0.00039479 0.36283831 0.35232302 0.39930133 0.34523319 0.50234819  0.48417291 0.45702496 0.47508945 0.39693445 0.45000532 0.44589633  0.47476172 0.42761975 0.50206904 0.41641874
0.00039479 0.36283831 0.35232302 0.39930133 0.34523319 0.50234819  0.48417291 0.45702496 0.47508945 0.39693445 0.45000532 0.44589633  0.47476172 0.42761975 0.50206904 0.41641874
0.00039479 0.36283831 0.35232302 0.39930133 0.34523319 0.50234819  0.48417291 0.45702496 0.47508945 0.39693445 0.45000532 0.44589633  0.47476172 0.42761975 0.50206904 0.41641874
0.00039479 0.36283831 0.35232302 0.39930133 0.34523319 0.50234819  0.48417291 0.45702496 0.47508945 0.39693445 0.45000532 0.44589633  0.47476172 0.42761975 0.50206904 0.41641874
0.16147335 0.59396535 0.23348956 0.60011583 0.41679535 0.29808233  0.31762332 0.5820223  0.51901693 0.36896628 0.37391271 0.44880201  0.6449922  0.50378449 0.57459146 0.4562388 
0.23495862 0.69119809 0.18297643 0.66695012 0.44078358 0.23352283  0.29568078 0.59814769 0.49606716 0.35125743 0.38118787 0.44124864  0.62903047 0.47589483 0.51035549 0.41189082
0.3082771  0.73589114 0.1408281  0.63316264 0.44811649 0.24228239  0.4326213  0.50323581 0.39087097 0.38698358 0.40285515 0.45554027  0.42711458 0.41102229 0.46960632 0.37178484
0.40089301 0.77986284 0.10389802 0.55734561 0.42620787 0.34929428  0.5758978  0.42240327 0.37382993 0.41349252 0.53201646 0.44657476  0.2956373  0.3743781  0.45248196 0.34588376
0.51063446 0.78752363 0.0882966  0.41029067 0.37272032 0.54616975  0.70739643 0.38563215 0.40662178 0.43244602 0.58982791 0.44134334  0.41918407 0.42158995 0.52790212 0.43021969
0.59035982 0.68877167 0.07352163 0.28882347 0.37590804 0.5746052  0.69877187 0.34376537 0.48736627 0.40623536 0.477676   0.46392222  0.64860176 0.49309347 0.63825335 0.47923806
0.70010511 0.52525952 0.1012346  0.15030591 0.33497856 0.56887471  0.51908773 0.46551394 0.53384317 0.41000822 0.22684616 0.52381204  0.60512758 0.40600699 0.68380585 0.48888961
0.74029831 0.42236503 0.08253112 0.13001876 0.3795643  0.48711557  0.42582677 0.38781866 0.64367133 0.33700756 0.31734034 0.49028625  0.57951604 0.35658439 0.49608563 0.425364  
0.74029831 0.42236503 0.08253112 0.13001876 0.3795643  0.48711557  0.42582677 0.38781866 0.64367133 0.33700756 0.31734034 0.49028625  0.57951604 0.35658439 0.49608563 0.425364  
0.78540703 0.27833058 0.07714832 0.30867408 0.4587802  0.57743838  0.37622958 0.41928673 0.451094   0.37974409 0.36085262 0.28710955  0.48043276 0.30074621 0.60177083 0.60144743
0.79502292 0.23815579 0.06841517 0.39129495 0.50992226 0.64554162  0.41849058 0.45198265 0.44246011 0.35402034 0.30494387 0.24586382  0.46988236 0.34429591 0.66305091 0.57511703
0.7999243  0.21680584 0.06448215 0.43800745 0.53454427 0.68227344  0.44063796 0.47448422 0.42798535 0.34064545 0.2853728  0.22928475  0.47183348 0.35638064 0.70455434 0.55918981
0.7999243  0.21680584 0.06448215 0.43800745 0.53454427 0.68227344  0.44063796 0.47448422 0.42798535 0.34064545 0.2853728  0.22928475  0.47183348 0.35638064 0.70455434 0.55918981
0.8024689  0.20520608 0.06240434 0.47026271 0.55342578 0.70834289  0.47314104 0.50080158 0.45388958 0.31822459 0.24520803 0.2539498  0.44756472 0.38565794 0.69014112 0.5057549 
0.8024689  0.20520608 0.06240434 0.47026271 0.55342578 0.70834289  0.47314104 0.50080158 0.45388958 0.31822459 0.24520803 0.2539498  0.44756472 0.38565794 0.69014112 0.5057549 
0.7877662  0.23159231 0.04996688 0.47306497 0.57007772 0.72292714  0.50864176 0.45933805 0.48068909 0.29498752 0.26670411 0.24688126  0.56576387 0.44881684 0.65304629 0.52661594
0.7877662  0.23159231 0.04996688 0.47306497 0.57007772 0.72292714  0.50864176 0.45933805 0.48068909 0.29498752 0.26670411 0.24688126  0.56576387 0.44881684 0.65304629 0.52661594
0.72197571 0.30395283 0.00830012 0.55331525 0.63764736 0.67235845  0.63124951 0.27036006 0.52770571 0.26234623 0.45765541 0.21325011  0.62503849 0.56217141 0.67774653 0.5074334 
0.70163667 0.3846822  0.01994391 0.41569687 0.56755487 0.59041682  0.61857237 0.25411275 0.63060487 0.26534844 0.42628014 0.33273255  0.61519131 0.54722861 0.62017009 0.41416396
0.63723784 0.51533934 0.03240617 0.34340797 0.50728937 0.48561179  0.64863462 0.1844699  0.62563982 0.31840146 0.41047941 0.43447684  0.60225479 0.6141035  0.65317929 0.35618742
0.56414126 0.62978737 0.0495573  0.33254569 0.45484992 0.39978219  0.6676238  0.18746235 0.51972545 0.37165076 0.46688559 0.47501977  0.55142096 0.54535069 0.65224323 0.35174928
0.49209791 0.63879365 0.0588715  0.43589473 0.48604785 0.29181904  0.62211351 0.14747884 0.43999579 0.3802409  0.39806075 0.48325555  0.43798824 0.50545829 0.56736507 0.27296721
0.44529587 0.69735497 0.07454945 0.48263384 0.47954606 0.27334999  0.65246699 0.28040804 0.35347739 0.39582021 0.43926009 0.4664713  0.36651492 0.47261893 0.60386236 0.28084902
0.33846677 0.67749447 0.11976138 0.55870836 0.47904777 0.22105481  0.57101283 0.36814025 0.2683684  0.3905507  0.34056386 0.46765933  0.41742018 0.33054923 0.39856416 0.34039638
0.23320092 0.60297986 0.18407512 0.50863345 0.45663759 0.2126023  0.61855198 0.45239427 0.17652874 0.41301538 0.23365114 0.4963067  0.44559847 0.32385208 0.36338519 0.48518004
0.1783447  0.54314133 0.21952706 0.48564875 0.44212764 0.24536944  0.59607576 0.44888084 0.2056232  0.42250034 0.2063252  0.50552824  0.50243353 0.33418255 0.37297085 0.52517023
0.10758213 0.46983746 0.27356623 0.44628074 0.39570202 0.3518136  0.5838685  0.42386726 0.2384855  0.41493913 0.25361832 0.48862951  0.44957482 0.27461446 0.27160208 0.49178811
0.08822462 0.46366638 0.28286618 0.47182852 0.39941799 0.33786217  0.49986066 0.48194129 0.32369463 0.40582488 0.24110466 0.48740772  0.60798696 0.34770104 0.3509214  0.55039879
0.07057186 0.4363202  0.29688016 0.44476643 0.38823898 0.36908819  0.52491791 0.46269653 0.31979163 0.40788175 0.2630435  0.48417518  0.57287142 0.33420379 0.33510928 0.53324894
0.05336775 0.43914143 0.31083182 0.46832666 0.37416152 0.39938838  0.45143619 0.50292086 0.40448693 0.37548598 0.33684065 0.45259001  0.60541605 0.3574237  0.32371238 0.49045415
0.03585866 0.41212524 0.32497922 0.44119937 0.36258431 0.43456132  0.47408025 0.48300288 0.40965789 0.37891942 0.36959995 0.44872305  0.56049334 0.35167352 0.32731793 0.46450854
0.01779563 0.38669558 0.33863985 0.42004769 0.35385851 0.46460162  0.48109267 0.47190843 0.43452283 0.38595027 0.3992976  0.44733029  0.52908455 0.38078184 0.39373238 0.44873962
0.00039479 0.36283831 0.35232302 0.39930133 0.34523319 0.50234819  0.48417291 0.45702496 0.47508945 0.39693445 0.45000532 0.44589633  0.47476172 0.42761975 0.50206904 0.41641874
0.00039479 0.36283831 0.35232302 0.39930133 0.34523319 0.50234819  0.48417291 0.45702496 0.47508945 0.39693445 0.45000532 0.44589633  0.47476172 0.42761975 0.50206904 0.41641874
0.00039479 0.36283831 0.35232302 0.39930133 0.34523319 0.50234819  0.48417291 0.45702496 0.47508945 0.39693445 0.45000532 0.44589633  0.47476172 0.42761975 0.50206904 0.41641874
0.00039479 0.36283831 0.35232302 0.39930133 0.34523319 0.50234819  0.48417291 0.45702496 0.47508945 0.39693445 0.45000532 0.44589633  0.47476172 0.42761975 0.50206904 0.41641874
0.00039479 0.36283831 0.35232302 0.39930133 0.34523319 0.50234819  0.48417291 0.45702496 0.47508945 0.39693445 0.45000532 0.44589633  0.47476172 0.42761975 0.50206904 0.41641874
0.00039479 0.36283831 0.35232302 0.39930133 0.34523319 0.50234819  0.48417291 0.45702496 0.47508945 0.39693445 0.45000532 0.44589633  0.47476172 0.42761975 0.50206904 0.41641874
0.00039479 0.36283831 0.35232302 0.39930133 0.34523319 0.50234819  0.48417291 0.45702496 0.47508945 0.39693445 0.45000532 0.44589633  0.47476172 0.42761975 0.50206904 0.41641874
0.00039479 0.36283831 0.35232302 0.39930133 0.34523319 0.50234819  0.48417291 0.45702496 0.47508945 0.39693445 0.45000532 0.44589633  0.47476172 0.42761975 0.50206904 0.41641874
0.00039479 0.36283831 0.35232302 0.39930133 0.34523319 0.50234819  0.48417291 0.45702496 0.47508945 0.39693445 0.45000532 0.44589633  0.47476172 0.42761975 0.50206904 0.41641874
0.00039479 0.36283831 0.35232302 0.39930133 0.34523319 0.50234819  0.48417291 0.45702496 0.47508945 0.39693445 0.45000532 0.44589633  0.47476172 0.42761975 0.50206904 0.41641874
0.00039479 0.36283831 0.35232302 0.39930133 0.34523319 0.50234819  0.48417291 0.45702496 0.47508945 0.39693445 0.45000532 0.44589633  0.47476172 0.42761975 0.50206904 0.41641874
0.00039479 0.36283831 0.35232302 0.39930133 0.34523319 0.50234819  0.48417291 0.45702496 0.47508945 0.39693445 0.45000532 0.44589633  0.47476172 0.42761975 0.50206904 0.41641874
0.00039479 0.36283831 0.35232302 0.39930133 0.34523319 0.50234819  0.48417291 0.45702496 0.47508945 0.39693445 0.45000532 0.44589633  0.47476172 0.42761975 0.50206904 0.41641874
