0.00039479 0.36283831 0.35232302 0.39930133 0.34523319 0.50234819  0.48417291 0.45702496 0.47508945 0.39693445 0.45000532 0.44589633  0.47476172 0.42761975 0.50206904 0.41641874
0.00039479 0.36283831 0.35232302 0.39930133 0.34523319 0.50234819  0.48417291 0.45702496 0.47508945 0.39693445 0.45000532 0.44589633  0.47476172 0.42761975 0.50206904 0.41641874
0.00039479 0.36283831 0.35232302 0.39930133 0.34523319 0.50234819  0.48417291 0.45702496 0.47508945 0.39693445 0.45000532 0.44589633  0.47476172 0.42761975 0.50206904 0.41641874
0.00039479 0.36283831 0.35232302 0.39930133 0.34523319 0.50234819  0.48417291 0.45702496 0.47508945 0.39693445 0.45000532 0.44589633  0.47476172 0.42761975 0.50206904 0.41641874
0.00039479 0.36283831 0.35232302 0.39930133 0.34523319 0.50234819  0.48417291 0.45702496 0.47508945 0.39693445 0.45000532 0.44589633  0.47476172 0.42761975 0.50206904 0.41641874
0.00039479 0.36283831 0.35232302 0.39930133 0.34523319 0.50234819  0.48417291 0.45702496 0.47508945 0.39693445 0.45000532 0.44589633  0.47476172 0.42761975 0.50206904 0.41641874
0.00039479 0.36283831 0.35232302 0.39930133 0.34523319 0.50234819  0.48417291 0.45702496 0.47508945 0.39693445 0.45000532 0.44589633  0.47476172 0.42761975 0.50206904 0.41641874
0.00039479 0.36283831 0.35232302 0.39930133 0.34523319 0.50234819  0.48417291 0.45702496 0.47508945 0.39693445 0.45000532 0.44589633  0.47476172 0.42761975 0.50206904 0.41641874
0.00039479 0.36283831 0.35232302 0.39930133 0.34523319 0.50234819  0.48417291 0.45702496 0.47508945 0.39693445 0.45000532 0.44589633  0.47476172 0.42761975 0.50206904 0.41641874
0.00039479 0.36283831 0.35232302 0.39930133 0.34523319 0.50234819  0.48417291 0.45702496 0.47508945 0.39693445 0.45000532 0.44589633  0.47476172 0.42761975 0.50206904 0.41641874
0.00039479 0.36283831 0.35232302 0.39930133 0.34523319 0.50234819  0.48417291 0.45702496 0.47508945 0.39693445 0.45000532 0.44589633  0.47476172 0.42761975 0.50206904 0.41641874
0.00039479 0.36283831 0.35232302 0.39930133 0.34523319 0.50234819  0.48417291 0.45702496 0.47508945 0.39693445 0.45000532 0.44589633  0.47476172 0.42761975 0.50206904 0.41641874
0.00039479 0.36283831 0.35232302 0.39930133 0.34523319 0.50234819  0.48417291 0.45702496 0.47508945 0.39693445 0.45000532 0.44589633  0.47476172 0.42761975 0.50206904 0.41641874
0.00039479 0.36283831 0.35232302 0.39930133 0.34523319 0.50234819  0.48417291 0.45702496 0.47508945 0.39693445 0.45000532 0.44589633  0.47476172 0.42761975 0.50206904 0.41641874
0.00039479 0.36283831 0.35232302 0.39930133 0.34523319 0.50234819  0.48417291 0.45702496 0.47508945 0.39693445 0.45000532 0.44589633  0.47476172 0.42761975 0.50206904 0.41641874
0.00039479 0.36283831 0.35232302 0.39930133 0.34523319 0.50234819  0.48417291 0.45702496 0.47508945 0.39693445 0.45000532 0.44589633  0.47476172 0.42761975 0.50206904 0.41641874
0.00039479 0.36283831 0.35232302 0.39930133 0.34523319 0.50234819  0.48417291 0.45702496 0.47508945 0.39693445 0.45000532 0.44589633  0.47476172 0.42761975 0.50206904 0.41641874
0.00039479 0.36283831 0.35232302 0.39930133 0.34523319 0.50234819  0.48417291 0.45702496 0.47508945 0.39693445 0.45000532 0.44589633  0.47476172 0.42761975 0.50206904 0.41641874
0.00039479 0.36283831 0.35232302 0.39930133 0.34523319 0.50234819  0.48417291 0.45702496 0.47508945 0.39693445 0.45000532 0.44589633  0.47476172 0.42761975 0.50206904 0.41641874
0.00039479 0.36283831 0.35232302 0.39930133 0.34523319 0.50234819  0.48417291 0.45702496 0.47508945 0.39693445 0.45000532 0.44589633  0.47476172 0.42761975 0.50206904 0.41641874
0.00039479 0.36283831 0.35232302 0.39930133 0.34523319 0.50234819  0.48417291 0.45702496 0.47508945 0.39693445 0.45000532 0.44589633  0.47476172 0.42761975 0.50206904 0.41641874
0.00039479 0.36283831 0.35232302 0.39930133 0.34523319 0.50234819  0.48417291 0.45702496 0.47508945 0.39693445 0.45000532 0.44589633  0.47476172 0.42761975 0.50206904 0.41641874
0.00039479 0.36283831 0.35232302 0.39930133 0.34523319 0.50234819  0.48417291 0.45702496 0.47508945 0.39693445 0.45000532 0.44589633  0.47476172 0.42761975 0.50206904 0.41641874
0.00039479 0.36283831 0.35232302 0.39930133 0.34523319 0.50234819  0.48417291 0.45702496 0.47508945 0.39693445 0.45000532 0.44589633  0.47476172 0.42761975 0.50206904 0.41641874
0.00039479 0.36283831 0.35232302 0.39930133 0.34523319 0.50234819  0.48417291 0.45702496 0.47508945 0.39693445 0.45000532 0.44589633  0.47476172 0.42761975 0.50206904 0.41641874
0.00039479 0.36283831 0.35232302 0.39930133 0.34523319 0.50234819  0.48417291 0.45702496 0.47508945 0.39693445 0.45000532 0.44589633  0.47476172 0.42761975 0.50206904 0.41641874
0.00039479 0.36283831 0.35232302 0.39930133 0.34523319 0.50234819  0.48417291 0.45702496 0.47508945 0.39693445 0.45000532 0.44589633  0.47476172 0.42761975 0.50206904 0.41641874
0.00039479 0.36283831 0.35232302 0.39930133 0.34523319 0.50234819  0.48417291 0.45702496 0.47508945 0.39693445 0.45000532 0.44589633  0.47476172 0.42761975 0.50206904 0.41641874
0.00039479 0.36283831 0.35232302 0.39930133 0.34523319 0.50234819  0.48417291 0.45702496 0.47508945 0.39693445 0.45000532 0.44589633  0.47476172 0.42761975 0.50206904 0.41641874
0.00039479 0.36283831 0.35232302 0.39930133 0.34523319 0.50234819  0.48417291 0.45702496 0.47508945 0.39693445 0.45000532 0.44589633  0.47476172 0.42761975 0.50206904 0.41641874
0.00039479 0.36283831 0.35232302 0.39930133 0.34523319 0.50234819  0.48417291 0.45702496 0.47508945 0.39693445 0.45000532 0.44589633  0.47476172 0.42761975 0.50206904 0.41641874
0.00039479 0.36283831 0.35232302 0.39930133 0.34523319 0.50234819  0.48417291 0.45702496 0.47508945 0.39693445 0.45000532 0.44589633  0.47476172 0.42761975 0.50206904 0.41641874
0.00039479 0.36283831 0.35232302 0.39930133 0.34523319 0.50234819  0.48417291 0.45702496 0.47508945 0.39693445 0.45000532 0.44589633  0.47476172 0.42761975 0.50206904 0.41641874
0.00039479 0.36283831 0.35232302 0.39930133 0.34523319 0.50234819  0.48417291 0.45702496 0.47508945 0.39693445 0.45000532 0.44589633  0.47476172 0.42761975 0.50206904 0.41641874
0.00039479 0.36283831 0.35232302 0.39930133 0.34523319 0.50234819  0.48417291 0.45702496 0.47508945 0.39693445 0.45000532 0.44589633  0.47476172 0.42761975 0.50206904 0.41641874
0.00039479 0.36283831 0.35232302 0.39930133 0.34523319 0.50234819  0.48417291 0.45702496 0.47508945 0.39693445 0.45000532 0.44589633  0.47476172 0.42761975 0.50206904 0.41641874
0.00039479 0.36283831 0.35232302 0.39930133 0.34523319 0.50234819  0.48417291 0.45702496 0.47508945 0.39693445 0.45000532 0.44589633  0.47476172 0.42761975 0.50206904 0.41641874
0.00039479 0.36283831 0.35232302 0.39930133 0.34523319 0.50234819  0.48417291 0.45702496 0.47508945 0.39693445 0.45000532 0.44589633  0.47476172 0.42761975 0.50206904 0.41641874
0.00039479 0.36283831 0.35232302 0.39930133 0.34523319 0.50234819  0.48417291 0.45702496 0.47508945 0.39693445 0.45000532 0.44589633  0.47476172 0.42761975 0.50206904 0.41641874
0.00039479 0.36283831 0.35232302 0.39930133 0.34523319 0.50234819  0.48417291 0.45702496 0.47508945 0.39693445 0.45000532 0.44589633  0.47476172 0.42761975 0.50206904 0.41641874
0.00039479 0.36283831 0.35232302 0.39930133 0.34523319 0.50234819  0.48417291 0.45702496 0.47508945 0.39693445 0.45000532 0.44589633  0.47476172 0.42761975 0.50206904 0.41641874
0.00039479 0.36283831 0.35232302 0.39930133 0.34523319 0.50234819  0.48417291 0.45702496 0.47508945 0.39693445 0.45000532 0.44589633  0.47476172 0.42761975 0.50206904 0.41641874
0.00039479 0.36283831 0.35232302 0.39930133 0.34523319 0.50234819  0.48417291 0.45702496 0.47508945 0.39693445 0.45000532 0.44589633  0.47476172 0.42761975 0.50206904 0.41641874
0.00039479 0.36283831 0.35232302 0.39930133 0.34523319 0.50234819  0.48417291 0.45702496 0.47508945 0.39693445 0.45000532 0.44589633  0.47476172 0.42761975 0.50206904 0.41641874
0.00039479 0.36283831 0.35232302 0.39930133 0.34523319 0.50234819  0.48417291 0.45702496 0.47508945 0.39693445 0.45000532 0.44589633  0.47476172 0.42761975 0.50206904 0.41641874
0.00039479 0.36283831 0.35232302 0.39930133 0.34523319 0.50234819  0.48417291 0.45702496 0.47508945 0.39693445 0.45000532 0.44589633  0.47476172 0.42761975 0.50206904 0.41641874
0.00039479 0.36283831 0.35232302 0.39930133 0.34523319 0.50234819  0.48417291 0.45702496 0.47508945 0.39693445 0.45000532 0.44589633  0.47476172 0.42761975 0.50206904 0.41641874
0.00039479 0.36283831 0.35232302 0.39930133 0.34523319 0.50234819  0.48417291 0.45702496 0.47508945 0.39693445 0.45000532 0.44589633  0.47476172 0.42761975 0.50206904 0.41641874
0.03540017 0.41718963 0.32450808 0.45341476 0.36814944 0.43963834  0.43244666 0.49689867 0.48559948 0.39258167 0.40702111 0.45241186  0.54776626 0.46341302 0.546645   0.45216901
0.08948736 0.49521366 0.28518251 0.51992462 0.39140831 0.38269037  0.37354917 0.53067635 0.51969359 0.39491743 0.40176919 0.45701493  0.55467763 0.50816085 0.64166497 0.45742585
0.20054741 0.63419577 0.21871441 0.60278561 0.39853598 0.39437943  0.30500872 0.52635541 0.63721262 0.41646354 0.53795394 0.4480709  0.38882937 0.56767446 0.82697455 0.35357398
0.31034489 0.74824829 0.16674519 0.64327629 0.37929437 0.44928066  0.28372475 0.50850663 0.64196606 0.42823626 0.52022239 0.45072415  0.46239879 0.45110069 0.58866572 0.44195836
0.31034489 0.74824829 0.16674519 0.64327629 0.37929437 0.44928066  0.28372475 0.50850663 0.64196606 0.42823626 0.52022239 0.45072415  0.46239879 0.45110069 0.58866572 0.44195836
0.40343091 0.8007634  0.15511196 0.5957954  0.3058326  0.66343265  0.28722977 0.45309638 0.70901758 0.45371406 0.550006   0.45055164  0.55642592 0.41144441 0.48545025 0.49774096
0.45778696 0.80446512 0.1363664  0.52623515 0.30628047 0.65920903  0.41069615 0.46791685 0.59346968 0.43246196 0.56587936 0.43354331  0.45949832 0.35975653 0.413546   0.45152074
0.51164608 0.78688069 0.11683675 0.41387442 0.31747946 0.65674674  0.57974336 0.48958573 0.51591214 0.3945846  0.6270236  0.40694515  0.53571065 0.40603423 0.42682616 0.44888131
0.61359639 0.70602902 0.12708186 0.24425495 0.28995095 0.66442193  0.63814237 0.62599148 0.39744107 0.41906917 0.41432031 0.453696  0.64102134 0.40103942 0.48983862 0.51784114
0.64508072 0.65265402 0.13494245 0.19084885 0.28124137 0.6281543  0.59554035 0.74328506 0.41761212 0.40830666 0.40399976 0.4631499  0.53068227 0.31635145 0.6036428  0.53214929
0.68994667 0.58072322 0.16560517 0.17381581 0.25057608 0.59779731  0.49463272 0.7785231  0.38683971 0.42637382 0.34527173 0.48015602  0.40638123 0.2950421  0.56513268 0.44181067
0.71805663 0.51502276 0.15289173 0.14678228 0.27702586 0.54891321  0.44878089 0.68485456 0.46416448 0.39897882 0.32334872 0.48853576  0.42080515 0.33699688 0.52943389 0.4160798 
0.7451528  0.45028008 0.13941952 0.13252562 0.30101081 0.50845573  0.40362937 0.60069575 0.51910181 0.38193057 0.31852414 0.49330409  0.41800934 0.34935464 0.49568847 0.3959866 
0.75802386 0.4155796  0.12973512 0.131697   0.3193476  0.49474856  0.37094136 0.52394194 0.55037195 0.37663162 0.29648006 0.49527973  0.4321567  0.3194859  0.4661916  0.36463466
0.7703486  0.40093371 0.15738869 0.15780124 0.28951118 0.47395207  0.36512265 0.52973055 0.50304984 0.42629611 0.34168193 0.52431658  0.41595493 0.35923596 0.47181714 0.32827483
0.79432375 0.35391506 0.17432463 0.18940653 0.28857736 0.44388436  0.35294017 0.44958967 0.48409151 0.48226429 0.33708458 0.55214495  0.45916766 0.33431612 0.54276226 0.23133622
0.8258977  0.23907171 0.16638834 0.36090556 0.34957779 0.49845667  0.35007305 0.44152601 0.35730057 0.54120604 0.48650092 0.42475257  0.49678279 0.33142712 0.57597779 0.44283659
0.8258977  0.23907171 0.16638834 0.36090556 0.34957779 0.49845667  0.35007305 0.44152601 0.35730057 0.54120604 0.48650092 0.42475257  0.49678279 0.33142712 0.57597779 0.44283659
0.8258977  0.23907171 0.16638834 0.36090556 0.34957779 0.49845667  0.35007305 0.44152601 0.35730057 0.54120604 0.48650092 0.42475257  0.49678279 0.33142712 0.57597779 0.44283659
0.83310485 0.21090732 0.16360568 0.4080122  0.37321663 0.52410805  0.3523602  0.44353142 0.32352824 0.55617732 0.50055591 0.37329143  0.49103646 0.35825409 0.57256327 0.5105449 
0.83310485 0.21090732 0.16360568 0.4080122  0.37321663 0.52410805  0.3523602  0.44353142 0.32352824 0.55617732 0.50055591 0.37329143  0.49103646 0.35825409 0.57256327 0.5105449 
0.83310485 0.21090732 0.16360568 0.4080122  0.37321663 0.52410805  0.3523602  0.44353142 0.32352824 0.55617732 0.50055591 0.37329143  0.49103646 0.35825409 0.57256327 0.5105449 
0.83310485 0.21090732 0.16360568 0.4080122  0.37321663 0.52410805  0.3523602  0.44353142 0.32352824 0.55617732 0.50055591 0.37329143  0.49103646 0.35825409 0.57256327 0.5105449 
0.83310485 0.21090732 0.16360568 0.4080122  0.37321663 0.52410805  0.3523602  0.44353142 0.32352824 0.55617732 0.50055591 0.37329143  0.49103646 0.35825409 0.57256327 0.5105449 
0.83310485 0.21090732 0.16360568 0.4080122  0.37321663 0.52410805  0.3523602  0.44353142 0.32352824 0.55617732 0.50055591 0.37329143  0.49103646 0.35825409 0.57256327 0.5105449 
0.80923403 0.23960605 0.1073897  0.35364324 0.42347813 0.56968113  0.34497666 0.43351238 0.4057499  0.452898   0.41701266 0.32355139  0.4872622  0.30960213 0.50695809 0.61543238
0.79303268 0.2944874  0.10188671 0.27018595 0.41441615 0.57881558  0.3340753  0.43577975 0.44002849 0.38263112 0.28173581 0.34107069  0.47948342 0.26789644 0.56860425 0.45110225
0.78582552 0.32265179 0.10466938 0.22307931 0.39077731 0.5531642  0.33178815 0.43377435 0.47380082 0.36765984 0.26768082 0.39253183  0.48522975 0.24106947 0.57201878 0.38339394
0.74029831 0.42236503 0.08253112 0.13001876 0.3795643  0.48711557  0.42582677 0.38781866 0.64367133 0.33700756 0.31734034 0.49028625  0.57951604 0.35658439 0.49608563 0.425364  
0.66210193 0.53009608 0.04737255 0.20582606 0.43113082 0.46012609  0.58588894 0.21335801 0.66576282 0.3314285  0.4455944  0.48120594  0.65883775 0.53185857 0.61481044 0.43323704
0.63297619 0.59153558 0.05348946 0.24158776 0.41223229 0.50479612  0.63476359 0.20349309 0.60422963 0.37165934 0.41605394 0.49302748  0.68238069 0.59190425 0.62759022 0.45622864
0.57885258 0.59760781 0.04464249 0.31049385 0.46491006 0.36708333  0.64698631 0.17094841 0.56631119 0.34774051 0.47195658 0.47990724  0.55124255 0.59496157 0.63266167 0.35055096
0.39603263 0.68357603 0.10965921 0.44911488 0.45294329 0.29336962  0.70109743 0.35262236 0.30362453 0.40420807 0.43419517 0.47090529  0.35932408 0.46802633 0.54039796 0.36710952
0.38134234 0.71294818 0.11662323 0.46781452 0.44496148 0.31024788  0.70879453 0.42226384 0.27361232 0.39419411 0.50171699 0.44158612  0.3420728  0.39374897 0.48011881 0.36014714
0.21529207 0.57710891 0.1979015  0.48521878 0.44752064 0.2443117  0.63265899 0.4362275  0.19123155 0.42100907 0.26124022 0.49531763  0.40418333 0.33620033 0.40448084 0.47259825
0.21529207 0.57710891 0.1979015  0.48521878 0.44752064 0.2443117  0.63265899 0.4362275  0.19123155 0.42100907 0.26124022 0.49531763  0.40418333 0.33620033 0.40448084 0.47259825
0.14258751 0.52418878 0.24575129 0.50039417 0.41861827 0.28910375  0.53214224 0.46374097 0.24899553 0.41058636 0.2106341  0.49514504  0.52257936 0.31040772 0.31617805 0.52753838
0.08822462 0.46366638 0.28286618 0.47182852 0.39941799 0.33786217  0.49986066 0.48194129 0.32369463 0.40582488 0.24110466 0.48740772  0.60798696 0.34770104 0.3509214  0.55039879
0.05351142 0.43947142 0.31096524 0.46826146 0.37376331 0.40333531  0.449023   0.50224764 0.41356088 0.37686256 0.34766111 0.45195559  0.59560889 0.36517078 0.34313004 0.48165838
0.05351142 0.43947142 0.31096524 0.46826146 0.37376331 0.40333531  0.449023   0.50224764 0.41356088 0.37686256 0.34766111 0.45195559  0.59560889 0.36517078 0.34313004 0.48165838
0.03585866 0.41212524 0.32497922 0.44119937 0.36258431 0.43456132  0.47408025 0.48300288 0.40965789 0.37891942 0.36959995 0.44872305  0.56049334 0.35167352 0.32731793 0.46450854
0.03585866 0.41212524 0.32497922 0.44119937 0.36258431 0.43456132  0.47408025 0.48300288 0.40965789 0.37891942 0.36959995 0.44872305  0.56049334 0.35167352 0.32731793 0.46450854
0.01779563 0.38669558 0.33863985 0.42004769 0.35385851 0.46460162  0.48109267 0.47190843 0.43452283 0.38595027 0.3992976  0.44733029  0.52908455 0.38078184 0.39373238 0.44873962
0.01779563 0.38669558 0.33863985 0.42004769 0.35385851 0.46460162  0.48109267 0.47190843 0.43452283 0.38595027 0.3992976  0.44733029  0.52908455 0.38078184 0.39373238 0.44873962
0.01779563 0.38669558 0.33863985 0.42004769 0.35385851 0.46460162  0.48109267 0.47190843 0.43452283 0.38595027 0.3992976  0.44733029  0.52908455 0.38078184 0.39373238 0.44873962
0.00039479 0.36283831 0.35232302 0.39930133 0.34523319 0.50234819  0.48417291 0.45702496 0.47508945 0.39693445 0.45000532 0.44589633  0.47476172 0.42761975 0.50206904 0.41641874
0.00039479 0.36283831 0.35232302 0.39930133 0.34523319 0.50234819  0.48417291 0.45702496 0.47508945 0.39693445 0.45000532 0.44589633  0.47476172 0.42761975 0.50206904 0.41641874
0.00039479 0.36283831 0.35232302 0.39930133 0.34523319 0.50234819  0.48417291 0.45702496 0.47508945 0.39693445 0.45000532 0.44589633  0.47476172 0.42761975 0.50206904 0.41641874
0.00039479 0.36283831 0.35232302 0.39930133 0.34523319 0.50234819  0.48417291 0.45702496 0.47508945 0.39693445 0.45000532 0.44589633  0.47476172 0.42761975 0.50206904 0.41641874
0.00039479 0.36283831 0.35232302 0.39930133 0.34523319 0.50234819  0.48417291 0.45702496 0.47508945 0.39693445 0.45000532 0.44589633  0.47476172 0.42761975 0.50206904 0.41641874
0.00039479 0.36283831 0.35232302 0.39930133 0.34523319 0.50234819  0.48417291 0.45702496 0.47508945 0.39693445 0.45000532 0.44589633  0.47476172 0.42761975 0.50206904 0.41641874
0.00039479 0.36283831 0.35232302 0.39930133 0.34523319 0.50234819  0.48417291 0.45702496 0.47508945 0.39693445 0.45000532 0.44589633  0.47476172 0.42761975 0.50206904 0.41641874
0.00039479 0.36283831 0.35232302 0.39930133 0.34523319 0.50234819  0.48417291 0.45702496 0.47508945 0.39693445 0.45000532 0.44589633  0.47476172 0.42761975 0.50206904 0.41641874
0.00039479 0.36283831 0.35232302 0.39930133 0.34523319 0.50234819  0.48417291 0.45702496 0.47508945 0.39693445 0.45000532 0.44589633  0.47476172 0.42761975 0.50206904 0.41641874
