0.00039479 0.36283831 0.35232302 0.39930133 0.34523319 0.50234819  0.48417291 0.45702496 0.47508945 0.39693445 0.45000532 0.44589633  0.47476172 0.42761975 0.50206904 0.41641874
0.00039479 0.36283831 0.35232302 0.39930133 0.34523319 0.50234819  0.48417291 0.45702496 0.47508945 0.39693445 0.45000532 0.44589633  0.47476172 0.42761975 0.50206904 0.41641874
0.00039479 0.36283831 0.35232302 0.39930133 0.34523319 0.50234819  0.48417291 0.45702496 0.47508945 0.39693445 0.45000532 0.44589633  0.47476172 0.42761975 0.50206904 0.41641874
0.00039479 0.36283831 0.35232302 0.39930133 0.34523319 0.50234819  0.48417291 0.45702496 0.47508945 0.39693445 0.45000532 0.44589633  0.47476172 0.42761975 0.50206904 0.41641874
0.00039479 0.36283831 0.35232302 0.39930133 0.34523319 0.50234819  0.48417291 0.45702496 0.47508945 0.39693445 0.45000532 0.44589633  0.47476172 0.42761975 0.50206904 0.41641874
0.00039479 0.36283831 0.35232302 0.39930133 0.34523319 0.50234819  0.48417291 0.45702496 0.47508945 0.39693445 0.45000532 0.44589633  0.47476172 0.42761975 0.50206904 0.41641874
0.00039479 0.36283831 0.35232302 0.39930133 0.34523319 0.50234819  0.48417291 0.45702496 0.47508945 0.39693445 0.45000532 0.44589633  0.47476172 0.42761975 0.50206904 0.41641874
0.00039479 0.36283831 0.35232302 0.39930133 0.34523319 0.50234819  0.48417291 0.45702496 0.47508945 0.39693445 0.45000532 0.44589633  0.47476172 0.42761975 0.50206904 0.41641874
0.00039479 0.36283831 0.35232302 0.39930133 0.34523319 0.50234819  0.48417291 0.45702496 0.47508945 0.39693445 0.45000532 0.44589633  0.47476172 0.42761975 0.50206904 0.41641874
0.00039479 0.36283831 0.35232302 0.39930133 0.34523319 0.50234819  0.48417291 0.45702496 0.47508945 0.39693445 0.45000532 0.44589633  0.47476172 0.42761975 0.50206904 0.41641874
0.00039479 0.36283831 0.35232302 0.39930133 0.34523319 0.50234819  0.48417291 0.45702496 0.47508945 0.39693445 0.45000532 0.44589633  0.47476172 0.42761975 0.50206904 0.41641874
0.00039479 0.36283831 0.35232302 0.39930133 0.34523319 0.50234819  0.48417291 0.45702496 0.47508945 0.39693445 0.45000532 0.44589633  0.47476172 0.42761975 0.50206904 0.41641874
0.00039479 0.36283831 0.35232302 0.39930133 0.34523319 0.50234819  0.48417291 0.45702496 0.47508945 0.39693445 0.45000532 0.44589633  0.47476172 0.42761975 0.50206904 0.41641874
0.00039479 0.36283831 0.35232302 0.39930133 0.34523319 0.50234819  0.48417291 0.45702496 0.47508945 0.39693445 0.45000532 0.44589633  0.47476172 0.42761975 0.50206904 0.41641874
0.00039479 0.36283831 0.35232302 0.39930133 0.34523319 0.50234819  0.48417291 0.45702496 0.47508945 0.39693445 0.45000532 0.44589633  0.47476172 0.42761975 0.50206904 0.41641874
0.00039479 0.36283831 0.35232302 0.39930133 0.34523319 0.50234819  0.48417291 0.45702496 0.47508945 0.39693445 0.45000532 0.44589633  0.47476172 0.42761975 0.50206904 0.41641874
0.00039479 0.36283831 0.35232302 0.39930133 0.34523319 0.50234819  0.48417291 0.45702496 0.47508945 0.39693445 0.45000532 0.44589633  0.47476172 0.42761975 0.50206904 0.41641874
0.00039479 0.36283831 0.35232302 0.39930133 0.34523319 0.50234819  0.48417291 0.45702496 0.47508945 0.39693445 0.45000532 0.44589633  0.47476172 0.42761975 0.50206904 0.41641874
0.00039479 0.36283831 0.35232302 0.39930133 0.34523319 0.50234819  0.48417291 0.45702496 0.47508945 0.39693445 0.45000532 0.44589633  0.47476172 0.42761975 0.50206904 0.41641874
0.00039479 0.36283831 0.35232302 0.39930133 0.34523319 0.50234819  0.48417291 0.45702496 0.47508945 0.39693445 0.45000532 0.44589633  0.47476172 0.42761975 0.50206904 0.41641874
0.00039479 0.36283831 0.35232302 0.39930133 0.34523319 0.50234819  0.48417291 0.45702496 0.47508945 0.39693445 0.45000532 0.44589633  0.47476172 0.42761975 0.50206904 0.41641874
0.00039479 0.36283831 0.35232302 0.39930133 0.34523319 0.50234819  0.48417291 0.45702496 0.47508945 0.39693445 0.45000532 0.44589633  0.47476172 0.42761975 0.50206904 0.41641874
0.00039479 0.36283831 0.35232302 0.39930133 0.34523319 0.50234819  0.48417291 0.45702496 0.47508945 0.39693445 0.45000532 0.44589633  0.47476172 0.42761975 0.50206904 0.41641874
0.00039479 0.36283831 0.35232302 0.39930133 0.34523319 0.50234819  0.48417291 0.45702496 0.47508945 0.39693445 0.45000532 0.44589633  0.47476172 0.42761975 0.50206904 0.41641874
0.00039479 0.36283831 0.35232302 0.39930133 0.34523319 0.50234819  0.48417291 0.45702496 0.47508945 0.39693445 0.45000532 0.44589633  0.47476172 0.42761975 0.50206904 0.41641874
0.00039479 0.36283831 0.35232302 0.39930133 0.34523319 0.50234819  0.48417291 0.45702496 0.47508945 0.39693445 0.45000532 0.44589633  0.47476172 0.42761975 0.50206904 0.41641874
0.00039479 0.36283831 0.35232302 0.39930133 0.34523319 0.50234819  0.48417291 0.45702496 0.47508945 0.39693445 0.45000532 0.44589633  0.47476172 0.42761975 0.50206904 0.41641874
0.00039479 0.36283831 0.35232302 0.39930133 0.34523319 0.50234819  0.48417291 0.45702496 0.47508945 0.39693445 0.45000532 0.44589633  0.47476172 0.42761975 0.50206904 0.41641874
0.00039479 0.36283831 0.35232302 0.39930133 0.34523319 0.50234819  0.48417291 0.45702496 0.47508945 0.39693445 0.45000532 0.44589633  0.47476172 0.42761975 0.50206904 0.41641874
0.00039479 0.36283831 0.35232302 0.39930133 0.34523319 0.50234819  0.48417291 0.45702496 0.47508945 0.39693445 0.45000532 0.44589633  0.47476172 0.42761975 0.50206904 0.41641874
0.00039479 0.36283831 0.35232302 0.39930133 0.34523319 0.50234819  0.48417291 0.45702496 0.47508945 0.39693445 0.45000532 0.44589633  0.47476172 0.42761975 0.50206904 0.41641874
0.00039479 0.36283831 0.35232302 0.39930133 0.34523319 0.50234819  0.48417291 0.45702496 0.47508945 0.39693445 0.45000532 0.44589633  0.47476172 0.42761975 0.50206904 0.41641874
0.00039479 0.36283831 0.35232302 0.39930133 0.34523319 0.50234819  0.48417291 0.45702496 0.47508945 0.39693445 0.45000532 0.44589633  0.47476172 0.42761975 0.50206904 0.41641874
0.00039479 0.36283831 0.35232302 0.39930133 0.34523319 0.50234819  0.48417291 0.45702496 0.47508945 0.39693445 0.45000532 0.44589633  0.47476172 0.42761975 0.50206904 0.41641874
0.00039479 0.36283831 0.35232302 0.39930133 0.34523319 0.50234819  0.48417291 0.45702496 0.47508945 0.39693445 0.45000532 0.44589633  0.47476172 0.42761975 0.50206904 0.41641874
0.00039479 0.36283831 0.35232302 0.39930133 0.34523319 0.50234819  0.48417291 0.45702496 0.47508945 0.39693445 0.45000532 0.44589633  0.47476172 0.42761975 0.50206904 0.41641874
0.00039479 0.36283831 0.35232302 0.39930133 0.34523319 0.50234819  0.48417291 0.45702496 0.47508945 0.39693445 0.45000532 0.44589633  0.47476172 0.42761975 0.50206904 0.41641874
0.00039479 0.36283831 0.35232302 0.39930133 0.34523319 0.50234819  0.48417291 0.45702496 0.47508945 0.39693445 0.45000532 0.44589633  0.47476172 0.42761975 0.50206904 0.41641874
0.00039479 0.36283831 0.35232302 0.39930133 0.34523319 0.50234819  0.48417291 0.45702496 0.47508945 0.39693445 0.45000532 0.44589633  0.47476172 0.42761975 0.50206904 0.41641874
0.00039479 0.36283831 0.35232302 0.39930133 0.34523319 0.50234819  0.48417291 0.45702496 0.47508945 0.39693445 0.45000532 0.44589633  0.47476172 0.42761975 0.50206904 0.41641874
0.00039479 0.36283831 0.35232302 0.39930133 0.34523319 0.50234819  0.48417291 0.45702496 0.47508945 0.39693445 0.45000532 0.44589633  0.47476172 0.42761975 0.50206904 0.41641874
0.00039479 0.36283831 0.35232302 0.39930133 0.34523319 0.50234819  0.48417291 0.45702496 0.47508945 0.39693445 0.45000532 0.44589633  0.47476172 0.42761975 0.50206904 0.41641874
0.00039479 0.36283831 0.35232302 0.39930133 0.34523319 0.50234819  0.48417291 0.45702496 0.47508945 0.39693445 0.45000532 0.44589633  0.47476172 0.42761975 0.50206904 0.41641874
0.00039479 0.36283831 0.35232302 0.39930133 0.34523319 0.50234819  0.48417291 0.45702496 0.47508945 0.39693445 0.45000532 0.44589633  0.47476172 0.42761975 0.50206904 0.41641874
0.00039479 0.36283831 0.35232302 0.39930133 0.34523319 0.50234819  0.48417291 0.45702496 0.47508945 0.39693445 0.45000532 0.44589633  0.47476172 0.42761975 0.50206904 0.41641874
0.00039479 0.36283831 0.35232302 0.39930133 0.34523319 0.50234819  0.48417291 0.45702496 0.47508945 0.39693445 0.45000532 0.44589633  0.47476172 0.42761975 0.50206904 0.41641874
0.00039479 0.36283831 0.35232302 0.39930133 0.34523319 0.50234819  0.48417291 0.45702496 0.47508945 0.39693445 0.45000532 0.44589633  0.47476172 0.42761975 0.50206904 0.41641874
0.00039479 0.36283831 0.35232302 0.39930133 0.34523319 0.50234819  0.48417291 0.45702496 0.47508945 0.39693445 0.45000532 0.44589633  0.47476172 0.42761975 0.50206904 0.41641874
0.00039479 0.36283831 0.35232302 0.39930133 0.34523319 0.50234819  0.48417291 0.45702496 0.47508945 0.39693445 0.45000532 0.44589633  0.47476172 0.42761975 0.50206904 0.41641874
0.00039479 0.36283831 0.35232302 0.39930133 0.34523319 0.50234819  0.48417291 0.45702496 0.47508945 0.39693445 0.45000532 0.44589633  0.47476172 0.42761975 0.50206904 0.41641874
0.0177474  0.38984345 0.33852207 0.42635267 0.35697043 0.47086435  0.45750391 0.47765391 0.48169648 0.39463854 0.42895995 0.44917931  0.51265071 0.44991576 0.53083289 0.43501917
0.03619885 0.41326415 0.32711218 0.44130909 0.35904965 0.46972456  0.44077499 0.48447655 0.51393351 0.39116688 0.46568687 0.44195097  0.4981915  0.48107337 0.5813762  0.40249873
0.0713607  0.46762652 0.29895079 0.49549847 0.38180587 0.4033256  0.39307368 0.5236393  0.51266555 0.38567657 0.41098872 0.44905049  0.57822976 0.5003208  0.59358277 0.44559418
0.25357882 0.70998913 0.17713897 0.67310372 0.42729483 0.28528874  0.2685735  0.58100941 0.56689299 0.38552766 0.42354325 0.45097698  0.54722988 0.50423186 0.63797693 0.41087669
0.29131437 0.74805556 0.15908228 0.6753636  0.42004641 0.3197609  0.28518274 0.55941337 0.5863977  0.37842273 0.50936378 0.43246587  0.48548483 0.47992898 0.58442582 0.36396198
0.32872762 0.77157234 0.15467178 0.65849826 0.38432666 0.43569193  0.27720796 0.51384097 0.64364067 0.4209667  0.53149912 0.44639332  0.46081215 0.45835741 0.59062133 0.41662925
0.44054965 0.82022789 0.12361278 0.55557381 0.33438396 0.60795342  0.46314807 0.39556488 0.55763478 0.4277996  0.63100969 0.42226633  0.33193637 0.36346912 0.41500279 0.3699135 
0.49362571 0.81124581 0.1016175  0.47514645 0.3390896  0.61266162  0.60791633 0.33866394 0.42945969 0.47868133 0.51729227 0.46887136  0.35637887 0.33670351 0.41965302 0.46160683
0.54644978 0.77232352 0.09582484 0.34712351 0.34185412 0.61325183  0.71214736 0.45680348 0.41778916 0.41562658 0.56980044 0.43204295  0.55008453 0.4215556  0.49818758 0.48664996
0.56324047 0.75110964 0.09211211 0.30418254 0.34843496 0.59677457  0.7318537  0.49777815 0.44141285 0.39386804 0.58813656 0.42747788  0.60811379 0.45263783 0.56700873 0.50068664
0.5805287  0.74168416 0.10642507 0.28770622 0.32206729 0.63853522  0.69543258 0.52707274 0.42096165 0.40027037 0.50992896 0.43680873  0.65015541 0.43933157 0.5128832  0.50609601
0.5805287  0.74168416 0.10642507 0.28770622 0.32206729 0.63853522  0.69543258 0.52707274 0.42096165 0.40027037 0.50992896 0.43680873  0.65015541 0.43933157 0.5128832  0.50609601
0.5805287  0.74168416 0.10642507 0.28770622 0.32206729 0.63853522  0.69543258 0.52707274 0.42096165 0.40027037 0.50992896 0.43680873  0.65015541 0.43933157 0.5128832  0.50609601
0.5805287  0.74168416 0.10642507 0.28770622 0.32206729 0.63853522  0.69543258 0.52707274 0.42096165 0.40027037 0.50992896 0.43680873  0.65015541 0.43933157 0.5128832  0.50609601
0.5805287  0.74168416 0.10642507 0.28770622 0.32206729 0.63853522  0.69543258 0.52707274 0.42096165 0.40027037 0.50992896 0.43680873  0.65015541 0.43933157 0.5128832  0.50609601
0.5805287  0.74168416 0.10642507 0.28770622 0.32206729 0.63853522  0.69543258 0.52707274 0.42096165 0.40027037 0.50992896 0.43680873  0.65015541 0.43933157 0.5128832  0.50609601
0.5805287  0.74168416 0.10642507 0.28770622 0.32206729 0.63853522  0.69543258 0.52707274 0.42096165 0.40027037 0.50992896 0.43680873  0.65015541 0.43933157 0.5128832  0.50609601
0.5805287  0.74168416 0.10642507 0.28770622 0.32206729 0.63853522  0.69543258 0.52707274 0.42096165 0.40027037 0.50992896 0.43680873  0.65015541 0.43933157 0.5128832  0.50609601
0.5805287  0.74168416 0.10642507 0.28770622 0.32206729 0.63853522  0.69543258 0.52707274 0.42096165 0.40027037 0.50992896 0.43680873  0.65015541 0.43933157 0.5128832  0.50609601
0.5805287  0.74168416 0.10642507 0.28770622 0.32206729 0.63853522  0.69543258 0.52707274 0.42096165 0.40027037 0.50992896 0.43680873  0.65015541 0.43933157 0.5128832  0.50609601
0.5805287  0.74168416 0.10642507 0.28770622 0.32206729 0.63853522  0.69543258 0.52707274 0.42096165 0.40027037 0.50992896 0.43680873  0.65015541 0.43933157 0.5128832  0.50609601
0.5805287  0.74168416 0.10642507 0.28770622 0.32206729 0.63853522  0.69543258 0.52707274 0.42096165 0.40027037 0.50992896 0.43680873  0.65015541 0.43933157 0.5128832  0.50609601
0.5805287  0.74168416 0.10642507 0.28770622 0.32206729 0.63853522  0.69543258 0.52707274 0.42096165 0.40027037 0.50992896 0.43680873  0.65015541 0.43933157 0.5128832  0.50609601
0.5805287  0.74168416 0.10642507 0.28770622 0.32206729 0.63853522  0.69543258 0.52707274 0.42096165 0.40027037 0.50992896 0.43680873  0.65015541 0.43933157 0.5128832  0.50609601
0.5805287  0.74168416 0.10642507 0.28770622 0.32206729 0.63853522  0.69543258 0.52707274 0.42096165 0.40027037 0.50992896 0.43680873  0.65015541 0.43933157 0.5128832  0.50609601
0.5805287  0.74168416 0.10642507 0.28770622 0.32206729 0.63853522  0.69543258 0.52707274 0.42096165 0.40027037 0.50992896 0.43680873  0.65015541 0.43933157 0.5128832  0.50609601
0.5805287  0.74168416 0.10642507 0.28770622 0.32206729 0.63853522  0.69543258 0.52707274 0.42096165 0.40027037 0.50992896 0.43680873  0.65015541 0.43933157 0.5128832  0.50609601
0.54644978 0.77232352 0.09582484 0.34712351 0.34185412 0.61325183  0.71214736 0.45680348 0.41778916 0.41562658 0.56980044 0.43204295  0.55008453 0.4215556  0.49818758 0.48664996
0.54644978 0.77232352 0.09582484 0.34712351 0.34185412 0.61325183  0.71214736 0.45680348 0.41778916 0.41562658 0.56980044 0.43204295  0.55008453 0.4215556  0.49818758 0.48664996
0.51061325 0.76477998 0.10477615 0.37345662 0.34524856 0.60911606  0.71734627 0.38386461 0.38265797 0.44142363 0.52549273 0.45201418  0.49783274 0.37466891 0.43893573 0.50117924
0.4383613  0.763824   0.12003113 0.4668457  0.35737065 0.56558362  0.63794111 0.32145186 0.38727483 0.4839166  0.49689689 0.47698803  0.30823527 0.31405261 0.40557717 0.48101726
0.30815561 0.65852754 0.16005713 0.48622411 0.42086455 0.36161137  0.63688507 0.37668731 0.28616371 0.47641398 0.37537445 0.50075315  0.22346253 0.3728025  0.58794263 0.43690766
0.30815561 0.65852754 0.16005713 0.48622411 0.42086455 0.36161137  0.63688507 0.37668731 0.28616371 0.47641398 0.37537445 0.50075315  0.22346253 0.3728025  0.58794263 0.43690766
0.19785035 0.58394682 0.21101477 0.52020828 0.43149991 0.27110982  0.55459337 0.45795921 0.24298455 0.40802906 0.27355222 0.48374026  0.41138564 0.32398259 0.37280444 0.46213884
0.1253834  0.52701    0.25970295 0.5239544  0.40454081 0.31940394  0.45866052 0.5039653  0.33369083 0.37819059 0.28443126 0.46355988  0.555124   0.33362764 0.30478115 0.48474358
0.03585866 0.41212524 0.32497922 0.44119937 0.36258431 0.43456132  0.47408025 0.48300288 0.40965789 0.37891942 0.36959995 0.44872305  0.56049334 0.35167352 0.32731793 0.46450854
0.01779563 0.38669558 0.33863985 0.42004769 0.35385851 0.46460162  0.48109267 0.47190843 0.43452283 0.38595027 0.3992976  0.44733029  0.52908455 0.38078184 0.39373238 0.44873962
0.00039479 0.36283831 0.35232302 0.39930133 0.34523319 0.50234819  0.48417291 0.45702496 0.47508945 0.39693445 0.45000532 0.44589633  0.47476172 0.42761975 0.50206904 0.41641874
0.00039479 0.36283831 0.35232302 0.39930133 0.34523319 0.50234819  0.48417291 0.45702496 0.47508945 0.39693445 0.45000532 0.44589633  0.47476172 0.42761975 0.50206904 0.41641874
0.00039479 0.36283831 0.35232302 0.39930133 0.34523319 0.50234819  0.48417291 0.45702496 0.47508945 0.39693445 0.45000532 0.44589633  0.47476172 0.42761975 0.50206904 0.41641874
0.00039479 0.36283831 0.35232302 0.39930133 0.34523319 0.50234819  0.48417291 0.45702496 0.47508945 0.39693445 0.45000532 0.44589633  0.47476172 0.42761975 0.50206904 0.41641874
0.00039479 0.36283831 0.35232302 0.39930133 0.34523319 0.50234819  0.48417291 0.45702496 0.47508945 0.39693445 0.45000532 0.44589633  0.47476172 0.42761975 0.50206904 0.41641874
0.00039479 0.36283831 0.35232302 0.39930133 0.34523319 0.50234819  0.48417291 0.45702496 0.47508945 0.39693445 0.45000532 0.44589633  0.47476172 0.42761975 0.50206904 0.41641874
0.00039479 0.36283831 0.35232302 0.39930133 0.34523319 0.50234819  0.48417291 0.45702496 0.47508945 0.39693445 0.45000532 0.44589633  0.47476172 0.42761975 0.50206904 0.41641874
0.00039479 0.36283831 0.35232302 0.39930133 0.34523319 0.50234819  0.48417291 0.45702496 0.47508945 0.39693445 0.45000532 0.44589633  0.47476172 0.42761975 0.50206904 0.41641874
0.00039479 0.36283831 0.35232302 0.39930133 0.34523319 0.50234819  0.48417291 0.45702496 0.47508945 0.39693445 0.45000532 0.44589633  0.47476172 0.42761975 0.50206904 0.41641874
0.00039479 0.36283831 0.35232302 0.39930133 0.34523319 0.50234819  0.48417291 0.45702496 0.47508945 0.39693445 0.45000532 0.44589633  0.47476172 0.42761975 0.50206904 0.41641874
0.00039479 0.36283831 0.35232302 0.39930133 0.34523319 0.50234819  0.48417291 0.45702496 0.47508945 0.39693445 0.45000532 0.44589633  0.47476172 0.42761975 0.50206904 0.41641874
0.00039479 0.36283831 0.35232302 0.39930133 0.34523319 0.50234819  0.48417291 0.45702496 0.47508945 0.39693445 0.45000532 0.44589633  0.47476172 0.42761975 0.50206904 0.41641874
0.00039479 0.36283831 0.35232302 0.39930133 0.34523319 0.50234819  0.48417291 0.45702496 0.47508945 0.39693445 0.45000532 0.44589633  0.47476172 0.42761975 0.50206904 0.41641874
0.00039479 0.36283831 0.35232302 0.39930133 0.34523319 0.50234819  0.48417291 0.45702496 0.47508945 0.39693445 0.45000532 0.44589633  0.47476172 0.42761975 0.50206904 0.41641874
0.00039479 0.36283831 0.35232302 0.39930133 0.34523319 0.50234819  0.48417291 0.45702496 0.47508945 0.39693445 0.45000532 0.44589633  0.47476172 0.42761975 0.50206904 0.41641874
0.00039479 0.36283831 0.35232302 0.39930133 0.34523319 0.50234819  0.48417291 0.45702496 0.47508945 0.39693445 0.45000532 0.44589633  0.47476172 0.42761975 0.50206904 0.41641874
0.00039479 0.36283831 0.35232302 0.39930133 0.34523319 0.50234819  0.48417291 0.45702496 0.47508945 0.39693445 0.45000532 0.44589633  0.47476172 0.42761975 0.50206904 0.41641874
0.00039479 0.36283831 0.35232302 0.39930133 0.34523319 0.50234819  0.48417291 0.45702496 0.47508945 0.39693445 0.45000532 0.44589633  0.47476172 0.42761975 0.50206904 0.41641874
0.00039479 0.36283831 0.35232302 0.39930133 0.34523319 0.50234819  0.48417291 0.45702496 0.47508945 0.39693445 0.45000532 0.44589633  0.47476172 0.42761975 0.50206904 0.41641874
0.00039479 0.36283831 0.35232302 0.39930133 0.34523319 0.50234819  0.48417291 0.45702496 0.47508945 0.39693445 0.45000532 0.44589633  0.47476172 0.42761975 0.50206904 0.41641874
0.00039479 0.36283831 0.35232302 0.39930133 0.34523319 0.50234819  0.48417291 0.45702496 0.47508945 0.39693445 0.45000532 0.44589633  0.47476172 0.42761975 0.50206904 0.41641874
0.08830813 0.38320366 0.33402506 0.36020539 0.33090481 0.51392777  0.43257807 0.61624951 0.5378059  0.39354743 0.48559218 0.43745034  0.51631407 0.44673265 0.57239194 0.46915778
0.4163434  0.67454459 0.16934768 0.42377978 0.34598506 0.50560225  0.39489726 0.75027803 0.68265736 0.29868461 0.76035395 0.35958364  0.55911102 0.48794352 0.62531114 0.36769796
0.52905914 0.62223987 0.15420117 0.3337738  0.32698167 0.46200928  0.5069912  0.86369376 0.61745361 0.31362127 0.83368672 0.38007154  0.62995948 0.424604   0.57901847 0.48704995
0.5475783  0.63676004 0.15131823 0.33457494 0.30959254 0.52153365  0.4925423  0.82387748 0.64648584 0.3589612  0.8118494  0.40451591  0.58541942 0.41839811 0.63364298 0.52633419
0.57468689 0.57500329 0.15724749 0.33621567 0.30894372 0.48337018  0.41958717 0.85082368 0.64461145 0.35513606 0.85305057 0.38703362  0.44717319 0.2933196  0.57671324 0.47841757
0.57468689 0.57500329 0.15724749 0.33621567 0.30894372 0.48337018  0.41958717 0.85082368 0.64461145 0.35513606 0.85305057 0.38703362  0.44717319 0.2933196  0.57671324 0.47841757
0.54359627 0.60162361 0.17331403 0.35134115 0.2917406  0.5031683  0.39833704 0.88498247 0.66496238 0.39052478 0.75494259 0.42372534  0.54040266 0.38066199 0.71273693 0.55018393
0.57823341 0.58186064 0.20143155 0.31775406 0.23915273 0.58485345  0.3270461  0.94056423 0.62416645 0.39876995 0.59465839 0.44029244  0.62838394 0.35125191 0.61484468 0.55526223
0.52599669 0.61335956 0.18037429 0.39453184 0.2814434  0.51636302  0.33941475 0.87754039 0.67839007 0.40187857 0.7383686  0.4302127  0.49348414 0.34192071 0.65277241 0.55521007
0.51762161 0.63871907 0.17327298 0.35738374 0.29267197 0.54104639  0.32589824 0.87360318 0.67317552 0.347465   0.63990563 0.39882098  0.4807312  0.32530347 0.69156176 0.47294586
0.39970731 0.73592053 0.16598697 0.53310315 0.33366352 0.52451533  0.30776195 0.67028709 0.65295259 0.36226642 0.60176723 0.40059476  0.61236555 0.41421403 0.43561334 0.43927669
0.32869787 0.75274088 0.16459228 0.62635635 0.37335385 0.43840443  0.30128773 0.55171649 0.59737871 0.37519433 0.49561826 0.42929355  0.60976559 0.44274668 0.48326923 0.42078076
0.31026764 0.75206383 0.15952262 0.64823399 0.39874639 0.37659792  0.30806681 0.54666139 0.5891055  0.36968839 0.52322653 0.42585104  0.54557613 0.4585101  0.52169231 0.38234165
0.16123435 0.59264548 0.23205319 0.59968846 0.42211742 0.26511493  0.34335479 0.58569298 0.43706045 0.34821168 0.30516717 0.44867234  0.72476046 0.42610438 0.38225639 0.4813633 
0.12471987 0.54379512 0.25712371 0.56358036 0.41131241 0.29629502  0.36709612 0.56777589 0.42968836 0.35871419 0.2981379  0.45450793  0.70781088 0.42405509 0.39812753 0.49811482
0.12471987 0.54379512 0.25712371 0.56358036 0.41131241 0.29629502  0.36709612 0.56777589 0.42968836 0.35871419 0.2981379  0.45450793  0.70781088 0.42405509 0.39812753 0.49811482
0.03642183 0.41524629 0.32484262 0.44637131 0.36316133 0.44551311  0.45106347 0.48776639 0.46324129 0.38475414 0.41331241 0.4470223  0.53714745 0.42209284 0.46353815 0.42942717
0.01830365 0.38870926 0.33849665 0.42271599 0.35435014 0.47063879  0.4700659  0.47319173 0.46038664 0.38894076 0.42241625 0.4468854  0.51617687 0.4152715  0.46097338 0.42900053
0.03565626 0.41571439 0.3246957  0.44976734 0.36608739 0.43915495  0.4433969  0.49382068 0.46699367 0.38664484 0.40137087 0.45016838  0.55406586 0.43756751 0.48973724 0.44760095
0.07081811 0.47007676 0.29653431 0.50395671 0.38884361 0.372756  0.39569558 0.53298343 0.46572571 0.38115454 0.34667273 0.4572679  0.63410412 0.45681495 0.50194381 0.4906964 
0.1440725  0.57010808 0.24717273 0.57936947 0.40817003 0.3358289  0.32070356 0.56713884 0.55958355 0.37995046 0.42462043 0.44736804  0.59066937 0.5506224  0.68292812 0.42391793
0.1979191  0.64271906 0.20775552 0.63648947 0.43055343 0.25445331  0.30409412 0.59845109 0.49582661 0.35466587 0.3554918  0.44586393  0.67481435 0.4819329  0.51013262 0.44667862
0.25357882 0.70998913 0.17713897 0.67310372 0.42729483 0.28528874  0.2685735  0.58100941 0.56689299 0.38552766 0.42354325 0.45097698  0.54722988 0.50423186 0.63797693 0.41087669
0.2905891  0.74350638 0.15382504 0.67461803 0.43475786 0.26801415  0.32752409 0.54218014 0.48558686 0.39258504 0.41411807 0.45543131  0.42393328 0.44464253 0.57446973 0.36941585
0.36439165 0.78347412 0.12521426 0.63037119 0.40992863 0.37542902  0.41820461 0.42971628 0.47168047 0.45697489 0.44310774 0.48209958  0.31161457 0.39674294 0.5658582  0.40603631
0.42086747 0.80771613 0.11356777 0.57158101 0.3730357  0.49119604  0.4964006  0.39514783 0.47085594 0.44093889 0.54798484 0.45200823  0.29581555 0.33959394 0.43001435 0.38863786
0.47504771 0.81068316 0.10684289 0.50897495 0.34185231 0.59683515  0.55071348 0.33984459 0.45412722 0.50016313 0.47218942 0.48944874  0.35304037 0.33302527 0.44791077 0.4867838 
0.51122529 0.79950986 0.09455724 0.43195576 0.3493868  0.5994669  0.66683861 0.34610602 0.416032   0.46732754 0.53386627 0.462384  0.40329739 0.37544479 0.47961754 0.45658068
0.52906469 0.78820068 0.09336626 0.38841304 0.34732777 0.60797626  0.70061735 0.39068725 0.41489499 0.43795197 0.56221965 0.44478585  0.48337353 0.40582652 0.48947905 0.4686588 
0.56324047 0.75110964 0.09211211 0.30418254 0.34843496 0.59677457  0.7318537  0.49777815 0.44141285 0.39386804 0.58813656 0.42747788  0.60811379 0.45263783 0.56700873 0.50068664
0.56324047 0.75110964 0.09211211 0.30418254 0.34843496 0.59677457  0.7318537  0.49777815 0.44141285 0.39386804 0.58813656 0.42747788  0.60811379 0.45263783 0.56700873 0.50068664
0.59398051 0.6956424  0.08631167 0.25239949 0.35679283 0.56070734  0.710451   0.4846656  0.49464095 0.38567934 0.52742924 0.45883792  0.60720818 0.50398339 0.68862218 0.51992912
0.61126875 0.68621692 0.10062462 0.23592317 0.33042516 0.60246799  0.67402989 0.51396018 0.47418976 0.39208167 0.44922165 0.46816878  0.6492498  0.49067712 0.63449665 0.5253385 
0.6721674  0.57108376 0.1038261  0.14285289 0.33343086 0.51524962  0.59139279 0.58383794 0.55356229 0.38720071 0.37897657 0.51236245  0.52162545 0.53541216 0.7265224  0.54778526
0.68459647 0.53811794 0.09219963 0.14619346 0.35292212 0.50995851  0.56600806 0.49946664 0.56950351 0.38955407 0.33603784 0.51948762  0.54486215 0.50159043 0.73748788 0.51937431
0.69746753 0.50341746 0.08251523 0.14536484 0.37125891 0.49625134  0.53332006 0.42271283 0.60077364 0.38425512 0.31399376 0.52146326  0.55900951 0.47172168 0.70799101 0.48802236
0.68203296 0.53069736 0.07581822 0.16568754 0.38034454 0.51333  0.56221647 0.36194817 0.60381848 0.37681497 0.33112882 0.51405024  0.65119169 0.53347785 0.65552114 0.48599433
0.66631418 0.55601501 0.06896598 0.19202803 0.38624068 0.5273678  0.58463687 0.2893166  0.60699434 0.35985901 0.34466086 0.50439921  0.70626543 0.55566617 0.63479899 0.47391812
0.65388511 0.58898083 0.08059245 0.18868746 0.36674941 0.53265891  0.6100216  0.37368791 0.59105312 0.35750566 0.38759959 0.49727404  0.68302873 0.5894879  0.62383352 0.50232908
0.62372582 0.63310679 0.0759639  0.2059924  0.3747803  0.50460544  0.67913073 0.42114713 0.58023418 0.35640227 0.48785125 0.48596755  0.62683974 0.63266291 0.70745592 0.52827165
0.62372582 0.63310679 0.0759639  0.2059924  0.3747803  0.50460544  0.67913073 0.42114713 0.58023418 0.35640227 0.48785125 0.48596755  0.62683974 0.63266291 0.70745592 0.52827165
0.55714942 0.70658155 0.0721869  0.32429481 0.39521029 0.48941119  0.70872288 0.30996082 0.49926516 0.41533463 0.49599324 0.48833959  0.51427458 0.6060182  0.69541771 0.46075959
0.49232617 0.77839575 0.08697787 0.4160296  0.39453189 0.47553903  0.72437009 0.42425879 0.37987072 0.39170774 0.62570307 0.4189227  0.41894639 0.42461292 0.50325903 0.38097228
0.36249766 0.7431601  0.11197637 0.56267133 0.46329333 0.2305234  0.59497883 0.459402   0.27919498 0.40815253 0.4085225  0.46587558  0.31434245 0.4118958  0.54728616 0.35278232
0.21653077 0.65338869 0.19480776 0.62415295 0.43923288 0.22622117  0.38776284 0.55268263 0.35977972 0.35729365 0.2978385  0.45442216  0.57810129 0.37530248 0.3476894  0.43277185
0.03555663 0.41720068 0.32416163 0.4534907  0.36798941 0.43594923  0.43647159 0.49618771 0.47382149 0.39144415 0.39530718 0.45299584  0.55479998 0.44686718 0.51427561 0.45951419
0.00039479 0.36283831 0.35232302 0.39930133 0.34523319 0.50234819  0.48417291 0.45702496 0.47508945 0.39693445 0.45000532 0.44589633  0.47476172 0.42761975 0.50206904 0.41641874
0.00039479 0.36283831 0.35232302 0.39930133 0.34523319 0.50234819  0.48417291 0.45702496 0.47508945 0.39693445 0.45000532 0.44589633  0.47476172 0.42761975 0.50206904 0.41641874
0.00039479 0.36283831 0.35232302 0.39930133 0.34523319 0.50234819  0.48417291 0.45702496 0.47508945 0.39693445 0.45000532 0.44589633  0.47476172 0.42761975 0.50206904 0.41641874
0.00039479 0.36283831 0.35232302 0.39930133 0.34523319 0.50234819  0.48417291 0.45702496 0.47508945 0.39693445 0.45000532 0.44589633  0.47476172 0.42761975 0.50206904 0.41641874
0.00039479 0.36283831 0.35232302 0.39930133 0.34523319 0.50234819  0.48417291 0.45702496 0.47508945 0.39693445 0.45000532 0.44589633  0.47476172 0.42761975 0.50206904 0.41641874
0.00039479 0.36283831 0.35232302 0.39930133 0.34523319 0.50234819  0.48417291 0.45702496 0.47508945 0.39693445 0.45000532 0.44589633  0.47476172 0.42761975 0.50206904 0.41641874
0.0177474  0.38984345 0.33852207 0.42635267 0.35697043 0.47086435  0.45750391 0.47765391 0.48169648 0.39463854 0.42895995 0.44917931  0.51265071 0.44991576 0.53083289 0.43501917
0.10790948 0.52006986 0.27295207 0.53758714 0.39565131 0.37686759  0.35640982 0.53644634 0.54757535 0.39453639 0.43258952 0.45227625  0.52979935 0.5365488  0.69603209 0.43060237
0.19922421 0.63536447 0.21669938 0.61331542 0.40441979 0.36062716  0.29620972 0.54841385 0.60478612 0.40782176 0.46955324 0.45292598  0.47599258 0.5384317  0.74353143 0.40785509
0.30971612 0.75619447 0.16106034 0.66645494 0.39431659 0.39722547  0.26631748 0.52826204 0.61599584 0.42572923 0.46337157 0.4614833  0.48971682 0.46506514 0.61927891 0.44158372
0.45760599 0.81752107 0.11995617 0.54396445 0.32583158 0.62363327  0.47264786 0.36157629 0.50588022 0.48718311 0.48450142 0.47787137  0.36024269 0.32080754 0.41623437 0.47632438
0.47504771 0.81068316 0.10684289 0.50897495 0.34185231 0.59683515  0.55071348 0.33984459 0.45412722 0.50016313 0.47218942 0.48944874  0.35304037 0.33302527 0.44791077 0.4867838 
0.56373801 0.76289804 0.11013779 0.33064719 0.31548645 0.65501247  0.67572625 0.48609806 0.39733796 0.42202891 0.49159284 0.4413738  0.59212615 0.40824933 0.44406205 0.49205933
0.56373801 0.76289804 0.11013779 0.33064719 0.31548645 0.65501247  0.67572625 0.48609806 0.39733796 0.42202891 0.49159284 0.4413738  0.59212615 0.40824933 0.44406205 0.49205933
0.61392737 0.70525158 0.1213932  0.23751204 0.29622314 0.65927076  0.64685717 0.60988884 0.42383282 0.38391055 0.43466685 0.44608585  0.67793819 0.40029594 0.53045078 0.51804505
0.6420285  0.76784686 0.28765798 0.23108904 0.32861173 0.65091724  0.6320029  0.54411617 0.41801469 0.25841553 0.38351379 0.35280847  0.59984549 0.5109278  0.45950635 0.56540263
0.76170169 0.77581125 0.67480963 0.21344972 0.56390388 0.57512277  0.62060396 0.3439339  0.44895824 0.25981997 0.24709071 0.38254526  0.80167604 0.57303688 0.64153766 0.36806838
0.79451016 0.74917581 0.75298185 0.17467929 0.68472344 0.50314421  0.63006248 0.36501522 0.53495504 0.46353141 0.31043974 0.39787675  0.85252481 0.61555615 0.61868084 0.33668358
0.80738122 0.71447533 0.74329745 0.17385067 0.70306023 0.48943703  0.59737448 0.28826141 0.56622518 0.45823247 0.28839567 0.39985239  0.86667218 0.5856874  0.58918396 0.30533163
0.82309999 0.68915767 0.75014968 0.14751017 0.6971641  0.47539924  0.57495408 0.36089298 0.56304932 0.47518843 0.27486363 0.40950341  0.81159844 0.56349908 0.60990611 0.31740784
0.82309999 0.68915767 0.75014968 0.14751017 0.6971641  0.47539924  0.57495408 0.36089298 0.56304932 0.47518843 0.27486363 0.40950341  0.81159844 0.56349908 0.60990611 0.31740784
0.83322925 0.63611378 0.70456662 0.18353941 0.57196505 0.41126897  0.5829805  0.30196496 0.65187021 0.44784058 0.20576073 0.2572624  0.78648436 0.57873189 0.50975118 0.23501342
0.82815751 0.62608223 0.67184142 0.20341649 0.53650284 0.44967011  0.53870247 0.27573308 0.54836232 0.28862037 0.24901074 0.36373137  0.78291153 0.55635321 0.5879868  0.22309273
0.83655257 0.44257075 0.44135559 0.25557937 0.2943538  0.42960595  0.40967537 0.3082639  0.40638865 0.26218276 0.32037708 0.62803585  0.68639611 0.39423573 0.72820949 0.25371062
0.80544228 0.40813691 0.29053475 0.2438083  0.23831371 0.43759118  0.43955446 0.37368196 0.46819996 0.3134502  0.26016705 0.57533528  0.62294411 0.27659733 0.79160023 0.25977901
0.81784816 0.37276639 0.28402655 0.24825128 0.25431683 0.41401196  0.40210005 0.35916463 0.49312508 0.28638798 0.32286429 0.55078445  0.60289702 0.21467773 0.69757566 0.23272343
0.79409492 0.36054797 0.1790172  0.19326809 0.29500802 0.4600968  0.3522784  0.42868304 0.48149235 0.43708979 0.31608554 0.54043789  0.53868138 0.31578861 0.54117649 0.18877685
0.80641966 0.34590208 0.20667078 0.21937233 0.26517161 0.43930032  0.34645969 0.43447165 0.43417024 0.48675427 0.36128741 0.56947474  0.52247962 0.35553868 0.54680203 0.15241702
0.80641966 0.34590208 0.20667078 0.21937233 0.26517161 0.43930032  0.34645969 0.43447165 0.43417024 0.48675427 0.36128741 0.56947474  0.52247962 0.35553868 0.54680203 0.15241702
0.83682568 0.22825385 0.18885052 0.40082991 0.36103945 0.54420738  0.33236321 0.42447619 0.26839242 0.50625373 0.42629577 0.35922949  0.54159548 0.3628594  0.61539239 0.34936149
0.83682568 0.22825385 0.18885052 0.40082991 0.36103945 0.54420738  0.33236321 0.42447619 0.26839242 0.50625373 0.42629577 0.35922949  0.54159548 0.3628594  0.61539239 0.34936149
0.84172705 0.2069039  0.18491749 0.4475424  0.38566146 0.58093921  0.35451059 0.44697776 0.25391766 0.49287884 0.40672469 0.34265041  0.5435466  0.37494413 0.65689582 0.33343427
0.85579608 0.15806695 0.18578294 0.52967939 0.40415874 0.59594161  0.38537667 0.46253495 0.24238549 0.5315955  0.47634189 0.33870176  0.56293974 0.39631809 0.68310523 0.40036675
0.85971803 0.1413696  0.18328565 0.56731137 0.42557495 0.62435907  0.4102881  0.48361089 0.25049832 0.52156866 0.44927891 0.33279642  0.54574915 0.43511107 0.67938656 0.38936809
0.86410034 0.1210092  0.18052203 0.62642712 0.45717175 0.66977912  0.47219445 0.53572811 0.30378633 0.48099082 0.37853282 0.39293296  0.49628752 0.49018715 0.6320714  0.28952194
0.8664843  0.10983877 0.18019232 0.66000407 0.470262   0.69046004  0.50547093 0.56190897 0.3285499  0.4644063  0.35498116 0.43021086  0.4813947  0.50878439 0.60690967 0.25294674
0.8664843  0.10983877 0.18019232 0.66000407 0.470262   0.69046004  0.50547093 0.56190897 0.3285499  0.4644063  0.35498116 0.43021086  0.4813947  0.50878439 0.60690967 0.25294674
0.8664843  0.10983877 0.18019232 0.66000407 0.470262   0.69046004  0.50547093 0.56190897 0.3285499  0.4644063  0.35498116 0.43021086  0.4813947  0.50878439 0.60690967 0.25294674
0.85493821 0.1238916  0.15162991 0.63173935 0.49068709 0.71523664  0.49226868 0.55767855 0.36344944 0.41079147 0.31663978 0.40950767  0.46141868 0.49988251 0.54693003 0.32147439
0.84656313 0.14925112 0.14452861 0.59459126 0.50191565 0.73992001  0.47875217 0.55374134 0.35823489 0.3563779  0.21817681 0.37811594  0.44866574 0.48326527 0.58571937 0.23921017
0.82214249 0.17190999 0.08452889 0.53852121 0.55515782 0.76530054  0.49105136 0.56307074 0.45547828 0.30222343 0.14877211 0.33174931  0.40155555 0.42229264 0.57605406 0.3544892 
0.82291643 0.16826762 0.08402926 0.55045595 0.56197274 0.77461527  0.50652747 0.57575619 0.47327557 0.29056098 0.12790458 0.35229607  0.38093189 0.44390258 0.55101388 0.32596734
0.82291643 0.16826762 0.08402926 0.55045595 0.56197274 0.77461527  0.50652747 0.57575619 0.47327557 0.29056098 0.12790458 0.35229607  0.38093189 0.44390258 0.55101388 0.32596734
0.80746451 0.18163264 0.06088919 0.54263488 0.58604624 0.75768914  0.5512969  0.56546775 0.52383422 0.27182064 0.17020752 0.34724595  0.38685538 0.45166391 0.60703726 0.39424661
0.79037785 0.21918929 0.04878143 0.51186019 0.58960793 0.75159248  0.55352113 0.49782335 0.52587017 0.26516809 0.21525526 0.30289951  0.51994734 0.49622556 0.59510416 0.45168284
0.71598714 0.32471403 0.00921262 0.53386653 0.6300721  0.67616013  0.66326792 0.3023645  0.59458264 0.22833594 0.39026021 0.29763263  0.60481979 0.56288174 0.6677014  0.37895625
0.65959362 0.4233941  0.0137626  0.44083791 0.57798802 0.50599772  0.60877023 0.18236165 0.63062224 0.26384856 0.43974453 0.38282035  0.50917889 0.49372774 0.69852124 0.28509682
0.58592468 0.57980282 0.03647288 0.44491537 0.5022272  0.5021777  0.63155501 0.0955278  0.59508831 0.38161865 0.35637247 0.49050081  0.44856788 0.50886614 0.64349626 0.2848802 
0.34656583 0.60407939 0.10643248 0.56394198 0.52261315 0.13104877  0.49339465 0.2541293  0.31840036 0.40477489 0.17086666 0.51856572  0.48028025 0.40806257 0.51456375 0.34813313
0.25143921 0.62762356 0.17041492 0.52837224 0.46628805 0.17872674  0.61515408 0.46531515 0.15017361 0.39472397 0.21631974 0.49018249  0.49005024 0.31048957 0.29439646 0.46813878
0.07071553 0.43665019 0.29701358 0.44470122 0.38784077 0.37303512  0.52250472 0.4620233  0.32886559 0.40925832 0.27386396 0.48354075  0.56306425 0.34195086 0.35452694 0.52445318
0.07071553 0.43665019 0.29701358 0.44470122 0.38784077 0.37303512  0.52250472 0.4620233  0.32886559 0.40925832 0.27386396 0.48354075  0.56306425 0.34195086 0.35452694 0.52445318
0.01779563 0.38669558 0.33863985 0.42004769 0.35385851 0.46460162  0.48109267 0.47190843 0.43452283 0.38595027 0.3992976  0.44733029  0.52908455 0.38078184 0.39373238 0.44873962
0.01779563 0.38669558 0.33863985 0.42004769 0.35385851 0.46460162  0.48109267 0.47190843 0.43452283 0.38595027 0.3992976  0.44733029  0.52908455 0.38078184 0.39373238 0.44873962
0.00039479 0.36283831 0.35232302 0.39930133 0.34523319 0.50234819  0.48417291 0.45702496 0.47508945 0.39693445 0.45000532 0.44589633  0.47476172 0.42761975 0.50206904 0.41641874
0.00039479 0.36283831 0.35232302 0.39930133 0.34523319 0.50234819  0.48417291 0.45702496 0.47508945 0.39693445 0.45000532 0.44589633  0.47476172 0.42761975 0.50206904 0.41641874
0.00039479 0.36283831 0.35232302 0.39930133 0.34523319 0.50234819  0.48417291 0.45702496 0.47508945 0.39693445 0.45000532 0.44589633  0.47476172 0.42761975 0.50206904 0.41641874
0.00039479 0.36283831 0.35232302 0.39930133 0.34523319 0.50234819  0.48417291 0.45702496 0.47508945 0.39693445 0.45000532 0.44589633  0.47476172 0.42761975 0.50206904 0.41641874
0.00039479 0.36283831 0.35232302 0.39930133 0.34523319 0.50234819  0.48417291 0.45702496 0.47508945 0.39693445 0.45000532 0.44589633  0.47476172 0.42761975 0.50206904 0.41641874
0.00039479 0.36283831 0.35232302 0.39930133 0.34523319 0.50234819  0.48417291 0.45702496 0.47508945 0.39693445 0.45000532 0.44589633  0.47476172 0.42761975 0.50206904 0.41641874
0.00039479 0.36283831 0.35232302 0.39930133 0.34523319 0.50234819  0.48417291 0.45702496 0.47508945 0.39693445 0.45000532 0.44589633  0.47476172 0.42761975 0.50206904 0.41641874
0.00039479 0.36283831 0.35232302 0.39930133 0.34523319 0.50234819  0.48417291 0.45702496 0.47508945 0.39693445 0.45000532 0.44589633  0.47476172 0.42761975 0.50206904 0.41641874
0.00039479 0.36283831 0.35232302 0.39930133 0.34523319 0.50234819  0.48417291 0.45702496 0.47508945 0.39693445 0.45000532 0.44589633  0.47476172 0.42761975 0.50206904 0.41641874
0.00039479 0.36283831 0.35232302 0.39930133 0.34523319 0.50234819  0.48417291 0.45702496 0.47508945 0.39693445 0.45000532 0.44589633  0.47476172 0.42761975 0.50206904 0.41641874
0.00039479 0.36283831 0.35232302 0.39930133 0.34523319 0.50234819  0.48417291 0.45702496 0.47508945 0.39693445 0.45000532 0.44589633  0.47476172 0.42761975 0.50206904 0.41641874
0.00039479 0.36283831 0.35232302 0.39930133 0.34523319 0.50234819  0.48417291 0.45702496 0.47508945 0.39693445 0.45000532 0.44589633  0.47476172 0.42761975 0.50206904 0.41641874
0.00039479 0.36283831 0.35232302 0.39930133 0.34523319 0.50234819  0.48417291 0.45702496 0.47508945 0.39693445 0.45000532 0.44589633  0.47476172 0.42761975 0.50206904 0.41641874
0.00039479 0.36283831 0.35232302 0.39930133 0.34523319 0.50234819  0.48417291 0.45702496 0.47508945 0.39693445 0.45000532 0.44589633  0.47476172 0.42761975 0.50206904 0.41641874
0.00039479 0.36283831 0.35232302 0.39930133 0.34523319 0.50234819  0.48417291 0.45702496 0.47508945 0.39693445 0.45000532 0.44589633  0.47476172 0.42761975 0.50206904 0.41641874
0.00039479 0.36283831 0.35232302 0.39930133 0.34523319 0.50234819  0.48417291 0.45702496 0.47508945 0.39693445 0.45000532 0.44589633  0.47476172 0.42761975 0.50206904 0.41641874
0.00039479 0.36283831 0.35232302 0.39930133 0.34523319 0.50234819  0.48417291 0.45702496 0.47508945 0.39693445 0.45000532 0.44589633  0.47476172 0.42761975 0.50206904 0.41641874
0.00039479 0.36283831 0.35232302 0.39930133 0.34523319 0.50234819  0.48417291 0.45702496 0.47508945 0.39693445 0.45000532 0.44589633  0.47476172 0.42761975 0.50206904 0.41641874
0.00039479 0.36283831 0.35232302 0.39930133 0.34523319 0.50234819  0.48417291 0.45702496 0.47508945 0.39693445 0.45000532 0.44589633  0.47476172 0.42761975 0.50206904 0.41641874
0.00039479 0.36283831 0.35232302 0.39930133 0.34523319 0.50234819  0.48417291 0.45702496 0.47508945 0.39693445 0.45000532 0.44589633  0.47476172 0.42761975 0.50206904 0.41641874
