0.00039479 0.36283831 0.35232302 0.39930133 0.34523319 0.50234819  0.48417291 0.45702496 0.47508945 0.39693445 0.45000532 0.44589633  0.47476172 0.42761975 0.50206904 0.41641874
0.00039479 0.36283831 0.35232302 0.39930133 0.34523319 0.50234819  0.48417291 0.45702496 0.47508945 0.39693445 0.45000532 0.44589633  0.47476172 0.42761975 0.50206904 0.41641874
0.00039479 0.36283831 0.35232302 0.39930133 0.34523319 0.50234819  0.48417291 0.45702496 0.47508945 0.39693445 0.45000532 0.44589633  0.47476172 0.42761975 0.50206904 0.41641874
0.00039479 0.36283831 0.35232302 0.39930133 0.34523319 0.50234819  0.48417291 0.45702496 0.47508945 0.39693445 0.45000532 0.44589633  0.47476172 0.42761975 0.50206904 0.41641874
0.00039479 0.36283831 0.35232302 0.39930133 0.34523319 0.50234819  0.48417291 0.45702496 0.47508945 0.39693445 0.45000532 0.44589633  0.47476172 0.42761975 0.50206904 0.41641874
0.00039479 0.36283831 0.35232302 0.39930133 0.34523319 0.50234819  0.48417291 0.45702496 0.47508945 0.39693445 0.45000532 0.44589633  0.47476172 0.42761975 0.50206904 0.41641874
0.00039479 0.36283831 0.35232302 0.39930133 0.34523319 0.50234819  0.48417291 0.45702496 0.47508945 0.39693445 0.45000532 0.44589633  0.47476172 0.42761975 0.50206904 0.41641874
0.00039479 0.36283831 0.35232302 0.39930133 0.34523319 0.50234819  0.48417291 0.45702496 0.47508945 0.39693445 0.45000532 0.44589633  0.47476172 0.42761975 0.50206904 0.41641874
0.00039479 0.36283831 0.35232302 0.39930133 0.34523319 0.50234819  0.48417291 0.45702496 0.47508945 0.39693445 0.45000532 0.44589633  0.47476172 0.42761975 0.50206904 0.41641874
0.00039479 0.36283831 0.35232302 0.39930133 0.34523319 0.50234819  0.48417291 0.45702496 0.47508945 0.39693445 0.45000532 0.44589633  0.47476172 0.42761975 0.50206904 0.41641874
0.00039479 0.36283831 0.35232302 0.39930133 0.34523319 0.50234819  0.48417291 0.45702496 0.47508945 0.39693445 0.45000532 0.44589633  0.47476172 0.42761975 0.50206904 0.41641874
0.00039479 0.36283831 0.35232302 0.39930133 0.34523319 0.50234819  0.48417291 0.45702496 0.47508945 0.39693445 0.45000532 0.44589633  0.47476172 0.42761975 0.50206904 0.41641874
0.00039479 0.36283831 0.35232302 0.39930133 0.34523319 0.50234819  0.48417291 0.45702496 0.47508945 0.39693445 0.45000532 0.44589633  0.47476172 0.42761975 0.50206904 0.41641874
0.00039479 0.36283831 0.35232302 0.39930133 0.34523319 0.50234819  0.48417291 0.45702496 0.47508945 0.39693445 0.45000532 0.44589633  0.47476172 0.42761975 0.50206904 0.41641874
0.00039479 0.36283831 0.35232302 0.39930133 0.34523319 0.50234819  0.48417291 0.45702496 0.47508945 0.39693445 0.45000532 0.44589633  0.47476172 0.42761975 0.50206904 0.41641874
0.00039479 0.36283831 0.35232302 0.39930133 0.34523319 0.50234819  0.48417291 0.45702496 0.47508945 0.39693445 0.45000532 0.44589633  0.47476172 0.42761975 0.50206904 0.41641874
0.00039479 0.36283831 0.35232302 0.39930133 0.34523319 0.50234819  0.48417291 0.45702496 0.47508945 0.39693445 0.45000532 0.44589633  0.47476172 0.42761975 0.50206904 0.41641874
0.00039479 0.36283831 0.35232302 0.39930133 0.34523319 0.50234819  0.48417291 0.45702496 0.47508945 0.39693445 0.45000532 0.44589633  0.47476172 0.42761975 0.50206904 0.41641874
0.00039479 0.36283831 0.35232302 0.39930133 0.34523319 0.50234819  0.48417291 0.45702496 0.47508945 0.39693445 0.45000532 0.44589633  0.47476172 0.42761975 0.50206904 0.41641874
0.00039479 0.36283831 0.35232302 0.39930133 0.34523319 0.50234819  0.48417291 0.45702496 0.47508945 0.39693445 0.45000532 0.44589633  0.47476172 0.42761975 0.50206904 0.41641874
0.00039479 0.36283831 0.35232302 0.39930133 0.34523319 0.50234819  0.48417291 0.45702496 0.47508945 0.39693445 0.45000532 0.44589633  0.47476172 0.42761975 0.50206904 0.41641874
0.00039479 0.36283831 0.35232302 0.39930133 0.34523319 0.50234819  0.48417291 0.45702496 0.47508945 0.39693445 0.45000532 0.44589633  0.47476172 0.42761975 0.50206904 0.41641874
0.00039479 0.36283831 0.35232302 0.39930133 0.34523319 0.50234819  0.48417291 0.45702496 0.47508945 0.39693445 0.45000532 0.44589633  0.47476172 0.42761975 0.50206904 0.41641874
0.00039479 0.36283831 0.35232302 0.39930133 0.34523319 0.50234819  0.48417291 0.45702496 0.47508945 0.39693445 0.45000532 0.44589633  0.47476172 0.42761975 0.50206904 0.41641874
0.00039479 0.36283831 0.35232302 0.39930133 0.34523319 0.50234819  0.48417291 0.45702496 0.47508945 0.39693445 0.45000532 0.44589633  0.47476172 0.42761975 0.50206904 0.41641874
0.00039479 0.36283831 0.35232302 0.39930133 0.34523319 0.50234819  0.48417291 0.45702496 0.47508945 0.39693445 0.45000532 0.44589633  0.47476172 0.42761975 0.50206904 0.41641874
0.00039479 0.36283831 0.35232302 0.39930133 0.34523319 0.50234819  0.48417291 0.45702496 0.47508945 0.39693445 0.45000532 0.44589633  0.47476172 0.42761975 0.50206904 0.41641874
0.00039479 0.36283831 0.35232302 0.39930133 0.34523319 0.50234819  0.48417291 0.45702496 0.47508945 0.39693445 0.45000532 0.44589633  0.47476172 0.42761975 0.50206904 0.41641874
0.00039479 0.36283831 0.35232302 0.39930133 0.34523319 0.50234819  0.48417291 0.45702496 0.47508945 0.39693445 0.45000532 0.44589633  0.47476172 0.42761975 0.50206904 0.41641874
0.00039479 0.36283831 0.35232302 0.39930133 0.34523319 0.50234819  0.48417291 0.45702496 0.47508945 0.39693445 0.45000532 0.44589633  0.47476172 0.42761975 0.50206904 0.41641874
0.00039479 0.36283831 0.35232302 0.39930133 0.34523319 0.50234819  0.48417291 0.45702496 0.47508945 0.39693445 0.45000532 0.44589633  0.47476172 0.42761975 0.50206904 0.41641874
0.00039479 0.36283831 0.35232302 0.39930133 0.34523319 0.50234819  0.48417291 0.45702496 0.47508945 0.39693445 0.45000532 0.44589633  0.47476172 0.42761975 0.50206904 0.41641874
0.00039479 0.36283831 0.35232302 0.39930133 0.34523319 0.50234819  0.48417291 0.45702496 0.47508945 0.39693445 0.45000532 0.44589633  0.47476172 0.42761975 0.50206904 0.41641874
0.00039479 0.36283831 0.35232302 0.39930133 0.34523319 0.50234819  0.48417291 0.45702496 0.47508945 0.39693445 0.45000532 0.44589633  0.47476172 0.42761975 0.50206904 0.41641874
0.00039479 0.36283831 0.35232302 0.39930133 0.34523319 0.50234819  0.48417291 0.45702496 0.47508945 0.39693445 0.45000532 0.44589633  0.47476172 0.42761975 0.50206904 0.41641874
0.00039479 0.36283831 0.35232302 0.39930133 0.34523319 0.50234819  0.48417291 0.45702496 0.47508945 0.39693445 0.45000532 0.44589633  0.47476172 0.42761975 0.50206904 0.41641874
0.00039479 0.36283831 0.35232302 0.39930133 0.34523319 0.50234819  0.48417291 0.45702496 0.47508945 0.39693445 0.45000532 0.44589633  0.47476172 0.42761975 0.50206904 0.41641874
0.00039479 0.36283831 0.35232302 0.39930133 0.34523319 0.50234819  0.48417291 0.45702496 0.47508945 0.39693445 0.45000532 0.44589633  0.47476172 0.42761975 0.50206904 0.41641874
0.00039479 0.36283831 0.35232302 0.39930133 0.34523319 0.50234819  0.48417291 0.45702496 0.47508945 0.39693445 0.45000532 0.44589633  0.47476172 0.42761975 0.50206904 0.41641874
0.00039479 0.36283831 0.35232302 0.39930133 0.34523319 0.50234819  0.48417291 0.45702496 0.47508945 0.39693445 0.45000532 0.44589633  0.47476172 0.42761975 0.50206904 0.41641874
0.00039479 0.36283831 0.35232302 0.39930133 0.34523319 0.50234819  0.48417291 0.45702496 0.47508945 0.39693445 0.45000532 0.44589633  0.47476172 0.42761975 0.50206904 0.41641874
0.00039479 0.36283831 0.35232302 0.39930133 0.34523319 0.50234819  0.48417291 0.45702496 0.47508945 0.39693445 0.45000532 0.44589633  0.47476172 0.42761975 0.50206904 0.41641874
0.00039479 0.36283831 0.35232302 0.39930133 0.34523319 0.50234819  0.48417291 0.45702496 0.47508945 0.39693445 0.45000532 0.44589633  0.47476172 0.42761975 0.50206904 0.41641874
0.00039479 0.36283831 0.35232302 0.39930133 0.34523319 0.50234819  0.48417291 0.45702496 0.47508945 0.39693445 0.45000532 0.44589633  0.47476172 0.42761975 0.50206904 0.41641874
0.00039479 0.36283831 0.35232302 0.39930133 0.34523319 0.50234819  0.48417291 0.45702496 0.47508945 0.39693445 0.45000532 0.44589633  0.47476172 0.42761975 0.50206904 0.41641874
0.01790387 0.3898545  0.33817562 0.42642862 0.35681041 0.46717525  0.46152885 0.47694295 0.46991849 0.39350101 0.41724602 0.4497633  0.51968443 0.43336993 0.49846349 0.44236435
0.03525649 0.41685964 0.32437467 0.45347996 0.36854765 0.43569141  0.43485985 0.4975719  0.47652552 0.39120509 0.39620065 0.45304628  0.55757342 0.45566594 0.52722734 0.46096477
0.07199408 0.46750629 0.29903328 0.49138657 0.38027929 0.41293245  0.4035884  0.51021345 0.51278795 0.38975802 0.43502408 0.44711343  0.51975164 0.49561098 0.60671087 0.42131372
0.14517757 0.56479829 0.25137985 0.55897526 0.39625438 0.38960139  0.3390174  0.5346568  0.60483267 0.38975786 0.52377149 0.43496891  0.46532978 0.57475568 0.76170058 0.35963623
0.16329576 0.59133532 0.23772582 0.58263058 0.40506557 0.3644757  0.32001497 0.54923146 0.60768733 0.38557124 0.51466765 0.43510581  0.48630035 0.58157702 0.76426535 0.36006287
0.16329576 0.59133532 0.23772582 0.58263058 0.40506557 0.3644757  0.32001497 0.54923146 0.60768733 0.38557124 0.51466765 0.43510581  0.48630035 0.58157702 0.76426535 0.36006287
0.16329576 0.59133532 0.23772582 0.58263058 0.40506557 0.3644757  0.32001497 0.54923146 0.60768733 0.38557124 0.51466765 0.43510581  0.48630035 0.58157702 0.76426535 0.36006287
0.18182336 0.6115072  0.23038255 0.59256905 0.39579447 0.39837373  0.29928996 0.53353038 0.64535274 0.41880594 0.52026096 0.45149202  0.42166975 0.58526961 0.85186808 0.37553421
0.21889789 0.65231473 0.21033336 0.60576404 0.39453034 0.40679989  0.30316802 0.53020376 0.64813264 0.40701256 0.55869087 0.43779479  0.42417388 0.54945357 0.75679606 0.36634866
0.31034489 0.74824829 0.16674519 0.64327629 0.37929437 0.44928066  0.28372475 0.50850663 0.64196606 0.42823626 0.52022239 0.45072415  0.46239879 0.45110069 0.58866572 0.44195836
0.34769889 0.77196789 0.14971177 0.62104298 0.37248827 0.4757246  0.3577138  0.45885015 0.58291189 0.42905273 0.54960083 0.44432833  0.36561323 0.39734046 0.50407669 0.40195366
0.38469192 0.78984597 0.14147216 0.59573559 0.35187669 0.55013642  0.39944469 0.40058205 0.56438691 0.46146451 0.5491364  0.45460807  0.29266853 0.3688947  0.48672065 0.40649028
0.40522996 0.7948836  0.1402777  0.55709329 0.35281409 0.56840376  0.45308217 0.40391419 0.53092515 0.42309288 0.59151427 0.472235  0.2394543  0.38276041 0.44363238 0.47613047
0.38512949 0.77110158 0.13108841 0.55121111 0.40603296 0.43071484  0.51892007 0.42288384 0.40146049 0.42260312 0.50587824 0.51563037  0.20529619 0.36516212 0.4816429  0.51501096
0.38411764 0.76962609 0.13108669 0.55408592 0.40663038 0.43058715  0.52001087 0.42131173 0.40219242 0.42342498 0.51226044 0.49721672  0.23821422 0.34312627 0.50687462 0.45772917
0.32825294 0.72268861 0.14690707 0.55599484 0.44027091 0.31579591  0.54471457 0.46006149 0.31271242 0.38435266 0.45339818 0.49051761  0.27734611 0.33354023 0.4501358  0.43758234
0.32825294 0.72268861 0.14690707 0.55599484 0.44027091 0.31579591  0.54471457 0.46006149 0.31271242 0.38435266 0.45339818 0.49051761  0.27734611 0.33354023 0.4501358  0.43758234
0.27206435 0.6855182  0.16517081 0.5894335  0.45649244 0.22463873  0.5012065  0.48879912 0.27597615 0.37809287 0.32579189 0.48983919  0.37524803 0.34204453 0.41416705 0.44741345
0.19935884 0.61695812 0.21358247 0.56976101 0.43545511 0.25172696  0.46764895 0.52487752 0.276885   0.34054979 0.29480937 0.47114144  0.50774915 0.30238666 0.25976875 0.47774904
0.16195006 0.58551936 0.23480895 0.57911291 0.43151361 0.25194016  0.40322564 0.55169396 0.33030117 0.35121868 0.24170566 0.48670345  0.6137719  0.34540459 0.32666141 0.54442005
0.05295748 0.44105795 0.31047847 0.47423707 0.37661473 0.39820267  0.43339135 0.51107118 0.43325487 0.38045997 0.34459946 0.45442981  0.6091228  0.40002928 0.40593895 0.49183507
0.00039479 0.36283831 0.35232302 0.39930133 0.34523319 0.50234819  0.48417291 0.45702496 0.47508945 0.39693445 0.45000532 0.44589633  0.47476172 0.42761975 0.50206904 0.41641874
0.00039479 0.36283831 0.35232302 0.39930133 0.34523319 0.50234819  0.48417291 0.45702496 0.47508945 0.39693445 0.45000532 0.44589633  0.47476172 0.42761975 0.50206904 0.41641874
0.00039479 0.36283831 0.35232302 0.39930133 0.34523319 0.50234819  0.48417291 0.45702496 0.47508945 0.39693445 0.45000532 0.44589633  0.47476172 0.42761975 0.50206904 0.41641874
0.00039479 0.36283831 0.35232302 0.39930133 0.34523319 0.50234819  0.48417291 0.45702496 0.47508945 0.39693445 0.45000532 0.44589633  0.47476172 0.42761975 0.50206904 0.41641874
0.00039479 0.36283831 0.35232302 0.39930133 0.34523319 0.50234819  0.48417291 0.45702496 0.47508945 0.39693445 0.45000532 0.44589633  0.47476172 0.42761975 0.50206904 0.41641874
0.00039479 0.36283831 0.35232302 0.39930133 0.34523319 0.50234819  0.48417291 0.45702496 0.47508945 0.39693445 0.45000532 0.44589633  0.47476172 0.42761975 0.50206904 0.41641874
0.00039479 0.36283831 0.35232302 0.39930133 0.34523319 0.50234819  0.48417291 0.45702496 0.47508945 0.39693445 0.45000532 0.44589633  0.47476172 0.42761975 0.50206904 0.41641874
0.00039479 0.36283831 0.35232302 0.39930133 0.34523319 0.50234819  0.48417291 0.45702496 0.47508945 0.39693445 0.45000532 0.44589633  0.47476172 0.42761975 0.50206904 0.41641874
0.00039479 0.36283831 0.35232302 0.39930133 0.34523319 0.50234819  0.48417291 0.45702496 0.47508945 0.39693445 0.45000532 0.44589633  0.47476172 0.42761975 0.50206904 0.41641874
0.00039479 0.36283831 0.35232302 0.39930133 0.34523319 0.50234819  0.48417291 0.45702496 0.47508945 0.39693445 0.45000532 0.44589633  0.47476172 0.42761975 0.50206904 0.41641874
0.00039479 0.36283831 0.35232302 0.39930133 0.34523319 0.50234819  0.48417291 0.45702496 0.47508945 0.39693445 0.45000532 0.44589633  0.47476172 0.42761975 0.50206904 0.41641874
0.00039479 0.36283831 0.35232302 0.39930133 0.34523319 0.50234819  0.48417291 0.45702496 0.47508945 0.39693445 0.45000532 0.44589633  0.47476172 0.42761975 0.50206904 0.41641874
0.00039479 0.36283831 0.35232302 0.39930133 0.34523319 0.50234819  0.48417291 0.45702496 0.47508945 0.39693445 0.45000532 0.44589633  0.47476172 0.42761975 0.50206904 0.41641874
0.00039479 0.36283831 0.35232302 0.39930133 0.34523319 0.50234819  0.48417291 0.45702496 0.47508945 0.39693445 0.45000532 0.44589633  0.47476172 0.42761975 0.50206904 0.41641874
0.00039479 0.36283831 0.35232302 0.39930133 0.34523319 0.50234819  0.48417291 0.45702496 0.47508945 0.39693445 0.45000532 0.44589633  0.47476172 0.42761975 0.50206904 0.41641874
0.00039479 0.36283831 0.35232302 0.39930133 0.34523319 0.50234819  0.48417291 0.45702496 0.47508945 0.39693445 0.45000532 0.44589633  0.47476172 0.42761975 0.50206904 0.41641874
0.27276811 0.6937214  0.19809281 0.61287511 0.36115051 0.48840749  0.28972888 0.47170843 0.5809535  0.47758976 0.34867243 0.5002018  0.53087863 0.39523989 0.53705595 0.57550415
0.4035677  0.77359753 0.15739112 0.5373463  0.30464262 0.66866198  0.42241184 0.38964365 0.55666388 0.46552856 0.51029492 0.45784538  0.40883318 0.30561313 0.35233854 0.49137912
0.5618953  0.71975856 0.13936329 0.29856417 0.2805176  0.70524317  0.60815727 0.5405835  0.41237    0.42073656 0.40000163 0.45486317  0.6507632  0.37722975 0.40719635 0.53612019
0.65918558 0.63899787 0.16935641 0.22895107 0.24013988 0.64968515  0.52897581 0.73850811 0.31703806 0.46848674 0.33338624 0.47322768  0.42471653 0.26836304 0.52337993 0.43072888
0.70808794 0.59875782 0.26993806 0.26651177 0.15697396 0.58352539  0.50965508 0.75861975 0.24807567 0.4924422  0.44302263 0.55291807  0.47312949 0.38456469 0.53487236 0.38897017
0.70808794 0.59875782 0.26993806 0.26651177 0.15697396 0.58352539  0.50965508 0.75861975 0.24807567 0.4924422  0.44302263 0.55291807  0.47312949 0.38456469 0.53487236 0.38897017
0.77756357 0.63383562 0.56605028 0.37879768 0.08686571 0.467947  0.61039125 0.64732199 0.25670164 0.34320474 0.42715077 0.48187635  0.51429104 0.31576723 0.74721964 0.35960841
0.77756357 0.63383562 0.56605028 0.37879768 0.08686571 0.467947  0.61039125 0.64732199 0.25670164 0.34320474 0.42715077 0.48187635  0.51429104 0.31576723 0.74721964 0.35960841
0.77756357 0.63383562 0.56605028 0.37879768 0.08686571 0.467947  0.61039125 0.64732199 0.25670164 0.34320474 0.42715077 0.48187635  0.51429104 0.31576723 0.74721964 0.35960841
0.80730887 0.57130001 0.55570251 0.33239059 0.10485318 0.4118451  0.57907097 0.58380353 0.34229487 0.31392767 0.38757278 0.50900598  0.5339226  0.44444675 0.76605338 0.36795094
0.80730887 0.57130001 0.55570251 0.33239059 0.10485318 0.4118451  0.57907097 0.58380353 0.34229487 0.31392767 0.38757278 0.50900598  0.5339226  0.44444675 0.76605338 0.36795094
0.80730887 0.57130001 0.55570251 0.33239059 0.10485318 0.4118451  0.57907097 0.58380353 0.34229487 0.31392767 0.38757278 0.50900598  0.5339226  0.44444675 0.76605338 0.36795094
0.80730887 0.57130001 0.55570251 0.33239059 0.10485318 0.4118451  0.57907097 0.58380353 0.34229487 0.31392767 0.38757278 0.50900598  0.5339226  0.44444675 0.76605338 0.36795094
0.80730887 0.57130001 0.55570251 0.33239059 0.10485318 0.4118451  0.57907097 0.58380353 0.34229487 0.31392767 0.38757278 0.50900598  0.5339226  0.44444675 0.76605338 0.36795094
0.85585611 0.44585342 0.54205112 0.35260373 0.13613202 0.32122318  0.51226692 0.45691792 0.44076404 0.3292648  0.50393713 0.53130362  0.53849368 0.43630789 0.61940452 0.39485024
0.86872717 0.41115293 0.53236672 0.35177511 0.15446881 0.307516  0.47957891 0.38016411 0.47203418 0.32396586 0.48189305 0.53327926  0.55264104 0.40643914 0.58990765 0.3634983 
0.88523244 0.36766127 0.53084691 0.38243218 0.1769203  0.28276065  0.50044848 0.2989556  0.56896111 0.36712029 0.45036517 0.55921024  0.59861864 0.29872591 0.57201239 0.40631798
0.895437   0.34217579 0.5439983  0.42023385 0.20642683 0.27815529  0.51598537 0.30308922 0.57272449 0.44139702 0.46976479 0.46506662  0.57762554 0.34226157 0.52540763 0.50630547
0.90587573 0.30164548 0.54506138 0.5028674  0.23468466 0.30452599  0.55806961 0.31416833 0.58727104 0.46751789 0.49563584 0.44803556  0.59784632 0.31750842 0.50407571 0.61889364
0.91125639 0.21473912 0.46858857 0.6082641  0.29173802 0.39310812  0.56349214 0.35364247 0.51958928 0.51551523 0.52027627 0.42050602  0.63117159 0.30810765 0.50992579 0.63537985
0.91104332 0.13818693 0.38722104 0.71701217 0.36522661 0.50154325  0.63388095 0.46381106 0.50960306 0.59697764 0.45640772 0.41268095  0.64067759 0.36177151 0.55390303 0.49109732
0.91617774 0.11572741 0.38476545 0.77366325 0.39467139 0.54203602  0.68151992 0.50250004 0.54163565 0.5722197  0.40714615 0.4350439  0.59977395 0.42611547 0.51661688 0.45326162
0.91229002 0.0786396  0.33301502 0.84458311 0.4211723  0.62138535  0.70976209 0.55432634 0.53906237 0.49775345 0.3811876  0.58041363  0.60366954 0.44323391 0.50951296 0.31228882
0.91229002 0.0786396  0.33301502 0.84458311 0.4211723  0.62138535  0.70976209 0.55432634 0.53906237 0.49775345 0.3811876  0.58041363  0.60366954 0.44323391 0.50951296 0.31228882
0.90600882 0.07519946 0.30233657 0.8343764  0.42043937 0.64814079  0.66829765 0.55053251 0.47421321 0.46870279 0.40491974 0.60318349  0.61579133 0.49985572 0.48219174 0.29073796
0.90693339 0.07076962 0.30295969 0.85098679 0.42556381 0.65610319  0.69060136 0.56421268 0.50054778 0.45470966 0.38891407 0.63616685  0.60236052 0.5075178  0.45176358 0.27204618
0.90824216 0.0646921  0.30208948 0.87046951 0.43706359 0.67183186  0.7157839  0.58512236 0.52984302 0.43470683 0.35301284 0.66813179  0.56454242 0.54874812 0.40889242 0.22685063
0.90915816 0.06045209 0.30313275 0.88708994 0.44117003 0.67776554  0.73920972 0.59655448 0.55953919 0.41978796 0.33978423 0.69984734  0.55481524 0.54468081 0.38275842 0.22184369
0.90915816 0.06045209 0.30313275 0.88708994 0.44117003 0.67776554  0.73920972 0.59655448 0.55953919 0.41978796 0.33978423 0.69984734  0.55481524 0.54468081 0.38275842 0.22184369
0.91019016 0.05577498 0.30437213 0.90504578 0.4451499  0.68346552  0.76374865 0.60746458 0.59034227 0.40514591 0.32819868 0.73108224  0.54730414 0.535951   0.35890794 0.22437422
0.91019016 0.05577498 0.30437213 0.90504578 0.4451499  0.68346552  0.76374865 0.60746458 0.59034227 0.40514591 0.32819868 0.73108224  0.54730414 0.535951   0.35890794 0.22437422
0.91019016 0.05577498 0.30437213 0.90504578 0.4451499  0.68346552  0.76374865 0.60746458 0.59034227 0.40514591 0.32819868 0.73108224  0.54730414 0.535951   0.35890794 0.22437422
0.91019016 0.05577498 0.30437213 0.90504578 0.4451499  0.68346552  0.76374865 0.60746458 0.59034227 0.40514591 0.32819868 0.73108224  0.54730414 0.535951   0.35890794 0.22437422
0.90117064 0.05546181 0.26865756 0.88026084 0.46453843 0.70464704  0.7370997  0.62360708 0.5798306  0.41346734 0.3179207  0.72132468  0.50085102 0.56731045 0.31341934 0.23953624
0.90117064 0.05546181 0.26865756 0.88026084 0.46453843 0.70464704  0.7370997  0.62360708 0.5798306  0.41346734 0.3179207  0.72132468  0.50085102 0.56731045 0.31341934 0.23953624
0.89202296 0.04996923 0.23138326 0.86249509 0.48789201 0.71537099  0.73705433 0.65138214 0.58949416 0.44134129 0.30136892 0.70697678  0.46440176 0.52265407 0.34390481 0.22196666
0.89202296 0.04996923 0.23138326 0.86249509 0.48789201 0.71537099  0.73705433 0.65138214 0.58949416 0.44134129 0.30136892 0.70697678  0.46440176 0.52265407 0.34390481 0.22196666
0.89099096 0.05464634 0.23014389 0.84453925 0.48391214 0.70967101  0.7125154  0.64047203 0.55869107 0.45598334 0.31295448 0.67574188  0.47191287 0.53138388 0.36775529 0.21943613
0.89099096 0.05464634 0.23014389 0.84453925 0.48391214 0.70967101  0.7125154  0.64047203 0.55869107 0.45598334 0.31295448 0.67574188  0.47191287 0.53138388 0.36775529 0.21943613
0.89007495 0.05888634 0.22910062 0.82791881 0.4798057  0.70373733  0.68908959 0.62903992 0.52899491 0.47090221 0.32618309 0.64402633  0.48164004 0.53545119 0.39388928 0.22444308
0.89007495 0.05888634 0.22910062 0.82791881 0.4798057  0.70373733  0.68908959 0.62903992 0.52899491 0.47090221 0.32618309 0.64402633  0.48164004 0.53545119 0.39388928 0.22444308
0.88954013 0.06132149 0.2294712  0.82037083 0.47512084 0.69732339  0.67938315 0.62081568 0.51749696 0.47924259 0.34121679 0.63260815  0.49883448 0.51583082 0.41172027 0.24111676
0.88546393 0.07184733 0.21936454 0.79305434 0.47216061 0.71678763  0.63312885 0.61765289 0.43651125 0.43844151 0.32980594 0.61380235  0.47609358 0.58972231 0.440581   0.16988613
0.88453936 0.07627718 0.21874142 0.77644395 0.46703618 0.70882523  0.61082514 0.60397272 0.41017667 0.45243464 0.34581161 0.58081899  0.48952439 0.58206023 0.47100916 0.18857791
0.88376541 0.07991955 0.21924106 0.76450921 0.46022125 0.6995105  0.59534903 0.59128728 0.39237938 0.46409709 0.36667914 0.56027223  0.51014805 0.56045029 0.49604934 0.21709977
0.88376541 0.07991955 0.21924106 0.76450921 0.46022125 0.6995105  0.59534903 0.59128728 0.39237938 0.46409709 0.36667914 0.56027223  0.51014805 0.56045029 0.49604934 0.21709977
0.88053384 0.09228548 0.21539531 0.7289823  0.45560227 0.69879118  0.55555194 0.58221357 0.3440605  0.4529475  0.35486309 0.52584214  0.48418094 0.61203041 0.51396673 0.17221991
0.85560087 0.11208957 0.14788787 0.64905737 0.50169632 0.70711938  0.53467895 0.59464003 0.40239094 0.44518521 0.30857973 0.44114937  0.3943697  0.51311281 0.5693024  0.30502889
0.82214249 0.17190999 0.08452889 0.53852121 0.55515782 0.76530054  0.49105136 0.56307074 0.45547828 0.30222343 0.14877211 0.33174931  0.40155555 0.42229264 0.57605406 0.3544892 
0.81792082 0.19184106 0.08554442 0.47808378 0.52935228 0.72526902  0.42837162 0.51109002 0.40333093 0.33696493 0.2029051  0.25899991  0.44164123 0.37789661 0.63411773 0.43747564
0.78351353 0.27958965 0.06928262 0.3392149  0.48808017 0.63872512  0.44855761 0.48392481 0.51904221 0.29742684 0.22140214 0.36022731  0.4754758  0.29494954 0.72013112 0.36697934
0.66549044 0.50342767 0.03954331 0.27730978 0.46679964 0.50893151  0.58642158 0.22697459 0.62735548 0.31257961 0.47437489 0.41642726  0.64560926 0.4250848  0.60536619 0.39204803
0.4980517  0.66320787 0.08794729 0.383226   0.41207674 0.51691336  0.658497   0.2087435  0.44468219 0.44785868 0.4668242  0.47503641  0.45056711 0.32018565 0.51583144 0.43026488
0.42516164 0.65980205 0.09242942 0.47112762 0.46540039 0.35077397  0.63627289 0.22132245 0.3498559  0.43658845 0.41489687 0.47513131  0.33491681 0.32385261 0.51621193 0.33966847
0.36316531 0.70036867 0.13261971 0.47878885 0.42152386 0.37907147  0.6561452  0.36905355 0.32445742 0.46520245 0.44388065 0.48647097  0.27322367 0.37704351 0.5604363  0.4241817 
0.1783211  0.55753003 0.21910563 0.5134895  0.44159912 0.25381089  0.52072262 0.48752326 0.30967361 0.41993578 0.25294765 0.49958306  0.56782192 0.40361729 0.48509363 0.53680963
0.07102051 0.46648761 0.29681783 0.49538875 0.38534053 0.36816237  0.42637893 0.52216562 0.40838993 0.37342912 0.31490181 0.45582256  0.6405316  0.37092096 0.3395245  0.50760399
0.01779563 0.38669558 0.33863985 0.42004769 0.35385851 0.46460162  0.48109267 0.47190843 0.43452283 0.38595027 0.3992976  0.44733029  0.52908455 0.38078184 0.39373238 0.44873962
0.00039479 0.36283831 0.35232302 0.39930133 0.34523319 0.50234819  0.48417291 0.45702496 0.47508945 0.39693445 0.45000532 0.44589633  0.47476172 0.42761975 0.50206904 0.41641874
0.00039479 0.36283831 0.35232302 0.39930133 0.34523319 0.50234819  0.48417291 0.45702496 0.47508945 0.39693445 0.45000532 0.44589633  0.47476172 0.42761975 0.50206904 0.41641874
0.00039479 0.36283831 0.35232302 0.39930133 0.34523319 0.50234819  0.48417291 0.45702496 0.47508945 0.39693445 0.45000532 0.44589633  0.47476172 0.42761975 0.50206904 0.41641874
0.00039479 0.36283831 0.35232302 0.39930133 0.34523319 0.50234819  0.48417291 0.45702496 0.47508945 0.39693445 0.45000532 0.44589633  0.47476172 0.42761975 0.50206904 0.41641874
0.00039479 0.36283831 0.35232302 0.39930133 0.34523319 0.50234819  0.48417291 0.45702496 0.47508945 0.39693445 0.45000532 0.44589633  0.47476172 0.42761975 0.50206904 0.41641874
0.00039479 0.36283831 0.35232302 0.39930133 0.34523319 0.50234819  0.48417291 0.45702496 0.47508945 0.39693445 0.45000532 0.44589633  0.47476172 0.42761975 0.50206904 0.41641874
0.00039479 0.36283831 0.35232302 0.39930133 0.34523319 0.50234819  0.48417291 0.45702496 0.47508945 0.39693445 0.45000532 0.44589633  0.47476172 0.42761975 0.50206904 0.41641874
0.00039479 0.36283831 0.35232302 0.39930133 0.34523319 0.50234819  0.48417291 0.45702496 0.47508945 0.39693445 0.45000532 0.44589633  0.47476172 0.42761975 0.50206904 0.41641874
0.00039479 0.36283831 0.35232302 0.39930133 0.34523319 0.50234819  0.48417291 0.45702496 0.47508945 0.39693445 0.45000532 0.44589633  0.47476172 0.42761975 0.50206904 0.41641874
0.00039479 0.36283831 0.35232302 0.39930133 0.34523319 0.50234819  0.48417291 0.45702496 0.47508945 0.39693445 0.45000532 0.44589633  0.47476172 0.42761975 0.50206904 0.41641874
0.00039479 0.36283831 0.35232302 0.39930133 0.34523319 0.50234819  0.48417291 0.45702496 0.47508945 0.39693445 0.45000532 0.44589633  0.47476172 0.42761975 0.50206904 0.41641874
0.00039479 0.36283831 0.35232302 0.39930133 0.34523319 0.50234819  0.48417291 0.45702496 0.47508945 0.39693445 0.45000532 0.44589633  0.47476172 0.42761975 0.50206904 0.41641874
0.00039479 0.36283831 0.35232302 0.39930133 0.34523319 0.50234819  0.48417291 0.45702496 0.47508945 0.39693445 0.45000532 0.44589633  0.47476172 0.42761975 0.50206904 0.41641874
0.00039479 0.36283831 0.35232302 0.39930133 0.34523319 0.50234819  0.48417291 0.45702496 0.47508945 0.39693445 0.45000532 0.44589633  0.47476172 0.42761975 0.50206904 0.41641874
0.00039479 0.36283831 0.35232302 0.39930133 0.34523319 0.50234819  0.48417291 0.45702496 0.47508945 0.39693445 0.45000532 0.44589633  0.47476172 0.42761975 0.50206904 0.41641874
0.00039479 0.36283831 0.35232302 0.39930133 0.34523319 0.50234819  0.48417291 0.45702496 0.47508945 0.39693445 0.45000532 0.44589633  0.47476172 0.42761975 0.50206904 0.41641874
0.00039479 0.36283831 0.35232302 0.39930133 0.34523319 0.50234819  0.48417291 0.45702496 0.47508945 0.39693445 0.45000532 0.44589633  0.47476172 0.42761975 0.50206904 0.41641874
0.00039479 0.36283831 0.35232302 0.39930133 0.34523319 0.50234819  0.48417291 0.45702496 0.47508945 0.39693445 0.45000532 0.44589633  0.47476172 0.42761975 0.50206904 0.41641874
