0.00039479 0.36283831 0.35232302 0.39930133 0.34523319 0.50234819  0.48417291 0.45702496 0.47508945 0.39693445 0.45000532 0.44589633  0.47476172 0.42761975 0.50206904 0.41641874
0.00039479 0.36283831 0.35232302 0.39930133 0.34523319 0.50234819  0.48417291 0.45702496 0.47508945 0.39693445 0.45000532 0.44589633  0.47476172 0.42761975 0.50206904 0.41641874
0.00039479 0.36283831 0.35232302 0.39930133 0.34523319 0.50234819  0.48417291 0.45702496 0.47508945 0.39693445 0.45000532 0.44589633  0.47476172 0.42761975 0.50206904 0.41641874
0.00039479 0.36283831 0.35232302 0.39930133 0.34523319 0.50234819  0.48417291 0.45702496 0.47508945 0.39693445 0.45000532 0.44589633  0.47476172 0.42761975 0.50206904 0.41641874
0.00039479 0.36283831 0.35232302 0.39930133 0.34523319 0.50234819  0.48417291 0.45702496 0.47508945 0.39693445 0.45000532 0.44589633  0.47476172 0.42761975 0.50206904 0.41641874
0.00039479 0.36283831 0.35232302 0.39930133 0.34523319 0.50234819  0.48417291 0.45702496 0.47508945 0.39693445 0.45000532 0.44589633  0.47476172 0.42761975 0.50206904 0.41641874
0.00039479 0.36283831 0.35232302 0.39930133 0.34523319 0.50234819  0.48417291 0.45702496 0.47508945 0.39693445 0.45000532 0.44589633  0.47476172 0.42761975 0.50206904 0.41641874
0.00039479 0.36283831 0.35232302 0.39930133 0.34523319 0.50234819  0.48417291 0.45702496 0.47508945 0.39693445 0.45000532 0.44589633  0.47476172 0.42761975 0.50206904 0.41641874
0.00039479 0.36283831 0.35232302 0.39930133 0.34523319 0.50234819  0.48417291 0.45702496 0.47508945 0.39693445 0.45000532 0.44589633  0.47476172 0.42761975 0.50206904 0.41641874
0.00039479 0.36283831 0.35232302 0.39930133 0.34523319 0.50234819  0.48417291 0.45702496 0.47508945 0.39693445 0.45000532 0.44589633  0.47476172 0.42761975 0.50206904 0.41641874
0.00039479 0.36283831 0.35232302 0.39930133 0.34523319 0.50234819  0.48417291 0.45702496 0.47508945 0.39693445 0.45000532 0.44589633  0.47476172 0.42761975 0.50206904 0.41641874
0.00039479 0.36283831 0.35232302 0.39930133 0.34523319 0.50234819  0.48417291 0.45702496 0.47508945 0.39693445 0.45000532 0.44589633  0.47476172 0.42761975 0.50206904 0.41641874
0.00039479 0.36283831 0.35232302 0.39930133 0.34523319 0.50234819  0.48417291 0.45702496 0.47508945 0.39693445 0.45000532 0.44589633  0.47476172 0.42761975 0.50206904 0.41641874
0.00039479 0.36283831 0.35232302 0.39930133 0.34523319 0.50234819  0.48417291 0.45702496 0.47508945 0.39693445 0.45000532 0.44589633  0.47476172 0.42761975 0.50206904 0.41641874
0.00039479 0.36283831 0.35232302 0.39930133 0.34523319 0.50234819  0.48417291 0.45702496 0.47508945 0.39693445 0.45000532 0.44589633  0.47476172 0.42761975 0.50206904 0.41641874
0.00039479 0.36283831 0.35232302 0.39930133 0.34523319 0.50234819  0.48417291 0.45702496 0.47508945 0.39693445 0.45000532 0.44589633  0.47476172 0.42761975 0.50206904 0.41641874
0.00039479 0.36283831 0.35232302 0.39930133 0.34523319 0.50234819  0.48417291 0.45702496 0.47508945 0.39693445 0.45000532 0.44589633  0.47476172 0.42761975 0.50206904 0.41641874
0.00039479 0.36283831 0.35232302 0.39930133 0.34523319 0.50234819  0.48417291 0.45702496 0.47508945 0.39693445 0.45000532 0.44589633  0.47476172 0.42761975 0.50206904 0.41641874
0.00039479 0.36283831 0.35232302 0.39930133 0.34523319 0.50234819  0.48417291 0.45702496 0.47508945 0.39693445 0.45000532 0.44589633  0.47476172 0.42761975 0.50206904 0.41641874
0.00039479 0.36283831 0.35232302 0.39930133 0.34523319 0.50234819  0.48417291 0.45702496 0.47508945 0.39693445 0.45000532 0.44589633  0.47476172 0.42761975 0.50206904 0.41641874
0.00039479 0.36283831 0.35232302 0.39930133 0.34523319 0.50234819  0.48417291 0.45702496 0.47508945 0.39693445 0.45000532 0.44589633  0.47476172 0.42761975 0.50206904 0.41641874
0.00039479 0.36283831 0.35232302 0.39930133 0.34523319 0.50234819  0.48417291 0.45702496 0.47508945 0.39693445 0.45000532 0.44589633  0.47476172 0.42761975 0.50206904 0.41641874
0.00039479 0.36283831 0.35232302 0.39930133 0.34523319 0.50234819  0.48417291 0.45702496 0.47508945 0.39693445 0.45000532 0.44589633  0.47476172 0.42761975 0.50206904 0.41641874
0.00039479 0.36283831 0.35232302 0.39930133 0.34523319 0.50234819  0.48417291 0.45702496 0.47508945 0.39693445 0.45000532 0.44589633  0.47476172 0.42761975 0.50206904 0.41641874
0.00039479 0.36283831 0.35232302 0.39930133 0.34523319 0.50234819  0.48417291 0.45702496 0.47508945 0.39693445 0.45000532 0.44589633  0.47476172 0.42761975 0.50206904 0.41641874
0.00039479 0.36283831 0.35232302 0.39930133 0.34523319 0.50234819  0.48417291 0.45702496 0.47508945 0.39693445 0.45000532 0.44589633  0.47476172 0.42761975 0.50206904 0.41641874
0.00039479 0.36283831 0.35232302 0.39930133 0.34523319 0.50234819  0.48417291 0.45702496 0.47508945 0.39693445 0.45000532 0.44589633  0.47476172 0.42761975 0.50206904 0.41641874
0.00039479 0.36283831 0.35232302 0.39930133 0.34523319 0.50234819  0.48417291 0.45702496 0.47508945 0.39693445 0.45000532 0.44589633  0.47476172 0.42761975 0.50206904 0.41641874
0.00039479 0.36283831 0.35232302 0.39930133 0.34523319 0.50234819  0.48417291 0.45702496 0.47508945 0.39693445 0.45000532 0.44589633  0.47476172 0.42761975 0.50206904 0.41641874
0.00039479 0.36283831 0.35232302 0.39930133 0.34523319 0.50234819  0.48417291 0.45702496 0.47508945 0.39693445 0.45000532 0.44589633  0.47476172 0.42761975 0.50206904 0.41641874
0.00039479 0.36283831 0.35232302 0.39930133 0.34523319 0.50234819  0.48417291 0.45702496 0.47508945 0.39693445 0.45000532 0.44589633  0.47476172 0.42761975 0.50206904 0.41641874
0.00039479 0.36283831 0.35232302 0.39930133 0.34523319 0.50234819  0.48417291 0.45702496 0.47508945 0.39693445 0.45000532 0.44589633  0.47476172 0.42761975 0.50206904 0.41641874
0.00039479 0.36283831 0.35232302 0.39930133 0.34523319 0.50234819  0.48417291 0.45702496 0.47508945 0.39693445 0.45000532 0.44589633  0.47476172 0.42761975 0.50206904 0.41641874
0.00039479 0.36283831 0.35232302 0.39930133 0.34523319 0.50234819  0.48417291 0.45702496 0.47508945 0.39693445 0.45000532 0.44589633  0.47476172 0.42761975 0.50206904 0.41641874
0.00039479 0.36283831 0.35232302 0.39930133 0.34523319 0.50234819  0.48417291 0.45702496 0.47508945 0.39693445 0.45000532 0.44589633  0.47476172 0.42761975 0.50206904 0.41641874
0.00039479 0.36283831 0.35232302 0.39930133 0.34523319 0.50234819  0.48417291 0.45702496 0.47508945 0.39693445 0.45000532 0.44589633  0.47476172 0.42761975 0.50206904 0.41641874
0.00039479 0.36283831 0.35232302 0.39930133 0.34523319 0.50234819  0.48417291 0.45702496 0.47508945 0.39693445 0.45000532 0.44589633  0.47476172 0.42761975 0.50206904 0.41641874
0.00039479 0.36283831 0.35232302 0.39930133 0.34523319 0.50234819  0.48417291 0.45702496 0.47508945 0.39693445 0.45000532 0.44589633  0.47476172 0.42761975 0.50206904 0.41641874
0.00039479 0.36283831 0.35232302 0.39930133 0.34523319 0.50234819  0.48417291 0.45702496 0.47508945 0.39693445 0.45000532 0.44589633  0.47476172 0.42761975 0.50206904 0.41641874
0.00039479 0.36283831 0.35232302 0.39930133 0.34523319 0.50234819  0.48417291 0.45702496 0.47508945 0.39693445 0.45000532 0.44589633  0.47476172 0.42761975 0.50206904 0.41641874
0.00039479 0.36283831 0.35232302 0.39930133 0.34523319 0.50234819  0.48417291 0.45702496 0.47508945 0.39693445 0.45000532 0.44589633  0.47476172 0.42761975 0.50206904 0.41641874
0.00039479 0.36283831 0.35232302 0.39930133 0.34523319 0.50234819  0.48417291 0.45702496 0.47508945 0.39693445 0.45000532 0.44589633  0.47476172 0.42761975 0.50206904 0.41641874
0.00039479 0.36283831 0.35232302 0.39930133 0.34523319 0.50234819  0.48417291 0.45702496 0.47508945 0.39693445 0.45000532 0.44589633  0.47476172 0.42761975 0.50206904 0.41641874
0.00039479 0.36283831 0.35232302 0.39930133 0.34523319 0.50234819  0.48417291 0.45702496 0.47508945 0.39693445 0.45000532 0.44589633  0.47476172 0.42761975 0.50206904 0.41641874
0.00039479 0.36283831 0.35232302 0.39930133 0.34523319 0.50234819  0.48417291 0.45702496 0.47508945 0.39693445 0.45000532 0.44589633  0.47476172 0.42761975 0.50206904 0.41641874
0.00039479 0.36283831 0.35232302 0.39930133 0.34523319 0.50234819  0.48417291 0.45702496 0.47508945 0.39693445 0.45000532 0.44589633  0.47476172 0.42761975 0.50206904 0.41641874
0.00039479 0.36283831 0.35232302 0.39930133 0.34523319 0.50234819  0.48417291 0.45702496 0.47508945 0.39693445 0.45000532 0.44589633  0.47476172 0.42761975 0.50206904 0.41641874
0.00039479 0.36283831 0.35232302 0.39930133 0.34523319 0.50234819  0.48417291 0.45702496 0.47508945 0.39693445 0.45000532 0.44589633  0.47476172 0.42761975 0.50206904 0.41641874
0.03525649 0.41685964 0.32437467 0.45347996 0.36854765 0.43569141  0.43485985 0.4975719  0.47652552 0.39120509 0.39620065 0.45304628  0.55757342 0.45566594 0.52722734 0.46096477
0.03525649 0.41685964 0.32437467 0.45347996 0.36854765 0.43569141  0.43485985 0.4975719  0.47652552 0.39120509 0.39620065 0.45304628  0.55757342 0.45566594 0.52722734 0.46096477
0.05357196 0.4426501  0.31126372 0.47372404 0.37603629 0.41875523  0.42072775 0.50444347 0.48490619 0.39013906 0.40420374 0.45185212  0.54462992 0.46722303 0.55234375 0.44813721
0.10790948 0.52006986 0.27295207 0.53758714 0.39565131 0.37686759  0.35640982 0.53644634 0.54757535 0.39453639 0.43258952 0.45227625  0.52979935 0.5365488  0.69603209 0.43060237
0.16149154 0.59589382 0.23195424 0.60314051 0.42181362 0.28395504  0.32731473 0.57699891 0.48499844 0.37233474 0.34308032 0.45523986  0.63650155 0.46742391 0.52384575 0.47911881
0.16149154 0.59589382 0.23195424 0.60314051 0.42181362 0.28395504  0.32731473 0.57699891 0.48499844 0.37233474 0.34308032 0.45523986  0.63650155 0.46742391 0.52384575 0.47911881
0.1794004  0.62176476 0.21812787 0.62655517 0.43093057 0.25224564  0.31320772 0.59316568 0.47029563 0.36434105 0.31549124 0.45622894  0.6779167  0.45507566 0.4827501  0.49170059
0.1794004  0.62176476 0.21812787 0.62655517 0.43093057 0.25224564  0.31320772 0.59316568 0.47029563 0.36434105 0.31549124 0.45622894  0.6779167  0.45507566 0.4827501  0.49170059
0.16204778 0.59475963 0.23192882 0.59950383 0.41919332 0.28372948  0.33987672 0.57253673 0.4636886  0.36663697 0.33653661 0.45294595  0.64002771 0.43277964 0.45398625 0.47310017
0.18033401 0.60558831 0.22028303 0.59080157 0.42391485 0.2704492  0.39310854 0.54088244 0.39052259 0.37603676 0.30941845 0.4608214  0.54957149 0.39078547 0.41537258 0.45359957
0.18033401 0.60558831 0.22028303 0.59080157 0.42391485 0.2704492  0.39310854 0.54088244 0.39052259 0.37603676 0.30941845 0.4608214  0.54957149 0.39078547 0.41537258 0.45359957
0.19905805 0.62827688 0.20861489 0.60101814 0.42665636 0.2664549  0.3988273  0.53370746 0.38238247 0.37369436 0.32711143 0.45740028  0.51673111 0.37319032 0.39047904 0.43163933
0.19905805 0.62827688 0.20861489 0.60101814 0.42665636 0.2664549  0.3988273  0.53370746 0.38238247 0.37369436 0.32711143 0.45740028  0.51673111 0.37319032 0.39047904 0.43163933
0.19905805 0.62827688 0.20861489 0.60101814 0.42665636 0.2664549  0.3988273  0.53370746 0.38238247 0.37369436 0.32711143 0.45740028  0.51673111 0.37319032 0.39047904 0.43163933
0.2349469  0.63420586 0.18510489 0.55788944 0.4419338  0.2399358  0.53101358 0.47384167 0.25241112 0.39776363 0.28872501 0.47684456  0.4110041  0.32454761 0.35987682 0.42972335
0.29067388 0.69900952 0.15552588 0.58948157 0.43621885 0.27411869  0.50310827 0.45486275 0.31677145 0.42242189 0.3600501  0.47882094  0.29477649 0.34254621 0.46456034 0.38141988
0.30811559 0.69217161 0.1424126  0.55449207 0.45223958 0.24732057  0.58117389 0.43313105 0.26501844 0.43540191 0.34773811 0.4903983  0.28757417 0.35476394 0.49623674 0.3918793 
0.36311399 0.73263031 0.11799864 0.53418386 0.44968649 0.27138742  0.63246497 0.43457717 0.26106979 0.40304086 0.42829218 0.45883264  0.32247231 0.36897213 0.45076748 0.36479865
0.41526722 0.74205673 0.09323617 0.52248394 0.44975759 0.29183583  0.61892943 0.35733726 0.35096386 0.40482064 0.46562483 0.46583348  0.29635971 0.46769938 0.53293236 0.31428613
0.41526722 0.74205673 0.09323617 0.52248394 0.44975759 0.29183583  0.61892943 0.35733726 0.35096386 0.40482064 0.46562483 0.46583348  0.29635971 0.46769938 0.53293236 0.31428613
0.45268047 0.76557351 0.08882568 0.5056186  0.41403784 0.40776686  0.61095465 0.31176486 0.40820683 0.44736462 0.48776017 0.47976093  0.27168703 0.44612781 0.53912787 0.3669534 
0.48917706 0.76033278 0.08120483 0.44087268 0.40457274 0.4501514  0.68289425 0.31003608 0.41101993 0.43109728 0.52982786 0.46584003  0.35612153 0.46850856 0.55367667 0.37585654
0.50748535 0.76946066 0.08252357 0.43513376 0.38276117 0.52078212  0.66592059 0.27140944 0.43777099 0.47183556 0.49395271 0.48826066  0.35635921 0.46548558 0.57831976 0.42510395
0.50748535 0.76946066 0.08252357 0.43513376 0.38276117 0.52078212  0.66592059 0.27140944 0.43777099 0.47183556 0.49395271 0.48826066  0.35635921 0.46548558 0.57831976 0.42510395
0.50748535 0.76946066 0.08252357 0.43513376 0.38276117 0.52078212  0.66592059 0.27140944 0.43777099 0.47183556 0.49395271 0.48826066  0.35635921 0.46548558 0.57831976 0.42510395
0.50748535 0.76946066 0.08252357 0.43513376 0.38276117 0.52078212  0.66592059 0.27140944 0.43777099 0.47183556 0.49395271 0.48826066  0.35635921 0.46548558 0.57831976 0.42510395
0.52532475 0.75815148 0.08133258 0.39159103 0.38070213 0.52929149  0.69969933 0.31599067 0.43663399 0.44245999 0.52230609 0.47066251  0.43643535 0.49586731 0.58818127 0.43718207
0.52532475 0.75815148 0.08133258 0.39159103 0.38070213 0.52929149  0.69969933 0.31599067 0.43663399 0.44245999 0.52230609 0.47066251  0.43643535 0.49586731 0.58818127 0.43718207
0.54375498 0.75882854 0.08640224 0.36971339 0.35530959 0.591098  0.69292025 0.32104577 0.4449072  0.44796593 0.49469783 0.47410501  0.50062481 0.48010388 0.54975819 0.47562118
0.54375498 0.75882854 0.08640224 0.36971339 0.35530959 0.591098  0.69292025 0.32104577 0.4449072  0.44796593 0.49469783 0.47410501  0.50062481 0.48010388 0.54975819 0.47562118
0.57617405 0.71259532 0.08342786 0.30406862 0.35776325 0.57297053  0.69376748 0.34015746 0.48680885 0.42027373 0.45762965 0.48360427  0.58714577 0.57490161 0.59688203 0.50315318
0.57617405 0.71259532 0.08342786 0.30406862 0.35776325 0.57297053  0.69376748 0.34015746 0.48680885 0.42027373 0.45762965 0.48360427  0.58714577 0.57490161 0.59688203 0.50315318
0.59296473 0.69138144 0.07971514 0.26112765 0.3643441  0.55649327  0.71347382 0.38113214 0.51043254 0.39851518 0.47596577 0.4790392  0.64517503 0.60598385 0.66570318 0.51718986
0.64068307 0.62445875 0.09596551 0.19625899 0.34214044 0.55151726  0.63399481 0.46654436 0.53339123 0.39796322 0.38929712 0.50290854  0.63196452 0.62010013 0.61271823 0.53347712
0.64068307 0.62445875 0.09596551 0.19625899 0.34214044 0.55151726  0.63399481 0.46654436 0.53339123 0.39796322 0.38929712 0.50290854  0.63196452 0.62010013 0.61271823 0.53347712
0.69938187 0.52035986 0.08962278 0.14857676 0.35412434 0.55325451  0.52734666 0.38823535 0.58347375 0.37865781 0.2490522  0.52128648  0.69713135 0.51737403 0.61175442 0.48566325
0.74029831 0.42236503 0.08253112 0.13001876 0.3795643  0.48711557  0.42582677 0.38781866 0.64367133 0.33700756 0.31734034 0.49028625  0.57951604 0.35658439 0.49608563 0.425364  
0.75500101 0.3959788  0.09496858 0.12721651 0.36291236 0.47253131  0.39032606 0.42928219 0.61687182 0.36024464 0.29584427 0.49735479  0.46131689 0.29342549 0.53318046 0.40450296
0.75500101 0.3959788  0.09496858 0.12721651 0.36291236 0.47253131  0.39032606 0.42928219 0.61687182 0.36024464 0.29584427 0.49735479  0.46131689 0.29342549 0.53318046 0.40450296
0.7559492  0.39897828 0.09899779 0.12527752 0.36720989 0.47484449  0.38785148 0.43222287 0.60880952 0.34417667 0.29950147 0.51714544  0.4376822  0.28157712 0.54358166 0.44203833
0.77241297 0.38708876 0.12213958 0.13022377 0.34253896 0.49189832  0.34199126 0.44408342 0.55751894 0.36209516 0.25081635 0.54060921  0.39884067 0.29585164 0.46232655 0.43104086
0.78473771 0.37244287 0.14979315 0.15632802 0.31270255 0.47110184  0.33617254 0.44987204 0.51019683 0.41175964 0.29601821 0.56964605  0.3826389  0.33560171 0.46795209 0.39468103
0.78473771 0.37244287 0.14979315 0.15632802 0.31270255 0.47110184  0.33617254 0.44987204 0.51019683 0.41175964 0.29601821 0.56964605  0.3826389  0.33560171 0.46795209 0.39468103
0.80446658 0.33916138 0.1830888  0.2233275  0.32317455 0.48692577  0.32404204 0.43713231 0.42241517 0.42396947 0.36650664 0.57845761  0.43377891 0.34849009 0.49040564 0.41706143
0.81361427 0.34465395 0.2203631  0.24109325 0.29982097 0.47620182  0.32408741 0.40935725 0.41275161 0.39609552 0.38305842 0.59280551  0.47022816 0.39314648 0.45992017 0.43463101
0.82920174 0.2850277  0.21143795 0.3308475  0.34687004 0.52579662  0.31455887 0.39740607 0.32967739 0.40610434 0.41987932 0.48801374  0.48222013 0.39587061 0.49299523 0.53673642
0.84074782 0.27097487 0.24000036 0.35911221 0.32644495 0.50102002  0.32776112 0.40163649 0.29477785 0.45971917 0.4582207  0.50871693  0.50219616 0.4047725  0.55297487 0.46820876
0.83899867 0.26793165 0.23508076 0.36635835 0.31139833 0.49927893  0.33428554 0.39832359 0.29916755 0.46321815 0.44931516 0.46176416  0.54316678 0.4023449  0.56970093 0.38042875
0.8545809  0.21440775 0.23939939 0.45061308 0.32380861 0.50024693  0.3500892  0.40426621 0.27060977 0.532603   0.56183312 0.44169475  0.55017339 0.44578911 0.52749706 0.53040128
0.86572862 0.20339528 0.26771633 0.48251788 0.29610533 0.49334971  0.3460833  0.38620751 0.22875078 0.55316094 0.58237875 0.43923389  0.63712004 0.47886004 0.52113563 0.41394671
0.87062999 0.18204533 0.26378331 0.52923037 0.32072734 0.53008153  0.36823068 0.40870908 0.21427603 0.53978605 0.56280767 0.42265481  0.63907116 0.49094477 0.56263906 0.3980195 
0.87062999 0.18204533 0.26378331 0.52923037 0.32072734 0.53008153  0.36823068 0.40870908 0.21427603 0.53978605 0.56280767 0.42265481  0.63907116 0.49094477 0.56263906 0.3980195 
0.87062999 0.18204533 0.26378331 0.52923037 0.32072734 0.53008153  0.36823068 0.40870908 0.21427603 0.53978605 0.56280767 0.42265481  0.63907116 0.49094477 0.56263906 0.3980195 
0.86148231 0.17655275 0.22650901 0.51146462 0.34408092 0.54080549  0.36818531 0.43648414 0.22393958 0.56766    0.54625589 0.40830692  0.60262191 0.44628839 0.59312452 0.38044992
0.84353426 0.17514113 0.15936459 0.49822299 0.4176376  0.6098519  0.37881311 0.45899171 0.29201368 0.49385827 0.45486591 0.33493355  0.52597412 0.42092066 0.59410386 0.51256502
0.83215408 0.18013276 0.12487438 0.47144887 0.44798957 0.62530225  0.37865489 0.47342255 0.32720631 0.47349069 0.41379768 0.30066878  0.47965175 0.36619364 0.61908581 0.54781359
0.81982934 0.19477866 0.09722081 0.44534463 0.47782599 0.64609873  0.38447361 0.46763394 0.37452842 0.4238262  0.36859581 0.27163193  0.49585352 0.32644358 0.61346027 0.58417342
0.8237513  0.17808131 0.09472352 0.4829766  0.4992422  0.6745162  0.40938504 0.48870988 0.38264125 0.41379936 0.34153283 0.26572659  0.47866293 0.36523656 0.60974161 0.57317477
0.7999243  0.21680584 0.06448215 0.43800745 0.53454427 0.68227344  0.44063796 0.47448422 0.42798535 0.34064545 0.2853728  0.22928475  0.47183348 0.35638064 0.70455434 0.55918981
0.7999243  0.21680584 0.06448215 0.43800745 0.53454427 0.68227344  0.44063796 0.47448422 0.42798535 0.34064545 0.2853728  0.22928475  0.47183348 0.35638064 0.70455434 0.55918981
0.75221458 0.2779352  0.0308795  0.48362651 0.58346002 0.66913485  0.53498019 0.33109454 0.47841191 0.29405009 0.39860851 0.20323434  0.60306474 0.45503414 0.7008629  0.56256527
0.68796296 0.4411437  0.02730166 0.29870298 0.5036183  0.51027852  0.5588707  0.20471405 0.63036014 0.28282486 0.47945289 0.36543398  0.66239699 0.45233136 0.6417165  0.41088921
0.51458254 0.59410233 0.04892292 0.43794265 0.52235454 0.31502756  0.65916942 0.20007349 0.44687276 0.34278544 0.38755109 0.4433501  0.50265769 0.54129725 0.70118497 0.27167215
0.37011099 0.64835165 0.09889429 0.52801162 0.51309742 0.14543482  0.58434144 0.32971301 0.29872282 0.39741316 0.26393978 0.50002372  0.46304104 0.48372188 0.61915031 0.33601323
0.16002923 0.51735087 0.23263801 0.46540467 0.434639   0.26230562  0.61020786 0.44200927 0.19724253 0.42356637 0.19832211 0.50672241  0.51537704 0.32262546 0.34785445 0.53799779
0.05306277 0.40930401 0.31102756 0.41763914 0.37666176 0.40426113  0.54756198 0.44277854 0.32496259 0.41131519 0.2958028  0.48030821  0.52794871 0.3284536  0.33871483 0.50730334
0.01779563 0.38669558 0.33863985 0.42004769 0.35385851 0.46460162  0.48109267 0.47190843 0.43452283 0.38595027 0.3992976  0.44733029  0.52908455 0.38078184 0.39373238 0.44873962
0.00039479 0.36283831 0.35232302 0.39930133 0.34523319 0.50234819  0.48417291 0.45702496 0.47508945 0.39693445 0.45000532 0.44589633  0.47476172 0.42761975 0.50206904 0.41641874
0.00039479 0.36283831 0.35232302 0.39930133 0.34523319 0.50234819  0.48417291 0.45702496 0.47508945 0.39693445 0.45000532 0.44589633  0.47476172 0.42761975 0.50206904 0.41641874
0.00039479 0.36283831 0.35232302 0.39930133 0.34523319 0.50234819  0.48417291 0.45702496 0.47508945 0.39693445 0.45000532 0.44589633  0.47476172 0.42761975 0.50206904 0.41641874
0.00039479 0.36283831 0.35232302 0.39930133 0.34523319 0.50234819  0.48417291 0.45702496 0.47508945 0.39693445 0.45000532 0.44589633  0.47476172 0.42761975 0.50206904 0.41641874
0.00039479 0.36283831 0.35232302 0.39930133 0.34523319 0.50234819  0.48417291 0.45702496 0.47508945 0.39693445 0.45000532 0.44589633  0.47476172 0.42761975 0.50206904 0.41641874
0.00039479 0.36283831 0.35232302 0.39930133 0.34523319 0.50234819  0.48417291 0.45702496 0.47508945 0.39693445 0.45000532 0.44589633  0.47476172 0.42761975 0.50206904 0.41641874
0.00039479 0.36283831 0.35232302 0.39930133 0.34523319 0.50234819  0.48417291 0.45702496 0.47508945 0.39693445 0.45000532 0.44589633  0.47476172 0.42761975 0.50206904 0.41641874
0.00039479 0.36283831 0.35232302 0.39930133 0.34523319 0.50234819  0.48417291 0.45702496 0.47508945 0.39693445 0.45000532 0.44589633  0.47476172 0.42761975 0.50206904 0.41641874
0.00039479 0.36283831 0.35232302 0.39930133 0.34523319 0.50234819  0.48417291 0.45702496 0.47508945 0.39693445 0.45000532 0.44589633  0.47476172 0.42761975 0.50206904 0.41641874
0.00039479 0.36283831 0.35232302 0.39930133 0.34523319 0.50234819  0.48417291 0.45702496 0.47508945 0.39693445 0.45000532 0.44589633  0.47476172 0.42761975 0.50206904 0.41641874
0.00039479 0.36283831 0.35232302 0.39930133 0.34523319 0.50234819  0.48417291 0.45702496 0.47508945 0.39693445 0.45000532 0.44589633  0.47476172 0.42761975 0.50206904 0.41641874
0.00039479 0.36283831 0.35232302 0.39930133 0.34523319 0.50234819  0.48417291 0.45702496 0.47508945 0.39693445 0.45000532 0.44589633  0.47476172 0.42761975 0.50206904 0.41641874
0.00039479 0.36283831 0.35232302 0.39930133 0.34523319 0.50234819  0.48417291 0.45702496 0.47508945 0.39693445 0.45000532 0.44589633  0.47476172 0.42761975 0.50206904 0.41641874
0.00039479 0.36283831 0.35232302 0.39930133 0.34523319 0.50234819  0.48417291 0.45702496 0.47508945 0.39693445 0.45000532 0.44589633  0.47476172 0.42761975 0.50206904 0.41641874
0.00039479 0.36283831 0.35232302 0.39930133 0.34523319 0.50234819  0.48417291 0.45702496 0.47508945 0.39693445 0.45000532 0.44589633  0.47476172 0.42761975 0.50206904 0.41641874
0.00039479 0.36283831 0.35232302 0.39930133 0.34523319 0.50234819  0.48417291 0.45702496 0.47508945 0.39693445 0.45000532 0.44589633  0.47476172 0.42761975 0.50206904 0.41641874
0.00039479 0.36283831 0.35232302 0.39930133 0.34523319 0.50234819  0.48417291 0.45702496 0.47508945 0.39693445 0.45000532 0.44589633  0.47476172 0.42761975 0.50206904 0.41641874
0.00039479 0.36283831 0.35232302 0.39930133 0.34523319 0.50234819  0.48417291 0.45702496 0.47508945 0.39693445 0.45000532 0.44589633  0.47476172 0.42761975 0.50206904 0.41641874
0.00039479 0.36283831 0.35232302 0.39930133 0.34523319 0.50234819  0.48417291 0.45702496 0.47508945 0.39693445 0.45000532 0.44589633  0.47476172 0.42761975 0.50206904 0.41641874
0.00039479 0.36283831 0.35232302 0.39930133 0.34523319 0.50234819  0.48417291 0.45702496 0.47508945 0.39693445 0.45000532 0.44589633  0.47476172 0.42761975 0.50206904 0.41641874
0.00039479 0.36283831 0.35232302 0.39930133 0.34523319 0.50234819  0.48417291 0.45702496 0.47508945 0.39693445 0.45000532 0.44589633  0.47476172 0.42761975 0.50206904 0.41641874
0.00039479 0.36283831 0.35232302 0.39930133 0.34523319 0.50234819  0.48417291 0.45702496 0.47508945 0.39693445 0.45000532 0.44589633  0.47476172 0.42761975 0.50206904 0.41641874
0.00039479 0.36283831 0.35232302 0.39930133 0.34523319 0.50234819  0.48417291 0.45702496 0.47508945 0.39693445 0.45000532 0.44589633  0.47476172 0.42761975 0.50206904 0.41641874
0.00039479 0.36283831 0.35232302 0.39930133 0.34523319 0.50234819  0.48417291 0.45702496 0.47508945 0.39693445 0.45000532 0.44589633  0.47476172 0.42761975 0.50206904 0.41641874
0.00039479 0.36283831 0.35232302 0.39930133 0.34523319 0.50234819  0.48417291 0.45702496 0.47508945 0.39693445 0.45000532 0.44589633  0.47476172 0.42761975 0.50206904 0.41641874
0.00039479 0.36283831 0.35232302 0.39930133 0.34523319 0.50234819  0.48417291 0.45702496 0.47508945 0.39693445 0.45000532 0.44589633  0.47476172 0.42761975 0.50206904 0.41641874
0.00039479 0.36283831 0.35232302 0.39930133 0.34523319 0.50234819  0.48417291 0.45702496 0.47508945 0.39693445 0.45000532 0.44589633  0.47476172 0.42761975 0.50206904 0.41641874
0.0177474  0.38984345 0.33852207 0.42635267 0.35697043 0.47086435  0.45750391 0.47765391 0.48169648 0.39463854 0.42895995 0.44917931  0.51265071 0.44991576 0.53083289 0.43501917
0.10846349 0.5161602  0.27485696 0.52488035 0.38998215 0.39558002  0.37786764 0.52084603 0.54171124 0.38639428 0.46754028 0.44026698  0.50485682 0.51615751 0.63764816 0.40001787
0.29272165 0.66817624 0.18222966 0.50402962 0.39843131 0.40617911  0.50267707 0.55383093 0.49841852 0.29914623 0.6718381  0.36161717  0.51574137 0.48153108 0.44629009 0.29570559
0.36358214 0.70497237 0.14111458 0.48835473 0.42339129 0.32508628  0.5660182  0.58336912 0.40998419 0.26853374 0.62362507 0.36203068  0.5360506  0.43103796 0.37011652 0.29723343
0.41701826 0.70077996 0.12510301 0.41883093 0.43029405 0.31602734  0.61974158 0.66375006 0.43168769 0.2313829  0.68450677 0.33557208  0.63522091 0.51666592 0.48933289 0.27767801
0.4708591  0.69017669 0.12417844 0.3465258  0.39257719 0.40882429  0.62552742 0.705352   0.49935512 0.20547073 0.76078764 0.3196625  0.67444738 0.4620079  0.45682248 0.31727045
0.48938671 0.71034857 0.11683517 0.35646427 0.38330608 0.44272232  0.60480241 0.68965093 0.53702054 0.23870544 0.76638095 0.33604871  0.60981677 0.46570049 0.54442521 0.33274178
0.48938671 0.71034857 0.11683517 0.35646427 0.38330608 0.44272232  0.60480241 0.68965093 0.53702054 0.23870544 0.76638095 0.33604871  0.60981677 0.46570049 0.54442521 0.33274178
0.50510549 0.68503092 0.1236874  0.33012378 0.37740995 0.42868452  0.58238201 0.7622825  0.53384468 0.25566139 0.75284891 0.34569973  0.55474303 0.44351217 0.56514736 0.34481799
0.52353572 0.68570797 0.12875706 0.30824614 0.3520174  0.49049103  0.57560293 0.7673376  0.5421179  0.26116734 0.72524065 0.34914224  0.61893249 0.42774874 0.52672428 0.3832571 
0.50593614 0.69744391 0.13581731 0.35143683 0.3417202  0.50368575  0.51668065 0.75989552 0.55554558 0.27252113 0.70866666 0.3556296  0.57201398 0.38900746 0.46675976 0.38828325
0.36555831 0.76056113 0.15406508 0.58132128 0.3649522  0.47674661  0.33696142 0.59260042 0.64785524 0.33980451 0.64290753 0.38750123  0.60324983 0.45216578 0.45331427 0.38876137
0.27238031 0.72036657 0.17410561 0.6592221  0.41318186 0.32382752  0.28142989 0.57669049 0.56194332 0.38169618 0.43075384 0.44711793  0.58426724 0.46422175 0.54952922 0.44074519
0.1979191  0.64271906 0.20775552 0.63648947 0.43055343 0.25445331  0.30409412 0.59845109 0.49582661 0.35466587 0.3554918  0.44586393  0.67481435 0.4819329  0.51013262 0.44667862
0.07147544 0.46644974 0.29714547 0.49417976 0.38296566 0.37654053  0.42292597 0.52189462 0.42657767 0.3717131  0.34066585 0.45168881  0.62658582 0.38875218 0.37101361 0.47889789
0.01830365 0.38870926 0.33849665 0.42271599 0.35435014 0.47063879  0.4700659  0.47319173 0.46038664 0.38894076 0.42241625 0.4468854  0.51617687 0.4152715  0.46097338 0.42900053
0.00039479 0.36283831 0.35232302 0.39930133 0.34523319 0.50234819  0.48417291 0.45702496 0.47508945 0.39693445 0.45000532 0.44589633  0.47476172 0.42761975 0.50206904 0.41641874
0.00039479 0.36283831 0.35232302 0.39930133 0.34523319 0.50234819  0.48417291 0.45702496 0.47508945 0.39693445 0.45000532 0.44589633  0.47476172 0.42761975 0.50206904 0.41641874
0.00039479 0.36283831 0.35232302 0.39930133 0.34523319 0.50234819  0.48417291 0.45702496 0.47508945 0.39693445 0.45000532 0.44589633  0.47476172 0.42761975 0.50206904 0.41641874
0.00039479 0.36283831 0.35232302 0.39930133 0.34523319 0.50234819  0.48417291 0.45702496 0.47508945 0.39693445 0.45000532 0.44589633  0.47476172 0.42761975 0.50206904 0.41641874
0.00039479 0.36283831 0.35232302 0.39930133 0.34523319 0.50234819  0.48417291 0.45702496 0.47508945 0.39693445 0.45000532 0.44589633  0.47476172 0.42761975 0.50206904 0.41641874
0.00039479 0.36283831 0.35232302 0.39930133 0.34523319 0.50234819  0.48417291 0.45702496 0.47508945 0.39693445 0.45000532 0.44589633  0.47476172 0.42761975 0.50206904 0.41641874
0.00039479 0.36283831 0.35232302 0.39930133 0.34523319 0.50234819  0.48417291 0.45702496 0.47508945 0.39693445 0.45000532 0.44589633  0.47476172 0.42761975 0.50206904 0.41641874
0.00039479 0.36283831 0.35232302 0.39930133 0.34523319 0.50234819  0.48417291 0.45702496 0.47508945 0.39693445 0.45000532 0.44589633  0.47476172 0.42761975 0.50206904 0.41641874
0.00039479 0.36283831 0.35232302 0.39930133 0.34523319 0.50234819  0.48417291 0.45702496 0.47508945 0.39693445 0.45000532 0.44589633  0.47476172 0.42761975 0.50206904 0.41641874
0.00039479 0.36283831 0.35232302 0.39930133 0.34523319 0.50234819  0.48417291 0.45702496 0.47508945 0.39693445 0.45000532 0.44589633  0.47476172 0.42761975 0.50206904 0.41641874
0.12440017 0.54590072 0.25553648 0.56951008 0.41500592 0.27984344  0.36660049 0.573536   0.4031488  0.35895289 0.25716352 0.46023151  0.74080632 0.38769006 0.32975746 0.53921284
0.27230287 0.73267769 0.16547083 0.68332028 0.43003633 0.28129444  0.27429226 0.57383444 0.55875287 0.38318526 0.44123623 0.44755586  0.5143895  0.4866367  0.6130834  0.38891645
0.4005181  0.78538641 0.10254264 0.57581323 0.42714935 0.35241199  0.55497478 0.38834311 0.37465141 0.46162841 0.46620647 0.48153606  0.23122988 0.38353789 0.55553547 0.37178495
0.51122529 0.79950986 0.09455724 0.43195576 0.3493868  0.5994669  0.66683861 0.34610602 0.416032   0.46732754 0.53386627 0.462384  0.40329739 0.37544479 0.47961754 0.45658068
0.59787761 0.73134667 0.12022963 0.27059545 0.29584709 0.67845973  0.66056277 0.55335991 0.40061692 0.40211321 0.42785235 0.44404497  0.69609507 0.42322775 0.46911648 0.50576494
0.66053264 0.63928901 0.15808252 0.19866991 0.25716787 0.64508043  0.55077092 0.7535735  0.36705347 0.427047   0.36169683 0.46820001  0.52475878 0.30859013 0.54761941 0.46387003
0.78230281 0.57432974 0.42385529 0.11795618 0.54324055 0.53595005  0.45043228 0.35366319 0.55775771 0.45569317 0.14649802 0.35295961  0.67478179 0.50760399 0.43648392 0.24588411
0.86338884 0.53508724 0.64649614 0.1679801  0.54343529 0.42554704  0.43928698 0.32062445 0.54384777 0.40533059 0.16373453 0.3776469  0.59347113 0.43424164 0.61957452 0.1360258 
0.88648793 0.51596353 0.70139131 0.16735428 0.61015456 0.39109577  0.41335824 0.29400367 0.57903993 0.34971447 0.24230237 0.36544904  0.58141165 0.32383609 0.57096949 0.16593396
0.88531167 0.5164056  0.69927508 0.1627138  0.63761991 0.41383517  0.3831316  0.28869691 0.52387655 0.29051504 0.2894484  0.45068599  0.57723062 0.3017629  0.61597724 0.18656104
0.89763641 0.5017597  0.72692865 0.18881805 0.60778349 0.39303869  0.37731289 0.29448552 0.47655444 0.34017953 0.33465027 0.47972283  0.56102886 0.34151296 0.62160278 0.15020121
0.89545448 0.48943386 0.7004948  0.21417935 0.51642324 0.36834038  0.40564747 0.28486124 0.5120622  0.34425322 0.27533999 0.38982413  0.55951806 0.37544688 0.60011794 0.11243336
0.89545448 0.48943386 0.7004948  0.21417935 0.51642324 0.36834038  0.40564747 0.28486124 0.5120622  0.34425322 0.27533999 0.38982413  0.55951806 0.37544688 0.60011794 0.11243336
0.89545448 0.48943386 0.7004948  0.21417935 0.51642324 0.36834038  0.40564747 0.28486124 0.5120622  0.34425322 0.27533999 0.38982413  0.55951806 0.37544688 0.60011794 0.11243336
0.85070077 0.35862143 0.38344463 0.31889539 0.17077486 0.36704118  0.39648491 0.32274735 0.40094679 0.3285461  0.42568617 0.62843396  0.66946688 0.3538112  0.64773379 0.17868462
0.85112696 0.32415399 0.34326451 0.34668842 0.21071214 0.41391802  0.3799379  0.34403523 0.36675428 0.40638124 0.42198684 0.56486201  0.68413723 0.3680721  0.63472322 0.15890115
0.85133964 0.2867542  0.30071058 0.37673889 0.24401597 0.45565126  0.35954373 0.37032698 0.30731338 0.45960134 0.44332488 0.51797189  0.68154071 0.37896793 0.63168491 0.16674625
0.85133964 0.2867542  0.30071058 0.37673889 0.24401597 0.45565126  0.35954373 0.37032698 0.30731338 0.45960134 0.44332488 0.51797189  0.68154071 0.37896793 0.63168491 0.16674625
0.86116235 0.21107472 0.2603687  0.48782262 0.31048883 0.51810943  0.41251182 0.43616079 0.29097    0.51281706 0.47681922 0.48309626  0.66643571 0.36777023 0.72988321 0.20018193
0.87619578 0.15338849 0.25598772 0.58123846 0.35441823 0.55930974  0.41218383 0.43196162 0.21770453 0.54364165 0.52768809 0.3827241  0.65571522 0.41968565 0.70361188 0.34995615
0.87803348 0.14462785 0.2553019  0.60809894 0.36713352 0.57866034  0.44158709 0.45776148 0.24508832 0.52548467 0.49710677 0.41819559  0.63052236 0.44548443 0.67070994 0.30354491
0.88296205 0.12185766 0.25289439 0.67393116 0.39910528 0.6254107  0.50736666 0.5102597  0.29575611 0.48647929 0.43339034 0.48013854  0.59136078 0.49335897 0.63113498 0.2135348 
0.87394253 0.12154448 0.21717982 0.64914621 0.41849381 0.64659222  0.48071771 0.52640219 0.28524444 0.49480072 0.42311236 0.47038098  0.54490766 0.52471843 0.58564638 0.22869683
0.87394253 0.12154448 0.21717982 0.64914621 0.41849381 0.64659222  0.48071771 0.52640219 0.28524444 0.49480072 0.42311236 0.47038098  0.54490766 0.52471843 0.58564638 0.22869683
0.87394253 0.12154448 0.21717982 0.64914621 0.41849381 0.64659222  0.48071771 0.52640219 0.28524444 0.49480072 0.42311236 0.47038098  0.54490766 0.52471843 0.58564638 0.22869683
0.87394253 0.12154448 0.21717982 0.64914621 0.41849381 0.64659222  0.48071771 0.52640219 0.28524444 0.49480072 0.42311236 0.47038098  0.54490766 0.52471843 0.58564638 0.22869683
0.8664843  0.10983877 0.18019232 0.66000407 0.470262   0.69046004  0.50547093 0.56190897 0.3285499  0.4644063  0.35498116 0.43021086  0.4813947  0.50878439 0.60690967 0.25294674
0.86971587 0.09747284 0.18403807 0.69553097 0.47488099 0.69117936  0.54526802 0.57098268 0.37686878 0.47555589 0.36679721 0.46464095  0.50736181 0.45720428 0.58899227 0.29782659
0.86971587 0.09747284 0.18403807 0.69553097 0.47488099 0.69117936  0.54526802 0.57098268 0.37686878 0.47555589 0.36679721 0.46464095  0.50736181 0.45720428 0.58899227 0.29782659
0.87048982 0.09383048 0.18353844 0.70746571 0.48169591 0.70049409  0.56074413 0.58366812 0.39466607 0.46389344 0.34592968 0.48518771  0.48673815 0.47881422 0.56395209 0.26930474
0.8717023  0.0880683  0.18358014 0.72648482 0.48972447 0.71256939  0.58347167 0.60128117 0.41858583 0.44916233 0.32373109 0.513456  0.4630251  0.5043652  0.5303846  0.24246769
0.88308248 0.08307666 0.21807035 0.75325894 0.4593725  0.69711904  0.58362989 0.58685033 0.3833932  0.46952992 0.36479932 0.54772078  0.50934746 0.55909221 0.50540265 0.20721912
0.88308248 0.08307666 0.21807035 0.75325894 0.4593725  0.69711904  0.58362989 0.58685033 0.3833932  0.46952992 0.36479932 0.54772078  0.50934746 0.55909221 0.50540265 0.20721912
0.88400705 0.07864681 0.21869347 0.76986933 0.46449694 0.70508143  0.60593359 0.6005305  0.40972778 0.45553679 0.34879365 0.58070414  0.49591666 0.56675429 0.47497449 0.18852734
0.88400705 0.07864681 0.21869347 0.76986933 0.46449694 0.70508143  0.60593359 0.6005305  0.40972778 0.45553679 0.34879365 0.58070414  0.49591666 0.56675429 0.47497449 0.18852734
0.88400705 0.07864681 0.21869347 0.76986933 0.46449694 0.70508143  0.60593359 0.6005305  0.40972778 0.45553679 0.34879365 0.58070414  0.49591666 0.56675429 0.47497449 0.18852734
0.88546393 0.07184733 0.21936454 0.79305434 0.47216061 0.71678763  0.63312885 0.61765289 0.43651125 0.43844151 0.32980594 0.61380235  0.47609358 0.58972231 0.440581   0.16988613
0.88546393 0.07184733 0.21936454 0.79305434 0.47216061 0.71678763  0.63312885 0.61765289 0.43651125 0.43844151 0.32980594 0.61380235  0.47609358 0.58972231 0.440581   0.16988613
0.88546393 0.07184733 0.21936454 0.79305434 0.47216061 0.71678763  0.63312885 0.61765289 0.43651125 0.43844151 0.32980594 0.61380235  0.47609358 0.58972231 0.440581   0.16988613
0.88546393 0.07184733 0.21936454 0.79305434 0.47216061 0.71678763  0.63312885 0.61765289 0.43651125 0.43844151 0.32980594 0.61380235  0.47609358 0.58972231 0.440581   0.16988613
0.87408375 0.07683897 0.18487433 0.76628021 0.50251259 0.73223798  0.63297063 0.63208373 0.47170387 0.41807392 0.28873772 0.57953758  0.42977122 0.5349953  0.46556294 0.20513469
0.87262687 0.08363845 0.18420326 0.7430952  0.49484891 0.72053178  0.60577538 0.61496133 0.44492041 0.4351692  0.30772542 0.54643936  0.44959429 0.51202728 0.49995644 0.22377591
0.8717023  0.0880683  0.18358014 0.72648482 0.48972447 0.71256939  0.58347167 0.60128117 0.41858583 0.44916233 0.32373109 0.513456  0.4630251  0.5043652  0.5303846  0.24246769
0.83250399 0.13714593 0.09117226 0.60662315 0.55877274 0.76200719  0.54277152 0.59730644 0.50240988 0.33024344 0.20416896 0.41195609  0.36997178 0.4860708  0.47865704 0.38139451
0.82214249 0.17190999 0.08452889 0.53852121 0.55515782 0.76530054  0.49105136 0.56307074 0.45547828 0.30222343 0.14877211 0.33174931  0.40155555 0.42229264 0.57605406 0.3544892 
0.82214249 0.17190999 0.08452889 0.53852121 0.55515782 0.76530054  0.49105136 0.56307074 0.45547828 0.30222343 0.14877211 0.33174931  0.40155555 0.42229264 0.57605406 0.3544892 
0.8024689  0.20520608 0.06240434 0.47026271 0.55342578 0.70834289  0.47314104 0.50080158 0.45388958 0.31822459 0.24520803 0.2539498  0.44756472 0.38565794 0.69014112 0.5057549 
0.7602992  0.30312915 0.04721026 0.41546429 0.53426709 0.69299855  0.50876587 0.37183512 0.51524525 0.27220508 0.27048525 0.2920466  0.64300235 0.40712373 0.65889962 0.44347248
0.70047573 0.38993617 0.0172562  0.39001217 0.55342025 0.57667123  0.57416299 0.22716594 0.56695412 0.26396934 0.47401428 0.29486257  0.67721833 0.44218572 0.72214975 0.42209274
0.68796296 0.4411437  0.02730166 0.29870298 0.5036183  0.51027852  0.5588707  0.20471405 0.63036014 0.28282486 0.47945289 0.36543398  0.66239699 0.45233136 0.6417165  0.41088921
0.63569947 0.55467536 0.04359293 0.31415633 0.45627017 0.52723516  0.61234599 0.1753757  0.5995362  0.36196722 0.40409686 0.45372099  0.59894536 0.47127533 0.69068222 0.40111245
0.51237379 0.662456   0.0577088  0.41811015 0.46731224 0.3582692  0.63805373 0.19564176 0.45364423 0.40918911 0.43920851 0.4808927  0.43166748 0.451266   0.65239542 0.31674728
0.41202758 0.72616447 0.08673886 0.53516198 0.47432695 0.27440179  0.60296124 0.35123016 0.34813272 0.40728805 0.46167905 0.4577295  0.34592514 0.39466333 0.57184096 0.29906361
0.32533072 0.67215147 0.14046762 0.49193719 0.45347111 0.26177774  0.65784055 0.43209557 0.24275326 0.42081948 0.35766625 0.48199217  0.39251725 0.36839051 0.48266701 0.43710207
0.21451619 0.59422966 0.19363347 0.52820191 0.4554376  0.20882121  0.55984743 0.47203573 0.22180479 0.42134188 0.19824041 0.50844759  0.51878085 0.34927486 0.40538431 0.52989081
0.10694866 0.48635495 0.27119803 0.48204508 0.40215949 0.33386787  0.50557942 0.47476632 0.31555451 0.40348248 0.25879764 0.4839866  0.57514658 0.33010589 0.32602786 0.52843856
0.07102051 0.46648761 0.29681783 0.49538875 0.38534053 0.36816237  0.42637893 0.52216562 0.40838993 0.37342912 0.31490181 0.45582256  0.6405316  0.37092096 0.3395245  0.50760399
0.07102051 0.46648761 0.29681783 0.49538875 0.38534053 0.36816237  0.42637893 0.52216562 0.40838993 0.37342912 0.31490181 0.45582256  0.6405316  0.37092096 0.3395245  0.50760399
0.01779563 0.38669558 0.33863985 0.42004769 0.35385851 0.46460162  0.48109267 0.47190843 0.43452283 0.38595027 0.3992976  0.44733029  0.52908455 0.38078184 0.39373238 0.44873962
0.01779563 0.38669558 0.33863985 0.42004769 0.35385851 0.46460162  0.48109267 0.47190843 0.43452283 0.38595027 0.3992976  0.44733029  0.52908455 0.38078184 0.39373238 0.44873962
0.01779563 0.38669558 0.33863985 0.42004769 0.35385851 0.46460162  0.48109267 0.47190843 0.43452283 0.38595027 0.3992976  0.44733029  0.52908455 0.38078184 0.39373238 0.44873962
0.00039479 0.36283831 0.35232302 0.39930133 0.34523319 0.50234819  0.48417291 0.45702496 0.47508945 0.39693445 0.45000532 0.44589633  0.47476172 0.42761975 0.50206904 0.41641874
0.00039479 0.36283831 0.35232302 0.39930133 0.34523319 0.50234819  0.48417291 0.45702496 0.47508945 0.39693445 0.45000532 0.44589633  0.47476172 0.42761975 0.50206904 0.41641874
0.00039479 0.36283831 0.35232302 0.39930133 0.34523319 0.50234819  0.48417291 0.45702496 0.47508945 0.39693445 0.45000532 0.44589633  0.47476172 0.42761975 0.50206904 0.41641874
0.00039479 0.36283831 0.35232302 0.39930133 0.34523319 0.50234819  0.48417291 0.45702496 0.47508945 0.39693445 0.45000532 0.44589633  0.47476172 0.42761975 0.50206904 0.41641874
0.00039479 0.36283831 0.35232302 0.39930133 0.34523319 0.50234819  0.48417291 0.45702496 0.47508945 0.39693445 0.45000532 0.44589633  0.47476172 0.42761975 0.50206904 0.41641874
0.00039479 0.36283831 0.35232302 0.39930133 0.34523319 0.50234819  0.48417291 0.45702496 0.47508945 0.39693445 0.45000532 0.44589633  0.47476172 0.42761975 0.50206904 0.41641874
0.00039479 0.36283831 0.35232302 0.39930133 0.34523319 0.50234819  0.48417291 0.45702496 0.47508945 0.39693445 0.45000532 0.44589633  0.47476172 0.42761975 0.50206904 0.41641874
0.00039479 0.36283831 0.35232302 0.39930133 0.34523319 0.50234819  0.48417291 0.45702496 0.47508945 0.39693445 0.45000532 0.44589633  0.47476172 0.42761975 0.50206904 0.41641874
0.00039479 0.36283831 0.35232302 0.39930133 0.34523319 0.50234819  0.48417291 0.45702496 0.47508945 0.39693445 0.45000532 0.44589633  0.47476172 0.42761975 0.50206904 0.41641874
0.00039479 0.36283831 0.35232302 0.39930133 0.34523319 0.50234819  0.48417291 0.45702496 0.47508945 0.39693445 0.45000532 0.44589633  0.47476172 0.42761975 0.50206904 0.41641874
0.00039479 0.36283831 0.35232302 0.39930133 0.34523319 0.50234819  0.48417291 0.45702496 0.47508945 0.39693445 0.45000532 0.44589633  0.47476172 0.42761975 0.50206904 0.41641874
0.00039479 0.36283831 0.35232302 0.39930133 0.34523319 0.50234819  0.48417291 0.45702496 0.47508945 0.39693445 0.45000532 0.44589633  0.47476172 0.42761975 0.50206904 0.41641874
0.00039479 0.36283831 0.35232302 0.39930133 0.34523319 0.50234819  0.48417291 0.45702496 0.47508945 0.39693445 0.45000532 0.44589633  0.47476172 0.42761975 0.50206904 0.41641874
0.00039479 0.36283831 0.35232302 0.39930133 0.34523319 0.50234819  0.48417291 0.45702496 0.47508945 0.39693445 0.45000532 0.44589633  0.47476172 0.42761975 0.50206904 0.41641874
0.00039479 0.36283831 0.35232302 0.39930133 0.34523319 0.50234819  0.48417291 0.45702496 0.47508945 0.39693445 0.45000532 0.44589633  0.47476172 0.42761975 0.50206904 0.41641874
0.00039479 0.36283831 0.35232302 0.39930133 0.34523319 0.50234819  0.48417291 0.45702496 0.47508945 0.39693445 0.45000532 0.44589633  0.47476172 0.42761975 0.50206904 0.41641874
0.00039479 0.36283831 0.35232302 0.39930133 0.34523319 0.50234819  0.48417291 0.45702496 0.47508945 0.39693445 0.45000532 0.44589633  0.47476172 0.42761975 0.50206904 0.41641874
0.00039479 0.36283831 0.35232302 0.39930133 0.34523319 0.50234819  0.48417291 0.45702496 0.47508945 0.39693445 0.45000532 0.44589633  0.47476172 0.42761975 0.50206904 0.41641874
0.00039479 0.36283831 0.35232302 0.39930133 0.34523319 0.50234819  0.48417291 0.45702496 0.47508945 0.39693445 0.45000532 0.44589633  0.47476172 0.42761975 0.50206904 0.41641874
0.00039479 0.36283831 0.35232302 0.39930133 0.34523319 0.50234819  0.48417291 0.45702496 0.47508945 0.39693445 0.45000532 0.44589633  0.47476172 0.42761975 0.50206904 0.41641874
0.00039479 0.36283831 0.35232302 0.39930133 0.34523319 0.50234819  0.48417291 0.45702496 0.47508945 0.39693445 0.45000532 0.44589633  0.47476172 0.42761975 0.50206904 0.41641874
